3
44
10
3
-0.664892042185
-0.665494580233
-1.35217465544
-0.83151692521
-0.186203887401
-0.709813458603
0.708819166678
0.0524271437435
-0.984211511389
-0.0326604533765
1.15629009488
0.44298135991
0.180894821063
-0.332239842692
0.29493638745
-1.08461236136
-0.33797905229
0.529355027253
-0.725711325021
0.213827139845
-1.61296739378
0.0272461061037
-0.00275485447614
0.522219705774
-0.431104636826
-1.74598536692
0.359213933131
-0.89904059721
1.41683768363
0.908760654391
1.65415027898
-2.3387634174
-0.8459747178
-0.764108158484
-0.189885634373
-1.36539842675
2.06202341146
-0.909736251918
-0.182431380755
1.66700777349
1.40855116049
-1.19717962656
-0.798760130494
0.724027775394
-0.104621283005
1.30461320631
-0.90530396626
-1.81527466067
0.555851835517
1.04312653014
1.26891973726
0.363237409075
-0.203614178493
1.18429230809
1.8286084111
-1.06034080548
-2.94619184402
-2.26291317337
-0.505454395036
-0.253280633046
-0.144126974324
-0.580614491936
-0.76329393105
-1.13085531902
-1.18446820797
-0.587645169301
-1.68046895311
-0.0332745846445
0.238145002447
-0.609393778256
-1.52687388691
1.4680384795
1.361443348
-0.513678805224
-0.215216157555
0.110305128523
-0.95679914522
-0.537096681238
0.145497805144
-0.468194704679
1.64665253781
-0.219185719195
-0.83526731921
0.373622053675
-1.17251761784
-0.636902085662
-0.742037422126
-0.262313315446
-0.492274619385
-1.04164590351
0.644927505302
-0.431297124777
1.133678527
0.436224545914
0.5627277701
-0.741752074481
1.04301193447
0.0352255667633
-2.19512827592
-0.965847220429
1.01871407671
-0.435893105054
-1.73789464605
-1.37438434766
1.62157816701
-0.202206917144
2.01461222089
0.447829955588
1.31203127792
-1.15893112614
-0.05153972209
0.173120624284
1.43050067488
-0.216609640941
0.10589689551
-0.568366724652
1.04887223012
-0.670568850216
1.51471368788
-1.01903109772
-0.574301349289
-0.428484929754
-0.315545353687
0.493745865612
0.846484675912
-0.520669773696
2.17801956767
0.394428694988
-1.20719035354
0.698282676146
0.0102790783891
-0.589781451886
0.228458933163
-0.427129861548
-0.141064756476
-0.375199199189
-1.12981545241
0.417540672018
0.716722955936
1.06977818524
-0.725004736786
0.618412026913
-1.34006212534
0.745289443147
-0.498694336046
-1.22772907085
0.520845747541
0.818060232742
-0.24547647712
0.242767993938
-1.48570841519
0.608437644212
-1.7526003627
0.808932439691
-0.350226424114
1.78067298437
-1.46581605554
-0.545467800331
0.336068632689
1.81756735509
1.23563204255
0.593468904765
0.218879126991
0.343617298859
-0.978197145366
-1.12411149779
-1.98576124937
0.203958834141
0.607182552117
1.14831973049
0.918011439604
1.27699374423
0.212918970522
-0.0412839905448
2.74583268045
-0.30260710099
0.433990730634
0.667629574168
2.14883557109
1.56244458453
0.109318588691
1.87929774141
-0.0242628103723
-0.0855307178255
-1.96778317299
1.36458194778
-0.4971656662
2.06390849429
-0.519175898284
0.611221713546
-1.7517990383
0.721129057172
-1.81094183191
-0.397689717075
1.60200959639
-0.0819974549338
0.0330246221233
0.20301311533
-1.24433074214
-0.438806693006
-0.978234951007
-0.864094862109
0.838012631454
-1.4109757536
-0.832494728486
0.934202069876
0.598955997643
0.638902937987
-0.699463742224
0.273915854996
-0.931189594032
-2.14415827854
0.286714207563
0.760568533676
-0.452091032858
-0.727373727548
-1.19871760373
-2.24360541801
0.5167185202
0.573836981676
-1.10841822483
-2.4965556194
-0.409954699981
1.40546041531
-0.247935123047
-1.3051528279
-0.400768863541
-0.837831124617
0.0634256104093
-0.90302029918
-0.347835797289
-0.470459046301
-0.89587251694
0.597634557068
0.277967992789
-1.7075563182
1.19175059156
0.133286188897
-0.811572950919
-0.575353654802
0.201876695784
-0.475348725074
-2.80990571758
0.565207818149
-0.119916637665
0.367702587848
0.528987280977
0.190535825024
0.965730022305
-0.271184006547
-1.34419740969
-0.613904854238
0.853212129616
-1.03531468505
-0.00362173133832
1.40957682329
0.84435664523
-0.421384607828
0.122238149936
0.230632638813
-0.510886124852
0.21197278704
1.25028750887
0.0169441556064
1.20308231894
-1.08451319164
-1.94476092869
-1.71814380951
-1.21840325686
-0.0795987310358
-0.301470808664
0.0643254325464
0.0206504827311
-0.344949554964
0.278936942739
-0.433375104413
1.23500169011
0.122816850904
-1.45189765501
1.706209404
-0.433726677603
-0.301421501263
-2.13841986725
-0.902822614077
0.492274285341
-0.300942329913
0.843314987177
-0.0432185155147
0.384942583069
-0.721517746802
1.49340990212
0.767363130312
-1.39252960767
-0.481735012608
-1.0725342925
0.63888185457
-1.15893718347
-0.302851639946
0.459036185163
0.659476298575
-0.223420111408
0.0435963374008
0.145921445895
-1.3264768599
-0.0256057362978
-0.251697998934
0.0405903230831
0.446677544154
-1.25994744881
1.35660269608
-1.0748949076
2.71925436746
-0.825876968443
-1.6713425067
0.143139319558
0.0840826767676
-0.0792555847175
0.74838742502
-0.260728342096
1.09957498615
-0.345318685077
0.345104975675
-0.137870873602
0.514801502703
-0.304585758093
-0.235181954186
0.357446127584
1.85462776677
2.34194631417
0.93618269533
-0.581285363365
0.453236934358
0.195072885225
0.10668441866
-1.29545115426
-0.925800806398
0.45222454695
0.253779013471
0.610786711266
-0.457732074732
0.125832278673
-0.288039424807
-0.433044862625
1.7224978214
-0.91364614511
0.258101619326
-0.521212260647
1.17188585984
-1.32605043976
1.53619195683
0.0449507910924
-0.76256014596
-1.19409926438
1.25387292083
-2.21538903132
0.324189182229
-0.414734321459
-0.323031276842
-0.284076701729
-1.6705249758
0.711677663787
-0.227115802727
-0.00957982245182
1.73586921919
-1.72740623562
-0.328125423521
-0.322652601372
1.02400199841
0.883729382406
-2.49496169484
1.19441009708
0.0710880780691
-0.513085356662
-0.540907734682
0.595019977892
-1.51636105662
-0.463826926929
-0.980058621721
-0.167695580624
-0.116102369658
-0.4777351873
-1.86765509143
-0.455094919887
1.32651817961
0.425425516842
-0.361895227432
-1.26158669929
0.468993263873
-0.663588444585
0.152740214745
0.374106997273
-1.69448618768
0.0636623129055
-0.182246636427
0.743422723334
1.11395926141
0.799431940746
1.91008199917
-0.465559927662
0.802246410402
0.367079173261
1.71033958021
0.826634621318
-0.800267379768
-0.857956024521
-0.318516560903
-1.2033443136
0.559089719907
-0.626791947642
-0.310262692238
-0.12285891775
0.581128765812
-1.64611917899
0.967881307935
-0.12489465195
1.17716218577
0.123333200602
1.08391759128
-0.73928526936
2.32866769482
-0.647459042189
-1.15673957466
1.40771133359
0.341593046732
-0.98329779207
1.19166222338
0.751543311383
0.0669297499294
-0.701852136423
1.39785915136
-0.0146194643295
-1.77002893679
-0.652783907049
-0.188726331424
-0.694612179366
0.193464113213
0.0431242445072
0.115608621012
-1.27524728758
-0.479642459705
1.05845452105
0.0330758152813
-0.175349747186
-0.137790895817
-1.24249120256
0.357340603122
-0.684853803394
-0.404029395517
1.2051383068
-0.274466516004
-1.95575626424
-1.31499907232
1.9992999657
-0.681600925992
1.18753030657
-2.70011301416
-0.127221048629
-0.82973328616
0.184895956891
1.66063412253
-0.116839937313
0.358993113715
-1.04092544378
0.758411459583
1.65766535737
-1.44435995054
2.28783271913
-0.587278599288
0.60257585747
0.425073373928
-0.90923835025
0.498140897212
-1.46487844041
-0.843388982854
0.0687003628049
-0.958725578364
-1.27048635529
1.20581436204
0.859554339837
0.145920721315
1.07274386758
-0.143473693774
-0.882182152473
Score: 1