3
44
10
3
-0.797156955196
-0.523115997893
-1.38842692238
-0.781306467832
-0.169350890576
-0.620706292501
0.737929961402
0.136197254982
-0.953688469885
0.00706743125168
0.902236463444
0.59146787364
0.325591924585
-0.156311432237
-0.161542407675
-1.15310569441
-0.494574437724
0.425158869683
-0.780269874024
0.110834512946
-1.39303265012
-0.0553973662926
-0.299195427174
0.369444763987
-0.287635548566
-2.06569700938
0.332494401064
-0.939360786077
1.28808565926
0.612297717231
1.14401646743
-2.52384870792
-0.718023570888
-0.922499801743
-0.323399452479
-1.33239908549
2.10592205907
-0.633866500907
-0.192733254511
1.73455121682
1.23557717293
-1.04491781573
-0.86032026036
0.748276269841
-0.00052649248081
1.07670554709
-0.976260953341
-1.93695845373
0.035045410298
0.935979548431
1.21438107735
0.58444661732
-0.432710383532
1.30693165246
1.53890425993
-0.77530090258
-2.89866792761
-2.18037592238
-0.319397120848
-0.18663443449
-0.0900477152483
-0.442848120918
-0.997717604415
-1.22255029028
-0.948175607344
-0.462301014605
-1.78042961249
-0.029071501886
0.0983235810168
-0.632555228833
-1.40660928918
1.21751414056
1.39501167899
-0.427348011419
-0.370270571005
0.167197131548
-0.5744614542
-0.423798090757
0.0480976101125
-0.411640380021
1.69819255969
-0.369944114578
-0.585932427311
0.440975662945
-1.20142090074
-0.915756037672
-0.567749433202
-0.0108795907143
-0.202448232509
-0.797148148002
0.796464541948
-0.435144815237
1.01173287603
0.433810213629
0.669787177627
-0.504607690137
1.08909261511
0.182256380777
-2.05765377953
-1.26885429674
1.09055974783
-0.35958095254
-1.57491665653
-1.53461946825
1.51310128111
0.131792209314
1.76770888405
0.401344974014
1.50983188324
-1.25211881464
0.10203838364
0.223107524188
1.44044527327
-0.29769247916
0.0798859260442
-0.458534636275
1.21153434096
-0.623378929334
1.7713945353
-1.06902950952
-0.775559575641
-0.405687034128
-0.258795468585
0.206351509947
0.888775912847
-0.65765673071
1.82984812353
0.359388173349
-1.32123139288
0.510617172731
-0.228986464264
-0.543118976537
0.340492953923
-0.45188214125
-0.197399163212
-0.568614715724
-1.06766270696
0.580186951066
0.881084443461
1.21969308613
-0.641801491284
0.59424405855
-1.55898713544
0.723161856613
-0.0951226604963
-1.23525520896
0.379159424306
0.842059744155
-0.0716813856924
0.297788493961
-1.50546017962
0.671510228704
-1.82274258596
0.599290760499
-0.374548940357
1.74653419072
-1.13680016114
-0.40630102606
0.262611072153
1.69657427395
1.07549023066
0.5438810992
0.228838138591
0.110189412441
-0.647876174949
-1.18032058887
-2.16524635619
0.381185644803
0.550722902565
1.18878064417
0.697317068181
0.801512991201
-0.170509386754
0.0240289849674
2.53676157549
-0.358125092601
0.179327868893
0.67976209447
2.13564471714
1.36343528946
-0.190380869337
1.95806360916
-0.281005266158
0.0894766279108
-2.06200790979
1.55342922263
-0.342609276215
1.98133715308
-0.398860084337
0.55037841687
-1.37783382912
1.03904531415
-1.73948797661
-0.560530271667
1.5961183533
-0.081886633623
0.133284896917
-0.269823530497
-1.21268106712
-0.248508462306
-1.10215144021
-0.966514549371
0.734633507425
-1.57518840879
-0.84430144488
0.762579349668
0.695328674168
0.610962295885
-1.04481232352
0.40665304237
-0.955327953093
-2.24878535261
0.387092124658
0.612743498247
-0.45572583827
-0.617079181136
-1.16002978044
-2.15948118971
0.542656767397
0.581016195794
-1.40743364374
-2.43419820453
-0.262309541392
1.43813028224
-0.436180883524
-1.31105024259
-0.289019457252
-0.830805857115
0.366997364579
-0.821381451148
-0.689467660355
-0.508224530001
-0.606429644357
0.347991175353
0.173133170334
-1.60709252666
1.34357051274
0.0625659576916
-0.871484972846
-0.491098452643
0.55178980431
-0.528829497844
-2.92445793086
0.979181371711
-0.24184347047
0.241037912434
0.511671240553
0.0559762515893
1.17250892983
-0.282955472222
-1.68459348837
-0.889085690293
0.598873879034
-1.14499189156
-0.0248864196944
1.21623514443
0.85452637499
-0.235813274062
0.340211792139
0.323784832642
-0.69989108599
0.0367616213839
1.26892194167
-0.289843204146
0.941768235415
-0.822553300716
-2.22888697017
-1.823358393
-1.33621055879
-0.0510196496433
-0.438888593522
-0.301911877599
-0.00857661557769
-0.403037439675
0.155140786636
-0.442989093186
1.3903194915
-0.0471164702072
-1.77751906152
1.60176402
-0.122100900302
-0.235382603339
-2.18628805593
-0.974775292529
0.522971496523
-0.531564482569
0.804810861226
0.00133630327526
0.576335905943
-0.7574567704
1.42104519511
0.915454366149
-1.37252524722
-0.627606108575
-0.714402265186
0.71267147347
-0.845297580089
-0.33317939103
0.602196549675
0.427934191408
-0.438405195586
-0.146452289431
0.0958952313205
-1.33622784851
-0.019584779128
-0.240350077806
0.123055167161
0.529707618032
-1.37333621327
1.54620189828
-0.803480998343
2.51039024795
-0.681253435159
-1.82478033128
0.321168940112
-0.366015093789
-0.04456599375
0.761908698977
-0.43872196101
0.940704362854
-0.47370226398
0.28926297341
-0.0983171486828
0.514667747336
-0.132841478163
-0.528304899469
0.6371087594
1.71352357008
2.12082449986
1.00891751682
-0.316481046629
0.222447790281
-0.00663338058958
0.0086750588646
-0.945428692138
-0.969618869463
0.547308364594
0.470697807199
0.878026533607
-0.367642202588
0.105343643908
-0.438089610433
-0.507667297666
1.68280759278
-1.31755303532
0.336638561025
-0.389894821188
0.982954263717
-1.235855438
1.52299314658
0.138193853987
-0.928135368743
-1.25754766767
1.03699714843
-1.95890657959
0.189850847188
-0.671934550963
-0.129902377951
-0.64501322358
-1.6618552003
0.605075909473
-0.305980074859
-0.190110707427
1.97610066394
-1.43672683086
-0.306747944398
-0.439259512211
1.15178542153
0.757721758906
-2.07188157965
1.09487913211
0.381153814433
-0.703908802892
-0.551458251398
0.536278263132
-1.567140816
-0.485263273307
-0.800757126717
-0.488812688118
-0.181784495698
-0.62747903582
-1.90787643217
-0.627321276379
1.1704655601
0.151643254588
-0.47678099768
-1.26457834111
0.315307019703
-0.409844019833
0.131073046466
0.599273775455
-1.70361088096
0.0681247917658
-0.270543872983
0.696692984844
1.39986139321
0.892842814346
1.96056790824
-0.583093685738
0.940505520572
0.193310471282
1.60821232298
1.24280984053
-0.542131622452
-0.916519405817
-0.303970516054
-1.16033992555
0.778389676146
-0.546162345416
-0.231962071497
-0.0830637471575
0.317103041742
-1.59291824083
0.97893493296
-0.120052447338
0.785935337552
0.00416562280292
0.909657618599
-0.818266286449
2.22703448526
-0.181839888124
-1.04066793026
1.33813844724
0.460501794207
-0.844338722791
1.22556248845
0.881250606916
-0.0892479155097
-1.07342212374
1.29966801775
-0.338703367916
-1.59213798388
0.0136495318051
-0.253339736552
-0.62364528117
0.238399525785
0.0303529372178
-0.186621062311
-1.13633821802
-0.237291882917
0.952581321973
0.211354015577
-0.236742074793
-0.0153307896326
-1.24690458028
0.273700823767
-0.725247036195
-0.625416262598
1.03055420285
-0.34491993685
-1.8514180699
-1.03268181432
1.97427631342
-0.874417792423
1.04633720515
-2.45946319466
-0.00580252849537
-0.745528666058
0.0483965029314
1.65818990073
-0.0426242919022
0.371934430112
-0.767134225498
1.05426901018
1.88020188829
-1.33596505648
1.96288154004
-0.641133029915
0.504277105752
0.681755661222
-1.00582072619
0.761056967164
-1.32491359051
-1.21073689931
-0.238018235708
-1.11876816287
-0.712632402833
1.20700918764
0.91052996237
-0.112301160803
0.789150145254
-0.294714201654
-0.883084027282
Score: 21