3
44
10
3
-0.440582517527
-0.563276776855
-1.17431660157
-0.892364553001
-0.163564430953
-0.590912662077
0.73431343734
-0.0466475761812
-0.929346983186
-0.00731095509515
0.927805915612
0.45630508438
0.258149460522
-0.295659772188
0.244773429753
-1.02454647856
-0.529174853135
0.297134149763
-0.937549800787
0.330134649691
-1.56020296071
-0.0071632429993
-0.142516723683
0.497774217048
0.0273065199721
-1.79739578788
0.4002395337
-1.15457349683
1.45602236627
0.771640151938
1.69476923251
-2.57852397138
-0.724759895885
-0.736931470496
-0.196142514758
-1.20430395666
1.97868114304
-0.769623706618
-0.189225778613
1.45784637791
1.50728215897
-1.1979139174
-1.04682233076
0.764067741341
0.0501051335849
1.07576588407
-0.800286447266
-2.20123367458
0.2615163739
1.09490329684
1.0471559099
0.474055137319
0.0493704491721
1.47096210914
1.82012256882
-1.01415212994
-2.83902163462
-2.47273408837
-0.502963782383
-0.376429692099
-0.225125214081
-0.575445507197
-0.663775528039
-1.20895473661
-1.11009431841
-0.628490377279
-1.52460787294
-0.0321478819675
0.174290485262
-0.723299088079
-1.39435668389
1.12085162686
1.48155942455
-0.663165107114
-0.524531018961
0.128820049462
-1.02309552121
-0.58147890152
-0.0868838556151
-0.253459709481
1.89437876561
-0.240643701641
-0.510536422083
0.231587424162
-0.949487543083
-0.634476809646
-0.594578517117
-0.155042746397
-0.309327956686
-1.22280706491
0.65214597762
-0.509286788357
0.85184530055
0.340009170736
0.8225801423
-0.394625479881
0.9624928923
-0.0312313188313
-2.22072988694
-0.972747281196
1.14156695426
-0.417320238465
-1.77815660803
-1.45208783806
1.47783404139
-0.204868707554
1.91643209536
0.313023600311
1.3758049077
-1.39412843896
0.102056896343
0.182192419488
1.33985058499
-0.393699440661
0.198624736318
-0.602743868775
1.1194474573
-0.639394096175
1.71604048594
-1.04118050078
-0.595047122271
-0.325515461666
-0.292835392116
0.555132754782
0.967380324448
-0.524313699058
2.34367495325
0.506165776989
-1.20083851472
0.729212806762
-0.335620626188
-0.536059469803
0.176712200729
-0.482363382711
-0.332272155851
-0.324615279214
-1.44916997102
0.697988911051
0.953262085741
1.60426880843
-0.709299658166
0.517403173447
-1.59678357566
0.639986355395
-0.449615275526
-1.07140487719
0.417389396603
0.672762104165
-0.113353447903
0.369264176762
-1.46929715224
0.844258669759
-2.14203028018
0.934837268752
-0.376557313857
1.7009226765
-1.28602519308
-0.255632874246
0.381943902648
1.58263764175
1.27781101587
0.0234001590952
0.0820099618259
0.131991469577
-0.950427929724
-1.10520792439
-2.21763691612
0.22399767706
0.268803783675
1.53766435783
0.684056175914
1.25658171546
-0.0758000050108
-0.231945994639
2.54452065406
-0.588835083676
0.102903365945
0.743056584685
2.14933072207
1.28307660991
-0.0727034210102
2.0645171988
-0.251780084785
-0.0634111057839
-2.1404179061
1.24871014842
-0.338016304184
2.04009822481
-0.403676520905
0.530002442453
-1.49959193973
0.711022133685
-1.86647455131
-0.514664075751
1.5447466353
-0.0460443550482
0.0722667611873
-0.102727973594
-1.2329260254
-0.316773716731
-1.16247227345
-0.84002183662
0.868473893559
-1.62480344014
-0.835240966317
1.05167703305
0.63512317461
0.507284969489
-0.717864763289
0.171677604944
-0.966786891756
-2.30625312834
0.471357096655
0.659454204023
-0.352940421074
-0.568948203326
-1.26296339041
-2.39411989077
0.652376109261
0.770760045586
-1.52607932696
-2.6933680173
-0.571572328004
1.39953003973
-0.508285717603
-1.22008044592
-0.355542471466
-0.613138435991
0.29241839374
-0.91793387534
-0.564550853219
-0.259105806419
-0.881333093531
0.530212848936
0.282520185516
-1.650085849
1.23684697397
0.106600298245
-0.955825533395
-0.318091370535
0.242859054435
-0.580116386047
-2.79468093775
0.679803485711
-0.114774022515
0.38152366349
0.558305759931
0.0744081570804
0.911491104653
-0.188909335529
-1.39686990984
-0.682905274834
0.498694308251
-1.21674512114
-0.054780218097
1.46514432946
0.61186161775
-0.221977430431
0.296686878631
0.332404825882
-0.454604844187
0.244308006968
1.21345111028
0.0502307154247
1.14463788641
-1.11984110656
-2.21112859905
-1.91789230584
-1.20290692427
-0.223572074068
-0.284243814398
-0.214027175363
-0.127567676006
-0.3949066069
0.0801559269564
-0.383212070448
1.18533257342
-0.00861757213619
-1.36181356807
1.60097361572
-0.327591705719
-0.297599737028
-2.11642392372
-1.12905352753
0.681310442269
-0.537348652099
1.12626423862
0.00371648495936
0.578816092528
-0.751607354011
1.54122199175
0.70117674774
-1.43033418155
-0.514228389473
-0.944266923936
0.490919749363
-1.13137691785
0.00674453844524
0.676230767115
0.602359611586
0.104511777785
0.0879919116068
0.14176192581
-1.5763960421
0.267940513784
-0.384223030373
0.261987404284
0.478187726799
-1.32958162884
1.46817149796
-0.812150166805
2.49270694068
-0.776994594182
-1.50105231737
0.387271740871
-0.185945888619
0.117314162716
0.849863900423
-0.182438586255
0.928049658459
-0.374536870794
0.390446677214
-0.100000359397
0.479397622532
-0.257931801608
-0.320976328206
0.306520011945
1.96508503153
2.48424322907
0.963966207003
-0.20286734102
0.114547021436
0.164546561398
0.1610721259
-1.21580018417
-0.892787540127
0.467337211314
0.386656650257
0.780640720777
-0.537817548807
0.36635607869
-0.471593373833
-0.547876460163
1.87766162602
-1.23317625267
0.27568574382
-0.309274283248
1.17766518021
-1.32492104675
1.48583478404
0.160418647873
-0.829148662845
-1.17260399453
1.21661864625
-2.19778801619
0.343804322871
-0.544553290014
-0.146325153349
-0.526964504138
-1.63468689834
0.634699011528
-0.23027311722
0.0208843446073
2.1216899861
-1.43600823897
-0.306642980102
-0.586653946022
1.06131458168
0.812819605993
-2.38190732885
0.985525848184
0.331822946922
-0.509185435943
-0.410221119675
0.564379566935
-1.66021271256
-0.609005262051
-0.90645626764
-0.239351880973
-0.315443277996
-0.703425335897
-1.86795032582
-0.642854775574
1.13684974802
0.395579973777
-0.612132863903
-1.35791470639
0.345829059686
-0.689817499944
0.238855381292
0.596845079704
-1.74106059465
0.276350803329
-0.241885999813
0.754310690397
1.1920844037
0.814930454492
1.66905990082
-0.548408522448
1.08776559089
0.239464870642
1.49586828626
0.891700635763
-0.94742603526
-0.908242611567
-0.18743847473
-0.959518529362
0.745733362344
-0.781264595723
-0.331296823205
0.00174900407823
0.395196997464
-1.58684240254
0.824078324836
-0.0132485629249
1.01823411788
0.00105426176112
1.11379562128
-0.514267001284
2.26924172901
-0.584382277645
-1.02368077252
1.31654126038
0.138831701696
-1.15207773109
1.15131963023
0.864937988537
-0.0920666110672
-0.877078087678
1.20921171757
-0.0655637410961
-1.67262246705
-0.476043276456
0.00914378354338
-0.738036908217
0.355263429668
0.0873412921272
0.393253591433
-1.1416978735
-0.313344270409
1.34880244614
0.224001876683
-0.28052321526
-0.0808075306418
-1.11066593761
0.299843215945
-0.410394924531
-0.411293293094
0.855809875294
-0.169378854156
-2.27160909603
-1.19896165046
2.26760111079
-0.637713484369
1.09784409052
-2.50636422206
0.0833893372911
-0.776949779635
0.0801438808643
1.77533535974
-0.129708965646
0.357166345746
-0.90648286803
0.898988308211
1.99869769646
-1.35318596092
2.24087195145
-0.555866496779
0.315481968722
0.488105051429
-0.826785279919
0.46521178836
-1.28429635525
-1.10697991901
0.203066142205
-1.15170329173
-1.13098342951
0.972535491819
0.752867353796
-0.00858968815256
0.892629559438
-0.410022092591
-0.804941877755
Score: 13