3
44
10
3
0.143246252239
1.35718776889
-0.613361699579
-0.989778455925
-0.489491980715
-1.51519514829
-0.0893690626767
0.471135756098
1.54716291821
1.39069344745
-0.645118660716
0.817434121532
-0.155185117608
-0.867184051454
-1.80263519086
0.102391132537
-0.274745004852
-0.0648273267296
-1.10790301749
0.71936291242
-0.282323665282
0.991995206263
0.395531809219
-1.05373200684
0.535673120946
-0.266823649151
0.487849023467
1.40158468712
1.10029531206
1.08670332778
-1.59946134676
0.40358436677
-0.510512561586
-1.85147992728
1.40328189044
-0.388816005129
0.0474984330733
0.652662440299
-1.28931779685
-2.21778932052
-0.637807578122
-1.77083477843
0.00408713723827
0.002238473938
-1.25899333528
0.526995921256
-0.926139246275
-0.738925425008
2.48885923022
-0.831981768839
0.657048625148
0.196898522741
0.35787364714
0.820770976919
-0.957667393779
0.257792080877
0.97602125906
0.121593544999
1.65791108059
0.596718864432
0.805677384162
-0.705092672066
0.721194252139
-1.1251883047
1.47213759499
0.492115020212
0.0130355794602
-0.719714898053
0.319748962849
-0.404169082235
1.3009912521
-1.54246275888
-1.24331651149
-1.25259844684
-0.49813854968
2.01394384146
-0.627824769349
0.0806729670836
0.257084059981
-0.130470569592
-0.57530269538
-0.6252335996
0.700531780192
-0.227973632556
0.116615956045
0.291078118692
-1.23200034245
0.727818323924
-1.29423038779
-1.74748160892
-0.239037714728
-0.778399824574
0.100738740238
2.03097702914
0.0460981965199
-0.816344841823
0.417648836524
1.57371310027
-0.104247356806
-0.221091890475
-0.45088541281
1.29795462927
-0.397453337476
-0.962969785506
-0.881675371143
0.160143032519
-0.257869856417
-0.434889852288
0.843345957698
1.27430292901
-1.42799593243
-2.692412233
0.36396648332
-0.93458147951
1.92280764943
0.513633261094
-1.66476281542
-0.700317264008
0.866717647945
0.231177711488
0.469391570294
-0.904672774818
-1.6723166952
1.12993532795
0.395964711187
-0.204732329738
0.656353705325
-0.69904293646
-0.940848060082
1.44603849295
1.39701878316
-1.29933374926
1.95135363976
-0.956346770007
-0.71849560797
1.20136471024
1.54569065521
-0.513611029353
-1.4851851065
1.3270534216
-0.808767983131
-0.339847686728
0.912273198756
-0.471795376484
-1.43617220242
-0.894686485367
0.767379187142
-1.9045075217
0.572603940937
1.52766360748
0.713084308024
-0.478828896116
-0.839612219863
2.89228454841
0.0227026153855
1.17321252437
-1.41205291496
-2.22188662405
-1.26864326708
0.138941759635
0.62209375426
0.675726590837
-1.02002088152
-0.116159634523
0.670773867863
0.0815203173016
0.875063883146
-0.975723604156
-0.486139816514
-2.18486726569
-1.85643752812
-1.0211383465
-0.518986204673
-0.328777809864
-1.05184569235
0.0723617486373
-1.21149367275
-0.19495676017
1.55216789231
-2.41872023749
-0.700882936674
0.085753467608
-0.34627584565
0.709078987604
-0.306324290476
1.52917659577
-0.495723002064
0.296187425918
1.28013064361
-0.748060904039
0.31597499949
0.171996564125
1.42016369038
-1.01485259684
-0.19507111793
1.28102721048
1.26948865107
-0.702001099762
-1.90425625471
1.17909800796
-1.00111210953
-0.0362890611008
-0.146992284082
-0.847135615366
0.0727885529386
-0.514220119095
0.485108296516
1.22662861056
-0.135851636136
0.651749136355
0.691287367629
-0.599455664039
0.171501234269
-1.04538439741
-1.20761706027
1.35095508356
-0.759817496767
0.80981261016
0.387131371763
-1.07992782142
0.16194003972
0.82399760835
0.333603658726
0.574135018269
0.700376613688
0.568635872847
-0.505286200707
-0.966256238882
0.078156660684
0.464232561874
-0.896617145185
-0.423179848829
-0.434121322839
2.29862988036
1.55764961493
-0.86868329372
-0.863878203764
0.447366061238
0.345510640173
-0.447020207926
1.43027857942
-3.27505408658
0.704862232245
1.30183947169
-1.82689321289
0.349835164987
-0.86903670772
-0.137638675394
-1.83862951778
-1.17294414505
0.163439590733
-0.432635842701
0.856034145712
0.023823817052
0.395152698591
0.926087916838
0.411397200762
-0.615611554741
-0.659911483852
-2.28929211192
1.16550498051
-0.237568964033
0.486189340728
2.34729242995
1.22907530225
0.293816245162
-0.635591627029
-0.177879210029
0.108228983673
-1.4690182879
-0.0991403464278
0.814201438566
-0.753073642039
0.293028246597
-1.33930778877
0.992696479453
0.387562660854
-0.832687993
0.609962258015
0.0634199462529
1.13734836044
0.308444216213
0.316624835069
1.3841685111
0.982977450803
0.217058551268
0.33049838873
0.012442559534
-2.00869200936
0.47818423679
0.889114568562
2.57752965695
0.548865929972
-1.14603564471
-2.26653762924
-0.336926069466
-0.89065044674
-0.411121169947
-0.395909324772
1.10627044358
-2.35012497028
0.945174764178
0.520275357081
0.664818553094
0.331645095107
0.722369453302
-0.41226178243
-0.991798305601
-0.00128878628467
0.970699331273
1.55230115072
1.10451124174
1.26570141934
-0.36555683448
0.268611924038
-1.06735672194
0.405054208567
-0.380435578684
0.920100811756
1.1715774807
0.411336253569
-0.584046637413
-0.208809728972
-1.30735916083
1.01416419307
0.424780435762
0.334461135864
-0.130478411141
1.36094410505
0.735669703695
1.4106178244
0.258234382693
-1.17801058711
-1.44575650793
-1.24390418096
-0.1291171005
-1.41066614462
-0.666618593366
0.875755836235
-0.931241283582
-0.102444585633
1.31526194579
-0.833816325205
-0.889077469926
-0.644403666535
0.433013499713
-0.636219098382
-0.148909874839
-0.236564945444
0.315728398751
0.681767588252
-0.307384570717
0.75294771625
-0.559409451924
-0.187346543361
-1.52299175758
0.0112478504813
0.736635675482
-0.216241742815
0.421711481316
0.874856050182
-0.171110309712
-1.36076139553
-1.50491913259
-0.700006776657
2.18672766238
0.345094283491
0.588523559959
-0.589982546297
-0.605002688262
1.04635093654
0.804832257333
-0.023165719577
-0.0126470869558
2.26991146962
0.136371431259
0.289289857232
1.91635927232
2.59711023459
2.84846364433
-1.21182625102
-0.125872346479
-1.92503670813
0.502362990467
0.104612130137
-0.721620832695
-0.292187868859
-1.28976868483
0.158952332846
0.000230751570169
-0.249781516886
-0.914146661226
-1.45633040598
1.98156364139
0.680216702866
0.507495606475
0.348139574473
1.328095428
-0.019790311467
0.404770270838
-0.505101464331
1.0338968851
0.795646664611
-0.051594023522
-0.322695916427
-1.02769543715
-0.155693169512
0.433793191116
-0.0613128520996
1.37962461481
-1.56356942227
1.64959232014
-0.74732420072
1.28928872394
0.496079400574
-0.407356105308
1.43543305287
0.602715268899
1.06848841687
-1.66901388201
0.956496126291
-0.877929074619
1.21163593457
-0.577845077259
0.0390434135492
-1.61597111114
-0.568136867396
0.864547503904
0.0974626332066
-0.207547553421
-1.48816933063
0.66447521818
-0.784902390887
-1.21554167917
-0.125471136628
-0.261092853216
-0.46754663142
0.484910871726
-0.548284073033
-0.159225072786
-0.0455865149516
2.24045909262
-0.840042451053
0.123041042413
-0.0591306143691
0.532925145397
0.0574416652887
-1.12067637242
-0.0684992989989
-1.64156529983
-1.48068292264
-2.58263451233
-0.750765508098
-0.653305125437
0.873418450071
0.00955236077987
-0.0216945421883
0.482357093674
0.32090003701
0.820384836305
1.38066986615
-0.224097983473
-1.41837706059
-0.377560587057
0.0214026892448
0.023276619227
0.347150232723
0.17451915715
-0.2615146565
-0.96900467804
-0.592461128232
0.598529669009
-1.03519077309
1.37553492302
2.29377812146
2.11418211868
0.0970459076132
-0.543355131984
-0.365469983582
-0.899765099632
0.0616094073548
-0.14081416592
-1.62228117068
Score: 10