3
44
10
3
-0.528250340168
-0.657908816775
-1.40360263701
-0.986716617912
-0.0669381281081
-0.579844201777
0.845642798907
-0.0869563879344
-0.935552354526
-0.0387699643085
1.01721018703
0.583163544899
0.335210848204
-0.471983826822
0.166866045279
-0.904723093517
-0.342593847113
0.286290334192
-0.592973973042
0.15399270557
-1.4688055628
-0.0621590655777
-0.247142349095
0.611148880932
-0.101452117459
-1.86993631176
0.579436461495
-1.13706652926
1.46550793322
0.840034613429
1.41172092301
-2.53785888873
-0.798418816593
-0.730487078993
-0.121039500637
-1.19524175838
2.0688651135
-0.704295455195
-0.350612250236
1.58945372796
1.36622342959
-1.38720305903
-0.854340610691
0.752057242834
-0.12524776735
1.24915251721
-1.04307514353
-2.14970361572
0.278691294537
1.03736364188
1.13203162262
0.372948206246
-0.102270048765
1.42682521836
1.8380368463
-0.871867988007
-2.82577953609
-2.63194812139
-0.563109009302
-0.436542234922
-0.223910085157
-0.56469151344
-0.853711276377
-1.22664593554
-1.13269699048
-0.497413417292
-1.62313235551
-0.0747204223112
0.190111613876
-0.635119219538
-1.42191043688
1.29399819953
1.39460090746
-0.549585036145
-0.522812267993
0.158950786067
-0.521549770105
-0.303158023625
0.169147879342
-0.630080144319
1.72377883476
-0.297953231455
-0.39903203998
0.363818220604
-1.01644762719
-0.592784604139
-0.632425265651
-0.0530236899187
-0.417337554634
-1.02358164203
0.738958197361
-0.272113704297
0.709518550785
0.366977944801
0.785551287423
-0.601649042824
0.883660480117
-0.159556190966
-2.16061224299
-0.799402539721
0.992095027218
-0.492301651594
-1.57425777366
-1.46604682386
1.40154013015
-0.238273141205
1.81714036018
0.51888998458
1.43903946101
-1.38930906876
0.152714572703
0.1942402169
1.45825946932
-0.533147807916
0.252640282872
-0.435203153803
1.23700971191
-0.579759688529
1.65669259138
-0.906977269196
-0.739663422728
-0.423231247721
-0.31221520645
0.442186820913
0.805466195374
-0.460344429081
2.4023104896
0.542057499484
-1.26831190078
0.618367892516
-0.184471057076
-0.507671496761
0.419132216871
-0.20182244254
-0.172424670481
-0.693111779503
-1.28422674503
0.411423634723
0.983823270329
1.36641589055
-0.816670909416
0.449518475059
-1.58600794742
0.719308162508
-0.463174852809
-1.31586840271
0.475315278711
0.626973892413
-0.0950488593948
0.276381494006
-1.38954208878
0.669770415826
-2.01254680164
0.884884123004
-0.443391936401
1.69360243124
-1.25735199539
-0.266734381376
0.365569940506
1.72229041479
1.2900799355
0.268920906103
0.0660783494417
0.101997135614
-0.698930903339
-1.20882941819
-2.08386645693
0.173213289785
0.538161392081
1.24094641208
0.692078039759
1.06106187846
0.0384091940815
-0.163361484275
2.69524100025
-0.211150513318
0.212759366727
0.690172159468
2.03987186668
1.44073214704
0.0344158024817
1.94376412836
-0.537149530277
-0.0154648110495
-2.11539587783
1.07494315753
-0.377517177357
2.01311860442
-0.435228647934
0.658775872645
-1.76894785474
0.878661872356
-1.7781132678
-0.576156025045
1.41949809866
0.0879355859489
0.0155850018726
0.0758094485918
-1.22394801413
-0.415040345947
-1.25310856421
-0.836231723272
0.872285296763
-1.46051304488
-1.07848554005
0.980694366233
0.461220881745
0.76955015263
-0.720731529443
0.332675444683
-0.960237294251
-1.97582329263
0.356966693869
0.694827410841
-0.535218317206
-0.529675832139
-1.29777877685
-2.20351393135
0.554888623473
0.659533701215
-1.4560578595
-2.67346772852
-0.380632330282
1.47324452956
-0.447434227505
-1.19779670188
-0.267882661131
-0.797136481633
0.0383691824188
-0.896153636778
-0.571701948668
-0.254914205335
-0.767884394298
0.600316790728
0.318086141398
-1.5108897942
1.54988740543
0.136904382584
-1.08637127581
-0.496842742522
0.262050177553
-0.811443588036
-2.86661817291
0.768956269848
-0.11179443876
0.343345420922
0.476769684334
0.343558667063
0.89024883337
-0.112193698857
-1.42671084208
-0.913595638634
0.54583185406
-1.15440805738
-0.0427629490852
1.61067687943
0.457418022959
-0.35671234107
0.259132230507
0.504940439291
-0.600921033687
0.0967831797478
1.23833819532
0.0940170511327
1.21955800881
-1.25100990392
-2.28672699325
-2.00206964895
-1.28402666192
-0.265937788445
-0.518563591899
-0.20567232903
0.0870806291745
-0.517610056675
0.0371218552687
-0.518828358755
1.22482283376
-0.0729518320144
-1.49330446965
1.64677280197
-0.341753117823
-0.282072870765
-2.19839795384
-1.0636194012
0.452731715096
-0.419990559619
1.02652710046
-0.112798644149
0.495463148323
-0.90439851674
1.37045956253
0.93327357542
-1.38694267849
-0.512625758706
-0.915887934232
0.636084128537
-1.18105229596
-0.33734405768
0.655241401626
0.934316741143
-0.137628529722
0.100419698225
0.228470606902
-1.39139664379
0.0935790042158
-0.299732787605
0.119459824652
0.490116438983
-1.18675954107
1.43846130196
-0.820702592985
2.57836177351
-0.633395693066
-1.5611000456
0.16648761271
-0.14332555476
0.0498144848414
0.780721354057
-0.415460763518
0.924972178549
-0.369931872481
0.279586843917
-0.0360555208949
0.642172532292
-0.315446222329
-0.408158186163
0.63520986641
1.9056819438
2.39800886595
0.92874788464
-0.172870700807
0.29237978957
0.280753937871
0.207117157848
-1.23180957433
-0.980076821469
0.578333984547
0.370754104032
0.681411091349
-0.543924124524
0.064346516069
-0.51818236619
-0.532609232187
1.72976876406
-1.00706391729
0.251415418512
-0.447024481871
1.06221885947
-1.29327319047
1.85195894974
0.201373554306
-0.713015876351
-1.27068783175
1.26937589231
-2.12819412111
0.512202079623
-0.358428155255
-0.363835435233
-0.290057148965
-1.37248354307
0.538362724323
-0.216376816103
-0.0805096182442
1.83657309091
-1.44009333683
-0.280960401526
-0.436602253777
1.06193015224
0.85729654178
-2.12662380599
1.07709349431
0.11901142857
-0.388667452013
-0.513196953199
0.580549879041
-1.50986289777
-0.572985155376
-0.772082357356
-0.217655211732
-0.295088218044
-0.741643639675
-1.70722955124
-0.599732331804
1.11373795483
0.423726716665
-0.387993013043
-1.19522476638
0.597409270689
-0.64308277514
0.232012791831
0.512058485223
-1.82311582739
-0.0119080928753
-0.255820401406
0.804775061664
1.24755314336
0.765490255777
1.98188962154
-0.659981546345
1.1990373218
0.274835117166
1.71715385393
0.985584508073
-0.922146224133
-0.85445182526
-0.435925079669
-1.17305169177
0.759676229729
-0.950034333204
-0.281806312944
-0.137842259895
0.287328486966
-1.49734123579
0.881612269607
0.100230831005
1.06061637329
0.287729582129
1.06724206576
-0.850337936952
2.1252830411
-0.491204971765
-1.25798278169
1.38105508561
0.479697704511
-0.881913907286
0.990103767677
0.701665691273
0.179538709885
-0.628194569307
1.28259003657
0.0416278575733
-1.82098565792
-0.221658642161
-0.0516830605802
-0.697892001066
0.376820726596
-0.0762351675304
0.305755274098
-1.04942963436
-0.39036260571
1.11196123629
0.137035215656
-0.161846790235
-0.0857308496682
-1.05191034031
0.412108410532
-0.637991137884
-0.313047852534
1.27601273984
-0.119651146561
-2.02541280017
-1.12116921074
2.07146940209
-0.64823570912
1.11042581615
-2.70405728794
-0.123660244348
-0.942786729555
-0.119943152299
1.7102534705
-0.0561917954735
0.155176984386
-0.880192204261
0.60044235392
1.82703701919
-1.54304660288
1.97129663073
-0.60874463622
0.455281517426
0.336182694555
-0.85359526175
0.451641617515
-1.43488580235
-1.13894363315
0.0475176310967
-1.15490421824
-1.02868781619
1.04185012895
0.8151689018
0.027030139416
0.985957948569
-0.421639207045
-0.825671548635
Score: 13