3
44
10
3
-0.443269834735
-0.53165852265
-1.36859168666
-1.02611728062
-0.209939452336
-0.507538904605
0.777382685237
-0.140995224618
-1.01254564513
0.117498089611
0.956655674817
0.149954721437
0.536826278555
-0.549991676526
0.099143583732
-1.04358073475
-0.654430090175
0.373751277251
-0.824354736381
0.0430930662268
-1.36888828459
-0.088704020872
0.012844837212
0.493423333648
-0.0321101413564
-1.81682863858
0.521402134637
-1.38243675443
1.29368433951
0.82625722999
1.38979524006
-2.51458375921
-0.949991823788
-0.726595193049
-0.130559829058
-1.18216182635
2.06402279335
-0.600306600799
-0.281561388887
1.73690507295
1.34422829441
-1.55793640139
-0.653247686408
0.76169968881
-0.180152225009
1.42772439679
-0.876060384085
-2.01268098605
0.213736028323
1.12594200888
1.24790833549
0.429855230114
-0.343575510268
1.16274849051
1.58018358496
-0.869247768757
-2.95119447028
-2.54592150564
-0.583817356509
-0.332409046374
0.121040565386
-0.608861527499
-1.06601062416
-1.18235479238
-1.03496050751
-0.361241173218
-1.74844867549
0.172462313144
0.224671119314
-0.614971167118
-1.50054469905
1.38243682793
1.21461346365
-0.577799319697
-0.546357823617
0.248663649376
-0.672265664951
-0.471066514854
0.146078021732
-0.48565477875
1.78435969637
-0.473453611913
-0.274084792887
0.303075051806
-1.16657094373
-0.826743257972
-0.631501422588
0.0835262630741
-0.33562829085
-0.83658753187
0.76743468708
-0.686891925937
1.06727765102
0.649857237064
0.633995810083
-0.8801140267
0.894252405005
-0.0505030664583
-2.24698351636
-1.06016441572
0.842716217003
-0.300865513846
-1.69615369001
-1.64093635594
1.55192722224
-0.0628061046273
1.79563471247
0.504413512798
1.17928255259
-1.43014861158
0.0152303900262
0.19106210709
1.44637493102
-0.193510891354
0.446465027323
-0.224456789561
1.17022628867
-0.642649950228
1.44495251933
-0.986801351413
-0.71631621976
-0.67447176395
-0.084926463705
0.514564587603
1.06350151971
-0.643584213795
2.12693469193
0.551550504602
-1.19727376133
0.578559658691
-0.322772191491
-0.306309083092
0.449271001231
-0.3618006226
-0.181576104918
-0.553947036161
-1.1479510303
0.640303599535
0.855378660985
1.23258291993
-0.644091013042
0.645418808342
-1.64857672444
0.630478155957
-0.229473183276
-1.22968292686
0.604897169729
0.835109099877
-0.168928839859
0.575153861915
-1.55785700407
0.751232554224
-1.91234243319
0.920427718112
-0.437904792941
1.72796908953
-1.16002493929
-0.413348846494
0.168173251628
1.77652341416
1.15750819347
0.0556062588385
0.109680500504
0.0988211366496
-0.789648986002
-1.31365481794
-2.0140987464
0.377915410177
0.497325294455
1.27754235493
0.768665236853
1.14856724724
-0.044902792077
-0.10272165639
2.7303048253
-0.147641565425
-0.00318231389031
0.654977033567
2.10408727626
1.3055475966
-0.0901449668121
1.99355055772
-0.457608284952
-0.208592690138
-2.27583448552
1.46187776145
-0.324225841698
1.80453402776
-0.242074133741
0.509220772859
-1.27885007983
0.93141887227
-1.52785311961
-0.389723793039
1.45690903833
0.0697640385316
-0.053118929208
-0.118461844321
-1.33669996562
-0.468742928198
-1.17985912934
-0.665616696195
0.927041767671
-1.81967710629
-0.80681357207
1.04061224604
0.763129531992
0.642394337207
-0.861414326328
0.651620568492
-1.02463659035
-2.24690827643
0.357181796346
0.654442832003
-0.151764824542
-0.771408574487
-1.24855246629
-2.41633198313
0.432691383597
0.628908581332
-1.4250592915
-2.58798212233
-0.302655893113
1.53572809516
-0.100019627676
-1.31735630641
-0.193746846246
-1.17032346058
-0.0722314683924
-0.842974021959
-0.640749191958
-0.469941447345
-0.452495724606
0.550359878191
0.12174867984
-1.62994420638
1.12852440969
-0.110297823491
-0.888139764907
-0.436727397346
0.393515889914
-0.667301623709
-3.01021163053
0.924418450564
0.0276747654957
0.0654874803279
0.465608344093
0.476028357708
0.69735134845
-0.23926752397
-1.39386905802
-0.856284003369
0.631686481164
-1.34217747102
0.185217131699
1.50685266234
0.648557305274
-0.380710380786
0.172013782847
0.522136663254
-0.637865306529
0.37899879606
1.14712647683
-0.259785236378
1.52812917725
-0.850703348084
-1.99758576126
-1.64286204418
-1.27785505389
-0.128525678615
-0.411341452462
-0.136857731349
-0.262774962471
-0.620137955991
0.125713216364
-0.229350156608
1.22202132531
0.2351540795
-1.51429926017
1.55991328484
-0.378539476942
-0.180412208366
-2.09968063301
-1.18921016087
0.5540728147
-0.218992795774
0.963567406068
-0.151193192484
0.708438262722
-1.06870333118
1.64655031602
0.978771567277
-1.37983156033
-0.70422794454
-0.600868427709
0.637550039397
-1.04824051985
-0.271442130978
0.602249135753
0.741589753221
-0.00534238301948
-0.0884220742409
0.0994233971497
-1.32509781528
0.241583053828
-0.445637528327
0.143715262073
0.332545523001
-1.2896178047
1.43645257906
-1.21258121628
2.61813164563
-0.617257200158
-1.48232670923
0.287847089942
-0.331990480203
-0.0277819377113
0.830761937714
-0.369164365256
0.579047192193
-0.182240141145
0.549723074045
-0.0829050357351
0.497113593795
-0.15113535981
-0.624869437972
0.548631318934
1.92068795324
1.97695886221
0.980618358268
-0.261715297005
0.407210456342
0.448388066422
0.149963966002
-1.23332015623
-1.01678671906
0.643255707154
0.0787639337204
0.643904218396
-0.676497335258
0.337532140767
-0.575258744587
-0.0592792903898
1.97744584493
-1.02020147683
0.199765717382
-0.174195071545
1.25895706997
-1.25333223211
1.55036046335
0.363917148419
-0.995278203667
-1.3354419215
1.13208406144
-2.15723322237
0.395339156449
-0.524215825436
-0.41939025705
-0.293805121902
-1.69591143839
0.647603582761
-0.00277115449584
-0.201743372873
2.20834000979
-1.4915669653
-0.469360486613
-0.726297529976
1.06387437336
0.89113337356
-2.31031433802
0.872737428428
-0.0155954027488
-0.251461044666
-0.348046589462
0.570502766465
-1.50998964635
-0.54608010777
-0.692175420588
-0.30894144781
-0.229073020866
-0.612162398787
-1.79383464347
-0.634256988663
1.28475903545
0.430015560377
-0.842156598679
-1.24221157301
0.497768528476
-0.523448851017
0.344672011165
0.565653458332
-1.66075594611
0.0342753481512
-0.404159069092
0.612585857116
1.37594975927
0.742816955031
2.08134316086
-0.61779314334
1.01351400158
0.195386514258
1.59656203228
0.770083467121
-0.809380364118
-0.814013801608
-0.526132046226
-1.11154379592
0.660002193707
-0.760286068478
-0.138051950921
-0.0519403448929
0.377349314015
-1.60304318569
1.02120974289
-0.0142935794164
1.17216333289
-0.0408988484741
0.926279602692
-0.70407508418
2.02819210158
-0.651963289477
-1.15954443748
1.09067551595
0.196554078054
-0.766994175767
1.02798250674
1.04124594104
-0.0847774820734
-0.662737583404
1.26060436033
0.124888583965
-1.80366106999
-0.661732012692
-0.0587129277345
-0.691906372461
0.113006052735
0.0505717083805
0.206115918849
-1.25051839936
-0.298784658682
1.05564055806
0.0301242731307
0.0648376337548
0.0680904239511
-1.24747337826
0.088860654371
-0.596234096893
-0.71323312537
1.14511656829
-0.203277480962
-1.93584882579
-1.4394034637
2.19969729574
-0.864106221708
0.851843229408
-2.59860501176
-0.120252314423
-0.671846698498
0.246780356019
1.59685229409
-0.499197081506
0.295527343702
-0.963020893376
1.07617072375
1.64163941248
-1.66860560118
2.06587598422
-0.757939877111
0.485124591169
0.469076286799
-0.756723071565
0.490794995711
-1.08702231616
-0.835331812972
-0.262270812835
-1.04906497755
-1.1028478233
1.26003488953
1.04341283049
-0.0588904446818
1.06324764372
-0.608920431865
-0.958297406295
Score: 1