3
44
10
3
-0.180620123828
2.4527090383
0.414529475219
-0.586504881723
-0.114579104759
-0.242233136364
1.35619590638
-0.521471855027
0.331219403146
0.922501158461
0.146528167859
0.783277436727
0.56697722266
-0.287836008518
-0.0657390975417
-0.464943527282
0.325491124969
-1.04359172511
0.826688397284
1.61132113179
1.50956108167
-0.102957334123
0.142094394491
1.35849046947
2.20849803177
0.205709450896
-1.62379703644
-0.842282778666
-2.96504506343
0.795643805551
-0.829554251909
0.606425701819
-0.187798853829
-1.33509252418
-0.181571167594
-0.0138430998213
-0.737200014579
0.33512292543
-0.358594245215
-0.788520714628
-0.124080823412
0.63398229301
-1.57522504298
0.919919859831
0.722411607275
0.598762231874
1.08457313589
-0.964034302033
0.187133295064
-0.160037743374
0.853544586579
-0.479757188321
1.42439351306
-1.46300566123
-0.574320553442
1.2354446575
0.0742253654931
-2.29113161829
-0.589100198517
0.0404825083474
0.269322035879
0.170573277982
0.673212954142
0.230555683598
1.3793799012
-0.478357520789
0.092140597507
1.13784422804
-1.10492187958
0.459304359948
-0.315730225859
0.109185107048
1.31567550691
-1.21298665059
-0.445094511626
0.309944684003
-0.235845885214
0.981293239305
0.805618366745
0.626297275193
1.42689496378
-1.4432635866
-0.171887324754
0.26881806867
0.387901504823
-0.542974853378
0.418125473292
1.05659641105
-1.49715717328
-1.89373086297
-0.716936125819
-1.43424640683
-0.731057898373
1.03659039735
-1.52851614008
2.47028288498
0.0393466293192
-0.491823763655
-1.37257874905
0.889006866437
-1.10025336132
-1.37965727476
0.20014498063
1.46077712357
-1.27202748129
-2.00298506773
-0.247472510898
0.660324052848
-0.923624607636
-0.0033678561088
-1.67978126242
1.75605732645
-0.0965070074749
0.271053173673
0.306736221395
-0.65487947665
1.53237045504
0.817776530216
0.869195499166
0.600022718706
0.184140494416
0.319278758273
0.665032487123
1.12389754096
1.29095892155
-0.0490386844474
2.19267220459
0.0585311653566
0.267040323413
-1.02839495155
0.593693488766
-0.559003675069
-1.75724145703
0.740051515559
-0.0238389000813
-0.516519781262
0.0728773890321
-0.860900093163
-0.666469826269
1.33440149827
-0.749467547287
-0.135844550453
-0.552153052646
0.666682645799
2.05770897336
1.10036963482
-0.38383983093
-1.1859937549
0.143737656524
-1.93268379064
1.09931604298
0.748691334893
0.652978924505
1.00855371968
-0.218433234645
-0.164883949013
1.03922604547
-1.23409157032
2.53900708375
1.55725220538
0.308576796675
0.0380139881918
-0.656107655165
-0.680037405152
-0.895772547282
-0.48022866019
2.37968761777
-0.0383533267555
-1.14871049847
0.14137201767
-2.51841888326
-1.66940486529
0.905369732649
0.727768461241
-1.1140867174
0.42878738824
-1.0082258909
-1.45951832438
0.157305227367
-1.16462170889
-0.836885817373
2.77438929515
0.646288686618
0.443282832864
-0.318972971176
-0.551041500412
-0.309234269603
-1.36193696727
-1.02427718846
0.301267702196
-1.27360367592
0.715542094027
-0.737775765228
1.89897435607
0.348333279616
1.30882341993
-0.110994613462
0.522413299201
1.40917684444
-0.788916326778
-0.0863047036708
1.74789813958
-1.58620059978
1.59352802036
-0.786896678605
0.914829879838
-0.420542885657
0.430415072911
1.81160772179
-0.224787688992
1.64304931177
-0.174897518054
-1.12139957351
0.0172044736387
0.835765815054
0.217293392711
1.40611718076
0.396925952479
-0.767532201106
0.506873143083
0.0794692907877
0.0131970160279
1.02524713945
-1.13871812435
-1.50627499689
1.6128460278
-0.750811400488
-0.100892837656
2.15438328612
-1.13936556726
-0.585254294165
0.0154577024887
-0.0101371036706
-0.435741064184
0.0569454545765
0.551060111467
-0.996623723816
0.928982082807
-0.0846684580641
-0.424150156408
1.03160319225
-0.382279309912
0.505311089781
-2.31402732775
0.887891486214
0.234736280525
-1.70363964315
-0.62657004196
-1.45258426162
1.8965223351
-0.0675651181164
-1.49418494277
-0.579235537452
1.72208977815
-1.82651354256
-0.232696868602
1.14403454358
0.650800454808
-0.41573486021
-0.504129721951
0.409196330059
0.222068207076
0.0615528746432
-0.701853247581
1.60584134525
0.792082282311
0.0675740994555
-1.09774290954
1.29488162119
1.4684114232
0.0760039595358
0.11960667041
0.645956447337
-1.97385868819
0.272898879631
1.4215167034
1.30773302675
-0.0756276350316
-1.76680658307
0.660734519762
-0.00721966039271
-0.690197935471
0.541164382382
1.37014690773
0.529697854605
0.862269880003
-0.474182526807
0.842212864402
0.612447083361
-0.490421742372
1.36760506395
0.19013933175
-1.50111238946
1.79100647935
-1.16686613003
1.24122542644
1.50537758941
1.03690054976
-0.190871445971
1.09811112517
0.968525579467
0.231089700969
-0.0202514178311
0.00957538994879
-0.627769904729
0.876298975437
-0.816609910452
-0.096690589369
0.0363555920741
0.6783403073
1.03425672804
-1.79784889075
-0.672829407161
0.846937109972
0.681832141724
-1.5585123473
0.478020124132
-0.984547545316
-0.201110080413
0.0721203745158
1.34021844167
-0.0226634834412
0.77004153148
0.65230477487
-0.475491016353
-0.197036533176
-0.064793276042
0.189757861939
0.618810223357
-0.992995845943
-0.426528096871
0.711299059252
0.48742497082
-1.31678764364
0.321615602431
0.231168882075
-0.895996567973
1.50924063342
1.6697828054
0.785651794298
-0.61549316512
1.33481540496
-0.00865108055844
-0.993610035073
0.673771000661
-0.142317976669
-0.0604271927283
1.82162114055
-0.789768467873
-0.405760803472
-1.09692769162
0.154193689216
0.754553561485
2.9530504443
1.26423767053
1.45288954252
-0.579568163965
0.137359309004
-0.354185682332
-0.167625784447
0.55336755116
-0.0345686269185
1.17755535704
0.0581229395811
0.997485672126
0.865312749346
-1.09857054241
0.443692535795
-0.059624713117
1.16198236475
0.3741457428
0.63737282499
0.756293401277
-0.220534596802
0.540450751871
0.365410798587
1.02437338948
-1.22247354759
-0.328117253153
-0.72571079145
-1.41945512018
0.573665449309
1.31044950701
-0.456683903499
-0.942292511125
-1.59580048125
-0.154634360856
0.982018887251
-1.80568860313
0.014804730087
-0.899103158757
0.936949826555
-0.259106399361
-0.5106277462
-2.07763280667
0.687740898577
0.718179296082
-0.263919562561
-0.97270379571
-1.40990621421
0.778335562916
1.13729301032
-1.65280627709
0.569222829932
0.0203354920381
1.47921159752
0.0313927787807
-0.0590481644299
0.526657864744
-1.31095211698
-0.0855714549222
0.236470815121
0.638749534564
-0.884831429552
-1.8191387433
0.107550301524
1.63773186326
-0.408925301254
0.650450274603
-0.455683438663
1.00738064624
0.737148317333
1.56895118772
-1.11989890231
0.0949140733028
-0.262861306529
-0.152941417691
1.34368115292
0.980089342422
-1.318045053
2.34027339162
0.70936477439
-0.0701640639802
0.623214898836
-0.441944685593
2.08626690037
-1.81549732176
-0.682159528519
-2.9257909462
-1.814230238
-1.63733125456
-0.903459846252
-2.45087899543
-0.296028561409
-0.124803966574
-1.36897721292
-0.389374732225
-0.246439920641
0.37468045602
-0.308414531373
2.28173435551
-1.66537027556
-0.476210141408
-1.07976119062
0.596185134753
-1.16550716217
1.04019337502
0.120476390298
1.11423498547
0.0900527265027
-2.33624690277
0.148115724976
-0.941069297351
1.60286687699
0.106866967777
1.0472512187
-1.18460489687
0.687408072361
-0.858622735991
0.718657458239
-1.32804109875
0.335267846243
0.572725070685
0.517425751429
1.58033951393
-0.202318225985
0.757959262701
-1.17460713903
-1.12185688516
0.844151074147
-0.0230157017875
-2.25141974092
0.173629030363
Score: 11