3
44
10
3
-0.853548255417
-0.627018339324
-1.67198309075
-0.661029997485
-1.31986887283
-0.565784603224
0.57384804058
0.73878925678
-0.693702262288
0.625168837166
0.310459723217
-0.0927549481074
0.965306339865
-0.210804357867
-1.02879995819
1.4893368634
-0.9818491216
1.87559386321
-0.671983700329
-0.563602741964
-1.14180697203
-1.12125934692
0.0800186973429
1.62460419648
0.22521123322
0.309126836346
1.37052096632
-0.761020721593
0.550668463894
1.45073768831
-0.294442366692
-0.0095599275433
0.865520546183
-0.779268743208
-1.56632172101
-0.359763863401
-0.803055505072
-0.246514925151
-0.3833853617
-0.710856372042
-2.19400650139
0.0415197403209
-0.762419041535
-0.587201426619
-0.175974196937
1.22635122803
-0.925791423094
-0.215967674573
0.952669831801
0.169103124344
-0.456732042797
0.404587106758
-0.322774074323
-0.358819287244
0.46244002916
0.167905852534
1.42984908765
0.0651509320441
-0.303259156215
-0.517128739291
-0.566949667763
-0.815827698
-0.87759960954
-0.292003686148
0.253030440796
0.803163947616
-0.0843247683881
2.09325575617
1.8955092294
1.7220702917
0.604122940815
-0.0641079202803
-0.105262053468
-1.83670160525
0.999368073221
-1.34438409708
-0.925038666843
1.09733403661
0.134888049384
-1.05849103546
0.393161476385
0.562459427609
1.35967988372
0.650220515246
0.416354952412
-0.619582625466
-0.217447713666
0.0716178682471
-0.565507041403
-0.706444995019
0.773032114437
0.861568052064
1.48633541157
-0.203590695456
-0.981293703822
0.122794080684
0.339623538715
-0.75599888434
-0.937999122479
1.95373658729
-0.681922244842
0.901516649452
-1.56658266861
-0.211393672197
-0.54562486053
0.143964808591
-0.787312346819
0.944452274624
-0.861823287108
-1.17277117475
2.07895765787
0.310199430737
0.411903294338
1.03334817222
0.195559160636
0.337780820744
0.169940812758
-2.32329495888
0.353154386686
0.495439418579
-1.96961927615
1.09406222035
0.877121893913
0.348702130131
-1.57562922182
1.7142248692
-1.21823334213
1.63122218273
-0.782588741746
-1.31471860511
0.406736309499
-0.167942448703
-0.781025064617
0.445792571667
-0.41901469143
-0.142610732096
-0.14935191714
0.740684653417
-1.01258750757
-0.575330459985
0.419392735759
-0.481188599166
-0.211287368888
0.0192093913106
1.98863869421
0.271475806941
-0.931074098709
0.699981327833
0.212475427583
-1.16170179425
-0.639413049659
0.375991466194
-1.24757948508
1.41361700191
0.423816467241
-0.922977974398
-1.4889521
-0.270388151653
0.232188989438
-0.944168727993
-1.97263065594
0.172547141033
-0.685293644949
0.116222844379
-0.856726137653
-0.473176632903
1.46079669998
0.209340352997
2.71236592329
1.13484562529
-0.334406875174
-1.636660521
2.105499864
-1.41577624292
0.853507718805
0.0652795073401
-0.0276270070522
0.926885027446
2.26954642247
1.46192216885
0.0788201091758
-0.342714351222
-1.13166765339
0.454341183473
-0.552197130941
-0.737146324319
-1.13753936651
-0.265971122627
-2.41116555883
-1.08672283224
1.18161192905
0.589136659119
-0.198412709052
-0.0671776186773
-1.2309059034
1.02415334425
0.946124206737
-2.08329306157
-1.83354769227
-0.154444097135
-0.26251080604
-1.29040456209
-0.600345687531
1.10757367747
0.9448038858
-0.183925522177
1.17551535705
0.000581879461315
-0.448330072775
0.635568626939
0.208254939217
-0.350811722613
-0.0219936165711
1.27165118037
1.65878982586
-0.240593383927
-0.842136441937
-0.946152700964
0.710646854744
-0.269381117986
0.304534539592
-0.10468962835
0.886892929544
1.11995849431
-1.78564392884
0.298441191523
0.340429874796
-1.83454127229
0.346917639037
-2.31513755482
0.330937122337
-1.26281281279
-0.901106195172
-2.42020166201
-0.65825218913
0.30491146733
2.29486037284
0.444134035183
-0.632758001336
-1.85479993206
-0.34326314488
0.63398334411
-0.607276669019
-0.701866281873
-0.621166071039
1.04632853821
0.794215161206
-0.955003274675
0.535308551335
0.951553566398
-0.677314363356
0.432891791673
0.99755128583
0.857956774449
-0.74308902222
1.03424591131
-0.554624599736
-0.902793968427
1.1014213455
0.610818870544
-0.576549775513
-0.0747537065698
0.554229757624
0.170748363892
0.696948752092
1.44046522803
1.18150553331
0.726556554829
-0.426594773323
0.230531515457
-0.292318254806
-1.03881570699
1.19767898168
-0.549153687744
-0.33178880226
-0.0477260995799
0.10492074976
0.180237266825
-0.604785856473
-0.0876948525347
1.12515555858
1.81570426466
-0.229395104603
1.57605776126
-0.667196057593
0.554839496887
1.33730913809
-2.28927757232
-0.740552145268
-0.324567625986
-0.0395470637133
1.15108798927
-0.249585603815
-0.28389049989
-0.0396738305628
-0.635544107799
0.569541890825
-0.597048280936
-0.154216841425
1.52808654238
-1.54301490492
-0.683858432344
2.28928235349
2.16095259719
-0.978132090743
-0.0260526745165
0.824719787548
1.40045685929
0.181700245723
-0.134657182622
0.28661041267
0.855679434793
0.542878283418
2.32616894795
-0.725817650298
1.4250097114
0.300816096729
-0.754278600652
2.13889101509
-0.173588665696
-1.50719078388
-1.22870630352
-0.0772429453365
-0.144998399863
-0.703598116684
-0.608119043701
-0.813753381985
-1.43266510477
-1.36167954234
0.448300971037
0.0860675314479
-1.52947298119
-0.781365294861
-0.340208007982
0.36181704037
-0.132244615688
-1.37343380038
0.857786736079
1.03191411869
-1.04569810773
0.360405330262
-0.990937703629
-0.224859983983
1.06477543725
-1.17671901308
-0.641845436899
-1.36643827044
-1.14303399823
0.0915523676152
1.3020887141
0.032682263596
-0.0448201312943
1.40435193907
0.872625056737
0.256685092049
0.859361414102
-0.0535797612095
-0.0896411014952
-0.373446488752
-1.64121192177
2.06465495125
-0.389991264818
-0.961734498761
-0.455608084533
0.0686720956306
-0.491668416945
-0.310274448419
1.53840294238
-0.124741651486
-1.63325522002
0.781485065757
2.2244243197
-1.52537518897
1.93922173945
1.73897259629
0.216268271518
0.464412744121
-1.54322865512
-1.87859645494
-0.729450620096
-1.8883124647
0.994938715134
0.488467867386
0.629251249643
-0.589405925046
-0.761463591237
-1.24382402114
-1.36603840774
0.378367713111
1.37208337608
-0.477973172111
1.05640463098
0.0519428960946
-1.20879033305
-0.17967897456
-1.24802893851
-0.11641298791
-0.945507987592
1.9765468126
0.579852540109
0.600210672218
-2.10325380332
0.767724124577
-0.300953014312
0.222642883391
0.672181866156
0.0214657199117
0.31400864199
0.0543288909547
-1.02174422225
-0.468299870754
-0.78621103775
0.971060215322
-1.32204067271
0.216903083942
0.265738917605
0.992634369454
0.448146806478
-2.04772273638
-0.5887426071
0.132733623515
0.179033348628
-0.458020053362
0.757973923412
-0.798536352951
-1.1409618867
0.639822629346
1.24550581526
0.333860588987
-1.79991633259
-0.204913710084
0.583926522463
-1.42460431165
0.563086016931
-1.31327509195
0.265128754428
0.0144475859735
-1.88872983418
-1.3321261877
-0.31596421669
-1.36941910453
0.903560068983
1.18927327726
-0.118438596499
-0.617354773619
0.870546199879
1.60175085825
0.0717329604053
-0.513259779479
1.09094477901
0.176212708601
2.44968176538
2.40207756821
-1.53115604321
0.846662254304
-1.52598666291
1.1684430572
0.949592008697
-0.207805854722
-0.113589501392
0.584939630648
0.623512350821
0.365705780046
0.158550477532
-2.10121165656
2.25268394383
-0.19988260295
-0.222895938242
-0.433640054231
0.663200003636
-0.691708551707
-0.0668098287685
0.350779641884
-0.148059015249
-1.72795333279
1.69348315459
-1.62000121014
1.11943183457
-0.0740576616514
0.58059414033
0.25111277098
-0.577628761403
-0.760741345063
Score: 10