3
44
10
3
-0.65528748917
-0.660838783628
-1.43280115414
-0.97998376182
-0.119195261981
-0.526673067812
0.724789093307
-0.0315993763932
-0.937022269383
-0.146948005665
1.0359115314
0.477869662112
0.340934432189
-0.225051340823
0.0590573232693
-0.792798501806
-0.432204414244
0.247579714478
-0.77393933736
0.359390559846
-1.51227728095
0.0824165930973
-0.0232324692348
0.529060003341
0.116234203257
-1.88557947153
0.437178046828
-1.13474943431
1.59862075773
0.691798204314
1.57982775173
-2.40807577301
-0.883242894559
-0.891358900319
-0.121703574577
-1.18043423913
2.04991496445
-0.685607953844
-0.0929126143803
1.80234636565
1.28251682778
-1.36012527128
-0.776366248454
0.77103825575
0.0131183495743
1.0924683445
-0.875077710447
-2.08626685435
0.137552207977
1.04105634315
1.09280821953
0.37340266999
-0.141031826871
1.38845146304
1.88380774073
-1.12576002277
-2.80264843202
-2.39646121749
-0.361248308504
-0.383670647347
-0.11766305402
-0.564975212452
-0.658920564216
-1.04640120881
-1.06791339066
-0.443298129299
-1.70350028662
-0.0189921136344
0.157566577775
-0.460475011218
-1.40396439518
1.35951356011
1.46200742824
-0.624792591666
-0.489419401794
0.284692370543
-0.833797284169
-0.531224326058
0.120771802356
-0.257022143371
1.76180873305
-0.301456279554
-0.591796826296
0.345066142379
-0.910497432232
-0.744040049972
-0.689388969148
0.0213704157739
-0.124909368991
-1.03081660866
0.654029268099
-0.583345244126
1.02955254327
0.42835381204
0.827326621666
-0.629178350693
0.997161129547
0.0781973008801
-2.11545920529
-0.989517193536
0.955417425234
-0.470495361566
-1.87424935133
-1.26324321811
1.36157315237
-0.0744685915431
1.9363914248
0.558579870099
1.60526639273
-1.25246509865
0.243478749827
-0.0465364290121
1.40233585174
-0.366592982258
0.30801099799
-0.613386998033
1.18047912594
-0.848751602733
1.59339639627
-0.963891233922
-0.794032292421
-0.161723781057
-0.238886177847
0.632020623913
0.73161039161
-0.526083932402
2.25173885285
0.504403693987
-1.14256841892
0.521906306782
-0.133796381525
-0.492080114908
0.118693999944
-0.349805377717
-0.375904932296
-0.489772079989
-1.27361426709
0.591562504688
1.06674341929
1.40308327706
-0.507151480161
0.555967670673
-1.59755706463
0.620778075232
-0.439659725212
-1.30905525844
0.395609626842
0.892422100931
-0.153939561563
0.303197040275
-1.47980344948
0.898791990205
-2.03404751859
0.751144959928
-0.449222691245
1.70188302549
-1.38169682373
-0.230722360163
0.347173566743
1.65820900651
1.09352453981
0.285449799975
0.155844758341
0.142598430567
-0.785878860512
-1.10376796275
-2.20109209009
0.152792875735
0.442846318515
1.11778025199
0.732241045243
1.3316337718
0.0601158473058
0.0522187579144
2.86109463534
-0.307305534676
0.160145261472
0.77484913076
2.04393034145
1.3081091967
-0.24737392041
1.96477140157
-0.293002194711
0.00265236181084
-2.05414893272
1.36514090319
-0.249649116051
2.01316568337
-0.347720663112
0.455001401562
-1.63731553084
0.930159038463
-1.81033755091
-0.401297641254
1.49875909196
-0.0744086300804
-0.0112394355698
-0.161610498521
-1.29394662564
-0.249542581817
-1.19441227142
-0.737545558559
0.815957981943
-1.53160707642
-0.731850320033
0.97448774498
0.662604795253
0.44551414679
-0.580833875143
0.205945880733
-0.999961954478
-2.36351083479
0.47407584397
0.833147559403
-0.320515401607
-0.598101032393
-1.36868717759
-2.47603259378
0.559108083473
0.73378436776
-1.56021744151
-2.5117483719
-0.511505254227
1.42009220446
-0.400331959226
-0.997653847653
-0.340923784856
-0.774732447937
0.341065264549
-1.06548574051
-0.557097875401
-0.226896356152
-0.707203671868
0.504800052337
0.133017645458
-1.81053009572
1.11446196334
0.26294056364
-0.927197462615
-0.391681602174
0.18862961463
-0.349831394265
-2.85999570389
0.693386719075
-0.0526528261778
0.241265960671
0.462893437618
0.055598390636
1.05078825585
-0.351781704225
-1.44223426411
-0.843222786365
0.607386177873
-1.20679537286
-0.018505546745
1.36604980489
0.527330214383
-0.467377007471
0.263807727309
0.300443255955
-0.489365059405
0.212705138174
1.29418544047
-0.0598945410742
1.19206807594
-1.01561644407
-2.09929203735
-2.01249313695
-1.17702300979
-0.139249843705
-0.205611330568
-0.369447835847
-0.106153568351
-0.318179650677
0.347192609456
-0.435760272031
1.24435170335
0.0684459738358
-1.559201976
1.88904585254
-0.32342349025
-0.164929407203
-2.13311421958
-1.07589783326
0.480245583803
-0.476454113615
1.15561386199
-0.0287916061334
0.497054968828
-0.881875312559
1.5180727919
0.77154925081
-1.27580804817
-0.450276465055
-0.713308481389
0.769837163617
-0.972848320917
-0.0762456423674
0.622027594644
0.640637262856
-0.20343560823
0.117277237539
0.223412651624
-1.51605878384
0.13752621753
-0.171188058212
0.0315413397341
0.482830438157
-1.37289803652
1.33198218472
-0.943123838206
2.62856941792
-0.658151276374
-1.61734439366
0.253815343659
-0.251225254106
-0.0399087526186
0.612707775598
-0.336530736511
1.00304725229
-0.348626980057
0.384270180326
-0.307120046946
0.384844640605
-0.0710616729367
-0.138604884562
0.392801476277
2.02442730367
2.42267915842
1.05875383439
-0.147508993392
0.0998284058253
0.127242359391
0.0458527804745
-1.09349938071
-1.1775406652
0.597099176191
0.310819965107
0.871971048097
-0.410760260171
0.292509982736
-0.480296779947
-0.389643596318
1.9103214872
-1.02290926321
0.262108101358
-0.20077097095
1.12399794419
-1.32811675255
1.48112496379
0.112766021059
-0.883824032678
-1.34225163193
1.18407830204
-2.30486558893
0.415035842877
-0.458162574773
-0.428559645264
-0.370472984062
-1.5095118644
0.547677043674
-0.364755014706
0.22785380901
2.0755485818
-1.31295082924
-0.248795228218
-0.645372403146
0.957775246493
0.847115782684
-2.15523214647
1.016080375
0.354968883818
-0.577762447523
-0.448281840706
0.494776768743
-1.63968245903
-0.569934936985
-0.864602341131
-0.252336616886
-0.278480414714
-0.60934925502
-1.72145363038
-0.504494331629
1.10722562181
0.366472486113
-0.545409447561
-1.30840018536
0.287967699574
-0.682600593148
0.143672387296
0.482905652333
-1.65386839769
0.252024209747
0.0284671630535
0.755093596011
1.0493681991
0.833384085747
1.77334382658
-0.646001646346
0.991688843966
0.349763653927
1.61921586625
0.835517908135
-1.06915602489
-0.942713450953
-0.338321517948
-1.1675680542
0.619383780434
-0.762811065581
-0.222663300514
-0.228378549887
0.399575603246
-1.66908732522
1.17091355101
-0.20648627701
1.04617834139
0.148320545086
1.11403793622
-0.690600489986
2.08232209821
-0.447938673599
-0.898456016148
1.35792534204
0.298925491033
-1.10244201807
1.04916776976
0.860388487164
0.022476893491
-0.872755242715
1.30215925276
-0.0780894504459
-1.85856990031
-0.399361470926
-0.0499948198907
-0.635069178732
0.20949456548
0.0196382358012
0.312467412948
-0.998792441777
-0.155443304478
1.09694555647
0.221338652432
-0.240836031866
-0.0579923433084
-1.25667141722
0.320261709589
-0.389374319854
-0.411692530863
1.15848292749
-0.258329610425
-2.07998395674
-1.2552329341
1.97357899332
-0.489767598386
1.15549669298
-2.57962099176
0.0881261045568
-0.765831950066
0.15037375548
1.63394270646
-0.250165183875
0.437551731977
-0.942220275
0.796504943059
1.95812086411
-1.59577982443
2.13361778229
-0.552159895664
0.419536920494
0.305125184969
-0.844674249988
0.445007747307
-1.35959357847
-0.8293138933
-0.0157570894448
-1.06054600989
-0.980739875141
1.0169292096
0.794964687824
-0.0620066767071
1.02195153369
-0.350973546791
-0.894058026033
Score: 1