3
44
10
3
-0.567646191991
-0.57204169854
-1.33983456744
-0.8037308429
-0.108513740466
-0.570504729863
0.902137479226
-0.0238732689905
-1.10478315186
-0.0285142136758
0.719806714895
0.522682298158
0.342268377963
-0.271305061141
0.206957706559
-1.06297057694
-0.616318681463
0.309176788477
-0.80238385067
0.275918855504
-1.53262373462
-0.00669714469723
-0.114399912771
0.412234327005
-0.0696395591459
-1.89655827069
0.32688862799
-1.0376962631
1.5031909245
0.760036311824
1.67703365677
-2.51812760842
-0.831336907913
-0.676617268712
-0.141810986245
-1.14662215103
1.99511984956
-0.785130458648
-0.143722551628
1.4909705401
1.33165932159
-1.29645600599
-0.97698743319
0.638381520804
0.0536171801332
1.0190224414
-0.776316409879
-2.0493428571
0.278837378521
1.04057227071
1.18238411074
0.559222202972
-0.0554206715018
1.42894611633
1.91249647113
-1.01465019936
-2.83387451048
-2.43717647703
-0.403437160079
-0.335182874849
-0.0648633270556
-0.59493894507
-0.721871053745
-1.08612797208
-1.11208119077
-0.594639617522
-1.49827307592
-0.0855986430033
0.0513117868362
-0.55836275472
-1.3658650934
1.17965750569
1.42964239002
-0.589148763399
-0.530717981642
0.309350897123
-1.01167223588
-0.736284938645
-0.00301927785591
-0.495373236394
1.83916099568
-0.22796706276
-0.534976693277
0.430611411225
-1.03568148795
-0.600997382111
-0.665688007783
-0.0693872031695
-0.18478988052
-1.02438454687
0.701947748314
-0.469751155479
0.917085074821
0.486217051435
0.907704594274
-0.554797626643
1.10901279116
0.0471571438871
-2.26975462336
-0.962783571173
0.979879547437
-0.458987078758
-1.73914832583
-1.33232953159
1.32748983653
-0.197812992867
1.97012354785
0.30783589553
1.56815901213
-1.17884516001
0.193576716546
0.107531866792
1.25164476499
-0.401865169901
0.18138988326
-0.412466639271
0.95981733548
-0.726807650287
1.58033418207
-0.868649583316
-0.590332261753
-0.451473851765
-0.363833845432
0.461932872693
0.909377170726
-0.677607926453
2.25948080954
0.441712248573
-1.29900516615
0.575247728436
-0.24040254277
-0.554569211914
0.262998742081
-0.5286989499
-0.284371051987
-0.569615449319
-1.31791654805
0.597889038026
1.01977559942
1.50320943104
-0.499632973924
0.501127963197
-1.69892503305
0.732800254557
-0.42378497637
-1.13143059879
0.384927227022
0.675373924287
-0.10879440838
0.353632602589
-1.5805244201
0.864282306103
-1.91381295204
0.940783800748
-0.495172066351
1.58617072918
-1.40264586153
-0.22362446771
0.220479614472
1.73943296654
1.2492465703
0.0615812377351
0.305611095414
0.113658081241
-0.945838865301
-1.12637360713
-2.32405217324
0.132306943136
0.280743511333
1.33163152902
0.814343650215
1.24665433387
-0.0714308831362
-0.246333823563
2.60402725515
-0.412789934026
0.157842200748
0.569077467458
2.0607536351
1.39375599533
-0.112345224546
1.97953119972
-0.246738943364
-0.0696217719659
-2.09697268706
1.14975201063
-0.25449712976
2.13420027851
-0.473685382311
0.497084281331
-1.62264211978
0.748113996975
-1.82403402054
-0.429364136544
1.43561602393
-0.0298178673094
0.109701792791
-0.126058099277
-1.29780851901
-0.085360953675
-1.1094055514
-0.736417868278
0.886039140028
-1.54020834303
-0.843881299005
1.06593516095
0.458918017562
0.380328801894
-0.691628163804
0.229521459127
-0.930311625118
-2.32542362585
0.463683195205
0.754640092872
-0.45978511479
-0.558225378556
-1.24141985164
-2.50656268207
0.608638911904
0.842065010265
-1.40631646879
-2.67930461223
-0.485801640267
1.47819442721
-0.479213668659
-1.11483120114
-0.393436772781
-0.698772953627
0.259774031396
-0.999248927145
-0.44613360457
-0.371063517151
-0.884742380139
0.489855974483
0.189357175389
-1.69495146942
1.27882546408
0.172896946685
-1.16380517902
-0.330957567046
0.333786918953
-0.372617935884
-2.85402340862
0.558191162118
-0.188017223559
0.286013278189
0.479284100141
0.116714561072
0.949012141109
-0.332133214761
-1.37327245114
-0.928565669893
0.744449853217
-1.26816692672
0.0241361528441
1.42033233368
0.563358168911
-0.178885846442
0.341663455238
0.224322347856
-0.749313636052
0.0942109367693
1.15190805763
0.106024498109
1.20568047233
-1.16283185976
-2.21111990707
-1.86365946078
-1.17509802333
-0.206267105094
-0.450502643602
-0.216903061126
-0.228676722611
-0.434801881952
0.179413007349
-0.230018590806
1.24704651759
0.0396918819699
-1.51988456659
1.72504964797
-0.227479148711
-0.141118072275
-2.20021887124
-1.06617642571
0.569668531855
-0.48959858708
1.13760349336
-0.0954803773121
0.585632725328
-0.827637822188
1.56622883333
0.796005520081
-1.40343211895
-0.607763004426
-0.960629267122
0.545391586814
-1.16811500871
0.0196257510823
0.700147621738
0.522656895013
-0.193030321158
0.181119386582
0.153698505781
-1.46517123905
0.249554808913
-0.258517015868
0.106568601873
0.546629079415
-1.34165183809
1.32172267249
-0.7590656698
2.68048161326
-0.762258401122
-1.69070637942
0.203111492784
-0.227731601385
-0.0128571367575
0.694563061392
-0.272023814773
0.761338079527
-0.306749190849
0.297715688244
-0.0938395509677
0.492817667387
-0.263329339025
-0.30491317454
0.235457076276
1.87096573991
2.64436876791
1.07009130639
-0.226382822627
0.130711614767
0.213138253356
0.138893509195
-1.09606849823
-0.986983209445
0.479025011082
0.281189545322
0.736763568608
-0.527316115697
0.290174468337
-0.589994790209
-0.601591031658
1.96992499417
-1.13357298037
0.29212062883
-0.0941908366442
1.20519490905
-1.52854511844
1.47607043134
-0.0047509008151
-0.856927749701
-1.30044236678
1.19745198869
-2.16416813513
0.26631101719
-0.508076338312
-0.318253013432
-0.38309085964
-1.54546059069
0.472121453691
-0.266247127421
-0.076159412399
1.98767719576
-1.5945723291
-0.24978029142
-0.70753333529
0.973659254466
0.903204902514
-2.25041224294
1.05089017849
0.112129061595
-0.43546084627
-0.531787354771
0.654193627074
-1.4521339382
-0.75780719876
-0.7295900865
-0.264586138359
-0.358993890675
-0.759521791374
-1.85905071142
-0.574820306405
1.1595350148
0.387437975563
-0.740310939835
-1.39518172368
0.339984704212
-0.727224439163
0.0670925123674
0.616120103933
-1.62805852085
0.210279796673
-0.255597018445
0.775218529304
1.14322556031
0.791768855869
1.86950804853
-0.705809826524
1.0324825353
0.367913176284
1.73298311703
0.912098167212
-1.12445634852
-0.901816398467
-0.336572721914
-1.02455786661
0.695754702084
-0.911424236465
-0.132406853995
0.118186992642
0.477776855342
-1.58753801697
1.00633129614
0.0781158193098
1.10991025693
-0.0723871490188
1.2180895144
-0.488873737372
2.14211791488
-0.515785222563
-1.07435323738
1.30399698526
0.121304779583
-0.990037796209
1.22572196909
0.887222124808
-0.0417765792552
-0.97708866768
1.27864979986
-0.0791339824604
-1.51090866406
-0.472417108049
-0.0381875193179
-0.613378194468
0.380561205643
0.169352355738
0.401638755406
-1.10559722475
-0.175952664191
1.21952643445
0.0693168819571
-0.198179156203
-0.14978187101
-1.33262898055
0.353022566494
-0.534058152328
-0.378915572774
0.991523104772
-0.285645789073
-2.08123665531
-1.22555824237
2.20264942729
-0.736314656301
1.15136294525
-2.40772975529
0.142596254113
-0.741902080771
0.0103839716318
1.47052960915
-0.0515052136751
0.310997292048
-0.83802032151
0.906609500215
1.97358652297
-1.38820713392
2.18454070419
-0.594229052039
0.35006059983
0.507691788155
-0.775771130278
0.547280372451
-1.37514959321
-1.02902157426
0.0828140203022
-1.22586713105
-1.15432375177
1.08184877981
0.864318323952
0.0441700488419
0.99523867295
-0.240600220848
-0.642497453753
Score: 10