3
44
10
3
-0.654692548867
-0.628062542589
-1.32930363352
-0.896735775926
0.00195281983077
-0.654814235187
0.82379220824
0.0616396872524
-0.998524886156
0.039838352185
1.12108959385
0.516659559136
0.245067713052
-0.231558443093
0.155878212406
-0.714353880182
-0.472275627734
0.327953267019
-0.790580474626
0.441878747614
-1.52102623384
0.0403340149318
0.0112390141552
0.38674968309
0.0963160791846
-1.86551661785
0.449349280532
-1.02971234704
1.6618603958
0.821165669725
1.49581885466
-2.4575295639
-0.871727108003
-0.888945405126
-0.032043369898
-1.16445491602
1.93983982573
-0.460817795249
-0.18929963373
1.75139139858
1.31837112639
-1.41866143175
-1.00993135939
0.603830775814
-0.0862030791174
1.31151916286
-1.00285167619
-2.14380152815
0.226479101363
0.978560305607
1.11400143147
0.44670476073
-0.0792836512295
1.46946521129
1.71696653026
-1.12308162092
-2.78117320364
-2.22311830243
-0.462416617202
-0.323514883035
-0.220155633206
-0.62130826362
-0.661535299139
-1.04705235773
-1.1630027127
-0.642700417715
-1.6527139327
0.122831666919
0.161997203744
-0.396021354002
-1.34467778796
1.36395427694
1.37565032897
-0.62956235147
-0.599798434203
0.22349033834
-0.80894036028
-0.550192466411
0.0493716897243
-0.339476055347
1.73720633009
-0.266619264867
-0.485423826851
0.393640009706
-0.96183214682
-0.68041644865
-0.595402339734
-0.117628914902
-0.131489568613
-0.79962244307
0.604187165299
-0.640745042026
1.02786972343
0.445149956346
0.698883278202
-0.664839075805
1.03585553236
-0.111417683475
-2.04842704525
-1.14718552143
1.04460588335
-0.334375480214
-1.92579358834
-1.34751792181
1.41285680274
-0.0998527174651
1.83369146768
0.335023823033
1.40482145126
-1.29077017826
0.165473270153
-0.0580928591848
1.43280296695
-0.365543100006
0.230510407104
-0.499139715144
1.15594308235
-0.766031258159
1.61846359119
-0.831350150471
-0.77119959781
-0.296859453366
-0.43533076434
0.587418544195
0.767080356563
-0.474981635567
2.32081705507
0.453194945655
-1.27443227357
0.429078743202
-0.178919823729
-0.491147482589
0.219798237748
-0.434966304763
-0.392911787589
-0.540193835052
-1.3747793234
0.588710577304
1.09952232431
1.36969081432
-0.575506434303
0.439876207671
-1.440124902
0.465909911541
-0.279215816181
-1.22813889383
0.413817108098
0.699836085708
-0.0690763310572
0.297916010891
-1.51764565388
0.976405108259
-2.05395542823
0.899082668966
-0.468496702673
1.72167448577
-1.47931964902
-0.351181572249
0.397958687128
1.56133398356
1.15731704346
0.263814464314
0.179232473409
0.283121300903
-0.857517331289
-1.22704331369
-1.99689696546
0.224378084294
0.428629084116
1.08125124326
0.822045253214
1.17103825944
0.0641249404694
-0.0511921838287
2.76355094561
-0.355856306282
0.0515606310903
0.71457008192
2.00510577254
1.28043376858
-0.253968584503
1.94522701386
-0.239736283338
-0.0587762634091
-2.14059146804
1.17058921718
-0.3071863296
2.0288576977
-0.277606454746
0.542574339579
-1.55689546061
0.893458524328
-1.85088855782
-0.481904264193
1.53581384615
0.019191699873
0.101497342797
-0.0119379887665
-1.23280720882
-0.183509497
-1.08420933463
-0.524518695907
0.891232020614
-1.60028678636
-0.660686534421
0.993394590968
0.604484550247
0.405584551101
-0.682498826429
0.225755604013
-1.05652598831
-2.43972912682
0.58522127525
0.69586132942
-0.327304075213
-0.534161639079
-1.18965989186
-2.40603531009
0.618175783135
0.753787676657
-1.36422192598
-2.59925655104
-0.357629346569
1.47472303404
-0.447267314434
-0.995504597719
-0.251816810297
-0.682896585633
0.226879732124
-0.938133810376
-0.542669338493
-0.285057611373
-0.735373404967
0.309384328001
-0.0351003336922
-1.64298705156
1.14736052367
0.187941865188
-1.05244100687
-0.347393757129
0.190803486772
-0.33806140867
-2.97167089826
0.801082807115
-0.0593268793305
0.38830739699
0.525917250146
0.136177585717
1.05352092689
-0.421199308002
-1.58238521435
-0.895793616063
0.527723502813
-1.18294918176
0.124019974597
1.36310737411
0.637384250938
-0.430738199587
0.11895912858
0.217208534368
-0.592902363592
0.156855672596
1.26592697442
0.120011952473
1.41134129355
-0.959287612374
-2.24415664113
-1.98985215306
-1.07467891073
-0.0417405325973
-0.324578322222
-0.342482785459
-0.0753324375033
-0.336721772972
0.245762684154
-0.357699566265
1.28272517761
0.152635619271
-1.65599116323
1.78809953739
-0.386153145129
-0.190824480618
-2.1158910205
-1.29984902467
0.469584060796
-0.511497176281
1.03824835156
-0.00254566631887
0.627318699344
-0.899491550397
1.66507304858
0.78263951356
-1.36326173398
-0.486449891936
-0.709151701054
0.743392914803
-0.866388229556
-0.045015101461
0.642553138752
0.542074578373
-0.0575427901155
0.152568650489
0.114382282056
-1.42240359873
0.247332116663
-0.22209070884
0.302820575839
0.398756959902
-1.35712472412
1.3706179138
-0.768130915111
2.5380877626
-0.611288433608
-1.5121180581
0.222119177161
-0.150303599235
-0.0649662312736
0.829062644255
-0.392893394345
0.955170843402
-0.233352011742
0.506383628421
-0.24671334405
0.382106039957
-0.00854748218346
-0.275510462022
0.476576504776
1.94140143931
2.38875430255
1.21029980703
-0.282901889398
0.116067717536
-0.0403974590841
0.14935116982
-1.23814792928
-1.03224723366
0.413180259982
0.27800493598
0.825535509627
-0.447102180333
0.233459576947
-0.593133286278
-0.377818133129
1.90660206175
-1.10619009589
0.337272531073
-0.37543089362
1.21874284739
-1.22300314013
1.67077875859
0.184214895436
-0.770450940839
-1.21534826962
1.34269595609
-2.27318630494
0.484893940881
-0.645807431955
-0.476435178773
-0.420852496905
-1.66689454242
0.52264286012
-0.28575360852
-0.0223974392124
2.15571197243
-1.26077348147
-0.320622489928
-0.714129179405
1.15455744331
0.841930042492
-2.23256701013
1.14242856957
0.337690225308
-0.525800273271
-0.434890697085
0.437219817042
-1.41518416434
-0.625361607431
-0.83978722448
-0.310013528875
-0.368907829924
-0.619081387755
-1.66483831126
-0.619207765223
1.28720456036
0.221408003355
-0.559502622328
-1.45710685593
0.274828113398
-0.865142069748
0.0183727051112
0.553681128546
-1.64951843503
0.194842921237
-0.109300954642
0.718512964409
0.974276647411
0.8209205405
1.80989254821
-0.495574668897
0.858772039948
0.2948598412
1.63828641563
0.679445469483
-0.967918514126
-0.870309992172
-0.199674006113
-1.20101468549
0.629605566867
-0.745603594311
-0.220082209491
-0.140260691484
0.492719793424
-1.54359385723
1.03058395195
-0.247035987344
1.13464486861
0.110066876623
1.00016965327
-0.710302368756
2.15579589806
-0.49909412483
-1.0035856008
1.19409961915
0.0755781339072
-0.973931213256
1.00415486552
0.950135841166
0.00753822960623
-1.07928705233
1.38357693735
0.0389809484466
-1.85066747917
-0.332155445855
-0.0146133939116
-0.458158954741
0.235300972368
0.038549574623
0.24515475775
-1.08118279404
-0.194938705005
1.08851445212
0.138243374837
-0.115812696656
-0.193262594846
-1.19772055234
0.214933077284
-0.522004308558
-0.410902437916
1.07985961995
-0.113647928997
-2.0526974601
-1.22508417423
2.20428472042
-0.459422291055
1.1694276077
-2.66361143455
-0.0958743042141
-0.862594847034
-0.0171092380077
1.64101797608
-0.215328145372
0.353102898372
-1.02454108911
0.805575447451
1.8678105139
-1.67658747371
2.19352054595
-0.560121819629
0.472562066934
0.421607680337
-0.636141361167
0.451734326487
-1.50355337148
-0.969492300857
0.0238791663024
-0.97505896263
-0.959555685606
1.12168958323
0.938503738773
-0.055162823251
1.09706965139
-0.320022725696
-0.865615917538
Score: 13