3
44
10
3
-1.07985093905
-0.497624023487
-1.43506402911
-0.667707915855
-0.094675107453
-0.737589840329
0.720307423506
-0.127269728959
-0.96762345701
0.0301830492538
0.820039468691
0.290334014014
0.264926627354
-0.147920643601
-0.0678886782223
-1.13290684615
-0.593623350255
0.280081534861
-0.82160339573
-0.0358757322085
-1.37769478017
0.0717601518193
-0.126794167869
0.619092817414
-0.183845652242
-1.88131540918
0.702265932817
-1.10927237408
1.37681348556
0.813415903395
1.23728231059
-2.51623447679
-0.901143769764
-0.685832480015
-0.215175908293
-1.45824641545
2.0501209411
-0.803482026626
-0.248046802997
1.71144417016
1.64563633613
-1.28590934677
-0.934198012786
0.469896538568
-0.256964681816
1.15857767729
-0.974579147703
-2.16003126983
0.335379680652
1.22795407813
1.26555343878
0.620532776135
-0.260396433853
1.34564956392
1.6679490012
-1.06341951301
-2.98931987033
-2.29963702481
-0.0474727488263
-0.262286604591
-0.171632117105
-0.616934421918
-1.13273455195
-1.26872711577
-1.19806628211
-0.364476910499
-1.5193702443
0.0255096892766
0.299241695388
-0.511514731117
-1.38444040727
1.28163277671
1.46346065394
-0.603164411613
-0.609140158559
0.341784501919
-0.493343748097
-0.605008427057
0.0685890619068
-0.209332182883
1.67248577354
-0.293284222331
-0.497657731124
0.390244473893
-1.12878080907
-0.744775202575
-0.382631363445
0.136739323349
-0.138738299098
-0.741510690673
0.694250599563
-0.481339205561
0.966778634237
0.506170950916
0.73071614379
-0.552269869004
0.934074960223
0.167264814824
-2.18324947562
-1.09419626026
0.955118543209
-0.366770452324
-1.69819641475
-1.47613542799
1.43134904728
-0.0772227844447
1.66095847379
0.47909888011
1.32007595848
-1.21001460324
0.0976452637175
0.151012326959
1.39473059403
-0.0488415227006
0.346192089747
-0.473664921393
1.26623087077
-0.629807785066
1.7191327817
-0.880042610013
-0.74738138953
-0.547423136317
-0.310884346443
0.342440822555
0.726315415112
-0.505934102608
1.86885468372
0.394855899045
-1.34435449078
0.547490303008
0.0510039365591
-0.271041677012
0.186485444306
-0.416255250826
-0.087928252382
-0.456319865179
-1.17357423636
0.615735613915
1.04990079555
1.35215737028
-0.894013396073
0.919083351934
-1.49936575384
0.796668205469
-0.482535310833
-1.20906421667
0.490208230191
0.922484900918
-0.152567502939
0.44960930893
-1.45650404572
0.723115477636
-1.93692096598
0.799065862106
-0.398983836437
1.58101655485
-1.25082594219
-0.253166542517
0.285973052984
1.66594938864
1.30079509459
0.361336489471
0.20656214592
0.44973715742
-0.814027052469
-1.25402873791
-2.38263959403
0.292494524323
0.666339130283
1.18921638487
0.945001174787
0.956486031355
-0.0947191374856
0.0560538266684
2.6441700297
-0.432814473676
0.264305256307
0.624528538851
2.14178191069
1.65463756879
-0.0331774472297
2.13845877747
0.0540952554615
-0.00987566224925
-2.07556401883
1.45332699988
-0.465912105944
2.2199249209
-0.472338182039
0.388933149158
-1.7070481331
0.996964920275
-1.74364130027
-0.491531655559
1.38241047826
0.0214064919777
0.280830669232
-0.217366917897
-0.917000358808
-0.597765142324
-1.11081597424
-0.772639918974
0.9900173022
-1.55205184545
-0.864602913418
0.900312385639
0.542497355125
0.679831407514
-0.855524948181
0.37578555234
-0.912933184057
-2.01220458199
0.404712626748
0.519795278701
-0.523640493161
-0.579619048143
-1.18393755716
-2.28105221992
0.465536166672
0.643104464428
-1.16609589511
-2.54762153085
-0.204790579408
1.40559347044
-0.489092052337
-1.44706965647
-0.286899086025
-0.771511581761
0.161338656171
-1.08243843213
-0.664828098365
-0.437884570717
-0.660759882162
0.540374480549
0.149282504133
-1.65810195186
1.25634525877
0.251866185131
-0.746639759741
-0.626824344752
0.284420173558
-0.685189429504
-2.81426884853
0.879285327298
-0.389729317471
0.193820660723
0.613368461182
0.248189543556
0.773437635141
-0.267121425214
-1.53669217289
-0.791415573955
0.699441612175
-0.972348397188
0.161873582361
1.25947698162
0.773432734564
-0.271586818675
0.274140427927
0.37096709819
-0.526256670329
0.0301653945107
1.2012632089
0.0457353390247
1.08967101268
-1.19313636305
-2.11756675549
-1.84580401711
-1.53756696321
-0.139657759233
-0.2654033454
-0.175349096097
-0.0901280222569
-0.548328558541
0.154661107948
-0.571675773938
1.38358942661
0.174721345137
-1.5883761623
1.60964814969
-0.291233763404
-0.241360551095
-2.03985434438
-0.847229289073
0.399905269363
-0.214211754445
0.950690291507
-0.00786382586198
0.558276653877
-0.940668008327
1.47813381525
0.835250345038
-1.05001091926
-0.346852208914
-0.893078085525
0.5686650361
-0.83132341087
-0.076537609264
0.588497017134
0.625121828356
-0.16076442123
-0.0119488729937
0.213311063027
-1.38556547934
0.276795066909
-0.43809545072
0.133712049688
0.155728247561
-1.41584899471
1.25281822768
-0.80695519923
2.54146973551
-0.629569229951
-1.83393650878
0.386259942147
-0.281533298746
0.201588093456
0.660965334739
-0.328625876142
1.12477473905
-0.278658661996
0.169411548619
-0.295001242096
0.522343915372
-0.347253293596
-0.520587077882
0.499708752746
1.88145208992
2.13856045284
1.13803772812
-0.285483051091
0.176981168356
0.0606126845219
0.204995566463
-1.16616888112
-0.923662877238
0.436775313074
0.332707308844
0.801982636808
-0.61139144439
0.0884712154295
-0.313724948397
-0.259742224876
1.75509446289
-1.1039150659
0.201835179081
-0.230522015894
1.22957823386
-1.19531850347
1.62543262953
0.191227681811
-0.73329782106
-1.39945693636
1.29762550728
-2.03257413547
0.253323634266
-0.453961461807
-0.136875755455
-0.202207246887
-1.68823161537
0.661068628233
-0.355207681761
-0.400424266634
1.91784943195
-1.67151546637
-0.444432679355
-0.34676848094
0.915207830141
0.874598021653
-2.28150457358
1.03426762387
0.0805002878122
-0.341611365633
-0.592111924084
0.61928942705
-1.6549801079
-0.759037332649
-0.958916945484
-0.394313518032
-0.252622248397
-0.490807933403
-1.71070176116
-0.431827956087
1.17702229155
0.410264335476
-0.383662888515
-1.36260907599
0.423353273549
-0.537894904577
0.242964399942
0.645760320476
-1.85047414079
-0.096305255006
-0.232782514444
0.726197016127
1.28818542371
1.0179924925
1.83585939319
-0.562943191524
0.728247907857
0.212309138391
1.75470205234
1.14937185238
-0.557380400272
-0.829535964493
-0.49033457639
-1.10824108295
0.714800074246
-0.55202896475
-0.17775271126
0.0572492440459
0.2858722193
-1.47619314134
0.955027867509
0.0673696721575
1.07861184133
0.20318958963
0.9790890117
-0.729548776209
2.12228302492
-0.716056579979
-1.21927031239
1.24880247352
0.424527105245
-0.880810311483
1.00366630042
0.9552347284
0.110528895271
-0.705729892664
1.3673434718
-0.0501810102015
-1.44332636093
-0.420281262949
-0.116851508816
-0.598085253069
0.387035085071
0.0615546341538
0.0426441458993
-1.21282714431
-0.315417409059
1.1912991748
0.247787912276
-0.0465654440211
0.0585509683319
-1.20567518555
0.133005667627
-0.665554526852
-0.706907739894
1.04614330699
-0.205224115228
-2.07008542375
-1.15908631705
2.03739744665
-0.568762108
1.17238858564
-2.76684271648
0.0734380791824
-0.700964796663
0.305469687413
1.5109355899
0.0395488016843
0.324138460043
-0.923530911676
0.720826358038
1.60686748106
-1.48925528449
1.9899633219
-0.572167387197
0.320168795791
0.442008281836
-0.79525483322
0.575535930577
-1.3096386243
-1.07519805359
0.109245317639
-1.17900941618
-1.03213238191
0.985515910124
0.854408572278
-0.0345606915956
1.05503555567
-0.234581250015
-0.802694044362
Score: 1