3
44
10
3
0.143128262873
1.57940854993
-0.556454372631
-1.03927056867
-0.384500825233
-1.66190001929
0.0519049885488
0.687904893026
1.50220025868
1.41839050025
-0.743735102331
0.74482899521
-0.172403331744
-0.832566784544
-1.89784375921
0.155216761836
-0.362119089472
-0.107865698801
-1.21397425916
0.726761278447
-0.288809340133
0.917401157198
0.739412011354
-1.03127006371
0.387350739597
-0.0689203694517
0.485835663432
1.29164768812
0.879089200011
1.01734667616
-1.54477687867
0.426819025245
-0.584337839761
-1.91255430854
1.20765927467
-0.225138374852
0.162436156818
0.663231951533
-1.35583733216
-2.37294907583
-0.969173822968
-1.42811404595
0.21704321617
-0.0553131883148
-1.38809324488
0.454371441299
-0.816104006326
-0.732622579844
2.58100438988
-0.807883784813
0.662335104089
0.275615800109
0.413508132402
0.609349987671
-0.641103925776
0.0190715366743
1.08572909795
0.182949337602
1.58029500717
0.346675004126
1.01873265308
-0.965764577967
0.707060789664
-1.08354743662
1.11916181832
0.470272775912
-0.105819605189
-0.735876118879
0.157054636808
-0.321207678695
1.16508831486
-1.66018406216
-1.36550408701
-1.23848936724
-0.341730686679
2.15511932354
-0.626081708848
0.123825992624
0.344116908373
-0.297146224368
-0.534039661382
-0.370548778465
0.774858817733
-0.111080148079
0.292112222181
0.40587609574
-0.797424999349
0.707231557556
-1.12787582499
-1.77745564347
0.0631434397834
-0.659822600466
-0.0226866372823
1.85712572932
0.304207714787
-0.763588795178
0.475269646521
1.72663957586
-0.42198363571
-0.256341230631
-0.500142770948
1.51000917296
-0.220048532972
-1.37239011082
-0.86062553701
-0.0883440321232
-0.161263402358
-0.123296594062
0.816685508229
1.19935864695
-1.41202632219
-2.83675430608
0.486676968075
-1.05790986226
1.65399925853
0.919076141376
-1.61393614001
-0.917447123632
0.956180996801
-0.069359167578
0.410799326623
-0.919980476282
-1.40578945005
1.1646468607
0.347417053487
-0.293540908636
0.560508738987
-0.684642609804
-0.86173577062
1.30876059592
1.56125377377
-1.26762874039
2.09411131504
-0.787845282402
-0.403880028072
1.38835258238
1.42100021382
-0.514593785989
-1.56067113016
1.28538194898
-0.806832177005
-0.257305802918
0.803381391162
-0.170196667514
-1.51449091092
-0.99501775432
0.772757876582
-1.80233852572
0.558980111544
1.66324521056
0.74085378632
-0.360400363063
-0.95850588322
2.87848114969
-0.249409888751
0.857395523348
-1.66762490266
-2.35620583098
-1.38288019503
0.230853299315
0.839347206252
0.704996654474
-1.12388488068
-0.173252926014
0.517884664316
0.374446865062
0.729764617018
-0.905589927486
-0.411181842862
-2.1978051147
-1.97264282939
-0.995498165392
-0.283643151431
-0.039666399385
-1.1177019599
0.0806581582799
-1.21036010059
0.152832508775
1.85343378497
-2.76227909604
-0.5544293925
0.00567157360674
-0.241871037703
0.778411461084
-0.0536421202117
1.42761532262
-0.317453006255
0.58583205582
1.36877202439
-0.770359285602
0.680684587219
0.066711397973
1.1968377948
-0.921947348015
-0.299897024013
1.43962965878
1.3327200619
-0.54282251446
-2.16065550431
1.18774974255
-0.995336037737
-0.150581282583
-0.0861572489207
-0.802951687842
0.22300737267
-0.653088510376
0.587157273533
1.24407412976
0.0089010314895
0.5367059824
0.496673311699
-0.474654699374
0.23558877837
-0.858561734163
-1.36905318152
1.67143941925
-0.727868756663
0.759815353564
0.322508333245
-1.18800676565
-0.00599323134763
0.916533868399
0.454101992308
0.651325575008
0.641119135423
0.326945539309
-0.432896307222
-1.04201608951
0.0965217474509
0.425173844416
-0.780168446107
-0.38029653792
-0.29381650015
2.10444016464
1.44854669307
-1.01084758405
-0.885483507705
0.341834455006
0.0906498546021
-0.448993698761
1.48261255576
-3.18337377982
0.71836826218
1.37304678963
-1.78046532322
0.506466702665
-1.14408276393
-0.221206235864
-1.80086264547
-1.10644874546
0.156519877118
-0.453063848476
0.641621047951
-0.0853697442163
0.515947790547
1.14615520686
0.489217590263
-0.523103451974
-0.864595483752
-2.26427797976
1.37871124589
-0.34775046296
0.5025800946
2.37470404021
1.26950532251
0.255582674865
-0.456258638049
0.260763656424
0.115385980601
-1.4854328386
-0.0384806592458
1.01411980514
-0.798004269378
0.049156975875
-0.932440728881
0.973535113304
0.340002356512
-0.611863111644
0.882539114753
0.296016866287
1.19809548027
0.601508644133
0.235077384329
1.42935350524
1.12421553764
0.201146320551
0.236047841055
-0.0342866768367
-2.0169313702
0.313198275211
0.975403259623
2.19823249458
0.66253617043
-1.30507362337
-2.28049943947
-0.517250755574
-0.732419692606
-0.221226389622
-0.550810713308
1.00570768191
-2.14441599005
1.06201194323
0.679225099633
0.751718727508
0.205372477611
0.452417078359
-0.281555039574
-1.2039123613
0.279527521629
0.997257568577
1.47750513447
1.07503988966
1.27860152773
-0.262577515325
0.0622090189324
-1.02922013226
-0.0161151256848
-0.416290518401
0.784732915013
1.17760741338
0.614407594882
-0.351065138839
-0.228980150261
-1.29786446922
1.03942109562
0.655313149299
0.51254673865
-0.176493533216
1.23747292771
0.900088656844
1.38243331266
0.193091118146
-1.29334560762
-1.57102756166
-1.26733693757
-0.0704394891575
-1.13188018294
-0.521701114731
0.894782411827
-0.834847624654
-0.0115213086658
1.20948891848
-0.867167466939
-0.857480050875
-0.585033444456
0.227940996477
-0.767983783726
0.0347409412705
-0.183896149776
0.185867108558
0.598697985307
-0.627011972142
0.606158638541
-0.460318003661
-0.111129402436
-1.48417448044
0.00273462134035
0.680793304814
-0.491105981283
0.587422469501
1.02791258737
-0.15002120381
-1.69992312111
-1.55126989227
-0.242462122001
2.18617318143
0.137353375971
0.650016966896
-0.641487959839
-0.669651876956
0.85222527721
0.5092972797
-0.0634593550921
0.123115947865
2.52448014549
0.00110244425598
0.142502983561
1.90250570875
2.69247905255
2.78887000447
-1.18723997607
-0.0284296024198
-1.97934472251
0.560718528868
0.198116374121
-0.621971135311
-0.132313651561
-1.18001371656
0.0376887331631
-0.307240579948
-0.320441949482
-0.702700645211
-1.2951654902
1.970933011
0.357449794901
0.623272146667
0.630656032977
1.42963805037
-0.027629368934
0.30667926348
-0.118052724978
0.925883571094
0.334969041391
-0.117532966226
-0.493897546736
-1.00943436843
-0.130172567515
0.556970612766
-0.0910187687403
1.47928077352
-1.51448213983
1.56197443082
-0.857425715053
1.3467319222
0.44401630238
-0.466070763564
1.29521899314
0.644736303624
1.21696521255
-1.83262275418
0.953863477995
-1.0085089962
1.1043829729
-0.58259795783
-0.275009402918
-1.64088179975
-0.655290394641
0.710897971905
0.0321071369402
-0.0816233419544
-1.19652338424
0.519403795559
-0.73763292481
-1.0864216364
-0.209842081129
-0.146301598275
-0.544268112476
0.254416919523
-0.35257583369
0.220072843434
-0.222565490215
2.13173828709
-1.04580362572
0.258826001512
-0.100063274171
0.267609213798
0.199886577438
-1.23342748613
-0.0964585624914
-1.6544339616
-1.0291822211
-2.68008960169
-0.688544450935
-0.608049617587
0.974583977141
0.237450599505
-0.0438621160895
0.581711143503
0.335469043636
0.761309430148
1.55934431981
-0.238567827862
-1.49392706552
-0.329362102719
0.10783908015
-0.126885480934
0.0513920083716
0.316576226562
-0.465185482011
-0.935224747683
-0.317337761067
0.775767620319
-1.22082255759
1.23771558221
2.59475371132
2.01596361053
-0.086143840416
-0.630473078422
-0.315383332395
-0.942649330385
0.272901428303
-0.108119787982
-1.6009273364
Score: 21