3
44
10
3
-0.263530320075
-0.71330680404
-1.18960151971
-0.985778773845
-0.0724256553088
-0.690540636403
0.881442137803
-0.0205778468279
-0.900981673435
-0.127318563512
0.789771383266
0.563435481247
0.409440319318
-0.37533993193
0.0193268875996
-0.840799945082
-0.283373184289
0.0787946987594
-0.674828371788
-0.148582024719
-1.42778837254
-0.184044370349
-0.167755691034
0.796880330335
-0.0549527495318
-1.88336630724
0.576801482174
-1.14518909188
1.4239790698
0.721703900086
1.62513553593
-2.60786461695
-0.965698134868
-0.594072474938
-0.187359096208
-1.36465043157
2.22689513169
-0.582459151883
-0.337041453255
1.59781813469
1.43188066039
-1.65848419139
-0.835234556097
0.735624011731
-0.0645453532141
1.29699219412
-0.930074307449
-2.21488522349
0.0524099670057
1.08419303649
1.23681221906
0.577163022031
-0.111345541381
1.19342221438
1.93479048377
-1.02204103515
-2.97920162295
-2.48683062502
-0.562284826465
-0.26923702644
0.128517371308
-0.657934977225
-1.07707519891
-1.15731502401
-0.942040595856
-0.580043366805
-1.6055738367
-0.109589762627
0.144368101716
-0.545648611477
-1.44383381831
1.52362938609
1.58637324062
-0.35707333277
-0.397291865949
0.0678465086539
-0.743916496071
-0.443582244881
0.172203556047
-0.389605370504
1.59386032716
-0.405341632412
-0.631968550676
0.194930134681
-1.21957468297
-0.750476448209
-0.740613635931
-0.0684675091801
-0.202187194345
-0.785365921975
0.825496893864
-0.30960404164
0.917050093389
0.521042358462
0.591723725405
-0.85506330557
0.954425496094
-0.0721989197935
-2.05274037505
-0.738858478772
1.0859042404
-0.656515983011
-1.94969122047
-1.36993841518
1.5037005543
-0.201816607901
1.83668569301
0.258537008841
1.37585314329
-1.05098744793
0.0600433274251
0.256284279607
1.21527364763
-0.297260205717
0.217834510802
-0.425778889527
0.967287658408
-0.799983867687
1.48032765864
-1.1430706537
-0.764330338846
-0.31127442938
-0.262670618872
0.467387862863
1.12550992929
-0.347970303817
2.19605827181
0.693796069771
-1.27392764384
0.627647380461
-0.0537149557966
-0.689112536897
0.233260783007
-0.0586419216794
-0.422661405168
-0.564509043865
-1.38432244972
0.373337113852
0.622125449195
1.21400249373
-0.755096938717
0.904510919649
-1.47832021716
0.633034975078
-0.165091539146
-0.977897465519
0.275767681433
0.840941338097
-0.0626338770683
0.382797118151
-1.51167661762
0.680254021755
-1.90217022879
0.850558310696
-0.287175008225
1.54829407262
-1.25982718998
-0.203911736373
0.435732587432
1.64355888139
1.11115636077
0.0867184447637
0.201811751218
0.088945993833
-0.788548734316
-1.11237256546
-2.24886283673
0.256754350905
0.500983327243
1.2162607911
0.959637849697
1.05742661456
-0.0414859170843
-0.312402990715
2.74975607178
-0.309725475204
0.194688027345
0.7000391463
1.7884263862
1.38154261033
-0.107417323008
2.05112559229
-0.33958496943
0.0106592360328
-1.95623349978
1.30846788009
-0.382994458389
2.15066041394
-0.372809736858
0.542548981518
-1.35800091753
1.01557721903
-1.60660761353
-0.378650688212
1.53408074949
0.0526738558634
-0.0743792837052
-0.126143119407
-1.08510464581
-0.609757541114
-1.06819968398
-0.677763940047
0.901870035666
-1.49037728902
-1.00515642366
0.979993066102
0.775246422469
0.644648564149
-0.943523920473
0.416855911778
-0.754484086909
-2.14801879047
0.329178809773
0.728085153869
-0.249233599263
-0.391345599963
-1.32103755021
-2.43340243002
0.394926321491
0.666592471945
-1.46762780343
-2.54812857626
-0.429771560207
1.59508636495
-0.491632452946
-1.07152869706
-0.194148096922
-0.89902667853
0.351431673733
-0.977375608355
-0.878989316094
-0.243480517878
-0.658353104403
0.760640007237
0.103866337069
-2.02480453439
1.01900958538
-0.00397436758555
-0.806965962629
-0.382279794912
0.503562695958
-0.547325575401
-2.8208946994
0.837450019659
-0.188996115052
0.451171507399
0.497166436451
0.368413379565
0.813191199675
-0.0895248444343
-1.31920714471
-0.565649764624
0.655128400375
-1.22131455867
0.106611119156
1.56598440507
0.693210203621
0.0504696870881
0.0347569208928
0.297926878573
-0.554891942599
0.195386129056
1.1371050362
-0.0931802608267
1.1689120501
-0.8996348306
-2.29278362636
-1.77094596366
-1.31254295676
-0.0284905084064
-0.387253940771
-0.131562036595
-0.109205807775
-0.637661941317
0.380507178731
-0.251797066658
1.1076734464
0.14667476423
-1.61556173234
1.71544210453
-0.338143209166
-0.0983895908316
-2.15516502686
-1.00953791907
0.711704878598
-0.498066995418
0.975487082029
-0.0314742898567
0.664881995034
-0.722210436258
1.41863765103
1.07111974998
-1.37666254534
-0.723698902626
-0.864279909451
0.426484377236
-1.05842202629
-0.291515152902
0.463467390124
0.666507062601
-0.411090647192
0.0273669822677
-0.0804377107852
-1.33347060435
0.0873806819757
-0.29125185087
0.0969304563276
0.360130696399
-1.1862782386
1.31002196642
-0.973693089797
2.86480792909
-0.656417060826
-1.60804868505
0.410990632446
-0.0537061199908
-0.0961272126713
0.937575254112
-0.345823098698
0.632484171647
-0.149194745066
0.444287946107
-0.0552748364805
0.578306107032
-0.449869562055
-0.526306308093
0.561024543253
1.94350564672
2.13609012737
1.24996349871
-0.445868803416
0.229744080018
-0.0462368157114
0.248373403943
-1.13812911616
-1.0038629975
0.40021072403
0.119156723661
0.834626224413
-0.403126348931
0.286694297969
-0.538298662179
-0.173572126504
1.99934822546
-1.15366070081
0.0326897198414
-0.252587185921
0.8990613934
-1.43134612102
1.35099670026
0.384823872668
-0.84672518991
-1.45976177846
1.29385909907
-2.14877218606
0.442090507335
-0.570819242799
-0.250457621844
-0.264169917031
-1.57983337345
0.546620292955
-0.121413246962
-0.147842033803
2.0883744014
-1.40449293399
-0.271942465982
-0.37468019194
0.788708053095
1.00677052601
-2.27732220227
1.14215834447
0.0061535131312
-0.322941887171
-0.349107211029
0.548847260766
-1.4478705637
-0.465369665602
-0.760210270754
-0.121880640944
-0.355470271644
-0.585044922194
-1.79623602116
-0.666478572426
1.44576614026
0.581841544498
-0.694390726481
-1.17639171246
0.433158168761
-0.721243783007
0.330785920971
0.745198190018
-1.66205253462
0.112421779103
-0.508192859644
0.721561100399
1.23331061183
0.768167517957
1.86919800644
-0.537950568726
0.998111563558
0.0245585679471
1.79583666406
0.964330508763
-1.07623063337
-0.873004554458
-0.292819887574
-1.14780821265
0.771819439349
-0.742547808338
-0.295827964061
-0.215901896805
0.586347916617
-1.76967219264
1.02969393714
0.0698991795131
1.16688685042
-0.171519287625
1.06558699949
-0.674169433815
2.20857024424
-0.371839045877
-1.23420039132
1.236387633
0.394652655536
-0.81855049901
1.12463346413
0.863785444748
-0.0986366689566
-0.878412852742
1.10961292615
0.0256404997985
-1.65386588431
-0.309017842169
0.00878978057361
-0.760619542919
-0.0801876845667
-0.204875283906
0.0966243886204
-1.09033650703
-0.239329170572
1.16175298935
0.00135714784629
-0.142445800162
-0.22067942646
-1.13989697206
0.167019666276
-0.398975579441
-0.544890697293
1.16815600064
-0.0450836712474
-2.0089146238
-1.31774877757
2.26929471
-0.660298822972
0.919852647699
-2.66508606163
0.131491456888
-1.01535028571
-0.116446201896
1.51088368525
-0.204063052954
0.457415880407
-0.979193358779
0.876278595674
1.77710110648
-1.64678554787
1.97080598077
-0.653500174998
0.471377298338
0.54843884497
-0.820782498149
0.563497974146
-1.4089728868
-0.886116808163
-0.0190084825102
-1.10889496567
-0.884507060527
1.29056293326
0.909243518892
-0.0678358342464
0.954074118062
-0.699902134218
-0.766025859951
Score: 10