3
44
10
3
-0.726742617635
-0.686637222472
-1.33008910509
-0.939842661013
-0.0840413741238
-0.627284310224
0.891807450519
0.0504350828783
-0.866329494919
-0.228528917127
1.08534073135
0.418492996722
0.240722113159
-0.373326900826
0.028440778006
-0.983442953184
-0.677708338146
0.573502283053
-0.723246476443
0.213844619909
-1.15873879764
0.0659803803096
-0.336196892967
0.52125959941
-0.0969842749354
-1.85163611108
0.51744537038
-0.85420273084
1.31187230237
0.775730223791
1.26093241506
-2.56821742487
-0.855430040913
-0.865042918289
-0.0718151611468
-1.48534977866
2.09149300723
-0.638925509511
-0.0580892530092
1.59187943614
1.55079729995
-1.27147595759
-0.747216227778
0.713067682581
-0.13618583763
1.09735853289
-0.676679738077
-2.16642049443
0.260975417771
1.09094684796
1.21065199161
0.564539635964
-0.0861756352904
1.2650021956
1.66582895938
-0.891267283696
-2.92333510318
-2.49726563575
-0.332173567153
-0.313100189276
-0.288669141217
-0.495176737238
-0.966245704761
-0.952225234071
-1.08877771984
-0.402363555664
-1.66321049852
0.108435792808
0.450333710994
-0.685368752971
-1.51769693159
1.35842091688
1.61672611635
-0.440393090914
-0.382057346223
0.229466163753
-0.757842802662
-0.711753941821
0.100860549533
-0.484093585385
1.86818305044
-0.283049632901
-0.401344039795
0.132846060535
-1.03015306952
-0.747399847541
-0.529234822515
0.0205301963673
-0.302828831881
-0.92561132885
0.740194580865
-0.569861395277
0.889211198207
0.427902635208
0.680450471454
-0.545224013072
0.854797702222
-0.107788859144
-2.34221938298
-0.977931375069
0.946275487378
-0.386512671227
-1.85693807856
-1.56118730853
1.48314390303
-0.0459756963285
1.79058983481
0.330062523824
1.45266206213
-1.29857979747
0.160967956311
0.203731689608
1.33746209812
-0.261862701831
0.140601736326
-0.456534834763
1.12724424513
-0.678749844051
1.37753681731
-1.04207634968
-0.726933888053
-0.221009222411
-0.322888069003
0.273547393542
1.00850498814
-0.578061968758
2.03035430313
0.390976505926
-1.21319353724
0.589126160569
-0.0992408779476
-0.387594763785
0.443411098121
-0.425445632374
-0.0377693616002
-0.536788411474
-1.16964659409
0.610253264868
0.914274572826
1.36961134466
-0.976872854194
0.856012002706
-1.62129870357
0.565568743363
-0.361182201744
-1.2749677182
0.461091993823
0.863847148292
-0.165814206589
0.365013991562
-1.5318585791
0.595749984054
-1.85578412554
0.891022660859
-0.423873534568
1.58869631194
-1.32946668342
-0.485936775998
0.246656437231
1.73931709889
1.20280494483
0.262541690985
0.109906588869
0.266216004056
-0.723021098743
-1.32964366438
-2.20738110859
0.379813179115
0.43637082152
1.18939976734
0.731133045984
0.950997392665
-0.111690844958
-0.0202056752374
2.70630520214
-0.361692212162
0.259466067851
0.846443485094
2.15460517646
1.60597698479
0.0917695206626
2.09715714209
-0.030838122843
-0.0730771960022
-2.02003872568
1.31834188631
-0.298136885871
1.88592927184
-0.25429851909
0.511986487099
-1.46129241716
0.829612871378
-1.88333069686
-0.408228142185
1.37035643465
-0.411763387027
0.279632875002
0.0994626479194
-1.16035045083
-0.510879766917
-1.00756563082
-0.776224906908
0.824863313825
-1.69374659201
-0.81411556408
1.13883663635
0.723646632569
0.447294663838
-0.930605892261
0.461486321991
-1.03898751303
-2.11751852002
0.303819320947
0.611196656685
-0.22341176391
-0.411523393705
-1.22059909309
-2.19630970608
0.470951183277
0.557916363194
-1.13848198303
-2.50872701806
-0.38237248264
1.51380770184
-0.405654424229
-1.43003311923
-0.445288219077
-0.76159747663
0.0313539745564
-1.07615947859
-0.618588373618
-0.168345172677
-0.708084505983
0.575337540483
0.324689769248
-1.58142150381
1.64794739303
0.298576699467
-0.646583874208
-0.447685640613
0.476888615041
-0.494090904583
-2.74362298201
0.716016154244
-0.198042420552
0.082000192217
0.435988361949
0.298486774612
0.850830153176
-0.326281488701
-1.37970987296
-1.013549362
0.582975451128
-1.08584266255
-0.184896358474
1.28375896179
0.673676939778
-0.290025320521
0.188214363221
0.219004748175
-0.701352691807
0.0968755017605
1.20780495889
-0.232675680428
1.1579831261
-1.28798868799
-2.26542319998
-1.91899629692
-1.36143264083
-0.310168285888
-0.556513214924
-0.113153122775
-0.18800238774
-0.504411099571
0.373607071221
-0.494409723273
1.44603197403
-0.21886575697
-1.70555108323
1.63285683252
-0.113904866455
-0.290165066901
-1.92720666025
-1.11593555085
0.324082404201
-0.255728100808
0.942521649027
-0.183787391691
0.623606327152
-0.902941324858
1.51297615444
0.994061978861
-1.18379507442
-0.618104131126
-1.14838822037
0.759995043129
-1.00130654915
-0.225034167724
0.771811717906
0.420689670669
-0.256359184625
-0.0409807142049
0.226935604169
-1.18751437004
0.185717712557
-0.011333670178
0.109505511625
0.515468914811
-1.37851088275
1.20550261601
-0.834080989337
2.57027331897
-0.708055450692
-1.79563885842
0.200108246897
-0.174282903578
-0.104497877072
0.588414902563
-0.24403873082
0.76792234342
-0.308271586808
0.415144065526
-0.363290419765
0.373569915862
-0.349810118538
-0.44049186845
0.479943856482
1.84748792296
2.02735396551
1.2066224402
-0.537839762461
0.11915349123
0.130041974093
0.158463662428
-1.17763131988
-0.862379224388
0.632592271716
0.264506180112
0.773720942888
-0.463872382699
0.103914704657
-0.370186220335
-0.326938985659
1.87093226164
-1.01616424651
0.385909044374
-0.247003736754
1.04155094361
-1.1256998572
1.58900439439
0.33260386983
-0.880163238369
-1.42994562824
1.22789077323
-1.96242217825
0.251414803614
-0.52837019579
-0.54916812005
-0.614387193385
-1.62939839427
0.483166647832
-0.306995951938
-0.209251859056
2.00632477199
-1.48378408663
-0.226343671575
-0.48915283636
1.13371521627
0.681068512105
-2.35743920494
1.04481587571
0.0420300952964
-0.308660557872
-0.31078031177
0.579980911483
-1.68317668524
-0.820962175126
-0.717587585497
-0.179605783707
-0.361224267985
-0.741643647345
-1.81641116512
-0.494447432272
0.885747144502
0.281731004387
-0.396706991797
-1.15973545208
0.584425958564
-0.459844910726
0.252877321498
0.662536227291
-1.5875764038
-0.0440054638872
-0.167091874561
0.58362578898
1.36051279893
1.01175215478
1.69184541418
-0.702822956528
0.90472661896
0.444549660542
1.65118826759
1.00555660629
-0.795981507094
-0.699213824789
-0.326894556296
-1.09592015783
0.719518485721
-0.602036977088
-0.192849813023
-0.0761974752433
0.514337856375
-1.52632242267
0.981777604909
-0.190391641851
1.13326815484
-0.0769470898736
0.886011947982
-0.84645962153
2.18005597825
-0.520118646213
-1.1637149748
1.01684296971
0.481922140394
-0.823151222349
1.05954186311
0.778152792652
0.163261952063
-0.834566050435
1.21814578794
-0.102400677991
-1.46947512098
-0.230979720556
-0.178468165018
-0.746941557371
0.229770801799
0.127534104386
0.0826954184857
-0.927119392206
-0.380232836144
1.04810568483
-0.0483381040259
-0.0909960183744
-0.0668301767425
-1.36106657641
0.231960143615
-0.624102342373
-0.600172913275
1.0286192257
-0.253145473541
-2.06247419182
-1.2639664103
2.0932251675
-0.760635801079
1.09685203725
-2.67167315926
-0.018869939559
-0.801868277466
-0.114116877591
1.456897291
-0.159356621743
0.380437574955
-0.753873221229
0.794401997149
1.72635776852
-1.49278642881
2.03093153169
-0.623730665028
0.492275088294
0.427396825543
-0.948303862063
0.679657125495
-1.47687268106
-1.039905948
-0.192042867622
-1.0448862198
-0.892992281525
1.1633004801
1.05893629425
-0.0485822528991
0.932827554131
-0.119971620619
-0.855056668445
Score: 13