3
44
10
3
-1.00708935837
-0.617598965235
-1.34947010182
-0.770338804302
-0.0772063677846
-0.616658055386
0.617930286951
-0.0119291103017
-1.22003899404
0.109978672116
0.990797999691
0.326618762023
0.464555325471
-0.000731031509051
0.0149418702143
-1.09045578197
-0.449572614777
0.265752116383
-0.596982177392
0.0958888586372
-1.24520725482
-0.0508837099207
-0.354531324688
0.797687449072
-0.269469103345
-1.77145705275
0.588504017178
-0.911519516678
1.30559337453
0.739944446123
1.18503563762
-2.4542831294
-0.822098155573
-0.706522123943
-0.130145792734
-1.51118240348
2.1840293565
-0.856309492239
-0.214680562305
1.6178097288
1.58134053472
-1.29391279308
-0.788618510948
0.391548466967
-0.293472383675
1.124790429
-0.970149785468
-2.21650570422
0.354026270636
1.13174848591
1.17112346527
0.619649850789
-0.111308044294
1.39196237379
1.51378540191
-0.882750289059
-2.99310165716
-2.11914491204
-0.175645819074
-0.313384252857
-0.278398027494
-0.42895333053
-1.00633413939
-1.21753098288
-1.07687327059
-0.48281488686
-1.52656793801
-0.0404570274616
0.292589051941
-0.635679548147
-1.34342392156
1.27022951956
1.71693049394
-0.512672664829
-0.647914520813
0.245378675092
-0.581243623845
-0.718042724637
-0.0245005571039
-0.36885674629
1.7797186321
-0.331516691354
-0.648756384295
0.207999959554
-1.16415776056
-0.754256937217
-0.573042901253
-0.0815672851945
-0.0880222521768
-0.755636557922
0.819275963322
-0.377792680129
0.849902203782
0.461796528259
0.608682625028
-0.660326988841
1.07767293189
0.04017925104
-2.10890451057
-1.01866817533
1.03155675156
-0.555361806466
-1.70374361785
-1.26429024412
1.45767514612
-0.12570582478
1.84961223181
0.418136635897
1.31621197786
-1.13571096507
0.255664235805
0.196258246289
1.38304056625
-0.185578311974
0.261020542536
-0.359822504649
1.32807346477
-0.526383845273
1.80370076235
-0.895155605262
-0.865007989285
-0.426278244877
-0.282364637419
0.458292566759
0.633766862559
-0.675488142437
1.9047713888
0.24053408819
-1.19614377216
0.528865390487
-0.00594464627943
-0.2950369143
0.201570793355
-0.290633557635
-0.191421425512
-0.290716175792
-1.25596060889
0.664345208018
0.905561323927
1.37691996472
-0.84842136573
0.918314706783
-1.48619101606
0.622006840036
-0.41775827363
-1.10434707767
0.305413674275
0.564744707401
-0.192426706146
0.288054133512
-1.46447613915
0.9907019717
-1.88761105802
0.648821692306
-0.330313961766
1.63452073053
-1.07765264406
-0.273306130986
0.379556487663
1.89213956833
1.26951324331
0.138920900041
0.231548481198
0.332622052712
-0.761858069012
-1.29575621192
-2.24013148619
0.310459695233
0.589152849761
1.2414027945
0.842789963552
0.941402654617
-0.118216774891
-0.173928880493
2.57283225092
-0.388231077504
0.0698771286468
0.783317883551
2.01322099566
1.60304948217
-0.134049017824
2.10821254898
-0.180502477176
0.0277424928635
-1.97305450014
1.37904808162
-0.458847739963
2.14891298905
-0.458470637766
0.353093615465
-1.4869897781
0.902646047943
-1.69398258364
-0.599628842711
1.53707178774
-0.0970561154949
0.112968444373
-0.0771134476996
-1.03522391966
-0.476896903767
-1.13157545558
-0.82952593185
1.02383300387
-1.48091638491
-0.80638253297
0.943395406847
0.643659334502
0.551749324821
-1.00568723551
0.208720479102
-0.973786911419
-2.027367118
0.405776939253
0.482758603194
-0.582193837642
-0.422186032464
-1.12177972474
-2.41008855492
0.444573232608
0.571167914906
-1.2568291612
-2.87057618876
-0.138487335021
1.5061443965
-0.635313714229
-1.38984566792
-0.332144826308
-0.910734791537
0.147393623362
-1.08845716327
-0.610728649534
-0.364895056183
-0.533572611818
0.503460941301
0.228034963606
-1.74165064733
1.41437142697
0.145172566746
-0.74832405258
-0.577312951105
0.480073569046
-0.658334877296
-2.7657091717
0.835198679204
-0.48211820811
0.269965502881
0.402460995832
0.22000061956
0.68561739383
-0.177425862586
-1.62448622671
-0.722241057942
0.817747433071
-1.10313692685
0.136082864434
1.33835265892
0.826496569539
-0.205180832518
0.152266940635
0.320685933655
-0.521009436168
0.0394157377829
1.14786751548
-0.152641422061
1.20527326796
-1.09449557095
-2.11054823343
-1.99656632101
-1.23769507474
-0.178351680975
-0.257976344925
-0.113759530222
-0.285506107828
-0.571963197794
0.24156702697
-0.450187804436
1.35558312542
0.022689464254
-1.7764374187
1.68427721275
-0.400232472178
-0.349422141679
-2.16839462243
-1.02526908349
0.460335411934
-0.207367252784
0.993968609489
0.0242027273407
0.580816647566
-0.913562749099
1.47761472636
0.558608397539
-1.21838220663
-0.611997460601
-0.869062121026
0.702036580536
-0.85233412184
-0.175660174018
0.450614537305
0.510649410543
-0.073833219729
0.0601708922132
0.0546437953036
-1.53588875325
0.179419351137
-0.325088932325
0.111395353938
0.382030780755
-1.50269298826
1.28393474434
-0.685225090136
2.67011049471
-0.598314504343
-1.76093055716
0.445686940762
-0.236664942992
0.0717128734737
0.636531745695
-0.430213162912
0.870411550276
-0.393388249577
0.364966491658
-0.361092849239
0.36605590596
-0.384710559301
-0.556246718811
0.437236709156
1.81684774516
2.29744793233
0.948549499272
-0.413655599299
0.128150875396
0.231759799911
0.153904216396
-1.15770938012
-0.966088796551
0.505525635957
0.296985225505
0.642751882803
-0.270317811145
0.0470683224871
-0.411880405729
-0.26051697686
1.73952392987
-1.13267447554
0.0435923206061
-0.221723846196
1.02116047404
-1.15072060917
1.57714856164
0.268619743533
-0.964276055272
-1.3446166918
1.16272800457
-2.13175412194
0.422055668115
-0.436253380673
-0.0445980829017
-0.512820085838
-1.76261322473
0.625277692818
-0.321605007494
-0.425938561466
1.99816679088
-1.59629030428
-0.367710454498
-0.199580331919
0.928044623304
1.013459631
-2.25507582218
1.13225477277
0.202255764287
-0.315636218434
-0.459281853622
0.709028160729
-1.62373187719
-0.744738226613
-0.960112081428
-0.202161085569
-0.320294236913
-0.549917123607
-1.83535755299
-0.425490603576
1.16275634592
0.33481314542
-0.496939994414
-1.24805576371
0.194517899162
-0.608679367255
0.226262484643
0.639486724521
-1.86107504606
0.111953150114
-0.054419216039
0.725451699713
1.25532343027
0.983930459021
1.84458031235
-0.517823076555
0.941597818694
0.230071699573
1.701954952
1.02192217044
-0.660729764481
-0.882876632703
-0.510308856814
-1.08643832045
0.696915319844
-0.631552787302
-0.178117105601
0.0345885448821
0.522714853491
-1.41667182833
0.971429069838
-0.108298012005
1.00662721326
-0.0923793210761
0.996404615464
-0.879581957853
2.23633810049
-0.626636769173
-1.14593106613
1.15797500675
0.606163580077
-0.995390928494
1.13105033284
0.90262777593
0.101263271311
-0.827798866969
1.37826407935
-0.117580864971
-1.74184586721
-0.349114440428
-0.246763132941
-0.670918599887
0.438084068037
0.293461368351
-0.070206250167
-0.993874890157
-0.377274560346
1.04398323105
0.273691626894
-0.0469891878092
-0.099704318314
-1.14064439132
0.230734589233
-0.634774687235
-0.633511576065
0.943644229447
-0.195802885287
-2.07698805826
-1.25127112989
2.15478589035
-0.710465041959
1.09341773506
-2.77122579444
-0.0905320998869
-0.891034408871
0.161868755787
1.4888781552
-0.0440892995705
0.324539777219
-1.06225851043
0.730421732566
1.42225426721
-1.49739096724
1.98656295757
-0.881484300547
0.325362181177
0.503307199257
-0.793235514565
0.54931427188
-1.19280681084
-1.11786570755
0.0168025341206
-1.08653976509
-0.797991064214
0.770360858372
0.894566221666
-0.18968728218
1.02900285644
-0.163624802928
-0.7534801746
Score: 1