3
44
10
3
2.0093662665
0.374113106358
-0.0800911373511
0.697357253376
-0.25887516947
1.20225198422
1.87746895101
1.22614541666
-1.17156925097
0.837916880981
-0.929511566482
-0.546103241069
-0.621502739387
-0.0649637120617
-0.769110493045
-0.129631639731
1.033582205
0.341616747498
-0.622263381882
0.0398850884681
1.14592112575
-0.944536201195
-0.536186754585
-0.55305008859
-0.030033931091
0.306019856777
-0.142860805414
0.707805435779
-1.01315481033
-2.23363661515
-1.02023467035
-0.00667146588188
0.425532597174
1.43117793455
0.59744059802
-1.59698098681
-1.39988886227
0.0488057058167
-0.116365767767
0.0533429427342
0.817486086169
0.215880960405
-0.81216529919
-0.827082309453
0.971063843291
-1.83413697734
0.0908236111559
-0.290126689308
-0.796852758775
0.562682224328
0.740649742784
1.13045765659
-0.159498130188
-0.151682063411
-0.0337958749666
0.523893531365
-0.415180282367
0.922685038301
-0.845224425852
-1.17454727479
-1.06285045413
0.999754544301
-0.0321904721923
0.574619237048
0.126905642273
0.134145594145
1.55112836698
1.97594017246
0.303006688351
-0.313584573816
0.132047358638
1.02399518255
-0.241452425108
-0.967685023742
-0.608431541546
-0.357485586702
-0.409908264231
-0.307130974293
1.40333218623
-0.140528796104
-1.32072979477
0.762206551349
0.432909442144
0.115306580894
-1.35626170887
0.766935239878
0.31360813083
-1.77367308046
-0.435349305877
0.649328713401
0.430933948588
1.03586616602
0.725892053042
0.348376476768
-0.994858972255
0.401360828065
-0.905867623532
-0.463203993681
-0.260652087162
0.398000233759
-1.35461825465
0.51273760607
1.51821234042
1.8780921704
0.370092345303
0.0801736932473
-0.0969563628785
-2.40842257578
0.422257251348
-0.242221842609
0.0923836348943
-0.405926564122
2.10667938955
1.18436093161
0.345263345315
-2.20846184938
-1.0467745378
1.27803158398
1.15507406266
-0.137892433408
0.0392975121909
-0.541553476946
-0.508486319058
1.15363141135
0.517261243279
0.0638626233612
0.698086035736
-1.76875686827
-0.0467624655615
0.142821756809
0.658990472204
-1.39319431466
-1.15175121549
-1.45627178957
-1.42912778083
-0.0236086642615
-0.969946757366
1.23409296455
-1.75762434755
2.38328687819
0.943300599941
0.627952088803
-0.276290239923
0.283462585661
-1.38145077765
-0.888564830882
-1.67796991292
0.613931027486
0.171317760773
0.0642511700341
-0.229722742055
-0.587332068787
0.0385313281011
-1.68831413201
2.15402637981
0.814342623429
0.278311184156
0.206387718154
-2.44371782217
-1.54947527633
1.48825183392
-0.715413550192
-0.322698759545
0.0754114422776
0.420569210369
0.273398821268
1.58295574872
-0.995968243592
1.14265689447
0.0539733993975
-0.0365211060705
-0.844095126501
0.625128921482
-0.957110894994
-0.762085081549
-1.13837570424
-1.32636497958
-1.07418273391
-0.245091617812
1.71732415041
-0.0365387789298
-0.422977877613
-0.366857700035
0.259773849378
1.8455127682
-0.458081244732
1.0813831693
-0.249573006659
1.02501353292
1.71143207159
-0.0318842479795
0.0149485792602
-0.659592808209
-0.506173832827
0.350975745765
-0.098829359399
-1.31592680918
0.127890548302
-0.549356674799
2.02267502704
0.989250294257
1.14651956885
-1.39968051297
-1.05546147856
-0.62351661885
0.173729178159
-0.437641457777
-0.769236345851
1.74607185264
0.162900802663
-1.13344542977
0.710899531677
-1.16068522463
-0.78048344523
0.740610943976
0.39633549708
0.0906287392427
-0.363500612649
-0.283216299056
0.71843891469
2.23708724074
-0.750537380819
-1.58990438979
0.466535172216
-0.290458854792
0.263198096756
-0.66846760575
-0.473092811494
1.11432487575
-0.859166077769
0.503858310673
-0.333532884937
-0.22326510411
-2.74955472616
-0.0577979192008
-0.295027704307
0.486216752734
-0.419781714346
0.31573943432
1.39631778639
-0.56085112802
-1.13636907676
-1.60357136909
-0.76724581112
0.489189578375
-0.829295252409
1.9633000393
-0.409181257054
0.502161227752
-1.27122750793
-1.18093482044
0.61490833024
-0.138282521544
0.162265220236
-2.06054489855
-0.164360297538
1.35155352887
0.871881113096
0.184893516907
-1.01442152005
0.383398418553
-0.786792746363
0.351967258569
-0.186924565243
-0.349519183622
1.22882459362
0.200788098899
-0.746924352422
0.490355358154
0.765005458116
0.35722213245
-0.919065023785
0.313281948175
0.750602729154
0.637086792934
-0.152624142258
-0.447568931253
-0.0434867586574
-0.592773140812
1.42275867214
0.916062154396
-0.566561222775
-0.872718578934
-2.23574842803
-0.646677936294
-0.858997405738
-1.29637994178
0.793363098651
0.799154159011
-0.491571692985
0.0495296365602
2.24093454822
-0.0760557798771
0.0617573054691
1.08521322569
0.326333209541
-0.652671314096
-1.19204986524
1.07744243596
0.268604138016
0.00643553093453
-0.90985514737
2.4541372217
0.965579173558
1.8185396648
-0.797676993062
0.594572280167
-0.169279886822
0.765370430317
-0.0242414937288
-0.442654259687
-0.845898149932
0.0806754385869
0.661241653668
-0.152079751883
0.636664764657
-1.97764631201
0.199519845793
0.376913031857
1.04640161788
-0.627695687787
0.871110188549
-0.717423897051
1.70422513004
-1.49140971114
-0.850010080308
0.218967297622
-1.47685885779
-1.99054167342
-0.141740127109
-0.818814798307
1.10942458947
-0.811039477759
0.850431894999
-0.0343045422422
1.1307196484
-0.924504317658
0.326159561737
0.11986817248
0.592025893566
0.442531060042
-0.575751068155
-0.429303152659
-0.265713164824
1.51115424097
1.15359833743
-0.0353012943699
0.510209211304
-1.32686541299
-0.564890201938
0.381948222512
0.314653759947
-1.29051502418
-0.174154873567
-0.906814134028
-0.804232587163
1.4141739468
-0.66588223193
-0.14228658068
-1.35276508963
-0.167041456164
2.44241948007
-1.12928641025
0.104956320062
0.405447999753
-1.21582024731
-0.204951308218
0.888636298408
-0.211273132948
1.69651212029
1.02051520432
0.600190672119
1.11882641255
0.396123221146
0.599973156082
1.29632195596
0.680123391758
-0.052176673824
-0.986553771373
0.935909098952
1.40080778038
-0.287328524708
1.44653154193
1.05173589766
0.647510452285
0.407850331577
-1.2683633479
-0.0663241164762
-0.581674304572
0.636121662591
0.321370998848
-0.110002781144
-1.20461333411
-0.322818045879
-0.0387819289562
0.0243815839826
1.99580617894
-0.183677435324
0.00785529188237
0.961906433172
-1.250910609
0.103738216062
-0.195481024666
-0.794828541896
-1.8893894804
-0.114365281312
2.0228262239
0.171378748625
-0.622420038423
0.621773841061
-1.02975499997
0.970245832373
0.0260021010423
-0.283487468842
0.417302924306
0.232640620817
0.0507545542884
0.537223885053
0.353074662851
0.324239044248
-0.946781621073
-1.81630671162
0.880235925213
-0.653804362808
0.502023845103
-1.1265976533
-0.549827381688
-0.0193145867418
-1.46759433733
1.13859395388
-1.15722292434
0.137462177946
-0.356855125356
-1.23042565186
0.084910841535
-1.50996044647
-0.541331389998
0.262625430573
0.800508661144
-0.999590231883
-0.318393140892
-1.03727851614
-0.478730082391
-0.762367313886
-0.50611617072
-0.539533443622
-0.63880853799
1.56000964723
-0.851011081502
0.401534579301
0.877332896208
-0.308899815066
1.37214901423
-0.213658994196
1.1814547881
0.704496248805
-0.54337608825
0.634198576915
0.13595375447
-0.108587876598
-0.084125039916
-0.356010714356
0.408772472527
-0.997126005223
1.04108326966
0.449500204878
1.05786382942
-0.522219247751
1.57168490058
1.84204065428
0.352122118053
0.242039850009
0.824411783303
0.623174298107
-0.230698537173
0.569922908152
1.16938227488
0.55888653135
-0.522928669023
-0.77900488875
-0.0786110387912
-1.58260995435
0.679584356531
Score: 10