3
44
10
3
0.253067228789
1.5691096767
-0.54321034617
-0.9762487942
-0.395812629713
-1.80083153713
-0.069862881483
0.510100126151
1.32710088563
1.44412153011
-0.818669292413
0.836045023161
-0.0747109243391
-0.869316180424
-1.88145958806
0.315573628137
-0.450435769937
-0.182744254029
-0.892934365489
0.753098950647
-0.370352839785
0.978849305071
0.488979449586
-1.08212843123
0.238120231634
-0.340422828031
0.326062586296
1.30487590244
1.11437771672
0.668440502322
-1.85086862626
0.530789996269
-0.601592186878
-1.85295780157
1.50237837724
-0.367227970728
0.246515484994
0.715381778717
-1.14110285097
-2.16449628711
-0.905140139256
-1.65578955164
0.102754035159
0.231337050892
-1.33161409021
0.263307854159
-0.959632703551
-0.882878846867
2.33928229504
-0.76672985764
0.416509337577
0.164814431887
0.205228369418
0.75772642975
-0.812096454063
-0.117386107237
1.08324372376
-0.0727182890019
1.39579896582
0.407446873401
0.657204878436
-0.662308093537
0.694342830042
-1.03511969362
1.24247024643
0.450431792469
-0.0842114629481
-0.682389785148
0.275585867795
-0.255753687381
1.42226274919
-1.60174488273
-1.56699763904
-1.18147278307
-0.25108512142
2.24508530902
-0.491600219816
0.0976122120743
0.32585040363
-0.424780955601
-0.464574782168
-0.60306892067
0.904171738913
-0.0915982676711
0.00572022281618
0.232348744717
-1.02086215597
0.91804073753
-1.16103231617
-1.8257360673
-0.227207252436
-0.529079266747
0.0642770162585
1.99798828521
0.288378439104
-0.868617057992
0.224843413059
1.43237138928
-0.212984216639
-0.106260816152
-0.380066003107
1.62234375597
-0.432675426069
-1.31812749578
-0.780466761101
0.324622531487
-0.133041557898
-0.26641368863
0.884751488566
1.33308553044
-1.31122452025
-2.66417257816
0.340184961135
-1.01105630188
1.68554644316
0.589729266643
-1.43496418582
-0.988707416809
1.06603339459
0.128965434656
0.293509224446
-0.894277521218
-1.61809924044
1.30701641549
0.407800322331
-0.264307118237
0.530974287299
-0.580176684904
-1.0200017838
1.67010190731
1.51832403845
-0.929586627829
1.87062726545
-0.96012005146
-0.611575197664
1.22676509536
1.40639061682
-0.872970644451
-1.62141037197
1.38418693085
-0.651262560687
-0.232934282845
0.804993641666
-0.68311013386
-1.41638355597
-0.850435479567
0.896659518371
-1.75275130696
0.731074242342
1.46466239934
0.615069006986
-0.785620308911
-0.815686927225
3.00656825189
-0.0719778609048
1.03853874639
-1.56163882415
-2.21805569745
-1.16031747423
0.241177015941
0.789449871093
0.470378976459
-1.09234602823
-0.164702907424
0.60623455799
0.13106206804
0.648480485244
-0.953620399351
-0.352141399428
-2.03744233949
-1.98633772531
-0.873146141197
-0.267438814845
-0.23911556171
-0.897785441207
-0.276019070427
-0.950613221107
0.0844224475542
1.87674304038
-2.48099932653
-0.700523922807
-0.129794453714
-0.113470015624
0.829545789608
-0.142919367603
1.37399373396
-0.472090247066
0.429323386083
1.28600425542
-0.699602928939
0.213176628709
0.343191775535
1.29228368711
-0.707143419964
-0.377514892743
1.46629027454
1.2056322437
-0.568286718816
-1.91078711164
0.954570650927
-1.12967757853
-0.315412536568
-0.0715928267173
-0.856024275976
0.239148348854
-0.666971785315
0.461311846731
0.919548956964
0.0488761769126
0.557540703352
0.550301629534
-0.471704622823
0.164304861426
-0.976404707595
-1.48685611991
1.4332117051
-0.846362571925
0.960981766748
0.294126116389
-1.15331778392
0.151653793295
1.09095608742
0.258632759704
0.614896824532
0.830530045431
0.35723149394
-0.323843833952
-0.967068656728
0.103780695939
0.39894639667
-0.730231356886
-0.0411979856383
-0.444109751896
2.05371114878
1.53130149496
-1.02922728265
-0.932078706587
0.34502446616
0.227810795206
-0.340779893413
1.32129997052
-3.02689636868
0.633581503437
1.43198537824
-1.91440430979
0.611704512916
-0.854382273387
-0.186968861022
-1.85155958796
-1.34708526884
0.0333785072214
-0.49720961952
0.715354425049
0.198146017989
0.284690741862
0.997643527854
0.531487948279
-0.385984322048
-0.655394805338
-2.06728302177
1.31319374762
-0.294714578892
0.752591762033
2.27791417694
1.18444638112
0.342157309216
-0.590001134522
0.0407762612795
0.107576264688
-1.66638581659
0.285122681512
0.867545778283
-0.676339790866
0.128905412885
-1.24963674169
1.17451355924
0.574307496485
-0.845191136804
0.729374768628
0.00989661899642
1.05575033183
0.555747659881
0.143658326968
1.42841573281
1.11354528215
0.0611456260277
0.198827487903
0.138989780162
-2.10694320722
0.247172259337
1.17853342829
2.07118279701
0.359617113474
-1.21838008713
-2.29780000321
-0.565027396329
-0.651649546815
-0.433525076808
-0.508229621101
1.08685567841
-2.02333862331
1.02546049973
0.699572767982
0.818336872886
0.383945672987
0.474405802768
-0.153740102272
-1.12509977675
-0.0988596988012
1.08262327259
1.31388688162
0.950614104063
0.996226250673
-0.231708455223
0.17572411602
-1.04096334967
0.167623419281
-0.415945182599
0.712476550013
1.02538210369
0.618975468285
-0.417115831388
-0.245771368434
-1.3882643161
1.12690927743
0.665273878926
0.435823390406
-0.286747806501
1.41248023134
0.967169957659
1.51656418535
0.120283064658
-1.46737850886
-1.481807329
-1.22105261521
0.0687338660275
-1.33383381079
-0.622106355944
0.956784898061
-0.868274943062
-0.0702862209283
1.31239707015
-0.949893934029
-0.753376243737
-0.82801502865
0.320653561909
-0.580363371098
0.0960048372429
-0.287976638329
0.272054892382
0.554460559714
-0.646633952915
0.650606608928
-0.541250228037
-0.0675648999905
-1.51936329463
0.178676542322
0.872898638305
-0.365415070661
0.248596244742
1.19752945806
-0.149496689421
-1.55510268996
-1.64955728473
-0.41933978758
2.46137713834
0.3239105123
0.505650384709
-0.763357444491
-0.556234564699
0.750783601261
0.479718719892
0.1073583774
0.296687197547
2.56619395145
0.152763773578
0.0549108078891
1.8805556529
2.56871374425
2.84625400516
-1.27810736625
-0.00472936776481
-1.86796347788
0.68918829697
0.0234498317706
-0.771681374583
-0.126153751218
-1.23080369424
0.0511484990427
-0.20141501367
-0.29780982269
-0.814753889272
-1.11773966062
1.96173465843
0.234839647369
0.356059270586
0.524825089442
1.26646548627
0.16767244453
0.462746586798
-0.336208733725
1.11402666475
0.653578058165
-0.16980865235
-0.121248376748
-0.870459858553
-0.0719225957573
0.299197799298
-0.286286855772
1.25006808585
-1.30339452896
1.59882913126
-0.840104949236
1.22745305237
0.443329144158
-0.416846521376
1.18128019932
0.78638865856
1.00120939737
-1.82435699181
0.743615153799
-0.859653336202
1.1564216386
-0.501059971123
0.230292299897
-1.74484698652
-0.543599912645
0.764395437225
-0.0164216618952
-0.191727726362
-1.44184916783
0.495653556332
-0.774656104466
-1.16767827718
-0.110253147047
-0.37819347485
-0.433045400487
0.244025882527
-0.441287896995
0.0726113442345
-0.127241016622
2.22843627066
-0.870876381421
0.475665133474
-0.0648283762625
0.116404492415
-0.0116743477761
-1.12318279104
-0.268994460613
-1.62672129512
-1.1961903911
-2.56179076228
-1.09595865285
-0.750295678005
0.9353485744
-0.0329525233538
-0.196323280943
0.645779912909
0.149089842177
0.821185249612
1.23590314483
-0.203745077462
-1.3301151739
-0.256642031693
0.187727372201
0.0676230690558
0.0308931056476
0.188004580517
-0.252153154939
-1.06884835259
-0.396332382748
0.831517606957
-1.17652772282
1.14731772617
2.54222950579
2.09195207232
-0.111954495584
-0.493100024223
-0.318238605787
-1.08147911562
0.461401663364
-0.387761195738
-1.58794980371
Score: 21