3
44
10
3
-0.740097753492
-0.69081139868
-1.38209515277
-0.873124001661
-0.284598134036
-0.616923108162
0.771268482013
0.0142688828007
-1.03905507636
-0.120267145929
1.04531445702
0.511089684094
0.367562010391
-0.312559118127
0.213268033334
-0.935735027809
-0.433587779991
0.261785712913
-0.761921149702
0.325039969796
-1.43807264802
0.00951897951811
-0.20732471958
0.503245914359
-0.127585673763
-1.89346895362
0.435443740761
-1.15995889288
1.49481726011
0.726737198578
1.3681565897
-2.62789287659
-0.85620328267
-0.870687954826
-0.154463054705
-1.28731745056
2.15330408402
-0.675331969669
-0.125335601337
1.64708644021
1.580591497
-1.25448973214
-0.835038019659
0.875976165475
-0.0766433566196
1.11147218935
-0.959224970649
-2.19796659873
0.413403099843
1.08026242559
1.1945743192
0.357521813976
0.111918706969
1.38772218563
1.73567276129
-1.06469420327
-2.84420290101
-2.42001486236
-0.501674647244
-0.232172079123
-0.159167995311
-0.421457886923
-0.872956853599
-1.15295139325
-0.977367958438
-0.624477768466
-1.57559522395
0.0948560826041
0.222159541771
-0.422903633912
-1.5053461859
1.34603140994
1.53548969722
-0.605344624001
-0.519649235836
0.148881082427
-0.791124221127
-0.543646502164
0.134785615366
-0.499780046475
1.76291672884
-0.250428276041
-0.667385399586
0.389649322623
-0.998660002332
-0.636430870643
-0.64766660037
-0.243579035948
-0.326477292488
-0.869146184529
0.736042891948
-0.525595471281
1.03501882071
0.160663391377
0.705505323407
-0.795858065053
1.0454517048
0.135597771271
-2.06807087376
-1.10593607758
0.959584139498
-0.564226975054
-1.70107939173
-1.53826225143
1.38387890584
-0.0902970636657
1.75114116239
0.432791882752
1.49297063421
-1.26868803281
0.202979641488
0.0136971214484
1.40054534983
-0.480063934503
0.177259452431
-0.463057744682
1.0443644859
-0.756688895872
1.70554005638
-0.960930831487
-0.775952442617
-0.285468971178
-0.374823793931
0.397550767167
0.866519842028
-0.379284617333
2.23782551816
0.433363652148
-1.17930617782
0.54059373399
-0.0991573193155
-0.495903675168
0.325810353187
-0.375122398435
-0.246153607436
-0.632722432916
-1.34568010157
0.563012916009
1.07264137463
1.38016208935
-0.669101457443
0.642177524834
-1.6211812706
0.633481129209
-0.32939430649
-1.14970266421
0.443220896625
0.69595690913
-0.206937647763
0.409759018997
-1.3588814084
0.807144780357
-1.93054192386
0.726878052064
-0.311822861592
1.6496624743
-1.22919674907
-0.32594578883
0.407965881973
1.87197034748
1.21197490044
0.28152882199
0.158277823287
0.165848651567
-0.789756326638
-1.14182684126
-2.05760067396
0.0994441866356
0.582381156053
1.08415216748
0.705752333255
1.11205506891
-0.134993398567
-0.0979890991541
2.67801138774
-0.251032934403
0.341513918973
0.580776452475
2.03499443488
1.38503378962
-0.21583851611
1.94066608017
-0.173433165502
-0.111950302608
-1.93768921111
1.18331479938
-0.285755934966
2.16477746416
-0.472979751237
0.530039442106
-1.56753835289
0.832311555739
-1.66963665962
-0.422571085262
1.67147958834
0.00381881105059
-0.0122293134335
-0.0839701341198
-1.33531304082
-0.359033977766
-1.39881350536
-0.688467863626
0.952160075898
-1.51004485387
-0.921693964404
1.01333596267
0.61758638512
0.423360708405
-0.763970400012
0.293740000274
-0.89573758832
-2.31048867714
0.44962145494
0.691577988159
-0.484575592686
-0.49585860784
-1.20713445316
-2.48535085621
0.628139162444
0.718472820302
-1.365237716
-2.49095542939
-0.262380032954
1.55246503684
-0.419389587962
-1.20505881413
-0.305349513485
-0.711029401633
0.39567885561
-0.822871531063
-0.552337879123
-0.407834686462
-0.779136339184
0.611444333958
0.159141131467
-1.75616325283
1.00081416674
0.0936029869607
-0.924474082943
-0.437262560861
0.131904199996
-0.66409634357
-2.8945856487
0.717611005535
-0.10797345213
0.331474892189
0.451282313434
0.252799764022
0.774701868319
-0.137953285438
-1.44708343109
-0.867661114518
0.550319504711
-1.1427731079
0.0330317151846
1.3199214855
0.627954181409
-0.329293225694
0.199014850034
0.410566741534
-0.639954327426
0.188759430429
1.24113406529
0.0193621303632
1.16435248202
-1.01110794771
-2.23742629587
-2.00814642175
-1.22521349429
-0.185972989855
-0.562949674877
-0.376121430569
0.0223500380429
-0.44073244681
0.125689968164
-0.164304937581
1.2778161389
0.0707314472665
-1.66466462944
1.58936576454
-0.483325607801
-0.260723008138
-2.14655183299
-1.04592899863
0.425910060683
-0.447622980171
1.01195736949
-0.199049812567
0.54513591677
-0.889194318887
1.50595283168
0.838875379148
-1.50551176543
-0.580992622342
-0.842700379236
0.666314347764
-1.09938274859
-0.118646894925
0.71865244751
0.581897396786
-0.193594258213
0.0687986477347
0.0426024354678
-1.41825809246
0.241957278077
-0.436644527486
0.123005556309
0.518003761387
-1.33966229612
1.70610047849
-0.845555295577
2.68964881018
-0.691187291373
-1.59224179742
0.143335322354
-0.234567176788
-0.159130132923
0.671521650634
-0.352737245502
0.91510160079
-0.29681463988
0.314800488476
-0.144279132007
0.470898271916
-0.227613764785
-0.273577994267
0.443488807136
1.8048941168
2.44099072161
0.969623959311
-0.404698776629
0.263034000662
0.215207071927
-0.00677769358242
-1.22845104023
-0.988629305365
0.471545464772
0.27512646099
0.900510580732
-0.496528688996
0.375269469789
-0.622914054875
-0.177171824608
1.88967136267
-1.02451381452
0.324125227302
-0.303063594327
1.18288350672
-1.24831850343
1.6473193956
0.0538963779133
-0.837972037528
-1.35881314871
1.28927408345
-2.40219161597
0.222105227379
-0.438053869623
-0.269340149105
-0.399023067922
-1.51486272963
0.781136775184
-0.247125370719
-0.074206438271
1.99055465146
-1.46563868308
-0.230999037104
-0.453019941395
0.88136359568
0.780962239802
-2.26541412221
0.975662723066
0.268026698425
-0.322996650811
-0.45367882404
0.545734049115
-1.44858598309
-0.668276550709
-0.81525016516
-0.281581091456
-0.403264195757
-0.637993656944
-1.95975627254
-0.549199502855
1.1914057433
0.243332078707
-0.568236599238
-1.35950195425
0.308748201377
-0.727185037855
0.0970996919138
0.528510833072
-1.68036393647
0.128057068974
-0.105952289768
0.735746959934
1.06116413496
0.789533739974
1.7431509657
-0.560818406029
0.92497591947
0.326591536086
1.65520032571
0.72447785736
-1.01946734679
-0.898051576861
-0.459005725036
-1.18118329977
0.891108431695
-0.799166777781
-0.2867330273
0.023818775755
0.485931304884
-1.52835574152
1.00345825914
0.0256826134384
1.04882908786
0.00985048999601
0.94515991845
-0.593996746383
2.12774396185
-0.500342276062
-1.30458953123
1.32823822785
0.228429553206
-0.983216818317
1.02939380191
0.88664682109
0.0549956015753
-0.89926848947
1.42459139315
-0.15657764867
-1.62407020029
-0.189485441023
-0.0854362700201
-0.802872717929
0.16811363375
-0.0225470071862
0.254088151518
-1.14396822275
-0.250210760768
1.13662060766
-0.0203069881471
-0.254608576341
-0.346313037801
-1.32891639673
0.39565088273
-0.57090337584
-0.346637099117
1.02656305747
-0.182491710768
-2.07602689135
-1.18315391928
2.21125151862
-0.618881681404
1.06121390959
-2.59180228502
-0.0571081018663
-0.799969631587
0.122281666935
1.65725433145
-0.0444730523442
0.328673028699
-0.930126851577
1.00679157627
1.85192640791
-1.36621764186
2.05482621506
-0.556390510279
0.234353955196
0.555180379183
-0.8464577686
0.411167734586
-1.46834178439
-0.938896885967
0.000945315248652
-1.06188978892
-1.11720033519
1.20778785021
0.692723134571
-0.138317572939
0.983163806497
-0.407997634563
-0.812183115242
Score: 13