3
44
10
3
-0.495405772091
-0.365431010739
0.658476932944
1.08963469336
-0.0168379513066
1.74818532075
-0.236377906419
0.0169445651336
0.189178362597
-1.24077695989
-0.765020023076
-0.87246592231
-0.507184958243
0.942497056272
0.864777183478
-0.0425750806373
-0.0601311517307
-0.315011911659
-2.98187845937
-0.981963057743
-0.598524112684
-1.82663991062
0.724811269014
0.116027958141
-0.127994082015
-0.711897056024
-0.45520695201
-0.0118856985503
-0.253699422392
0.694914599395
0.786926411284
-0.595643117278
-0.312006760335
-1.30484738123
2.91413375606
0.522565087667
0.534366350988
-1.12542609051
-1.699035504
-1.46820755829
-1.30078779628
-0.934013620349
0.814222390519
1.17044158977
0.615030207535
0.668141136309
0.339367005114
1.18804055666
0.854067809723
-0.907166540824
0.290586194445
1.35229803236
-1.07265660521
-1.217120497
-0.914947042138
-1.17113235646
1.60660233818
-0.772671734988
0.00787770576421
-0.934707079044
1.23865567854
0.904438651285
-1.56087625475
-0.404880314976
0.126121348418
-1.47943320034
-0.0170886940157
-0.753202706128
0.709139764253
-1.42675976211
-1.10147137374
-0.444690589531
-0.833876961947
-0.904335911534
0.78801823093
1.47787315624
0.242539479372
-1.85990343506
0.00480544677332
-0.554914993682
-0.64983042607
-0.337708382253
-1.57323040205
-1.16928480236
-2.24284895388
-0.981337691348
1.81486906418
0.751277197794
-0.904144213932
-0.241512196837
0.650870001099
1.35805901855
1.55770038293
1.15728060481
-0.259297682625
-1.64387421842
-1.6421169853
0.443261610302
-0.694542736797
-1.18588990017
-0.0440579858861
0.462023829291
0.454946873811
0.113014082616
-1.40077238868
-1.95226259749
-0.783396599845
-0.868482622693
0.581684919406
-1.1870714747
-0.425870910009
0.0421849739203
0.455472573856
-1.3375975439
0.772018354787
0.104847829438
-0.316379568364
0.782419092797
0.00805671125115
-0.294010866132
0.647462895761
0.177335344886
0.787779653451
-0.611750594041
-1.38424051294
-1.88417467284
0.279096673183
-0.0521412102301
0.570010197491
0.796014467873
-0.400176258108
-0.717975345582
0.600438249126
-0.834410444884
-1.11391791888
-0.904849199722
0.867463483276
0.187612330639
0.103481359709
-2.09820754902
0.449827558099
0.0533954433198
-1.77357433062
-2.51315279434
0.0112864287497
0.686293124725
0.365732941895
-0.708955744956
-1.14611362937
-0.802467590586
-0.0350791606022
-0.441367455667
0.691697883987
-0.442821468807
-0.0161701480445
-1.01490236343
-0.351724119884
-0.0105157909214
0.0547688636621
1.89121865935
-1.74201050537
-0.0771353973294
0.39774010136
1.73687029533
0.971053659341
1.36100307304
0.487296298686
0.898181162534
0.390351266024
-1.16102839952
0.900339433819
0.17191540534
-0.856084424605
1.91314552976
0.161342022003
1.54654886652
-0.165964518799
1.41209009024
0.50470036482
-0.602391404625
0.645205522223
-0.0875549643727
-0.745061216205
0.120950573755
-1.02240107291
-1.04624240237
0.317576567011
-0.715430493703
0.703835932218
0.42502043936
-0.35975580994
1.11288628487
0.72460644879
0.258269705181
-0.143834242735
0.743731547344
1.42607078536
-0.0533749279668
-1.31351514449
-1.07576259607
1.574708687
0.150498683656
-1.09606299387
0.892702459741
0.757968762667
1.7705583711
-0.799904565423
-1.8566981217
-0.309009342289
-0.0606415715749
-0.596195859375
-2.33343067303
-2.28115021419
1.13265606139
-0.629543982777
0.140876705268
-0.880642068322
-0.439638182754
0.857173665356
0.942042024974
0.601024525063
-1.88027070731
-0.451293379199
-1.76098962021
-1.74620520476
-0.14621273173
-0.552627755941
0.504903590697
0.86260096975
0.239056771939
0.803461054313
0.0537205513377
0.0427236231704
1.29864357364
0.67586773383
-0.206784718704
0.385659987811
-0.839278516498
0.332462947959
-0.530641902951
-0.860948467153
-0.232376940222
0.909068861121
-0.359527162163
-0.654697529375
-0.571387449514
0.709190281577
0.698140349154
0.929147211769
0.0698566438223
-0.973160131374
0.108674751144
-0.686908723408
0.170036311621
-0.763862954008
0.586992680368
-0.660495440946
0.883512760776
0.262426101865
2.19456548447
-1.04798932709
0.693863534939
-0.0397162704329
0.461072059501
0.0436559281021
0.26565314006
0.49017942487
0.740826684779
1.06703286712
1.19218958297
-0.507032956034
1.60296632255
0.627520543945
0.56918683917
-1.18945734794
0.811360103147
-1.29320157264
-0.221344309657
0.361035418245
-0.0329211411765
0.294509397147
-1.06431789764
-2.04091539198
1.1820537139
0.397088406856
-0.387617894223
-0.728570577891
-0.756388614388
0.576183292303
0.601515457667
-1.00451821885
0.0816107424166
0.969235585232
-0.262554947277
0.467481526825
0.843918520271
-0.966586561404
1.35060754583
0.76273645397
0.343717705168
-0.399466874464
-0.967083358338
0.0415513212838
-0.00762441886817
-1.40270499321
-1.65542446499
0.334699444132
1.27835386756
-1.43204989617
0.345558631518
-1.21220758527
-0.0214540179374
0.927903471249
0.739968347137
-1.53063403028
-0.168684722983
-1.17091094509
1.24705120361
1.96102023047
3.64241273256
-0.129421988699
-0.401933001278
0.0304225997123
-1.58514775898
1.57550726037
-3.20813400128
0.27547984339
2.66499406673
0.0393746839659
0.948393735097
-1.15909221173
0.690118707578
1.29186118339
-0.741819248406
0.654912415321
1.5687978256
0.054198005942
-1.67463586493
2.69442596459
-0.575844308833
1.4613501943
0.304020759731
0.569798103604
-0.39485497833
-0.109000779234
0.0770927048707
0.100758189459
-0.512457590027
-0.376616711931
0.589567059401
2.23511952261
0.193605218213
-1.5904563323
0.350480165285
0.507585817605
0.804599957202
1.14509688229
-0.105467641012
0.787263257531
-0.979189285487
-0.821406778581
-0.581325158997
-0.0557825513717
-0.872793213287
1.17957468748
-1.78159308616
-2.19368729829
-1.30076964391
-1.70755581679
-0.0153020098801
2.24729401454
0.0891875431226
0.141351693677
-0.0364156796203
-1.42735368012
-0.506504516903
0.343861590726
0.679341739377
0.617601682301
0.872288261627
0.32098956773
0.509775155598
1.77646032062
0.383242001395
0.166156210893
-0.47000829905
-0.0425427918993
-0.22624217407
-0.719832363589
-0.604745758061
-0.238784278524
-0.53135689496
0.974118202271
0.345376682926
-0.257647531137
-0.338926734559
0.974531078794
1.47853573876
-0.418473687383
0.536681302005
-0.800857268211
-1.13800838882
-0.246800199571
0.974635541946
-0.896140308646
-1.67770708446
1.04270361763
0.19504369205
0.658990224701
-1.32507033816
1.39824036449
0.852987140528
2.25396606241
1.08276059907
-0.296097923372
-1.29741082053
0.761247545865
1.42931485117
0.0868667944966
0.286435520958
-0.324116718847
-0.580538484307
0.0887333783775
-0.229731355723
0.560165316489
1.81274454055
-0.0498513726072
0.310561258016
-0.345733185752
2.32888503745
0.919045257417
-1.51990555352
0.310114128141
1.22581355739
0.482699834484
1.56207477197
-1.76865510645
-2.5719368089
-1.06186082094
-1.67134455671
0.865932955074
0.0920774254912
-0.763706908587
0.961534904241
0.595428337161
0.0638184061876
1.17351341709
0.0895185852093
0.844889973694
-1.88229907192
-0.307191773574
0.899674352898
-0.194184705501
1.62583731392
-0.421697111587
-0.4883871025
0.662558667897
0.706114212361
0.107348280918
-0.131134369371
0.439241366961
-1.86728213915
-0.425493444295
-0.254779247996
0.193158115317
0.329616127697
-0.570520027335
1.28042542303
0.657702974252
0.492481157241
2.52311877115
-0.577322750755
-0.385435590147
-0.0245440154001
-1.02165389779
-0.454877698414
1.95070922452
-1.08230375335
0.40863704126
0.159928812839
-0.370781915054
-0.336498402603
-0.627051186947
Score: 1