3
44
10
3
-0.481629849826
-0.494056720931
-0.890106589424
0.820377131184
-1.30621441149
-0.897811858618
-0.590710152821
2.5055573825
0.0549728440219
1.062345971
-1.59028087147
0.763778468737
0.725277518175
-1.24183570977
-0.203915664182
-1.29016838955
-0.999843363036
-2.15065813956
0.889455840742
1.4602994818
0.938652839968
-0.498634926642
-0.905170787753
0.773382913449
1.11773450757
-0.330831074264
-2.97139865956
-1.11059112568
2.3536786437
-1.0882499396
0.231414476833
-0.732339889359
-1.11786218202
0.19706790794
0.542023654453
1.08858357947
0.11429039575
1.42325051326
-2.52581540099
-1.317533127
2.04574188076
1.04166539505
-0.95299692218
-0.353653720465
-1.25669001688
0.407368838509
-1.50603473717
0.564319606444
2.73099825174
0.153263895602
-0.78393775859
-0.144807906782
1.64502874379
1.63875653378
-0.445135293386
0.793393925792
0.536064980759
-0.484593143591
1.94045928581
-0.391516299626
-0.900062713609
0.318750492333
-0.30042909809
1.77949792725
-0.0159712702255
-1.07230228287
0.370446656652
-1.83885118483
-0.596502244981
-0.718721953027
0.739584408309
-0.257934068697
-0.223228748725
0.405326337361
-1.87316633359
2.48505788891
0.43303419392
-1.17284213377
1.50549312476
-0.977688976049
-0.830378758503
0.897862423845
0.188234131854
0.41771514399
0.0231195054614
0.113388014024
0.484510814988
0.298108028734
-1.14735690137
-2.46207321341
-0.954668864907
0.57781708525
0.13136885792
-1.29210793913
2.37444157444
1.92086048116
0.0354340361835
-0.791078077046
0.736246361357
0.782621718993
0.782911396261
-0.617218807032
-0.106642852604
-0.348678518174
0.912259224616
-0.152122680544
0.98817657631
0.221366852307
-2.28461582097
-0.0726689118094
-1.16511432997
-0.79727652957
-0.562104861924
-0.850376201843
0.984083566512
-0.651064338453
0.472160130948
0.680226288815
-0.880972605247
0.765417863402
1.89068257203
0.0349850370916
0.320139758138
-0.00360644221549
-1.63293709627
2.7469779862
-1.56351248261
0.0681391209236
0.335952065579
0.225297153213
-0.336519479645
1.05416354971
-0.122829668111
1.40573170725
0.824821547979
-0.122316104566
1.14218629325
0.15713087638
0.0184028916037
-0.24683155209
-0.0327997017464
-0.615685658316
1.78945744173
-1.2334556729
-0.609522498738
-0.0701414325878
0.620554151446
-0.55554283621
0.324777925092
-0.715312086671
-0.378559834635
-1.45463882838
-0.659052610789
-1.06471237593
1.28405573633
0.224170441947
1.50662047695
-0.402417657291
0.56016546918
-1.18866535566
0.0536816870206
-2.77074764097
-2.14562222592
-1.21437575205
1.20165574114
-0.203306530395
1.47086036197
-0.188279170842
1.13665113832
0.165858405107
-0.235021799902
0.26556864908
0.00680166064644
1.21270820822
-1.03578664443
-1.07110370939
-1.8582762645
0.897333579486
-0.335125524817
-0.278921460935
0.693857570133
1.05159308147
0.547797355244
-0.694932480775
-0.231307638211
0.866232447542
-0.0946860546469
0.347170406803
0.679268994169
-0.828028200453
0.644073308658
0.493577911333
0.0193137473679
-2.00660467832
0.0775577841859
-0.567626961375
0.0278835820727
-0.922842757497
-0.549598944008
-1.39745337935
0.252869094372
1.70661330581
0.0593412774081
0.393313875632
-0.20420723963
0.0399652751917
0.967962730087
1.07302784044
-0.116975472976
0.515127293182
-1.13872608335
-0.242940311901
1.2588959246
-1.06579447747
0.215993596534
0.929848989616
-0.742795617589
-0.0385753003387
0.540289358917
-1.15335899061
0.16464879303
-0.10971645449
1.19553060114
-0.397970662452
-0.513769104404
0.623423549893
-1.36726728117
-0.635108921298
-1.57500454175
-0.0164754980988
-1.29963164046
1.28661677847
-0.0862052257567
0.863117715635
-0.461327845551
-0.293130895337
-0.290517318623
-1.65336906245
-2.29715841182
0.10663871648
-0.0328593902783
-1.49128230599
1.25683898468
-2.00371241098
-0.401453667388
-0.124105611387
-0.360236473743
0.888157548058
0.720523213979
0.830195780126
1.22947768682
-0.665653916385
-1.68570636782
0.0229877686957
-1.06450845974
-0.615823636934
2.06940160014
0.262733617964
0.023855453186
0.902098224687
0.143548055211
1.10499249692
-0.560019088705
-0.330926489557
0.953461710438
-0.358074497988
0.270126211909
0.699586991513
0.828905219505
-0.580934363718
0.58330466159
0.515925390906
-1.45816370897
-1.18563586088
-1.88439706277
-0.642900225065
-0.621395840286
-0.447927456585
0.0198707049479
0.324730111659
-1.26914563722
-0.620046295093
1.17381554186
0.279188205305
0.561566422185
0.00941149091975
2.85058604439
1.1952364005
1.74427631053
0.167151956306
-0.105300382182
-0.0249033807705
0.582251414601
0.765889335048
-1.10147975419
-0.590534623385
-0.260463812217
-2.78264649766
0.616687298982
-0.432563206718
-0.185002658141
1.47156241932
-1.13151920962
0.107187410875
-0.248647607658
-0.0812024106209
-0.928695305791
0.227116165799
-0.610990107061
-0.541657446718
-0.454955907032
0.172375665288
1.74294060502
0.199255019208
1.74656835295
0.775786678758
0.570418261727
-0.0163969894026
-1.11766084884
0.641979524663
-0.0102140840817
-0.62534006585
0.046171705999
1.16712849347
-0.805620983505
-1.17534801156
-0.0208653957993
-1.09255381301
-0.141190277555
-0.562901207623
1.792884911
-0.972766399377
0.944354156914
1.65418812891
-0.844194896178
-0.139384350158
0.907858973311
-0.0595258983578
0.523231302718
1.3678625971
-0.0922562523435
0.208110449306
0.705376930533
0.0693108013795
-0.240104265857
0.907901733517
-0.0477310089628
1.33253849371
-0.10925936706
1.98501425506
0.145761308103
0.601178408898
2.14569156213
1.28659324
1.56382405062
1.3253157047
-1.94817548809
-2.64850161063
-0.143666340598
-0.712674581698
-0.154802387261
0.471003432285
-0.286642794015
1.0399590919
-0.673171891717
-0.314034218495
1.10954080066
1.43594530826
-0.589575665405
0.274635077111
0.0693141760915
1.27684454089
-0.776162446983
1.41143587491
-0.770753130519
0.176069252992
1.90991890516
1.0704952044
-0.413522263003
0.323388120928
0.127741287301
0.431110897156
-1.3716118934
0.778199551618
0.609777566803
0.556639018604
0.688648785021
-1.00411438409
0.116406610927
-0.352105455836
1.10801725234
1.52282380553
-0.354329395931
1.002102846
-0.71686823394
1.72742500669
1.12370422628
0.639916161338
0.556048612686
-0.272137450749
0.416012759567
0.0703315961116
2.45717685628
2.16059310216
-0.0353435643567
-0.318584486405
-0.00402325623057
-0.904398462069
0.325462858726
-0.648050498584
0.387279788446
-0.667312624225
-0.594555297333
1.785913896
-0.0535481176297
-0.119270214238
0.356722466085
0.380909739925
-1.42766132256
0.578299261959
1.0464519841
-0.720267142445
-0.367731734839
0.248199488742
0.319463658169
1.07528548884
0.0255562492887
1.7718657437
-1.13179993712
1.3463026399
0.727375072809
0.157303916926
-0.931221109368
-0.00211884671444
0.0627756467706
-0.457855783747
1.30451696752
-0.050666076101
-0.336172166167
0.56847328363
-1.04858217396
-1.64079191958
2.29163014364
-0.570704406454
-1.03029109017
1.30194517334
0.485600347642
0.46407674998
-0.301537422985
0.264591128272
-0.443330708563
0.171753537531
-0.0556427454542
-0.559635971714
-0.512346275183
-1.21502514947
1.78580130576
0.034621707634
1.32733527322
0.153267006541
0.63247078807
-0.910272958976
0.213566869611
0.134996613845
0.783780561188
0.256040922836
-0.622485177193
0.444029320625
-0.163855639038
-0.715557710125
2.21105203988
0.686298755996
0.288324940929
-0.469993395149
0.136153716512
-0.896024792845
0.248027630741
-0.154019078241
-0.435482672042
0.188856379735
1.67651593066
-0.73978597972
0.970058849489
Score: 1