3
44
10
3
0.274998089547
1.35012509762
-0.445238234004
-0.928695470956
-0.419808370003
-1.71221072468
0.186924184968
0.489034589935
1.48126939055
1.43902829643
-0.792243444896
0.815116629629
-0.00819213684614
-0.538799946243
-1.70343649675
0.028897961009
-0.240265781139
0.181410263647
-1.05115075068
0.690097210427
-0.187992536357
0.750464245883
0.62403588617
-1.24435658261
0.40147952194
-0.286813834921
0.399773490134
1.32320387676
1.02970412123
0.953912937221
-1.69420740889
0.488932955301
-0.461027184008
-1.91908261415
1.27132273994
-0.413944778155
0.32633976064
0.505298783526
-1.54579667033
-2.39605254433
-0.928739237834
-1.68095050843
0.121834997275
0.132896415392
-1.21914753413
0.59767938131
-0.726799910073
-0.93570158997
2.5919574079
-0.812339685864
0.3886163867
0.441896277238
0.407099336901
0.664736198215
-1.00979420381
-0.0796255855688
0.916464329975
0.0572931008802
1.80471778156
0.424515437508
0.940981189579
-0.907061319384
0.528740124626
-1.24020616209
1.27786750436
0.327041689078
0.0414197845968
-0.738855262982
0.169933082255
-0.376190945819
1.43680340908
-1.81903666201
-1.48385363938
-1.14445605299
-0.185409527608
2.19189026023
-0.667573690375
0.0496764661586
0.48043969442
-0.448240049767
-0.560201209229
-0.328866337818
0.802439624936
-0.177904169923
0.0777750153653
0.392867944346
-0.786133849499
0.607050626233
-1.20039911929
-1.84211888439
-0.174743405566
-0.636676295801
0.00845381106588
1.95809772741
0.316205571387
-0.722480941784
0.452314226786
1.42079970549
-0.362317324911
-0.329697160298
-0.51188527818
1.70483419863
-0.377311627462
-1.37295558459
-0.946205768802
-0.0676189077685
-0.146648501197
-0.243706453609
0.966351252236
1.32597923756
-1.38330265524
-2.87862641284
0.206423942001
-0.919920452575
1.79150945521
0.708466675174
-1.64068819326
-0.830982536892
1.06200625208
0.081263140186
0.342184144872
-1.05779043057
-1.74761379161
1.22466099991
0.281965112848
-0.345585971037
0.67920256491
-0.55005638763
-1.05691885542
1.19940350925
1.43776901043
-1.39853747251
2.14391169719
-0.576740666115
-0.551624446644
1.37157724756
1.23906156599
-0.494517935602
-1.59672352308
1.03825957753
-0.797021435008
-0.182535066726
1.20032127536
-0.259756139501
-1.4279345853
-0.855452608692
0.723427744597
-1.79880045028
0.772632156535
1.56224647144
0.69508293644
-0.494927578823
-0.94738228024
3.00228994238
-0.23590449077
0.863737604128
-1.56743652388
-2.337479177
-1.1483710317
0.199850101642
0.868356889317
0.656258999424
-1.23223040693
-0.13961200712
0.613948879964
0.221599521634
0.62772508888
-1.007373526
-0.182977077289
-2.10245764135
-1.87369663705
-1.18512627185
-0.389182861047
-0.501297109552
-1.25581216792
0.131558393514
-1.13837953237
0.0101238946499
1.99331245607
-2.49517176374
-0.818239702565
-0.153996197828
-0.209329372897
0.59747805116
-0.330184753776
1.25200469098
-0.33925517653
0.669729957611
1.3308276151
-0.623385115487
0.301882230796
0.0691999748073
1.40002504266
-1.19359659024
-0.416086857988
1.43480370153
1.19639477658
-0.623357033748
-1.98439401926
1.29753204991
-1.00387655243
-0.27032370469
-0.0040431157302
-0.821429907667
0.0297398191869
-0.727841425364
0.704502053891
0.898361370942
0.246551789328
0.497522939178
0.59282813549
-0.703697976403
0.244946070516
-1.07892467144
-1.3298202106
1.65143149892
-0.679139005466
0.982175716814
0.0773503429581
-1.09563166296
0.239383110427
1.03304902276
0.495607207422
0.691579688514
0.717884927672
0.241204382741
-0.531538759078
-0.902450972413
0.186135105018
0.554328231524
-0.763989609074
-0.370796988457
-0.571343987534
1.95725590336
1.41321394467
-1.05887772788
-0.918511646175
0.510127690264
0.343860646383
-0.391512155769
1.30568861361
-2.84118408049
0.645344400039
1.30496955824
-1.53974154711
0.556763487035
-0.839449707613
-0.402388157011
-1.7768345767
-1.13477614459
0.243683957646
-0.370459647993
0.782398042862
-0.00573497890461
0.585465270461
0.856997215039
0.573189879903
-0.512180793505
-0.491261002384
-2.40230974155
1.33839664936
-0.498573089722
0.660232928365
2.36448716463
1.16035235171
0.21083762312
-0.627313594061
0.0901726297946
0.23991856702
-1.69558981325
0.000723676968436
1.0917203074
-0.593617477563
0.34433713306
-1.22871110484
0.960346523214
0.329353131945
-0.620600510725
0.895346494539
0.423824306537
1.41744806644
0.480617002533
0.293000613731
1.35964099577
0.922410540716
0.0538273982468
0.20221389042
0.271767363162
-2.08754257821
0.324807206114
0.934421493278
2.34827328264
0.501004873842
-1.37559834398
-2.5306895877
-0.630508118735
-0.616998115656
-0.425930968115
-0.615052364705
0.93348073517
-1.91831094518
0.906781753824
0.657341993235
0.834494927126
0.242668994105
0.676488443155
-0.21657512209
-1.08046910433
0.13980849323
0.961784620561
1.54672138113
1.11621181283
1.29174602447
-0.275645352703
-0.0584496236759
-0.760112939884
0.0677889296578
-0.378363238988
0.565549837063
1.08795481115
0.626339000895
-0.14197324228
-0.119417572063
-1.23681940306
0.941727851197
0.674036640709
0.513137266294
-0.0761008632142
1.06151077622
0.682274033262
1.4959585768
0.345045125425
-1.24198798638
-1.41908894597
-1.25329170732
0.107488859268
-1.40757528749
-0.47820184398
0.839947967325
-1.13776176076
0.0831487735627
1.30545769383
-0.929997568743
-0.63850967391
-0.545696007891
0.495175664643
-0.586535740514
-0.0921881538035
0.0321932622207
0.428057622077
0.744883105803
-0.282210561306
0.497644398972
-0.600654899059
-0.00674596529181
-1.36029733349
0.0505350754458
0.763787582756
-0.218160076246
0.480777701032
0.994131335064
-0.327335607224
-1.65597378775
-1.51734504656
-0.152541016474
2.23663483751
0.0467543690123
0.640359869846
-0.680552186503
-0.500132934441
0.797232878788
0.749277570522
-0.0868702462987
0.253105746342
2.40956142876
0.399519331212
0.167891337447
1.99117794331
2.57434678038
2.90286307081
-1.12998549727
-0.368930944332
-2.08991525198
0.531132189486
0.206775459503
-0.60915246758
-0.0513628567005
-1.37332647116
-0.0468115948487
-0.0915139841469
-0.556735263645
-0.930552639722
-1.39701562014
1.90506599393
0.665493083276
0.513765472992
0.41689364776
0.811478353996
0.0674742780352
0.126271584532
-0.311966358728
0.850787736227
0.339678984377
-0.216622883142
-0.73624067134
-0.974879508518
-0.37587668906
0.56420148969
-0.262851144495
1.48605131989
-1.44108342508
1.69403946156
-0.869248799335
1.32951823891
0.582662132518
-0.862854483487
1.50516042911
0.660544083916
1.28613701844
-1.84617549003
0.752263518831
-0.983426527411
1.03839860041
-0.656357930834
0.134576237471
-1.68527679975
-0.861345926238
0.813167022164
0.0568564635213
-0.175935411299
-1.50507040001
0.611978160103
-0.604043575049
-1.0672144673
-0.0729701127201
-0.321301822724
-0.501591578835
0.0353902486088
-0.781714888184
0.0471603836993
0.0486741881527
2.40886334414
-0.676420828028
0.166676922074
-0.109828988907
0.185491079782
-0.0619321557173
-1.11147697827
0.0542592705086
-1.79952928036
-1.06034829192
-2.65768730717
-0.793965185457
-0.752002917751
1.06688595886
0.185436276269
-0.382586113401
0.775753668643
0.275534612653
0.932174259299
1.4819717563
-0.27406524315
-1.42849042382
-0.343892472839
0.247534862611
0.045491844299
0.0910066784467
0.386202536624
-0.314924675885
-1.17050971192
-0.0980875698056
0.622221871275
-1.24799361915
1.34573997932
2.4976852499
2.13821958675
0.088059835515
-0.435327720371
-0.404442945896
-0.896465536733
0.377607259454
-0.176887961841
-1.40874241017
Score: 13