3
44
10
3
0.366826813277
0.826341992047
-1.01522379834
-0.1099521603
0.275773472445
-0.0931866250871
0.859622703731
-0.0259326380664
0.585011158024
-0.371330748141
0.0108676908641
-0.591966527172
-0.599509789129
1.70943297948
1.37134799405
-0.45671648499
0.815902127227
-2.76816310574
-0.83676856467
-0.812105628768
0.634493789055
0.0114361873763
0.706112638117
-0.945057219166
0.262782589956
-1.22366308438
-0.257869884041
0.0714351927848
-0.511227385805
-0.270465388277
0.640149638328
-1.70972746127
-0.636268998152
-1.15901616128
0.254341590946
0.733357455785
0.749089363113
-1.59634555056
0.576279579769
0.425034932773
0.320677136471
0.795845736423
0.00883639257262
-1.04474905285
1.96098750579
0.557731088045
0.306479545591
1.09732871854
0.914173216624
-0.298823131147
0.917799092687
-0.998206490184
1.05838056192
2.17030182773
0.793873259188
0.512603225806
-0.563230800182
-2.12173176075
1.72485482806
0.628386628561
-0.421409196179
1.02290936271
0.214027132223
-0.0205278325584
-1.8725034918
0.863443306381
0.653808463344
-1.13777672612
-1.06971016458
0.53813024262
-0.655936573951
-0.542295185976
-0.785288643991
-0.19991688572
1.13760251325
0.654991934729
0.606658291287
0.060811616384
2.00009181266
-1.13101509924
0.896060680922
-0.354063651969
-0.729201778183
-1.5503415147
1.62225406955
-0.595939275083
0.141566294054
-0.0354122140255
1.0962996279
0.125757586591
0.491980163735
0.10033117662
1.1556261701
-0.442544640772
0.559993394494
-1.18098368622
0.690926499685
-0.73295232774
-0.454679448226
-0.867388373965
0.557612901784
0.812686955444
0.482904146371
0.759632084099
0.144967305858
-0.0274632331878
-0.997257473966
-0.197631294473
-0.436148685641
-0.786144170632
-0.141074741487
-0.326918138517
0.32707075469
0.88737278573
-0.0682460297266
1.50944134645
-0.393578653576
0.606354666394
0.0804125618293
-0.254334865113
0.422706540336
-0.357378436398
1.69450688738
-0.242312622546
0.59093676036
1.54985217491
-0.471842348391
-1.54763085421
0.255038858914
-0.801051086193
-0.83927427511
1.17475467488
-0.587661672649
-0.48152811359
-1.32414219647
1.40536764416
0.731880455408
0.539528699747
-1.0705405054
-1.55999763592
-1.18427100931
-1.43205358631
-0.401667396252
-0.382809843393
-0.767621121314
0.771980341747
0.0724060904046
0.664203207032
-1.17653489929
-0.899606883081
0.187505325849
1.76136301351
1.27757365548
0.646659651853
2.16713570244
0.848417464681
-0.0328828557353
0.400607239215
0.215516173786
0.482978073521
1.02066388941
0.428919046499
2.12176432626
-1.39325638401
1.48178463938
-0.115389083074
-0.336880181097
-0.164799467814
-0.390885900886
-1.34777430865
-0.869831361774
-1.74429870086
0.176848577865
-1.24627454708
0.441758232675
-0.0128239597028
-0.376444186385
0.901019980361
0.343231626878
0.565083606717
-0.293684761325
0.26130866168
0.762023999447
2.58055793719
-1.91006265606
0.997245083443
-0.73273848231
0.554166032809
-0.992590926421
-0.0147171760061
-0.811651300792
-1.15018506374
-1.5270830842
0.910394463652
-0.391683746195
0.438814319815
-0.240811188041
0.540614382117
-1.88310049425
-0.477979740547
-0.847742860996
0.0192913334237
-0.906014717915
1.36455127282
1.23542970155
-0.55322859271
1.01368866201
-0.0836944626908
0.795879000476
1.19366047009
-0.978634819938
-0.471982808306
0.177784648146
0.0349689198254
-0.552199327455
0.0200389430059
2.68000466208
0.314640517408
-0.967405424896
0.532837493058
-1.00578165847
-0.647684066111
-0.467885801339
0.57587577966
0.108241176748
1.60369190377
0.965852819839
0.152695943939
-1.7214055401
-0.426317146993
0.553299215436
0.812035863035
-0.812667290997
-1.1324008999
0.294978927341
1.08291669302
-1.6125833134
-0.842736389886
1.11936323151
0.6296648919
-0.0687326429634
-0.183618953901
0.579759483957
0.821208176708
0.513993920039
0.191293726137
0.689411629582
0.210924568414
0.338288453383
1.18668188281
-0.869663137311
-0.860355340182
1.34032310299
0.915485653722
-0.05629405655
0.126321273969
2.13663140362
-2.74508178211
0.463685568299
1.96810282366
-0.39102052328
0.283707186619
-0.370090389964
0.99016236136
0.798106325336
-0.676612273947
0.370941009249
-1.32378663051
-1.42842724554
0.269063111405
0.0056183921302
-1.8970496181
1.03422255029
0.00690762167789
1.18648693923
0.720347702654
0.801955328987
0.109387080422
-0.391315658094
-0.996172552263
0.068411853669
-1.45714473335
0.571698521601
0.0735078307808
1.4236152365
0.053248171097
-0.0808367694969
0.0599355991295
-1.14628317997
-0.203264797809
-0.158110894489
0.114849717087
-0.0687987896908
1.0300301203
0.225412330856
0.364296972762
0.362954366465
-0.29830256127
0.639119236591
-0.562368889724
-0.38068289266
1.25289957202
-0.364593061055
1.19589468604
0.4402368677
1.49878854256
0.498815611241
-0.0624317671979
-0.460853490463
0.467361523897
-0.190989612915
0.593828049338
0.0709597220406
0.840153011929
-0.975327002657
-1.09101581165
-0.751689846872
0.202446982538
0.841921032042
-0.36991809365
-1.56730977
-0.4480597561
-0.811773347223
-1.03037218908
-1.61268062191
1.14859822893
-0.0924309797338
0.588720090648
1.51215123494
1.06862590735
-0.5008290071
1.91386079961
-1.63085270713
-0.962676093068
1.07687825279
-1.95030951137
1.1255908246
-0.0835528714907
0.862617559421
-0.111488947226
0.0711828231054
-0.989182685661
-0.559060001311
-1.89386287682
1.12694917046
-0.419695454921
-0.275364635187
0.809534303814
0.122349915803
-0.0316078771006
-0.356162271167
-0.361267243472
-0.782145417452
1.2141088623
-1.01778687414
0.241943125003
-1.18329033281
-0.565831519651
-0.687913743701
0.120420178899
0.819892792293
0.72218499763
-0.672947118486
0.959380119814
-1.93188971089
-0.530442781543
-0.496283897297
-0.0424979176561
-0.633753330116
0.279096702585
-0.777314522106
-2.70001329488
-1.81896762879
-0.289210771757
-0.892988614146
-1.58577949344
0.437845565018
0.62650621207
0.547611689877
0.174166736001
-0.80357775596
1.23305832304
-1.20392642682
0.572498352337
-0.835699360127
0.636302372807
-0.131199218617
1.67720845486
-0.689279933193
0.558509709305
-0.0345933436891
0.648095477765
0.625244874764
-0.139462896974
0.943889326125
-0.920806805122
1.36119426891
1.61634052712
-0.879893460489
1.03175180557
0.0357254350253
0.274513124769
0.100946528974
0.0621740049861
-1.52576282809
-0.207475621248
-0.303576376514
0.927592832371
-0.555690906047
-0.0607118659895
1.04269582517
-1.5850379015
0.849979002762
0.390895021467
1.95018977696
0.494237246717
-0.515823898594
1.52022724036
0.55409161683
0.704740461712
-0.780679939935
-0.835974761551
1.08442220863
0.166388145236
-0.620217821734
-0.831020721736
-0.576929391893
0.188527010607
-1.98626475447
0.291048204271
0.757033953209
1.59902803922
-0.745858105315
-0.126870595991
0.627101952162
-0.353481185523
-1.29315062529
-0.498257510132
-0.617857111083
0.213000112206
-0.441125108603
-0.277057145611
1.2331211712
0.215130771451
-1.10416418658
-0.167693343712
0.276053873862
-0.857843373607
-0.35684577179
-1.32504662171
-1.53528876813
-0.72964129849
0.724983718575
-0.33976413404
1.63951381499
0.159044027104
-0.475909757983
0.746384429519
0.720042574413
0.00467865558267
0.74698506903
-1.13888642062
1.96091703157
-0.290628107498
0.269885356671
-1.09824220216
0.252144058492
0.953946136665
-1.4197816229
-1.18341138365
-0.168169273756
0.544925830966
0.666287618802
1.17122315271
0.624514010567
-0.941973043881
0.465414390419
-0.265625555744
-0.327682869775
-0.0474595590225
0.759348565609
-1.4574707912
2.34928695277
Score: 35