3
44
10
3
0.262211805891
1.5457314859
-0.243623133164
-0.966398507502
-0.382954925412
-1.63648788986
0.116835869242
0.554879463305
1.39995044552
1.51963404114
-0.854570106996
0.772712347984
-0.00219320603059
-0.642990314377
-1.79821591591
0.182610433033
-0.366382099415
0.119629748652
-0.855234375065
0.806819399027
-0.17841612475
0.634925506193
0.620669804873
-1.20571648961
0.286836586486
-0.350718121803
0.384773872618
1.38831774094
0.870646157834
1.07069823192
-1.81377533523
0.548865705708
-0.541462558564
-1.79101858927
1.27142191348
-0.40440880215
0.14057765237
0.50132602001
-1.25023844995
-2.27648141708
-0.857621918029
-1.6740530556
-0.143810920516
0.0960123778751
-1.40220190059
0.419667056453
-0.883954782867
-0.89744782016
2.51692583873
-0.777091137951
0.433129320788
0.0696287123483
0.446274917278
0.434887329005
-0.998006021899
-0.0893076810585
0.956930795551
0.10119400026
1.87447312422
0.392826356473
1.00842787349
-0.741833291966
0.310575624442
-1.32819705665
1.3874411618
0.267386106949
-0.0186487927855
-0.673280952404
0.111183074361
-0.301856471169
1.29755898679
-1.81561149408
-1.47948825368
-1.34579136981
-0.295293040333
1.9207573141
-0.554261637897
0.00223134605309
0.505151310939
-0.339027200688
-0.342628794336
-0.427852427218
0.839753679138
-0.208100791836
0.112468520314
0.244547821809
-0.908535772353
0.571931436028
-1.27907821952
-1.95028182182
-0.188272896124
-0.796951623349
-0.10316476983
1.8714575182
0.190361122752
-0.596820195753
0.521783780188
1.45256173653
-0.280815810279
-0.382037251167
-0.226670710454
1.62208018909
-0.413208474375
-1.19083793827
-1.00536665314
0.00994038990839
-0.273373119345
-0.368977261978
1.0910361459
1.27075832028
-1.27118855703
-2.83165014322
0.0755201374117
-0.966904050209
1.81527963739
0.726877576199
-1.65280429476
-0.752234290088
0.94412475736
0.208565273311
0.414392779645
-0.958888323544
-1.68040024412
1.13740497126
0.365672338229
-0.295223650862
0.646106196361
-0.519184638809
-0.976360001488
1.28958106168
1.25696953603
-1.24820786599
2.03329631343
-0.72414411416
-0.608698153887
1.22385107452
1.28848767445
-0.355789877429
-1.64245480076
1.15231622102
-0.740128297987
0.0337422247096
0.939666565317
-0.339416842697
-1.33182194461
-0.815312943647
0.690647523252
-1.64251790952
0.59244255435
1.5093411664
0.53831247984
-0.514176426372
-0.964711926041
2.86231371967
-0.464180634822
0.779317351396
-1.69574602453
-2.39429560816
-1.09342499251
0.272874366136
0.59382147097
0.734028044806
-0.926287130601
-0.413988275618
0.633167955784
0.217400183502
0.72859484162
-1.14017063214
-0.0841700242094
-2.13391696555
-1.98056425069
-1.12736883182
-0.454414829274
-0.360648377346
-1.1936751758
-0.12082298416
-1.27730936814
0.199128930886
2.10009091191
-2.53729611223
-0.728795201256
-0.0917998988366
-0.160306557349
0.850707738963
-0.423713530733
1.30274250647
-0.395735988115
0.568839411626
1.23861149777
-0.804966523503
0.410246909751
0.111417058217
1.38930085154
-1.09394917774
-0.178503335417
1.47656225181
1.05945915855
-0.559679094761
-1.8950307178
1.39530502539
-1.10383644748
-0.0439498409899
-0.0133456127345
-0.808358018151
0.142536338179
-0.466970627388
0.615976757058
1.09910120124
0.143597538557
0.590872373711
0.621665906933
-0.551022810111
0.335541731791
-1.06874070646
-1.1294413827
1.45272166566
-0.578691377682
0.947061548634
0.28624788853
-1.11646142257
0.170636461238
0.918819222556
0.325440630752
0.603688943038
0.920477326964
0.337151812091
-0.529022493924
-0.747282583055
-0.14458316265
0.580109864055
-0.86736634791
-0.276994580699
-0.683078128685
2.08109316416
1.38547875196
-1.01472308327
-0.740613587005
0.351235155397
0.47871062088
-0.483001924266
1.29135939216
-3.01509898557
0.725726155043
1.09993753719
-1.69505320382
0.80066598156
-0.994285273126
-0.151083986019
-1.6730763181
-1.19093309295
0.305266161063
-0.488821162264
0.751926194759
0.0909737850226
0.528665512518
0.846123952555
0.417901373465
-0.577325867134
-0.577441276849
-2.22968732961
1.15974527073
-0.3075706087
0.586851170768
2.57858170718
1.10740067902
0.2779928286
-0.35848883777
0.219029075018
0.318923902913
-1.74126908484
0.137110849567
1.19599977468
-0.574556536669
0.0674936176872
-1.12913369876
0.887936639469
0.370229072141
-0.809811329671
0.676098896203
0.337508537894
1.20098651378
0.480555018116
0.25643865394
1.488395239
0.996930673014
0.029116297932
0.247987443978
0.338196732844
-2.18392241694
0.31465075806
1.02321727034
2.3549524827
0.588068672516
-1.31926614643
-2.46050894007
-0.616516164231
-0.636370648014
-0.458596457353
-0.57912633467
0.894243566354
-2.17015890511
1.04682795039
0.72059933223
0.891225050173
0.226229293748
0.610893119459
-0.384572196303
-0.791156162749
0.137485675392
1.07061509555
1.65802278945
1.04023856755
1.12538071979
-0.135880871317
0.218090697945
-0.916203819638
0.153056315042
-0.458696512602
0.81892561494
1.22116577606
0.716800202374
-0.290044458064
-0.179269127512
-1.29885393198
1.01375841526
0.579072268929
0.564185618055
-0.178942351056
1.04814397315
0.773317074162
1.2843096847
0.328297768305
-1.40460617931
-1.45562521582
-1.19679763546
0.0761552393067
-1.40909231399
-0.521642947844
0.915542629438
-0.811686403497
0.00489730991714
1.34991903182
-0.949903299346
-0.702321927562
-0.649095273665
0.624699651949
-0.675140208977
-0.0552144864529
-0.12280361669
0.530137017919
0.666386643463
-0.319163811973
0.684733246789
-0.487119118145
0.180660827347
-1.35260154435
0.102702455257
0.761265410868
-0.312972437931
0.39975791277
0.950615630176
-0.190067000385
-1.7547258104
-1.49164819574
-0.363567747404
2.18764533741
0.113138877937
0.653839203492
-0.891267195491
-0.409086470031
0.740236488017
0.684569434853
-0.0586025156519
0.119493200291
2.50946699025
0.286518573006
0.18748074452
1.78752396011
2.55062922651
2.88419418941
-1.20195220429
-0.448611617663
-2.13369562326
0.703702243762
0.273632937606
-0.48397444143
-0.0222961930444
-1.3060617045
-0.121246984056
-0.0256731823652
-0.596237803159
-0.942762052552
-1.42613081869
1.79550421936
0.571184358459
0.596630073903
0.647514257531
0.962394142765
0.0412967139399
0.113122837365
-0.295642449003
0.923450850947
0.343606229067
-0.251176705428
-0.708291688334
-0.73491871018
-0.29086233042
0.49673498864
-0.134505992898
1.49023416927
-1.5037717413
1.57825665178
-0.836407148774
1.45673093082
0.455408959692
-0.460824073134
1.36950435712
0.757401455364
1.45059001535
-1.76507739308
0.744577330291
-0.964059219642
1.04023044221
-0.634913839416
0.0447260085298
-1.69703871872
-0.913326209956
0.885048542884
-0.122843094241
-0.211108109701
-1.45221984266
0.541450589032
-0.641122278087
-1.00644207448
-0.0688319128559
-0.183055115598
-0.431677170155
0.218762134252
-0.455527795828
0.0395301477213
0.0630248589796
2.25495436561
-0.929032285571
-0.0574696129509
-0.0650959662844
0.279247386498
0.0698627794272
-1.28190328684
0.0113917810578
-1.56434973499
-1.1501606785
-2.7104199653
-0.813347907699
-0.698051198699
1.23422913942
0.113720678366
-0.0347097820775
0.79114060305
0.259245294999
0.812902749972
1.49410610531
-0.278788504315
-1.41870122474
-0.452588383856
0.159823168893
0.0151537256776
-0.0283454715931
0.227795970231
-0.441111121741
-0.908814338751
-0.23000701432
0.682835546526
-1.40810714888
1.38328775069
2.36520355107
1.99545254193
0.0943097995673
-0.349930492957
-0.435113394717
-1.029336039
0.339341585781
-0.3390805498
-1.42898268555
Score: 13