3
44
10
3
-0.778467990027
-0.689686370143
-1.49281621158
-0.879030123725
-0.312138390979
-0.676832887626
0.815608008822
0.0517798998028
-1.01085018913
-0.164365705856
1.07672040609
0.495213683963
0.427572074362
-0.329907859824
0.214219455496
-0.89594248923
-0.492145882431
0.278423882657
-0.758055908456
0.286129487079
-1.48952876229
0.0171014988309
-0.230623014092
0.569323732672
-0.150354692602
-1.87074884456
0.362660783056
-1.14237769206
1.48139879958
0.714609341413
1.43251675562
-2.6615958578
-0.809145087806
-0.889093645392
-0.141304450731
-1.23588374953
2.18330629662
-0.656526254436
-0.157719577706
1.61964358212
1.58010158309
-1.20746443952
-0.838237497953
0.87365411778
-0.0797554132363
1.15991477483
-0.942476127662
-2.14708232421
0.332319210252
1.00425736825
1.15212023278
0.378909523316
0.182913196644
1.28343197109
1.73259757411
-1.05436266256
-2.8977467511
-2.434812689
-0.479843324384
-0.167977108176
-0.0611380950532
-0.474354674508
-0.863077385542
-1.17384191943
-1.06549566409
-0.692840705342
-1.50799057344
0.112590867642
0.202518200186
-0.350634907544
-1.58576290438
1.3081814776
1.60356265535
-0.569950944278
-0.497090262995
0.104493810235
-0.828766937517
-0.53826759185
0.173047111853
-0.541684280009
1.85974932923
-0.211327961383
-0.649190066757
0.397443004588
-0.995764949453
-0.672506627778
-0.694501700825
-0.230936319705
-0.30303998855
-0.84322229404
0.786973785277
-0.579480581744
1.03425494959
0.252329908885
0.641214287273
-0.870115484175
1.04231733503
0.0996309964082
-2.13910758138
-1.11463940546
1.01308326088
-0.54066344141
-1.65691109649
-1.48265459419
1.35265149095
-0.112590937406
1.75550897123
0.411881490939
1.48308980868
-1.31651162219
0.293978787677
-0.000643579946296
1.38249182831
-0.475756010817
0.176092368233
-0.372704246148
1.12750332141
-0.720602289637
1.62496793621
-0.883374216486
-0.829778656391
-0.257323161109
-0.408949286372
0.401836619682
0.835955775578
-0.335013199125
2.2045604268
0.431256574164
-1.2213194113
0.587212675061
-0.087631690894
-0.587527262587
0.246497540791
-0.323154477497
-0.255544376857
-0.589497694983
-1.34004479933
0.566113864049
1.15551788081
1.33381394107
-0.662276909015
0.60748322479
-1.59367915135
0.653728486701
-0.313480878863
-1.15590130203
0.431805469923
0.752555871604
-0.257453309874
0.479004156586
-1.37175966555
0.792338115656
-1.94555465737
0.745901757524
-0.337297021558
1.59557593541
-1.21941300443
-0.344755848208
0.352818443213
1.80900664218
1.22210503043
0.224622988816
0.237307900509
0.136741049717
-0.93887975809
-1.12027534319
-1.96267999568
0.161042605757
0.654240828208
1.07671115046
0.774956311383
1.0862927067
-0.158491617868
-0.0784032923366
2.64878435932
-0.149014967016
0.207313333775
0.614088299411
1.98831834879
1.36767287347
-0.188777679996
1.90376275767
-0.164157458782
-0.0905015999388
-1.87185446607
1.23181978479
-0.24399682317
2.17447477999
-0.423202586093
0.526066484458
-1.49840355241
0.809393759049
-1.64250654743
-0.503481712943
1.63082863899
-0.0674634144372
0.0525221925055
-0.0179055798964
-1.44449943158
-0.383942000397
-1.40285071629
-0.737873608377
1.02532058885
-1.40595015101
-0.973843752523
1.07107779484
0.61040802519
0.374165410185
-0.746509749318
0.273643816778
-0.838393523876
-2.29460204756
0.451152540102
0.6426119031
-0.48728810224
-0.515137315257
-1.17460254566
-2.48110874547
0.699630683129
0.740070731695
-1.37441087787
-2.36527645745
-0.255374760304
1.54512086638
-0.511408158948
-1.24459194483
-0.255401405275
-0.726393710088
0.37735858603
-0.728594904915
-0.510489480134
-0.394606782972
-0.793481104841
0.553785422972
0.199717064544
-1.78637242969
1.04115420251
0.0997029819578
-0.946906894554
-0.444472987618
0.0942424170445
-0.639084529325
-2.86882347954
0.762928109182
-0.0973848579961
0.379785795999
0.437423689106
0.331686958078
0.751221628573
-0.14413463459
-1.51321138615
-0.842643253513
0.495174220914
-1.11977512778
0.0559710766641
1.3322985659
0.614142491324
-0.349222858452
0.212982327405
0.351180907721
-0.539149075088
0.135941230601
1.20379197686
0.00818775231378
1.12622069665
-1.11355704189
-2.30556137962
-2.03026139526
-1.22156329757
-0.151066515759
-0.600530052332
-0.311803561063
-0.0619750422813
-0.412055221803
0.152611693478
-0.260433013523
1.19723168188
0.0269884551552
-1.62932610857
1.60142413816
-0.461828169343
-0.245358445899
-2.12004107374
-0.996546250925
0.404447184957
-0.412707267699
1.00975297944
-0.204348754585
0.529206475597
-0.961207463194
1.47802676599
0.845020043725
-1.47720245183
-0.659099397587
-0.82960621993
0.651337359904
-1.11382618078
0.00368503449185
0.771542793079
0.580621359523
-0.118839019567
0.135436093082
-0.00317242679659
-1.37915544262
0.194408329599
-0.501702317994
0.206561359653
0.580489576234
-1.35041504602
1.71191202238
-0.897806964536
2.70288032904
-0.685264519814
-1.64953508777
0.220885386968
-0.171168458398
-0.122648960034
0.722609927474
-0.457166371827
0.850407734599
-0.312333288194
0.309899539771
-0.0927191486975
0.479172578988
-0.25180448394
-0.341196195735
0.387771544905
1.72033701318
2.49779811663
0.903163275756
-0.3624855305
0.182667102061
0.27263427328
0.0285363402757
-1.25062161912
-0.953573655672
0.403379076484
0.29377286537
0.917222185464
-0.483855397809
0.424171227954
-0.631932410796
-0.0806919855308
1.8142869127
-0.972419168728
0.40837906852
-0.274976894529
1.21548230895
-1.21478932016
1.63813782008
0.00345717409343
-0.847716876729
-1.38668682012
1.34977295067
-2.36195623882
0.192704963211
-0.378505700278
-0.261145101196
-0.327462455713
-1.53305417607
0.873427016973
-0.225917782217
-0.0559907777816
2.05137478062
-1.49172427695
-0.159618113128
-0.393800388709
0.903456514785
0.780624500796
-2.35935072333
0.975197311905
0.267579926919
-0.301055712671
-0.423621619687
0.619111846593
-1.46605360374
-0.653581344778
-0.853735368672
-0.311658743641
-0.440142714695
-0.597932758802
-1.90240246259
-0.570566665067
1.21684441962
0.248737556948
-0.517714671978
-1.35766205035
0.367466309156
-0.719494496413
0.0481885631824
0.571900628854
-1.72951444437
0.0947708912642
-0.130425614066
0.720607682629
1.07768992212
0.739376297716
1.80896739642
-0.571962015688
0.948402227574
0.244526425204
1.71077188634
0.737687593753
-0.949565533135
-0.853930555499
-0.388190261585
-1.2379090492
0.899568113745
-0.704670837562
-0.289067045743
0.0307612912177
0.51615126877
-1.54041795536
1.00037159462
-0.00810979620803
0.97759215331
0.0447477031261
0.977567383451
-0.582687860962
2.10390936577
-0.553135771746
-1.23380657639
1.40261113725
0.343210563134
-0.920085749732
0.947202749478
0.930969588957
-0.0202299186504
-0.880284415426
1.42218364803
-0.151098555438
-1.55009104907
-0.201187785947
-0.134188842929
-0.734735805179
0.12997091915
-0.0207148009283
0.326589408609
-1.1271316827
-0.286693099798
1.03347005911
-0.12360523664
-0.327751069968
-0.324140689377
-1.26947367609
0.356283575442
-0.589583176598
-0.355917901162
1.00942503725
-0.168714988933
-2.09384113079
-1.15106302002
2.19137004383
-0.617556718135
1.01136641046
-2.54312329445
-0.147137842648
-0.800594847384
0.120613033441
1.64398051466
0.0346823439569
0.34217712122
-0.962421747554
1.00093240278
1.86106849339
-1.46523608352
2.0174668802
-0.570465898225
0.267581653736
0.506415135126
-0.838660269215
0.357050698973
-1.43568715891
-0.992292496784
-0.00432303566726
-1.06481061555
-1.13615491939
1.21099640547
0.747988680946
-0.129917054195
1.06232644291
-0.328726574087
-0.832504635715
Score: 13