3
44
10
3
0.5336946803
1.36499048421
0.0272962802789
0.421062126143
0.633398756643
-0.488687029427
0.684426343548
-0.426634210052
0.213331911916
1.40984825815
-0.246599011739
-0.264222595847
0.948817006707
0.195375646341
-1.47635158645
0.626896954013
0.906113324427
1.20799539916
-1.6222728123
0.17599863301
1.6355341867
-0.710779064132
-0.160190091947
-0.487023739127
-0.399245958825
0.808816513535
0.975868399697
-0.13754630784
0.922076882524
-1.19158634793
0.0547105944397
0.167142863656
-0.577917636887
-0.985420447799
0.117229920925
0.603970457034
0.876502384218
0.763751338729
2.48654227299
0.214978315903
0.325503202254
-0.494060518271
0.398740370769
-0.236829036404
0.188412492109
1.10735089271
-0.545912726838
0.52330566741
1.01380964553
1.51620224624
1.07807632016
1.55622691093
-0.788338135318
1.14587805213
-0.287465108319
-0.161849248714
-2.0352313196
-0.782770304198
0.569963459815
-0.594772432246
0.885379884305
-0.0424474295324
-1.47403157352
-0.72330541862
1.65962800531
-0.0503841713336
0.682430885808
-0.821279848392
-0.21599331699
-0.819824730522
0.862255642644
-0.432232301074
0.255654842821
-0.205055879528
0.0746964140349
0.724484052758
0.701669229285
-0.214189460586
0.841281772485
-0.0436930169077
-0.457571368707
-0.869317445508
-0.0815213267268
-0.763310309185
0.761339495546
-1.27325130155
-1.82195815228
-1.58347786377
-0.940973356604
0.17071578844
-0.576981213332
1.75325416659
0.455119244127
-0.209698746824
-0.114913293414
0.964788319873
-1.11275507792
0.536378434121
-0.390362702464
-0.172939363481
0.973612732854
0.382984934017
-1.00244209266
0.949907715649
0.593336058855
-1.30174067081
0.350675676076
1.26950243648
-2.80999657871
-1.83164615616
1.16447360552
-1.38843894171
0.287506063727
0.229618808178
0.921348246862
2.33907362451
0.42547525167
-1.34857114724
-0.244771373559
-0.765291780955
-0.896551873385
-1.06093409468
1.40684140575
0.599359514981
1.5386702824
-0.119609946295
-0.357045431787
0.344132941925
-1.22813432824
0.781624806251
-0.0597080565628
-0.086660563571
0.759069065944
0.375492261145
0.0121436241681
0.414633297981
1.79062150946
-1.07547711441
-0.649765365989
-1.49797963919
1.74870310984
-1.20101289296
-1.55522922586
0.412783851824
0.852861343459
0.894606547236
-1.39678555513
0.167406056756
0.66856447706
0.628093826891
-0.92275838072
0.336591749226
-0.336346240607
0.391094024452
0.973323084799
1.53102467629
0.617981420511
-0.487994966379
1.26703962317
0.444703827568
0.369712071411
0.72022419945
-0.596069227359
-0.318995795814
0.846898893237
-1.09890057603
-1.13245630165
1.97694276963
0.52215088287
0.85737103035
-0.834534845707
-1.17755487669
-0.694201486227
-0.419276710082
1.6806786562
-0.424500459281
-1.42265553076
-0.305859808904
0.332028157113
1.31272057948
0.540978594909
0.67741498287
-1.88010082586
0.863298488928
0.340609528753
-0.992216013852
0.975436495705
1.37586842071
1.06848788438
1.79800852581
-1.31330291846
-1.59622517715
1.82148967458
1.18746428753
0.535854347657
0.0608861112107
-0.404773248279
0.941584877515
0.714183926307
1.22394064524
1.10112524405
1.04143706718
-0.0403416461843
-0.477326848531
-0.18516625043
-1.10500881277
-0.361804979308
-0.315380594926
-0.0496161240225
-0.425388133392
0.174297472808
-0.654056519826
-0.706557584316
-0.893924348007
0.371061659548
1.06965129816
1.18744778383
0.871390756343
-0.0483059219727
0.718268576453
-1.40920737781
-1.49853468162
0.241297935838
0.930101893091
0.367385145903
0.213901906906
0.501411485598
-0.0332479803939
-0.938164169864
0.343525420603
-0.531076051066
0.477523524128
1.64978054113
-0.82147141671
-1.54113662693
0.357543137226
-1.09995652206
-0.307669449179
-0.236780953166
1.06749665094
-1.93799210344
0.625389872182
-1.06820566308
1.26837640975
-1.19375762313
1.30257612786
0.401834464707
-0.402572197984
-1.52128751857
1.0122691985
2.87778977022
0.373766237075
-0.772075526773
-0.920006814577
-0.92494123813
-0.639109820247
1.07857494682
0.759968873089
-0.683219762414
2.37025511717
-0.432790919377
0.92925359158
0.0969980491369
1.33742133737
0.898714195274
0.712366093536
0.41006875465
-0.756574460385
0.126502454358
-0.486463127288
0.41817814171
0.0643388117683
0.153752614503
1.81054481152
0.421743283488
-1.66189959731
0.0615615127861
1.46961222258
-0.684427569994
0.105325458279
0.252420925883
1.02318515519
-2.131715194
-0.677750708786
1.22646574963
-0.741065624838
1.51227079229
0.57717251487
0.576503881496
-0.678090068048
1.10168496071
-1.24506563567
-0.785823193713
-1.18577506567
-0.759744352708
0.749293217382
2.56088772688
0.692859147355
-1.01615631811
-0.502335250199
-0.635410193804
1.10559951875
0.177274494411
-0.396606642423
0.654832382716
0.11669918464
-0.254093626261
-0.519018882019
1.98939764346
0.83139042339
2.17176931196
0.41550156314
0.0529358424201
1.30328844694
0.432735359639
-1.17206888947
-0.231320474409
-0.73018163471
0.392700931662
-0.710467264848
-1.51392595812
0.264261320453
0.332087590015
0.152814446301
-0.198044189766
0.431631026261
-0.42442927727
-0.00906278764793
0.300442170065
0.792885109966
0.609327572647
0.484352305062
-0.813178542304
0.434040884965
0.764996516958
0.383717221567
-0.498021271915
-0.265852628766
1.63615605622
-0.848816128566
-1.66798939378
-1.41218962199
0.523133821389
-0.0140921825825
0.801656968024
-1.18904658302
-0.711223558507
-0.188822308881
-0.363368013537
0.803128626209
0.927759223722
0.486646938997
-0.947341579779
-1.44506297877
-1.07181333868
-0.759106039683
0.452906569295
-1.69314709009
0.747553982159
0.104047613093
0.133042669534
0.623552941737
-0.182740589576
-0.161390309354
1.72823408084
-0.226899558899
-0.0787924745087
0.446918464483
-0.627700856951
-0.70839278548
0.754325907891
-1.87815709943
0.570492773944
-1.67114599952
-0.992071290011
-2.36455960418
0.670560611577
-0.0358746392542
-0.929001762703
-0.720742384649
0.522014358874
0.269052111777
0.898565941615
-0.184131660621
-0.244713902557
-0.766685743882
-0.855073991232
-1.23029383463
1.34266734051
-0.179850270035
0.888358066301
-0.574549717688
0.836515162822
0.814231547862
-0.257941083432
-0.200321356373
-0.530737403147
-0.469804302651
-1.16942644456
0.487995264102
0.00726532322226
2.68177888744
-1.11328237317
-0.911084812903
-0.241012588161
0.785716559389
-0.856684916483
-1.75214454044
-0.537937500514
-0.662667985586
0.614508264469
1.60280667723
-1.26290189816
-0.817601259757
1.537622787
-0.0595758769804
0.380725878218
-0.880557390835
0.0504345651991
-0.202697694301
0.255062204922
1.55611339692
-0.356970587084
0.981212722065
0.493265042925
1.18633111326
-0.517943017442
-0.600021591472
-1.27737527745
0.118557094112
0.965125412232
0.0582736811325
-0.42624250611
1.11447012109
-0.16606367932
-0.553864045312
1.37898571886
1.03331732824
-1.27392328258
-0.806066211152
0.289128582933
-2.66296971149
-0.91703665083
-0.0543947858709
-0.709402364806
-0.174815816985
-1.11596164893
-1.06795621326
0.340840499269
0.388999452643
-0.538350621343
-0.876941263412
0.713182671446
-0.32821293957
0.618183087574
-0.240217666783
0.0752049825931
0.523785851218
-0.429569642425
-1.54623168567
1.0232259631
-0.680786156801
0.205660745264
-0.611513349943
1.10330892065
-0.40550132586
0.0694538694118
-0.0508538008944
0.0193098653214
-0.244835650078
-0.030967383245
1.01271451347
-1.29473435402
0.238112063125
0.785555999181
-0.632049960853
1.38312810176
0.55011706537
-0.014850979488
-0.247429569483
0.0435980318046
-3.13464613151
-0.501395573162
Score: 10