3
44
10
3
0.029373570395
-0.275483866721
-0.175492874913
0.586337071395
-0.34418231883
0.83977942428
-1.36823058576
0.0514986566403
-0.162340983938
-0.42959206563
1.29234916234
-0.341772096606
1.93237362607
-1.6579617377
-0.47980720454
-1.07996199427
0.616390846684
0.0688666082026
-0.779836119012
-0.47202776718
-0.816486295005
1.42432499541
2.54457826314
-1.39904787836
-1.84441426444
-0.131305263248
0.640976838302
-2.50118290161
2.17646209336
2.48299788337
-1.69979750648
-0.148278996197
1.31116953852
-2.53739206128
0.255361053107
-0.664812386594
-0.939147436493
-0.706423090078
-0.072188283954
0.16683201234
-2.22657468534
-0.380807259253
0.132119108934
-1.03270736617
-0.0353388260227
0.110523473472
1.19652154115
1.15345053808
-1.03215140207
0.195680534661
0.992184412384
-0.239776897764
-0.0720179795275
0.743725738813
0.531918974079
1.07468459732
-0.270088877589
-0.933017846285
-1.14043366333
1.47155158824
-1.38386763306
-0.755608908393
-0.00153461427011
-0.520877980814
0.311826582706
0.790133322347
-0.220528166243
0.0317476930423
-0.363505054003
-0.393577952176
-0.925097730158
1.30315207038
-0.342576067182
0.176774937295
-0.310395274355
0.44870893332
-0.166719252758
-0.248596381313
0.981416205271
0.118700583965
0.0293050694867
0.235142719286
1.35787479063
-0.273600287246
-0.855541089223
1.70793272986
0.348718614609
-1.73410989724
1.22898662824
0.817281572498
1.2745782152
2.03830557863
0.0492711720593
0.723943002305
1.22833206497
-0.825389767699
0.713823753778
1.39438040976
0.883195159392
-1.05937456151
0.353986725677
-0.557524026791
1.12576323011
1.81708367139
0.824009353304
1.22376823304
1.05676180521
-1.30141874225
-1.96309179157
-1.28639928195
-0.440626524744
0.870880350175
0.796685123914
1.3414059297
-0.0282517768328
1.43656988275
0.203980410951
0.215526887131
0.205858851747
1.74163443022
-0.148004379547
-0.949224661097
0.913184007307
-0.332582687004
-0.151637321131
-0.183667655174
-2.50732809608
-0.256388312311
-1.4088098351
-1.11794115249
-0.495515422888
-0.237363396209
1.15228089415
0.884431082698
-0.343745412028
-1.44466869571
0.697204365354
-0.512822194149
-0.13439305042
-1.20967298593
-0.0347618359372
0.0439013242684
1.3102878665
1.21511139772
-1.38681637132
1.80352744215
0.228084443517
2.09173480897
-0.948570118366
-0.796606573119
0.450968999668
-0.909698244872
0.464239026426
0.116266174124
1.33289639254
-1.18671231926
0.189594399837
-0.478153447449
-0.745212004219
-0.0336380108288
-0.499595177334
0.840692119408
-1.30040395052
-0.0581041804158
-0.373942967114
-0.378463669731
0.640231906227
0.596133007285
-1.86173016746
-0.890248104442
0.430656104929
1.47411943297
-0.248101014109
0.344001570295
0.128164626606
-1.91422845902
-1.59115720043
-0.489911098417
1.11965013812
-0.63524479906
0.769490965625
-0.319468289986
1.09299090131
-1.69700651094
-0.464684048683
2.32987563541
0.214872505788
0.000767267432362
-0.902659212221
0.389585560299
-0.00235946002797
-1.40621101028
0.664810688501
0.999564551448
1.41503854521
0.382970349639
0.867086502279
0.960024940216
0.153114348671
-1.79293331095
-0.482072672228
1.77681077683
0.832084780307
1.64600464609
-1.24397113746
0.0337354127807
-1.16750723729
2.1480962985
1.84429905801
1.05027075401
0.473953460002
-1.18158024924
0.14104149927
0.445781916792
-0.213064912452
-1.25105297001
-0.2450902517
-0.899116656146
1.31259532903
-1.28215588913
-1.26623572016
-2.76402549962
0.446781823928
0.372767566424
-0.0685364200418
1.93195029558
-0.552498721828
-0.209714977743
-0.989670220259
0.487016179614
1.39168178331
0.252025562055
-0.324441218918
0.202935678237
-0.250713763071
-0.372542826129
-0.436976524774
-0.466277864126
0.00279267170644
-0.115813977287
1.71908561596
-1.64824473759
0.699097015534
-0.867667457277
-0.567650112728
1.36203120462
-1.08130434578
-0.410877782839
0.0876278799857
1.48499088536
3.17430638784
-0.764822306894
1.12315523649
-0.722724821908
1.21086586766
0.861038336808
0.46815828371
-0.631334897238
-0.201950931268
-1.18396699389
0.545196167659
0.527386743283
-0.987666574595
1.90677619179
2.01516342787
-0.571216628968
-0.816966404853
-0.079062674472
-0.00135982629547
-1.97388229549
0.963370926948
1.0247925516
-0.461062250319
-0.88035604919
0.520088332784
-0.123543938184
-0.669841497095
-0.269075067159
-1.48141475149
0.366184225017
0.193355223561
2.27842709423
-1.08972594496
0.450823892993
-0.780996062633
0.455598513042
-0.0716856319915
1.55029041807
0.294555900218
2.55466205456
0.67668074579
-1.02334104125
-0.975358252698
-0.0378707100827
-0.399866957295
0.615178222547
1.70240988036
-0.621728584864
-1.24565776275
-0.839446353615
0.11595809122
1.0663145207
-0.412343060004
-0.561778925205
-0.853234201609
0.917884289758
-1.30278880804
0.234214738466
0.96680632502
-0.0560816842875
0.154090730965
-2.68462735653
-0.0977835730607
-0.545756610035
-0.96741214048
0.901703812705
-0.166646708712
-0.452379904549
-0.889018196346
2.13744441914
-0.765901046285
-1.3082925647
-0.477473754484
0.7408293446
-1.80248285299
0.113367103863
-0.274181548484
-0.772850612625
1.35723806531
1.01144190879
-0.367331760417
-1.73296283093
-0.253725848005
0.512843316773
1.19602717482
-0.542715191622
-0.408739352038
0.655845241897
-0.895236930738
-1.08255959686
-1.24067115453
-0.0466469483706
0.0315421703556
0.946078980489
-0.213352217003
1.90760576081
1.04635377667
1.01194870447
0.19509391203
0.92615956372
2.03955605943
0.573633127402
-1.61510128667
-0.814578503393
0.474637423616
-0.47608675194
1.54601496402
-1.07294673753
1.46688081988
-0.134086724179
2.17557841886
0.222341420642
-1.38473069892
0.264458871278
0.6554208185
0.452424498649
0.143309575572
0.529599733467
0.141376052125
0.950702970042
1.46488958782
0.255964594519
0.495779983976
-1.18889510342
0.0916085752869
1.35649752104
0.645461471498
0.379131627686
0.413100324216
-1.43673867827
0.908862335597
-0.553554978651
-0.938264010971
0.00328257194284
1.66953383658
-0.751259758113
-1.32671708005
0.348692259986
-0.745195922748
0.523929235872
-0.291156805969
0.365088862308
-1.15543089299
0.160484168041
-0.551852151413
0.501394603859
-1.2276398339
2.38487115055
-0.536231745246
0.395344182223
-1.67413904129
0.150162598063
1.66511155133
-0.166069148127
0.567471712167
-0.591871211242
0.211503168003
-0.829938932085
-1.39360143671
0.486897826889
1.71008302728
0.0856336882505
-0.890474548618
2.61914092037
0.341056504013
0.209341741842
-2.561382582
0.818875738166
-1.11816310579
-1.02175670826
0.139759493162
1.8544529806
0.794946498865
1.09028899686
1.86483994201
0.559365564722
-0.827671079896
-1.43253837458
-1.25284972638
0.512134060099
2.364494457
1.50233637933
0.179610412108
0.0329735303407
-0.0349749908079
0.241349622553
2.74133013501
0.172714210811
-0.138264888134
0.57925238838
-0.635963819129
-0.279556325806
1.75554657231
0.139914079152
0.749121381833
-0.443914977517
-1.13878058929
0.498573370572
0.107104922003
-0.847688401899
0.438016313465
-0.613945175615
-0.595169882588
0.624002427235
0.0285578749675
0.110228748578
0.802356312798
1.33411459683
0.905028200211
-0.331829225351
0.60954134314
-0.335839067956
1.76849702393
0.684884914516
1.22511146983
0.483438456216
1.34784818565
0.584239695712
-0.501122861401
0.507635698967
1.49831700442
-0.396651970417
0.65151335192
-1.00538364291
0.467265719457
0.762620815904
0.0380200863745
-0.369909901695
0.311856628745
0.354269202225
1.85609475284
-0.999880849618
-0.0259514677887
Score: 1