3
44
10
3
-1.49592217798
0.217315341677
-0.542703718473
0.699054992688
-0.58121608115
1.61310943444
-1.03590176421
1.35113834021
-0.876375794362
-1.65299112375
-2.72711732135
-0.79509095232
0.266858789457
-0.344287918632
-0.998158207301
-0.434461868776
-0.489921476076
0.14657219453
1.61406871003
-1.05791762055
-0.294360687298
0.743766579736
1.22861073124
1.26112624517
1.42454550234
-0.927507411777
-1.84020002205
1.27699374968
0.391783567182
-2.10536988196
0.0183393113811
-0.629320127882
-0.357491291311
1.60852110567
0.29636231973
1.26856836458
-0.771382956711
1.74051592616
1.67246758532
0.470763743093
1.47015855645
1.578197334
2.0080132167
-0.564876773477
0.834015969564
1.38355268772
0.310049982337
0.993348426015
0.628532290993
1.38374935012
-1.07716542513
0.0551926627159
0.715710569233
-0.221862537253
0.715235941943
0.101618473773
0.357531857963
0.869289349934
1.16044244625
0.789990412978
-0.92584174449
0.366948775775
1.49779362322
1.64259555715
-0.955906944904
0.46631380071
-0.124799057718
0.0598062896032
0.786636072886
0.716152583192
1.54397405459
-0.608626603341
-1.37765783916
0.555694436205
-1.41888686507
0.874271826993
0.257780119137
-0.0468734124838
0.46949946008
0.987485975782
-0.557763339316
2.40157363316
-0.00793919778199
-0.903138998314
-0.541164859902
-2.43481223267
-0.050651895522
1.02138414499
0.589334604516
1.89950759822
-0.850287028433
-0.137616515396
0.153306894316
1.29641997417
0.388627116762
-0.349817771736
0.3532636208
-1.52914370165
-1.43044573014
-1.8304558264
-2.55476205243
1.48507524121
0.737290371872
0.591119132476
-1.88319718631
-0.775564985775
0.323484173926
-1.14502819364
-1.17007101437
-0.843062392137
0.102139536539
-0.740773478698
-0.0124283123699
0.197803192898
1.05551888116
0.745811958101
-1.54577292272
-2.32918940355
-0.63492673993
-0.223062706475
-0.517580122268
0.941609694728
-0.120045999591
-1.71322718546
1.29264575567
0.432614463373
0.783901085331
-0.756881052404
-1.62637896979
0.023153496612
-1.37084811474
-0.00601538746455
-0.505873950273
-0.391720352267
-0.935992425567
-1.37125966089
0.523527743015
-0.248575658917
-0.580306779382
-0.660242039112
1.37607252851
-1.24668344705
0.70838691376
-0.773042890735
0.217813951856
-0.186548572173
-0.276893008119
-1.18406937903
-0.938474010046
1.28602315974
0.00497599727398
0.0174339075388
1.04111477872
1.34373165485
0.751070873721
-1.50238095237
-0.263963852773
-0.665952603475
-1.59058326852
-0.658852803648
1.25076597943
0.423624966094
0.303278289755
0.301740786892
0.755315265868
-0.98707129129
0.913020741234
-1.10488602062
-0.602869802922
1.32120327356
0.555915751736
1.06923386412
2.15280766198
-0.936104420901
1.86875715065
0.290912165245
0.295263592063
0.469394093001
1.50746567249
-0.0238736552018
-1.58941563386
-0.0620631738903
-0.124894347697
-1.00239392696
1.73887102865
0.42450162702
1.07649817164
-0.789891506015
0.390318707449
0.297880149589
-1.18253643765
-0.533118695596
-0.275047740685
0.23672180651
-0.143859620624
1.07365877731
-0.116864970358
0.741948070926
0.55332479201
-0.419111291553
0.749840629478
-1.54487691852
-0.43500736032
-1.02099747649
-0.65926312418
0.758143698196
-0.549210391711
1.39375367368
0.776076157523
0.520391238362
0.62886595135
2.08588314542
-2.06162047942
1.25293799733
0.478076592035
-0.297021062001
0.456645728575
-2.32165719055
1.99754253821
-2.52701164549
-2.33088727463
0.460889372973
-0.118488745842
-2.12550606555
-1.04677147279
0.167229192629
-1.62174632868
-1.59881985266
1.08257592493
0.0731639088235
1.14180886011
-1.45438497332
1.05552826974
0.526040731606
0.350734580375
1.09299224765
-0.817018800087
-1.69623908499
-0.946173004264
-0.397257556082
-0.170632196237
0.0121591610482
-0.231947553
0.0632226097946
0.307775142628
0.926726617214
0.954693035583
-1.14815427128
0.664401871492
0.221916131746
-0.37975933928
-1.14327084781
0.967503852357
0.245228251832
-0.529431920785
-0.160746921201
0.770655085688
-0.178696576289
0.755957042441
0.120556203913
-0.234753753152
0.617499723518
-0.0816785723433
0.301972034231
0.338166409914
-1.7854232825
0.123840692208
0.342630150867
0.87599996061
-0.378196749502
-0.00122386149571
0.648924924789
0.744468673153
1.6366512343
-0.521599352428
-0.692975288772
-0.285597112688
-0.250930314676
-0.314703570317
-0.0300637317653
0.162310456957
0.204514490304
1.19694081508
-0.559360275815
-2.24108097739
0.0854402359493
-1.13999379483
-0.328639049478
-0.945201007436
0.590950906049
0.875600557835
-0.124373550497
0.17999780882
0.104848270058
1.18552147008
0.192402677204
0.346895993116
0.431031292514
-0.735999968992
-0.695933249606
-0.0435521261203
1.13986337129
-0.262685517217
-0.0962383979569
-1.30548749123
0.379061771899
-0.0476584947502
0.934643248288
0.35927158645
-0.762194560474
-0.588527245968
1.45713528204
-1.84032470778
0.34704812318
-2.24161505775
-0.872695283167
0.971636183467
-0.369437241821
-1.33447202447
0.631404049536
-0.0827576436972
1.88831033199
-0.666443342264
-0.315581986039
-1.23646629425
-0.854560498353
1.71688265582
-0.864077416133
1.0818725002
0.613145595444
-0.571359907489
-0.189823402517
-0.937214183131
0.00607214090179
0.950308262555
-0.442324037475
-0.198740690373
0.983867593821
1.96864064268
-1.58189185995
0.728023591971
0.561912251102
-0.60494764296
-1.10150014987
-1.20166675256
-0.954128732566
-1.20137467552
0.936613730212
0.153473727789
-0.626993084463
0.451606679566
1.36941075785
-1.23907501091
0.42299963291
1.09112829945
0.388369824381
0.365463694875
0.872293983786
0.204716147282
-0.961881561033
-1.19195226847
-0.370064206993
-2.19808944705
-1.07117254462
-0.0875547762745
-0.036394421713
-0.201130849074
1.90724868696
0.648893899038
0.916337202063
1.07983105573
-2.69460911181
1.22209477767
-2.62602792978
-1.17191685954
-0.866133406482
-0.932881260934
0.398142200434
1.08468640327
-0.695849878112
-0.93718742806
0.969876139345
1.13655192846
-0.15186320507
-1.20107480332
2.46896051879
1.21009593238
1.43666382064
0.197500593957
1.09901135854
-0.431310682081
-1.06346398964
-0.391295126805
-0.760455783432
-0.374145162653
1.47306981017
1.78186087153
-0.679639190722
-1.00501961858
0.916768854919
0.342070674082
-1.41816128201
1.25362028214
-0.695531610872
-1.44934052019
1.24805891705
-0.823325622737
-1.28478878341
-3.29466579547
-0.826536297344
-0.46516218769
-2.88477656098
-0.757759427809
-0.196836981329
-0.714172734719
-0.24761194361
-0.146661786655
-0.162169768028
0.0413056132102
-0.105661765509
-0.698346742235
0.416071701925
0.581467254209
0.208068834622
-0.276790571007
1.20432333633
0.0409168148636
0.508338507103
0.742097541307
0.91779685176
-0.899065996894
0.0979831281891
-0.490608643827
0.380520500984
0.839595933147
-0.139100970372
0.97833173561
0.96785524798
-0.666029663933
-0.0201540729544
-0.36699443251
0.228295052394
0.387776766047
0.00759620111924
0.746047438155
-1.53295248635
0.803834437347
1.59109059514
1.85973229256
-0.11130169241
0.896224999276
-0.227094496782
-1.22287681055
-0.39867616848
-0.382215475816
0.100838550733
1.22106833367
-0.7123684471
-1.17231675833
-0.651123066712
0.136402202854
-2.14831853102
0.0776351396311
1.34254080371
0.755587636056
-1.72476986763
-0.692174651336
-0.298582608919
0.578458369553
1.0074268398
-0.587238235364
0.377367160111
0.957877506942
-1.39792128932
1.60235814887
0.342325530574
0.535087584757
-0.268531807482
0.90438881284
2.24276024365
0.12907571852
0.250221886021
1.33938029321
Score: 1