3
44
10
3
-0.777690705559
-0.777295460192
-1.30340201072
-0.956411513461
-0.324211557424
-0.76173125632
0.860449272876
-0.0510492501089
-0.885801482772
0.0672850731121
1.08213401208
0.598062397148
0.420614473498
-0.423509368322
0.314971715012
-0.780650742284
-0.378610594917
0.383032328055
-0.688749605228
0.281793336721
-1.62576728182
0.00917683840691
-0.243136273997
0.711523144043
-0.189664760392
-2.08548827803
0.313794535312
-1.12676704607
1.44098920483
0.889619830571
1.35597151424
-2.40004839123
-1.04464625314
-0.740372359101
-0.119772818119
-1.20979276587
2.03092376741
-0.697098894954
-0.408227718839
1.76189394598
1.45960675337
-1.45434776248
-0.838404352402
0.777292729204
0.024683855662
1.13867065321
-0.877385894704
-1.96440532079
0.247200094328
1.14661614707
1.21302018902
0.276496104801
-0.277303085008
1.22992523465
1.67027472256
-1.14234359725
-3.01878954521
-2.54597324427
-0.440064706622
-0.21596834427
-0.281073359672
-0.503124991926
-0.707483385021
-1.19082800317
-1.11063884685
-0.431708768896
-1.82209692098
-0.021796305139
0.167795439502
-0.469673916841
-1.58391433195
1.25894499907
1.39880713154
-0.640823084026
-0.40088004425
0.161545214651
-0.816330123828
-0.405865520593
0.107755105969
-0.516162097196
1.65917145302
-0.148375544269
-0.72755309594
0.400144588434
-1.24371906808
-0.439449136214
-0.93264568821
-0.120510563391
-0.528871591041
-0.802975542416
0.608367058835
-0.660215923808
0.907589474505
0.288345602967
0.788496801995
-0.716885590254
0.978993560618
-0.127320159043
-2.34225881083
-1.14681050588
1.11310602807
-0.299534307674
-1.74229898155
-1.41681126726
1.50682041093
-0.0805284086203
1.88740372752
0.4965838199
1.36052904606
-1.28339184578
0.172294439419
0.122141634381
1.51925828489
-0.302110792277
0.229689204615
-0.500575842035
1.13027629427
-0.522465504342
1.53287524349
-0.857527589895
-0.509539339089
-0.284810331105
-0.428486769543
0.315441789774
0.972836120525
-0.478378690969
2.3204582666
0.516515062627
-1.40502832129
0.525103380624
-0.141157758601
-0.561923325957
0.290698740912
-0.337605058811
-0.109439803572
-0.627367395448
-1.36094007457
0.468645973406
0.991638002552
1.31534691521
-0.713783368327
0.50407069199
-1.825347528
0.614842302848
-0.576866270385
-1.07331247306
0.479412047674
0.558383441396
-0.1985003591
0.274774326522
-1.35933337152
0.558216686196
-1.81687153348
0.807344327509
-0.339005306256
1.70342965489
-1.17023776765
-0.31819242746
0.309833640527
1.65821444953
1.20079621813
0.365147543272
-0.101760340459
0.0496572802458
-0.864083199317
-1.04912489453
-2.12643933952
0.064591960833
0.592123048712
1.16393767433
0.761074542051
1.25107107661
0.127214720537
-0.073570142925
2.61153170385
-0.345296494048
0.118995584685
0.705768853149
1.94000443201
1.57725068886
0.0641333140066
1.96078163713
-0.339512909027
0.0861662305721
-2.24368510717
1.24840744569
-0.305067260652
1.95831280205
-0.365877942951
0.438825541583
-1.68672284117
0.856624351227
-1.55199627713
-0.521850574207
1.55030848847
-0.0364203824784
0.0666154262893
-0.167174667667
-1.12324905579
-0.220005051295
-1.15657617386
-0.76324679243
0.667914589556
-1.61914107153
-0.784153017869
1.06377167103
0.814850881582
0.65962175621
-0.798966851573
0.312106970311
-1.16830126092
-2.2841570743
0.379882297674
0.940834680485
-0.447989430284
-0.750800187207
-1.2193923808
-2.26837931555
0.619356226963
0.635001774256
-1.51960907508
-2.63308078429
-0.217958787758
1.64642064104
-0.191644166076
-1.18037729279
-0.103281493633
-0.994578336443
0.0812269241628
-0.805367574416
-0.672647739631
-0.467212111286
-0.828771429131
0.56367007546
0.537436986845
-1.5608243956
1.31280795156
0.186148649452
-1.08158726984
-0.539307017091
0.626466192676
-0.475675530007
-2.81990145266
0.751529782255
-0.0696650160712
0.285544987543
0.523138132995
0.299527334605
0.992703286493
-0.12812794842
-1.4675445529
-0.78697138104
0.421549472934
-1.18763548164
0.0566682681774
1.38297179087
0.762799422699
-0.55297977281
0.0568428990227
0.404991971279
-0.571816658816
-0.0263618631767
1.41826957155
-0.172320919492
1.31637597266
-1.04745691128
-2.20772753549
-1.84602484179
-1.18373125503
-0.164296938204
-0.513686697733
-0.0938739293164
-0.0606783025032
-0.32287900968
0.0656109284227
-0.383936858284
1.08817346032
-0.197613938482
-1.34515998264
1.62987638729
-0.355945691669
-0.492886640302
-2.47536209401
-1.06890155891
0.493098239043
-0.258056409434
0.907454230164
-0.209884723925
0.620055408836
-0.953751575037
1.47236599976
1.08912631232
-1.4662762688
-0.597528911428
-1.02588597634
0.371191325726
-0.913226984587
0.0148655528194
0.613087007948
0.992037507314
-0.154660123929
0.142181758277
0.0309646140012
-1.50293027942
-0.0207770719998
-0.0318747495639
0.225286544096
0.524102471412
-1.2818602955
1.6357027995
-0.71636080151
2.6009530639
-0.550164084465
-1.48928363591
0.243329801776
-0.224226810389
-0.0995162571071
0.701843422117
-0.208371894097
1.01635311007
-0.373547578104
0.446530636176
-0.0252431787975
0.478938171772
-0.350754066731
-0.297259031204
0.558098577912
1.87928028404
2.31808545002
1.01978628875
-0.0488569346887
0.425165382532
0.264098873672
0.132052735226
-1.18887468377
-1.02970263679
0.526296999702
0.28150054201
0.767775189113
-0.581590336858
0.203708611747
-0.400210259612
-0.399324651154
1.88827819393
-1.05022794639
0.220621475517
-0.433020823612
1.23108303598
-1.35578110903
1.59875551785
0.21008476369
-1.04234896423
-1.21800347252
1.29006581596
-2.3020341621
0.522117343845
-0.321339488184
-0.465343862744
-0.288270043428
-1.51879208417
0.559903224559
-0.142778286209
-0.040078406561
2.11037203995
-1.55710185525
-0.203348393075
-0.410077235023
0.934638479511
0.96445007739
-2.36338032474
1.1913956768
0.088100617205
-0.344979237657
-0.575083856298
0.588853773145
-1.7320386172
-0.33437374536
-0.785902056157
-0.252582896097
-0.102422204057
-0.923918867712
-1.65223456666
-0.718117873658
1.09304092918
0.403294926591
-0.590440367195
-1.35077471212
0.407198788363
-0.609606897644
0.272166216226
0.523087272751
-1.59780483835
0.204099644685
-0.349618681062
1.07517306523
1.21744404034
0.95174073179
1.69596248416
-0.490002807874
0.880015357707
0.227218848953
1.70495566899
1.13886405632
-0.944019593546
-0.70604326757
-0.522016109566
-1.30324661972
0.655787021977
-0.861513429813
-0.21048816289
-0.240856379226
0.285306679581
-1.3170877503
0.858805063954
0.131333118439
1.05694226868
-0.0718288444495
1.00003962558
-0.802119999321
2.09141072423
-0.290505472025
-1.03139949337
1.33017606486
0.311448824121
-0.848855537031
1.10691802135
0.706433453707
-0.0198405763207
-0.388997969971
1.43615416721
-0.0203658775403
-1.8201893346
-0.290394814588
-0.0973309906786
-0.540541648518
0.268735811263
0.0830086048445
0.0545658995847
-1.04272417284
-0.144960491141
0.996025863856
0.137059743076
-0.217161009707
-0.0513923009031
-1.18621885813
0.104370876503
-0.860429916243
-0.396501013326
1.30566561142
-0.255008903063
-2.00668894508
-1.28969172701
1.99686547162
-0.737191396648
1.00159075634
-2.55443938007
0.125255969788
-0.779838119411
0.0886966975871
1.61910601862
0.218910036127
0.252160619619
-0.823519741468
1.05032043389
1.72854000204
-1.40195924436
2.11704313881
-0.850343709258
0.429869839244
0.565551249105
-0.900099449105
0.354372896178
-1.51311431919
-0.983195773785
-0.0441884143693
-1.07348156823
-1.17043382406
0.934955362274
0.908531921857
-0.0357302493519
0.949962028938
-0.298956807634
-0.795170636524
Score: 13