3
44
10
3
-0.656153764403
-0.47999642045
-1.45336876915
-0.868058644103
-0.0986282863
-0.533195885628
0.705266763303
-0.0479239337881
-0.974780220684
0.00499465309327
1.06364396524
0.518038878381
0.42599076443
-0.3621018893
0.306765576644
-0.86726759654
-0.3459369377
0.439972961614
-0.722079502354
0.216705098752
-1.43235622512
0.015841691594
-0.134302236997
0.518019256073
-0.224101566888
-2.04633028851
0.549755443821
-1.1404025642
1.45542481971
0.765094532361
1.43697199822
-2.44072490905
-0.922174893693
-0.67387909866
-0.172846017785
-1.27656666922
2.01362303025
-0.578370838199
-0.372420049373
1.60617709614
1.34087957029
-1.38781972709
-0.919624230192
0.768042210231
-0.0872110455332
1.05311192175
-1.05244174958
-2.04556333257
0.391375774137
1.01139994741
1.28674866552
0.268808914794
-0.158816855187
1.2471676142
1.92103773712
-1.0445223316
-2.89205467723
-2.60831363398
-0.618937984384
-0.327631559302
-0.251378279729
-0.525743750644
-0.891531227954
-1.22765568196
-1.14335681166
-0.48323205151
-1.57702600107
-0.025041149271
0.31211440293
-0.654097256274
-1.56478567047
1.46038046875
1.36617738738
-0.595902756877
-0.43002084848
0.153715412484
-0.653841915966
-0.506089265718
0.123776483678
-0.588963996024
1.82291987281
-0.281272616167
-0.627792765617
0.491412387111
-1.04365161084
-0.610781835062
-0.799310752831
-0.262642913579
-0.427873199998
-0.679294834422
0.752241278135
-0.464947882479
0.744528460355
0.142808086929
0.720126007608
-0.728287584817
1.09008992472
-0.130813083567
-2.30159783031
-0.988339215322
0.979899897154
-0.378385967611
-1.62050264647
-1.36513696341
1.51797305241
0.0119794013867
1.90327959174
0.45403422806
1.44605162811
-1.12903872509
0.281140465237
0.112534081761
1.54984052542
-0.323131822924
0.117366170707
-0.469247568531
1.11213786272
-0.622330219885
1.5794933534
-0.965918260841
-0.676931588078
-0.379175358654
-0.412111035091
0.30351132262
0.697402850976
-0.424655062104
2.34166656178
0.550881595941
-1.39183679343
0.605288737983
0.059207561826
-0.867596891915
0.521077760669
-0.400833268478
-0.2441700656
-0.593199539564
-1.38383269612
0.615595359518
1.07614955176
1.3613247785
-0.556641020099
0.595888477088
-1.79853402825
0.664734582694
-0.463166407575
-1.05960002428
0.268606066519
0.574748208993
-0.0923659626067
0.26359100187
-1.37694074142
0.505804200758
-1.93405920492
0.626021885747
-0.288527257084
1.74069449268
-1.28102092367
-0.459892070624
0.425748236911
1.68874021264
1.06791115406
0.246881087042
0.0193791281977
0.0800968000481
-0.72471734483
-1.1386827959
-2.19344796899
0.384010003
0.467650244986
1.40464340254
0.654634060491
1.19223088319
0.0640509165516
0.0563122667199
2.58628207558
-0.439930888306
0.305238754195
0.735289969059
2.0948494631
1.5456694538
0.114341962424
1.9949813245
-0.46607941725
0.101272401482
-2.33727116114
1.14195337118
-0.496927595006
1.91045993022
-0.389452895344
0.525191221024
-1.58225133715
0.932189537019
-1.6482967305
-0.532476174702
1.42050574569
-0.0511568199173
0.273560115619
-0.17599645857
-1.35119947733
-0.376082667752
-1.03404537476
-0.8469922833
0.712289806034
-1.49390963105
-0.865116430956
1.11257895783
0.582355882407
0.732770562861
-0.901802923113
0.190077440129
-1.10928828555
-2.2535499518
0.349057373904
0.896926437644
-0.404385876846
-0.38758599454
-1.19479138721
-2.18686385634
0.775284182492
0.627107041455
-1.45100010963
-2.75788822186
-0.288879507019
1.44407514983
-0.446451838639
-1.24469617974
-0.263887882051
-0.72350816069
0.0733123750975
-0.887886056904
-0.50828523791
-0.645293941139
-0.777609240213
0.433344682146
0.285785376157
-1.64715395041
1.36800581274
0.113227208928
-1.08547458131
-0.376691163878
0.452107939271
-0.621361110257
-2.85430675553
0.682863753549
0.0101084735322
0.236313617624
0.415211594317
0.13083944941
1.03406385552
0.00831549300285
-1.36304888909
-0.612251812498
0.510262089116
-1.13266685983
-0.0371747380622
1.54820874255
0.705856854601
-0.368421170776
0.264872196135
0.449762248871
-0.484754618854
0.151459789568
1.22719894512
-0.113429009141
1.34756483607
-1.06720059159
-2.35519108063
-1.91469932864
-1.20513953152
-0.00157129367963
-0.445650814787
-0.39108159081
-0.0626358518843
-0.368099238855
0.219753065822
-0.509870499919
1.10035670639
-0.117562787099
-1.45404224874
1.57116851406
-0.277332219943
-0.356337509074
-2.24371016415
-1.16957592012
0.304311749723
-0.335701084529
0.986357549061
-0.162015547786
0.710211093858
-1.10320296913
1.32227589037
0.979935307677
-1.3935148408
-0.732615919573
-0.841166167805
0.285607640474
-1.06309783474
-0.0455765222256
0.584693302379
0.883203630624
-0.209361877393
0.167449458996
0.292846924093
-1.5927341192
0.0824134498431
-0.149851594025
0.161811775178
0.49666415488
-1.33602133188
1.5543548154
-0.707320102103
2.52755401441
-0.481613813828
-1.44436435274
0.184055607889
-0.212927906014
-0.12239323297
0.796457498749
-0.374894873065
1.00352857694
-0.228633080578
0.30992874873
-0.0715512749325
0.52497249607
-0.377470920653
-0.301913716655
0.622414719602
2.02023934376
2.39755146984
1.1773632168
-0.197415248365
0.494997359606
0.193539341186
0.14197593094
-1.19654310096
-1.09300095049
0.555859624587
0.171466347897
0.969374038733
-0.617539943025
0.304052263996
-0.388050959897
-0.492552222523
1.97266093526
-1.06449527981
0.282673107954
-0.38298747753
1.19347696757
-1.33903048244
1.52335455032
0.201413768371
-0.934346437564
-1.37457516943
1.39609214885
-2.38989879745
0.483107124185
-0.521603813625
-0.28991787392
-0.238607706126
-1.3830188175
0.55188544604
-0.355854688934
-0.169851839112
2.18805826554
-1.30071725425
-0.208638932795
-0.374382256
1.16208910344
0.639582430464
-2.42382905943
0.984747996135
0.0881527693877
-0.418092264866
-0.625502904388
0.559060989569
-1.54028269823
-0.437390962573
-0.917665321261
-0.230678714022
-0.316750413744
-0.614040907098
-1.69479731302
-0.504683999305
1.20174910589
0.268440563552
-0.527677547776
-1.30703514714
0.43882107474
-0.482389878896
0.354360410554
0.538954947735
-1.72538396619
0.176289799651
-0.203849508715
0.897672117423
1.12313681027
0.850326359793
1.94504932009
-0.605098422978
1.04269458601
0.368747580679
1.54269743726
0.957088163086
-0.918690335068
-0.631776873878
-0.567149737729
-1.23634793138
0.771426112339
-0.976180585654
-0.229848885139
0.0483774800705
0.382102149679
-1.60969567779
0.932297528934
0.182289804487
1.00176972407
-0.00746163199642
0.93586043157
-0.826427081217
2.24492924463
-0.437702156025
-1.08095038521
1.37155897076
0.565721490509
-0.913532109575
1.17166749483
0.848387013712
0.09456662859
-0.749882753927
1.36615650881
0.00473591797918
-1.79818600254
-0.178965123555
-0.238782234288
-0.620924401312
0.221552528245
-0.0019104102976
0.255319993245
-1.22824346549
-0.0925152110385
0.984482847596
0.0735373285432
-0.192295575064
-0.24034170498
-1.22427692874
0.300148688132
-0.64440794771
-0.460977789339
1.18939767234
-0.164484141821
-2.16968769563
-1.18085056677
2.09275127358
-0.684826372363
1.11642899923
-2.47232489872
0.0560346342453
-0.862841764744
0.0887597472613
1.56927747383
0.201532667442
0.325612351781
-0.77767683857
0.870161980915
1.78494916674
-1.51271722849
2.08631735966
-0.585098286318
0.359952574963
0.685323540958
-0.733961843383
0.676035397947
-1.2819313275
-1.12214634403
0.0665531996267
-0.99764527591
-1.12253067294
0.983014745553
0.903541787458
0.0633591462233
0.834186858973
-0.220224133185
-0.754742815376
Score: 21