3
44
10
3
-0.217796274481
-1.4093965608
-1.47137832582
0.72555951251
0.905710748117
-0.938236068624
1.95100262911
0.199184839751
0.626574012716
-1.2353000219
0.0710823883676
0.132825355808
-0.718750066439
-0.400088221179
-1.74832002355
2.67657802497
-1.00565865386
0.928558065236
1.16195475927
-1.54258522395
-0.188357308783
-1.07237509319
0.120580487557
0.387730623419
-1.66491152843
-0.0945530086539
-0.371863509905
-0.386658015569
-0.230987376436
-1.30979460072
-1.79406749142
0.151408814458
0.663385940158
0.378798976544
0.450662643321
0.236197938584
0.426762284868
0.368746463169
0.32527714724
1.44321865012
0.277902905245
-0.173630422917
-0.055422099139
0.168090177722
-0.395687204924
0.925980644082
1.61420593462
0.575925520544
-0.472985622328
-2.32143810127
0.665514332327
0.0342669004183
-1.58816283263
-0.604341802219
0.596385419354
1.28135157206
-0.273050661747
0.232646380039
0.26344538
0.708959037997
0.110973568829
0.782872192576
-1.82180643057
0.455390496802
1.85810063624
0.237619112422
0.0887954069746
1.61602169768
-0.662223138268
-0.187267855321
-1.86986767183
-0.0211096708319
0.120248373465
-2.08553390159
-1.1602618681
0.288417914207
0.0628116461926
0.72023102103
0.396388896038
-0.177463160937
0.680498039742
-1.11634383205
0.0231446894034
-0.632071377749
-1.59718593043
0.936090961138
-1.27166154347
-1.27200446869
2.11879865327
-0.385358021259
0.349267669148
1.90486379081
0.562135942265
-0.0416615485985
0.450527136942
2.83703860323
0.0870591540506
-0.11064567898
0.767968778736
-2.25571804306
0.72965737436
-0.184271001456
0.11745772493
0.205983188001
-1.47091202655
-0.633777917567
-1.84385057719
-0.0513430260453
0.885696027588
-0.392250439637
-0.127303369482
-1.38111528266
-1.50983644414
-0.379188641176
1.34160429893
0.152639348101
-0.293251057537
-0.55739193385
-0.00172402509095
-1.04641833947
-0.378095393671
0.45622170476
0.055503772448
-0.667558534226
0.20466947567
-0.459277875619
-0.171408872646
-0.569100845922
0.0128122720614
-0.224262410126
0.397635137756
-0.176716371112
-0.531926560457
-0.282562510506
-1.88331835042
-0.379629182199
0.847011984854
1.67063395577
2.07554093791
-0.593508577216
-0.110609978266
-0.661014194736
0.0910482360699
0.213052113788
-0.323771502735
-0.853256502261
-0.584063929779
-0.614260644105
1.95882478023
-2.05376911235
-0.52344039879
0.857769714351
1.11706643302
0.649614630416
0.699795254866
0.0569128218634
-1.01672300887
0.0367781783641
-1.64494517312
-0.421663334593
-1.16528311107
-0.34656707762
0.193905109092
-0.552385115625
-0.113568783612
1.11860457033
1.10391682213
0.951863017832
0.85465661891
0.0945302994702
-1.46475350649
-0.609791189105
-0.3610826341
-1.06682720183
0.025654436212
-0.925086109186
-0.681910068642
0.479488767909
0.716744032283
-1.80985506007
-1.61934434114
-0.243367965359
-0.903556004988
0.566165669671
-0.0929309014197
0.0449608366098
-1.05804941135
-1.65051856488
0.432358659931
-1.09524196401
-1.4358652791
-1.57741202787
-1.40819810426
-1.80380828181
-0.531261910484
-1.35293911894
-0.0032302734345
-0.176192807365
1.56568161174
-0.850824472559
1.32662238238
-0.207762606276
1.26718688268
-0.1115016725
-0.788798299402
0.354898968436
1.24870361537
0.135527431262
-1.60765375617
0.662123111329
0.83542761465
-0.447435530021
1.40615160811
-0.291238220856
-0.138375991837
1.19382832844
-0.781530921655
0.212177432013
-1.33389874863
-0.92008303673
-0.14593585638
0.370069674197
-0.16873164517
0.174723937575
0.892310835676
-0.620919398463
1.14201766429
-0.539829297023
-1.09481606966
-0.374783756738
0.275855209783
-0.715834262086
0.217432976381
0.60417147499
-0.950296970489
0.94693750547
1.73908270557
0.0649381561051
-1.81957915551
-1.0567356861
-0.31740694346
-3.01796976406
-0.92139742253
-1.05312496228
0.990262099265
-0.884391353003
-0.223677361808
0.202049054511
-1.17857481575
-1.01442404374
0.555012142839
1.05873580623
-0.767784715474
0.632166429006
-0.760334601569
-0.32976738659
-0.398303443659
1.30125624093
0.282216436583
-1.92058747278
0.688912798611
-0.360809571785
-0.864316514551
0.747603352297
0.842349342604
-0.198542757843
0.136821678456
-0.0581012863819
0.716036068396
1.25596499773
0.300034970503
0.529569838917
0.241798497571
0.0900750949543
-0.558075674111
0.373962521441
1.42476406094
0.421855385404
0.835629158929
0.0897519156359
-0.271443835229
-0.295850129168
-1.57224391652
0.135923654014
2.13263293316
2.97362319857
-1.65166916777
1.54792087741
0.19073437173
-0.186203313734
-1.79537472902
0.412142066764
0.585560063881
0.498284153917
1.21169949834
1.5153723626
0.940217380629
1.99528995632
-0.764450223974
0.895978688292
0.183905507771
-0.564791971886
0.449552821558
-0.524334469147
0.343698708224
0.368530761704
-0.708938829459
0.313608586689
-0.347148741767
0.238128571909
0.258499995397
-0.377233705324
-0.164174907968
0.295572205955
-0.474945893403
-0.0293656127252
-2.14082564197
-0.578667336031
1.07764746452
-0.101063173731
0.965662309122
-2.41646601578
-2.14406013373
0.858286202864
-1.78041956117
0.432333139126
1.51439962724
-0.998759271451
1.25850080027
1.34608315819
0.543353596586
-1.27111459543
-0.155213297102
-1.26069463507
-1.58396973261
0.404480340167
2.83846393975
0.105167001907
-1.76995593997
-0.388423834075
0.284502939948
0.712786348181
1.68925414557
-0.400354318694
-0.0292566531505
0.31869454425
-0.915168847997
-1.07307532079
-1.64581419076
0.978834597765
1.95420774816
-0.553930834286
-0.736421128215
0.00496733384234
1.03542269253
-2.00412014735
-0.879843042593
-0.309156150284
-0.306277514583
0.894595189577
0.3744288569
-1.189795871
-0.985317571673
-0.892866428924
-0.522461793811
1.48036005975
1.275326527
-0.183951522923
-0.691301975042
1.0114393614
1.26377139375
1.29004555688
-1.60038744619
0.864115192044
-1.01356029985
-0.107473684119
-2.22404614904
0.495248953602
2.41964824451
-1.87209709998
0.659758117434
2.32008009654
0.816775223529
-0.897703844053
1.14186607415
-0.285016345696
-1.18027029423
-1.0613570573
1.54794577035
-0.109084763945
0.36086994769
0.991766798506
0.267397166269
-0.926138648069
-0.957590762377
-0.86557332364
-0.237605467
0.25519537742
1.27642927454
0.0301219233508
-0.646552903902
-0.430457173844
0.440467285014
-1.10922404387
0.610392950916
-0.0283310988167
-0.00926962612672
-0.0731171472788
-0.580799968609
-0.834656634971
-1.05431904344
0.0995865127518
-0.204756328534
0.418783144561
0.634613904825
0.0725868079452
0.164528341265
-1.54531581621
0.645584041217
-1.77638086194
0.519504231828
0.990397884926
1.97351617716
-0.0545843689806
-1.07597795449
-1.53858145236
0.0848105108149
2.39762663896
0.629651659001
-0.0382576528217
0.563124041229
-0.0297005715682
0.452383160697
-1.19670642025
0.482475163103
-0.474025672519
-0.0614205730076
-1.50045493085
0.758854888365
0.584182485683
0.310290041165
-0.495149905857
-0.123786783726
-1.16051579497
0.129103268307
0.222604461605
0.387356426223
0.508484410298
0.609437531702
-0.516754093724
0.631137373163
0.603820954095
0.856604867482
-0.392986851247
-1.05654907315
-0.474631768103
-1.18716405465
-0.0236696161929
-0.157992276036
-0.362568210188
-0.687477823628
0.609919181248
-0.0989754360579
-0.256521042652
-0.257358264115
0.185877866476
-0.625356833524
-1.15926121034
-0.501418081507
1.9848980256
-1.63298769939
-0.261420722531
1.30420073295
0.732418501708
-0.870898340213
-1.54153122809
-0.646676033923
0.918948913611
-1.11406975248
-0.35159263928
0.814715083515
-0.982412387662
1.59661527382
Score: 1