3
44
10
3
1.83645458367
0.311852140789
-0.12521197441
0.779713148395
-0.344003661576
1.23318784606
1.79854954741
1.23743585778
-1.1541462653
0.898467000039
-0.867996232623
-0.603705664175
-0.522486246534
-0.169211711923
-0.825187410549
0.0148391478696
0.986316091716
0.167588633431
-0.55888055369
-0.0443075826393
1.07314164424
-0.938721226282
-0.63092321073
-0.444953647762
0.030990912755
0.262880643321
-0.0958185470002
0.535932697741
-1.25799413931
-2.07617320051
-0.953673901559
-0.0980785627636
0.513227154597
1.51737215685
0.383427055878
-1.56207077379
-1.29671347825
0.0705622138649
-0.146410458136
-0.0687719795712
0.912388652914
0.494332497148
-0.726055397467
-0.864931503146
0.846867308223
-1.92971800291
-0.182246497629
-0.177768631316
-0.671991589713
0.681677726818
0.685847805702
1.0918829202
-0.188187510319
-0.26031668204
-0.0471115253574
0.394794253454
-0.369213694539
0.831080423317
-0.838616521938
-1.2131788753
-0.90507634471
0.860302114219
-0.0789214932696
0.676631646218
0.170791239287
0.295962331237
1.38774030038
1.83791422047
0.25092092021
-0.0948102938201
0.150076650056
1.01416242532
-0.182270959786
-1.02430058196
-0.662877094435
-0.48882591056
-0.418080729497
-0.222350285036
1.47959906164
-0.38320203604
-1.38720135469
0.827910237093
0.471206283241
-0.0134120963847
-1.01133100423
0.9020322456
0.347312494665
-2.04370300679
-0.395026747978
0.598157171235
0.469411014317
1.06431255392
0.559207779638
0.274120312796
-0.904352686121
0.361913330467
-0.961025197663
-0.439955479298
-0.230804576661
0.421690113404
-1.44678661908
0.547087130992
1.42191882052
1.92213420014
0.428555025822
-0.138836794306
0.0101914307048
-2.3955815254
0.421035764807
-0.346829626501
0.0614796854245
-0.472872406053
2.15973832486
1.27328251177
0.389930002309
-2.46059159354
-0.937139837979
1.14090432654
1.09630750449
-0.288939208654
0.0766309679461
-0.536213015432
-0.527824642904
1.16395418089
0.330302370818
-0.0127613927336
0.52715437248
-1.75938572941
0.142511667834
-0.0264931469475
0.694966518734
-1.54788870286
-1.09980552741
-1.4684691307
-1.54654287453
-0.134305497403
-0.933092782845
1.30330643093
-1.68928728096
2.49577695902
1.0052556305
0.598115661607
-0.406923708901
0.318245101355
-1.37003927161
-0.739614128886
-1.84534597287
0.742202152824
0.345509414934
0.0298596575909
-0.333677190987
-0.608562562098
-0.135253410506
-1.70793354402
2.09677482864
0.874281683809
0.257229534121
0.440936998756
-2.57885788358
-1.74179647665
1.43450954353
-0.723395166391
-0.505771114591
0.149090872696
0.462297995816
0.112893861857
1.50581309996
-0.924939064862
0.936714390402
0.190599439394
-0.209581194971
-0.796032473211
0.439015533334
-0.894178281489
-0.804991085475
-1.23097826657
-1.24207420993
-0.956311779309
-0.444708795675
1.74898344476
-0.0821505277023
-0.397739648484
-0.0848093317898
0.175307384907
1.80067198518
-0.402795570858
1.0875711879
-0.344638995121
0.703627816522
1.77966836513
-0.1294240273
0.0795336925177
-0.578945922459
-0.386908163607
0.464324501343
-0.0835854753583
-1.26106350123
-0.00555478594645
-0.667221210902
1.84150358969
0.80051517424
1.14477267504
-1.35533884278
-1.00499737975
-0.761979049895
0.212553480937
-0.766373965579
-0.839007721088
1.79759874938
0.238258563864
-1.13323970612
0.712539528192
-1.14047881099
-0.691889744072
0.732396549478
0.531369618002
0.0616190442146
-0.237977485238
-0.263082142781
0.689581481099
2.1278106089
-0.672595835807
-1.81446780458
0.502508427024
-0.234514559545
0.175224020636
-0.634732052598
-0.512290939699
0.957760015493
-0.864624347344
0.514045012715
-0.298683995677
-0.070896523687
-2.62160362722
-0.0721492446056
-0.269161749774
0.481751786771
-0.454676057063
0.170248170175
1.33824604303
-0.707560369368
-1.05792425824
-1.57928171043
-0.646048698265
0.391863650805
-0.92164848933
1.88242477156
-0.373557041356
0.410865191433
-1.28973279001
-1.14385288385
0.702739802648
-0.0669285599569
0.384782054051
-1.98694771955
-0.214683542442
1.14344921966
0.931254396287
0.118022822282
-1.01564050457
0.274215295246
-0.488229245177
0.20988910488
-0.231414323047
-0.110100381742
1.33021888872
0.0784067026401
-0.653502438038
0.567173401298
0.816790100211
0.349701875248
-0.898489308398
0.563616045725
0.473571241616
0.819903835018
-0.270837850573
-0.60074319193
-0.0511291985402
-0.497643249294
1.40115935129
0.889265498268
-0.549335058992
-0.752889650955
-2.18945631102
-0.496411954742
-0.837989532327
-1.36989504484
0.649311378613
0.783109700829
-0.509431045585
0.332174657178
2.38196849302
-0.0891129663257
0.0275993720628
1.06125071416
0.207039833156
-0.492470168818
-1.44334643121
0.90175466402
0.483704050755
-0.0960365221114
-0.830234070755
2.35202638273
0.858086338072
1.682138903
-0.831391290996
0.59040574886
-0.437600936875
0.833013556453
0.0287831815654
-0.400904456727
-0.908811374718
-0.0327196528925
0.722146689238
-0.0611667977023
0.449592136197
-1.97469971736
0.147749086361
0.369308503596
1.10668459085
-0.51005742642
0.829434255572
-0.358772632894
1.81085430699
-1.60496687704
-0.900640913549
0.025820382431
-1.4907756198
-1.99675403216
-0.191130767168
-0.847071104984
0.998551160861
-0.894668879386
0.860583394519
0.345633593302
1.15093738789
-1.08920493596
0.283454987147
0.0265774943122
0.543390629691
0.526156184046
-0.653019682696
-0.431987901091
-0.510934467679
1.62131948802
1.20711346144
0.112011653449
0.618406611094
-1.32517426482
-0.638650209663
0.312245906519
0.376217374812
-1.09596744788
-0.015378097425
-0.932024882045
-0.846249294245
1.33759272177
-0.564014195188
-0.337715741342
-1.28211040131
-0.128644032205
2.3911969615
-1.23895338647
0.112463297756
0.345017005306
-1.27021542086
-0.302539389576
0.801056461239
-0.252494830554
1.66240247772
0.923520150121
0.747276234544
1.23118548813
0.514057011191
0.491598629235
1.08575360456
0.683524053021
0.0651257773086
-0.807982660848
0.825817551572
1.30620628591
-0.0883967807036
1.35813352397
0.927397861016
0.748729739786
0.49723271539
-1.2973237455
-0.0888997163104
-0.427400482926
0.701284899402
0.360839746536
0.0312684765791
-1.11929357587
-0.110700969701
-0.034630748871
-0.0230811970045
2.04313283568
-0.216213357229
-0.130458025394
1.04687244803
-1.25694411249
0.189254537401
-0.132461148069
-0.61324140507
-1.82481652243
-0.181141364572
1.89086413747
0.218079406816
-0.719550525074
0.653248612736
-1.0442565892
0.972684170774
-0.0287137461385
-0.268517372202
0.480880968404
0.184999630397
0.145141883395
0.625747109883
0.500562105288
0.220449354427
-0.809632336148
-1.76513569867
0.635043429849
-0.53302191594
0.438076054237
-1.05896353256
-0.53413216474
0.183111237666
-1.38264379495
1.21456359706
-0.865077992086
0.268953478404
-0.297752745856
-1.23606372808
0.109614435967
-1.64357207045
-0.81827977781
0.246257038842
0.789656581037
-0.920622609441
-0.366577352716
-1.03818614156
-0.333561372671
-0.644505488066
-0.399316093726
-0.278917223963
-0.70861443878
1.63610271809
-0.841830763402
0.62648979094
0.810184865556
-0.350067633475
1.49789377893
-0.193898465887
0.902303106876
0.726871788863
-0.67299088649
0.653028902627
0.188314886415
-0.272485925661
-0.187276186265
-0.35854594073
0.453452009221
-0.974838764892
1.12209728875
0.453510771529
0.923860518604
-0.415244598932
1.60742962556
1.76165401694
0.438122130638
0.267872612264
0.98354875637
0.633071766167
-0.182510463822
0.676926254906
1.23569279132
0.507870585282
-0.536853996075
-0.638807947709
-0.00896278408526
-1.67265514909
0.834368124567
Score: 10