3
44
10
3
-0.7008651796
-0.688743052187
-1.321098974
-0.839139883066
-0.083789291852
-0.578157663694
0.691164768771
-0.0144641331602
-1.19162534094
-0.089204813073
0.930927968213
0.637974847996
0.479470141252
-0.336664882752
0.0383971506212
-1.22254668654
-0.472145451441
0.23222290872
-0.613812338186
0.246439527243
-1.46000198238
-0.200273269707
-0.200451855226
0.645351513988
-0.103584958158
-1.87916095526
0.569244952422
-1.03991186084
1.39363226813
0.652643065564
1.39523803422
-2.39245731524
-0.870756282031
-0.716839331505
-0.211801321321
-1.21970758415
2.14377112622
-0.670481641424
-0.247166664856
1.66444460374
1.44870296862
-1.26152658325
-0.803406802391
0.615583479221
-0.279159011527
1.30637810392
-0.915331276014
-2.00078358484
0.158441350853
1.18283836725
1.39659695098
0.213461445493
-0.334477945796
1.40186253954
1.87723594406
-0.843746098581
-2.73274391024
-2.4079895434
-0.285267997925
-0.259102268199
-0.24637530512
-0.490133742859
-0.877134897577
-1.11489399648
-1.06070837354
-0.291313040475
-1.69376664239
0.103037450578
0.212959149794
-0.712831460538
-1.28221675054
1.14413340842
1.58342531319
-0.623429785359
-0.488830294323
0.433899892898
-0.626743789403
-0.508863726919
0.0316043373154
-0.676732398947
1.8327092425
-0.466695302634
-0.506718160007
0.418877889537
-1.00720692375
-0.733933083818
-0.644620912817
0.0493303644224
-0.366448202429
-0.913638035261
0.8144411987
-0.640134668469
0.892341966603
0.47111510851
0.464909753215
-0.618755905667
0.903997106704
0.176214497357
-2.1455401696
-0.963916672328
0.860848916988
-0.40144397999
-1.64358437094
-1.65761817083
1.49359246712
0.0276835679185
1.80852429714
0.391316566182
1.45106598709
-1.23462320681
0.415994110974
0.245688116154
1.31575808431
-0.439743272963
0.0956580691282
-0.462818456313
1.14468163195
-0.508544714975
1.50839287332
-0.779309287454
-0.714403620541
-0.319590577511
-0.297844066366
0.332524455398
0.778472886911
-0.605903148409
2.00113006362
0.433333506326
-1.28868160969
0.433834509408
-0.0159737508411
-0.581785773847
0.466426161929
-0.454773991691
-0.227669931659
-0.666800785023
-1.26117608938
0.527006248541
0.992944646755
1.43886189838
-0.860715592147
0.894864710173
-1.46956994455
0.547110348568
-0.414351864765
-1.07558812667
0.39080210805
0.89858358384
-0.253506067697
0.268344999763
-1.39601059993
0.583608391555
-1.81326579424
0.808284268813
-0.525740707496
1.67474442919
-1.46567706296
-0.312793113557
0.411894105461
1.7338498378
1.06433793228
0.085324760868
0.095464588187
0.33395891475
-0.780380489003
-1.29733672263
-2.04395100364
0.284782674275
0.626179601766
1.26573928561
0.768446081241
0.845447455418
-0.0737947032122
-0.0265669887894
2.69669532969
-0.392269847597
0.145349810101
0.709055924558
2.13902030886
1.41140618789
-0.018261190456
2.03761092322
-0.215040755946
0.0529767372721
-2.1557903157
1.43424724007
-0.411877681806
1.94779107454
-0.206678031027
0.532766138911
-1.56472688457
0.927160500776
-1.76730517159
-0.621099432338
1.45890391003
-0.0923827870639
0.086650345045
0.0687586410165
-1.121175923
-0.426889304099
-1.02171463338
-0.905537974008
0.796839657634
-1.68432495322
-0.887886019194
1.06701957624
0.6319578848
0.453955230468
-0.900748173306
0.220572891382
-1.05181721581
-2.0718652423
0.20134135251
0.636235675215
-0.416305118322
-0.591485135441
-0.98078225282
-2.35156138382
0.456816708157
0.676851985991
-1.34201172741
-2.49819324791
-0.37185790037
1.47937259564
-0.219818304983
-1.54301649975
-0.375955601342
-0.806106080969
0.313787613451
-1.08595442607
-0.740385634603
-0.279182788877
-0.756380857836
0.599055914463
0.183525394882
-1.57471640227
1.27935542739
0.270324701392
-0.744627168578
-0.566821348369
0.445206523014
-0.712197966773
-2.71986009119
0.741035705392
-0.215655837664
0.256701253486
0.620174319501
0.335754835862
0.971960148899
-0.390993854725
-1.53005509414
-0.782320717614
0.673647816473
-1.05031724971
0.0797805933239
1.10194137808
0.771990215341
-0.154435007637
0.130929002152
0.426161549164
-0.740400064443
0.0846335466626
1.18092415928
-0.313462500194
1.27873423448
-1.07421579784
-2.107192199
-1.61506603423
-1.4747459463
-0.280583156391
-0.325210561148
-0.336791071675
-0.0252113034945
-0.437803622002
0.32720211779
-0.434527886731
1.12318793932
-0.0115692341294
-1.59161749324
1.5952467299
-0.228095700071
-0.295540949494
-2.19742824266
-1.14128671515
0.494563113723
-0.298588707129
1.04051964903
0.0992864650777
0.681224055373
-0.766719183718
1.35455468671
0.946709127604
-1.34057008799
-0.541840080276
-1.02055160518
0.773089830384
-1.02736411449
-0.288017250324
0.489101698095
0.535110614231
-0.281565285564
-0.168011088707
0.0224697901514
-1.27585165643
0.194679619918
-0.402280179767
0.111238309086
0.47417311858
-1.49168281138
1.32623704733
-0.840799884238
2.61248143847
-0.606275917161
-1.64647532919
0.411738517185
-0.230189943488
0.228127882974
0.591372509769
-0.28779343524
0.921694936824
-0.283601002031
0.543040835798
-0.482385426852
0.418597686952
-0.418652273756
-0.573663219354
0.730366612979
1.82128216784
2.1936201814
1.06744248674
-0.48036450366
0.100754106955
0.0931624150196
0.155486166279
-1.29726170188
-0.902696812251
0.457849031104
0.370715597559
0.382150210432
-0.305133370238
0.15200859473
-0.271784347974
-0.303238186905
1.80171790688
-1.12241758664
0.160820986836
-0.27434883717
1.07558157627
-1.2522120755
1.52355786109
0.408605241503
-0.966632263239
-1.30763883046
1.04102632753
-2.05205695175
0.224284024704
-0.492662221739
-0.203209500135
-0.450592259107
-1.66133706439
0.645445212865
-0.203127450126
-0.230581764592
2.08962585253
-1.38163684787
-0.326578494888
-0.420437748581
0.922199010232
0.871666986742
-2.24817141507
1.05458454518
0.0523529620057
-0.551074348969
-0.396910089853
0.45157438214
-1.55480481707
-0.594771299182
-0.74408648811
-0.545297694301
-0.286216665002
-0.658848902556
-1.76516902684
-0.540923647536
1.18791402992
0.368233767245
-0.425572459483
-1.10900072068
0.59734564345
-0.507176080826
0.300366261847
0.42211386538
-1.77736390578
0.12904561515
-0.310110001414
0.807255660624
1.33241146587
1.11937217171
1.83562997179
-0.431152823407
0.840344222863
0.301572989219
1.57861421527
1.08327111571
-0.768025585658
-0.787966855234
-0.312749048138
-1.12607318971
0.650005868216
-0.736681293094
-0.0536519460413
-0.0629972374102
0.649659851718
-1.44523573068
1.09576392118
0.140053905099
1.09777297057
0.0463468556822
0.933636959783
-0.796349800187
2.15240598435
-0.307198101634
-1.07195073555
1.30792886705
0.30451114314
-1.03451011176
1.08554112062
0.885247679446
0.146135027306
-0.802808070856
1.35053482608
-0.015545584164
-1.56710473765
-0.237921990583
-0.0619730298015
-0.777275816721
0.207272524977
0.0894611357714
-0.0620145237138
-1.07446927115
-0.468880597288
1.06905171376
0.173556381472
-0.0872890857451
-0.0568372122327
-1.22583335992
0.196488954666
-0.631651358808
-0.598377229597
1.02856651487
-0.265367682809
-2.21638888226
-1.22062126518
2.09811587995
-0.716148684506
1.22421247494
-2.59894314752
-0.00850355968369
-0.884668866733
0.213255919678
1.40365583654
-0.0396256465241
0.35042431896
-0.957262790728
0.825317287973
1.7108638298
-1.61061111762
1.95968565551
-0.671864391046
0.56988943432
0.492618367407
-0.788937077026
0.675060699206
-1.45262870824
-1.22224338359
-0.264336694818
-1.05111379939
-1.01586469035
1.36052485963
0.936324990419
-0.134957160478
0.945022655644
-0.291337267502
-0.800723159539
Score: 10