3
44
10
3
-0.255237027483
-1.29318459889
-0.908671649361
-1.92260953761
0.774609958988
0.827038223103
-1.41276604479
-1.78037407007
1.62730570294
-0.792210434736
-0.534365379351
0.175217318311
0.615763523385
0.856500365306
-1.35041395098
-1.46452415161
-0.792248055609
0.38705711325
0.31300942731
-0.709805578966
1.84801848863
0.799187421592
0.958140953674
-0.91721033585
-0.674255148263
0.136299534165
1.09603230234
1.0174633406
-0.879178864983
0.368693901645
0.231237188179
0.18104567705
0.274022959142
-0.0344919471638
0.364853822499
0.360090347718
0.991239039096
0.50502412482
-0.510888800479
-1.0844081635
0.286861136044
0.814847731898
1.02387302589
-0.511240634081
-0.193132915325
1.63435087558
-0.152603569023
0.604179355029
2.18074508377
0.195015866252
0.486268126728
0.0121440753561
1.68452512447
0.0627142384633
1.40131872986
-0.0261597058844
1.08906342514
-0.356679749909
-1.26816470505
-0.603022313659
0.657470830027
0.41132820342
-0.337039231342
1.11292997097
1.04611993187
0.678216432059
-0.157028598118
0.325713017241
-0.216902085122
-0.494704166106
0.108230418306
-2.3141045199
-2.42629785462
1.2960546407
-0.765534512937
0.504392192616
-0.013899355113
0.105722599915
1.48003925733
-0.363891215805
-0.779757314744
-0.265372667055
-0.707506376396
0.000965662981521
-1.4581799163
0.36321788197
-0.391428503891
-2.04876313835
-1.57619189913
-0.436249009429
0.520767332479
0.360959125916
0.614085319566
-1.10870527969
0.354054263254
-0.265039420092
-1.66108104139
-0.353737819358
-1.08595320721
0.391445567194
-1.10055522814
0.824645370702
0.696587066317
-2.25276035511
-0.0890917279231
0.090141840422
-2.09215782829
-0.180917768666
-0.353823862731
0.3317600655
0.163512172071
0.471833063754
-2.25118237136
0.620446393306
-1.7833602728
-1.18049330972
2.41213917419
1.47190297408
-1.53340107985
0.647296126961
-0.845605667515
0.572752692354
-1.05727283179
-0.649103417012
-0.512142396608
-0.349712000375
-1.27631246768
0.13571983013
1.69581043409
0.145372953609
-0.216379136548
-1.46806024263
-1.09885502644
-0.627461973186
0.381131809202
-1.84144493888
-0.149613004668
-0.446291232255
1.32484573908
1.32381291759
0.795001672743
0.459621560733
0.132342423716
-1.05440282657
1.59739884399
0.692534414015
-0.86677214735
1.09160931393
-0.858001258456
0.745096189581
-1.69216536751
-2.08472114513
-1.918695703
0.141507335284
-0.422962718156
1.69923910172
1.84124400598
1.05125173659
0.967226755852
0.926867880551
0.921419715597
0.435647068456
-0.285037355993
1.90949887159
0.252707077439
0.362593285368
-1.74005150923
1.3054258261
-0.216598986446
0.180300986351
0.32399561268
-1.22371438111
0.652672707575
-1.50368216093
-0.121381240255
-0.355747265059
-1.27141430128
0.906170734653
-1.69013279742
-1.00582986917
1.54893403399
0.627997303626
0.963275521155
-0.148136801649
0.29365964407
0.172162421554
0.604097355125
-0.795765189286
-0.562205546465
-0.21152195966
0.466021752958
1.7867286063
1.07374371574
-1.8649622023
-0.896216611259
-0.817478953965
-0.510162831314
1.65990737776
-0.143327087607
1.70870206089
-0.241948979397
0.860910737823
1.80704349691
0.0723997319601
-2.95847046747
-0.130069174431
-0.314757942704
0.606577582493
-0.071101043007
0.29917995368
-0.848216778431
0.847560426607
1.03019643554
-1.8448655851
-0.64790224264
-0.0816164949637
-0.144514037956
-0.765110246334
0.393712422404
0.902855168747
0.111081819762
-1.57009215214
-1.76005541199
1.39218839254
-0.663690123192
-0.476550991391
-0.176380618574
0.148969698573
-0.885572345431
-0.509501334345
-1.25966782283
-0.294129062856
-1.10130555976
-0.36017317495
0.33135258673
1.18741557159
0.709078656312
-0.362052428113
-0.326383878163
-0.199061563566
0.368442600282
0.0688754501503
1.48949631469
1.3516928729
-0.498748183714
-0.433911769505
-1.06643566254
-1.39248335409
-0.824926743381
0.761433403969
1.18540379943
-0.59101086492
-0.0894554251997
0.950655668414
0.151938476765
-1.24574379059
1.32822813378
0.329769171235
-1.40403241305
0.441128426716
-1.45540869682
1.42717435716
0.429143709501
0.294747524698
0.676066873575
1.45292031681
0.0813012391397
-1.06124829191
-1.21074764127
1.02402106223
-0.527665492263
-0.308728566697
0.497077195264
-0.638521244503
-1.08745694364
0.712365337937
0.112464930731
-1.11707183869
0.755077377953
1.11829221757
0.956065967745
-0.892198103607
-1.93824687524
-1.23739908573
-0.523167870216
1.84958492158
-0.0378993395377
1.03179587211
-1.40916636266
-0.404942743404
1.16617833065
0.279441482061
0.5464266042
0.53407484884
-0.0708279164855
-1.22731392929
-0.828504171972
-0.638084685802
1.47271250767
1.46569377031
-0.490903776351
-0.353455003783
0.316981757013
-0.100989399801
0.324704767433
-0.805845710166
0.319362908404
0.040821492093
0.318286254139
-1.3771316679
0.496613997805
0.28908132522
-0.152551832921
1.0567939663
-2.02865179507
-0.400340280511
-1.11544545387
0.429760403098
-0.927122784527
1.34869640386
-0.109469209557
-0.359769938088
-2.06738974347
-0.323654209398
-0.0680505315968
-0.0907769621807
1.01821253376
1.32693806231
-1.6726231641
-0.0728436926739
0.0458114133503
-0.898506824226
-0.506222144352
-0.50586408986
-0.123250117497
3.12749091127
-0.453380401382
-0.166186712914
0.391888906119
1.19152989481
-0.295712051492
-1.97140272926
-0.0702613995022
0.551928859056
1.27859244922
-1.47647357206
-1.10158414965
1.03464798122
0.611372746924
-1.09335643144
0.979594428984
0.995732572186
-0.167927714545
0.538630930684
-0.843905637027
-0.00581366117221
-0.648689392558
-1.71211879848
0.0129333435344
0.729891226947
-0.799452993769
0.0457113419525
-0.258400077859
-0.926967857878
0.437748352183
-0.223256846888
0.461205217545
-1.2971093106
-0.0798998787448
1.15778983081
-0.12292904846
0.123627061467
0.6216565379
0.0259154308716
1.05919407179
0.932230052617
1.9226917964
2.0458466261
-1.81382010902
-0.516263568112
1.93508577818
0.665957176886
1.77204879778
1.08140956063
-1.15821582218
0.764512944686
-0.881104217331
0.904350576833
-0.379485909523
0.459580660774
0.911949678781
-2.25077911491
0.274039956471
0.506822956411
0.00814650838789
0.85141936214
-0.87302395109
1.00203588136
-0.205494701086
0.641409604536
-1.77336329674
-0.190326354206
-0.846533649438
-0.587394277983
-0.20438593854
-0.477272319999
0.828667790543
0.309372071063
-0.327439581779
0.0799657685379
0.256348592753
0.222803899718
-0.469600918094
-0.951928020538
0.145029568335
-0.432625372926
1.98359499675
0.335235136582
-0.781371947974
-0.361909827281
-0.962405841054
0.677810371522
0.651978196016
0.758284605923
0.475757314815
-1.58841170242
-0.801159005614
1.15839442396
-0.45224010932
0.245343079921
-1.05593925582
-1.2079604266
0.491319007816
-0.573552206945
0.930206028936
-1.59889064582
2.24639691115
0.0260785613781
-0.849602493466
0.914643570326
-0.089635164129
-0.219545514048
0.31715917651
1.88344635623
-0.117762437066
1.45496226338
-0.44584097663
-0.414503466856
1.34282566296
-1.25815735397
0.140727855633
-0.924039297379
-1.6224028757
-0.858078493729
-1.24245869608
-0.670048655408
0.335093002517
1.02843334925
1.06449692902
-1.18987491537
-0.836240846465
-1.25308261067
-0.136656801532
0.598970951748
-1.44764307505
0.26491616815
0.297812474019
0.339816479022
-0.792350977216
-0.451548701454
0.684014955066
0.0489884731216
0.353084804391
-1.18407636246
-0.489245252322
0.994284588864
-0.557270451271
-1.04075828769
-1.1986511431
0.829514965485
1.90541286788
1.54885649127
0.549904443119
Score: 10