3
44
10
3
0.0535513919127
-0.802994509004
0.973267746218
-0.324666672165
-1.44616866422
-0.331740969602
0.288426331556
-0.453247204382
-0.952059742808
0.0318976988716
1.42282304628
-0.261283158312
-0.438796762312
-0.292674418078
0.405281234959
-0.426646908531
-0.466407249264
0.372184351031
-1.79961553091
-0.449272209969
0.595992617327
1.25794534801
-0.387199278142
0.777660867285
1.26436033698
1.51235636341
-0.973301913874
0.745018538746
-0.203135055899
-0.122366864412
0.956992042377
-0.0388631736875
0.159755840088
-0.297727068957
-0.962595243486
-0.575968476299
-0.446614784242
0.457838960924
0.0551589222701
0.0667788198526
0.789180090187
1.56256452977
1.82015456021
0.703658131806
-0.101904533324
-0.7026015675
-0.61677729051
-0.531480751354
1.01213995032
1.70428066003
0.474705125394
-0.839226268156
-1.64754205063
-0.294088156038
0.990459614476
-0.0885876121668
0.866221281284
-0.0940852841997
-0.762860053522
0.430540153027
-2.66327107217
1.57730041788
0.603951450144
1.8020494484
0.235374630644
0.437516357184
-1.81043744802
-0.00632126721734
1.35111921096
-0.00324905295271
0.084236361476
-0.480918005701
-1.2471504245
-0.326541817768
0.342040876658
-0.265167580852
2.22833910792
0.413384688714
1.95066107338
0.546713622153
-0.00870459978682
-0.150098650518
0.760604076096
1.51276430947
0.940192661066
-1.54213267618
-2.04178878889
0.916344402743
0.176818289237
0.62960522089
-0.477063454135
-0.150634042925
-1.58535234349
0.118747691111
-1.3694896665
0.0383265578798
-0.602652447712
-0.586636847214
0.194439725267
-1.47913724205
-0.946228748151
0.0608742468301
0.530429504663
1.86166808972
-1.54543005076
-1.98022734745
-0.321575306696
0.776002274095
-0.228063452403
0.0415778846679
0.751042763731
-1.04708136066
1.2685830195
0.455438022894
0.236226510563
1.00207119456
-1.22415979552
0.376425175878
0.25292801014
-0.131644512069
0.121934081738
-0.244584675634
0.620504499363
-0.772931247164
-0.915691967972
-0.363263795927
-0.391593033189
1.17433166316
1.01299743675
0.195146769986
0.931704033989
0.349187483449
-0.891208518445
-0.216095059584
-0.724576046205
0.148620834954
-0.54759731235
-0.325545782871
-0.120922872372
-0.468187919213
0.0862404445694
0.410367083964
-0.770655228816
-0.661975784287
-1.29771128217
-1.21916311593
0.176417266151
0.378976883262
-0.725216755704
-0.103309191972
2.66010363917
-0.495175498515
-0.202019513451
0.991960850927
-0.00780805285932
-0.0699658066888
-1.88702135852
0.60421306993
-0.529769666537
1.36874013394
-1.43037793982
1.07458298833
-0.0451920475982
-0.233606942568
-2.19706945552
0.615185107555
0.100567246712
-1.21174545409
-0.179600780161
-0.962018168143
-0.812391199867
0.562670502996
2.64868072665
-0.0963609421935
-1.75116561709
0.0459247921594
-0.95211784748
-0.0118131108465
1.48128591601
0.908054879385
-0.417274756254
-0.387397924472
1.07248336685
0.834798538105
-0.546608012565
-0.110423436423
-0.019280863369
1.29934390969
0.354403849371
-0.35459639667
1.47507039702
2.03754303002
-0.198268979281
-1.60324347918
1.15438040065
0.0828132227023
1.64400580682
-0.964570786504
0.0937080642323
0.882429005601
0.173778343938
-0.798290032482
-0.563483840166
-0.314413376946
0.238260021801
-2.01387451528
-0.800594818343
0.140557587148
-0.390116010569
1.44932420354
-0.240381374552
-1.47236343031
-0.865928515617
0.490614013824
-1.25314665695
0.353742524891
-0.670380162269
0.323039364389
0.489711787805
-0.341110466484
0.285946509984
1.46273919453
-0.861381645391
0.959102073274
0.914031471098
1.19121571801
0.157163750179
-0.595920030349
1.50121573568
1.10106999216
-0.562386438416
2.10724933216
1.75180513892
-1.71288250335
-0.838811951234
-0.886402019433
1.70213950986
1.01498650894
-0.741464932137
0.285282530798
1.48856077576
0.225313141972
1.14547349325
0.377566874483
0.921429736246
-0.529970668227
-0.25713623414
0.335243352783
-0.696377650745
0.0958618603285
-1.19800115883
-0.467576989036
-0.505645537176
-0.212731586816
-0.951918848913
0.716607809868
-0.149401938371
0.566344076247
0.422930217068
-0.335978012695
1.7172894281
1.04722112872
-0.784253434196
-2.03308784759
1.71369249025
0.944510875863
-0.617492350077
-1.10857137824
-0.2284113616
0.776126475914
1.49438698299
1.33183414065
0.281462178209
-0.519190400047
1.08408774953
-1.0602169063
-0.360462209476
-0.443089356017
0.224936379816
-0.872575811729
0.75948800233
0.0452428168536
-0.487315046693
-0.82843585964
-0.150412292425
1.60441039605
1.72686407526
-1.36198016923
1.39215849808
-0.344344814254
1.28918652475
-1.31822998947
0.621007910073
-1.13950320768
-1.74155785241
-0.784081582342
-0.270514781712
-0.470030105031
-0.889506551092
1.66330484655
0.54793636658
-1.41421497914
1.01010832691
1.81241232158
0.598233466681
1.9972701275
-0.838195330228
-1.77715199114
-0.624410964638
1.24920211869
0.416993404415
1.82314738924
0.363869999759
0.267089619998
-1.18402559096
1.54268181529
-0.476478986241
0.111570052363
-1.01310910145
-1.18599566834
0.827238907729
1.4177070952
0.184156841743
-1.04131768447
-0.127381209668
0.362469814631
-1.40783934262
-0.176747952729
-0.991857272893
0.764363987207
-0.124798761439
0.573849647283
-0.710060257795
-0.694091477366
0.960850428805
-1.10539044216
-1.01641840821
0.317477590068
-1.36614184337
0.283883746961
-1.80058169502
-0.0962279982959
0.537224233539
0.858912382594
-0.375536720766
-0.517913316109
0.406952972869
0.0902744741475
0.575749826892
-1.35241446081
-0.804984293795
0.72903180446
-1.47633192315
0.745779234159
-2.28455930043
-2.37609999275
0.264444886024
0.336692032221
-0.914779949065
0.0197900185092
1.18438397865
-0.301667350539
-1.82565592984
1.40992136971
-0.624740047582
-0.82529751273
-1.93988478785
-0.638605087433
0.0100382122959
-0.387675811447
-0.843955166869
-3.24434171288
3.18423842713
1.0804990725
0.953937572033
-2.45836982666
0.570726052431
-1.08450679029
-1.01162970491
0.412540208847
1.41848273921
-0.904647464441
1.00510792212
1.17633892261
0.711082048647
0.140290102036
0.555505433094
0.51428018074
-1.21071412295
-0.74584304672
-0.868706160826
1.41007757163
-1.05823167715
0.462655981843
0.338372538607
-1.34839577772
-0.0724019748095
-0.547855498864
-0.575394905005
-0.101806871348
-0.98965108185
-0.274062002155
0.355302053336
-0.860775091116
0.740684241131
-1.46619315707
0.338885236027
-1.84859892991
1.73767933175
-0.857464116984
0.901777981279
-0.484625684842
0.248976290638
1.36892609571
-0.577262172526
1.36267401024
1.35234402724
0.0348448867466
0.231843821431
1.51880921731
-0.635028500523
-2.07588260079
2.41987138347
-1.13332831631
2.81340050774
-0.74525085115
1.51942685896
-0.681765171644
-0.587916750577
-0.652564836423
0.290690290376
-1.20695018448
0.273746914585
-0.742960321411
0.26128902532
1.90437028944
0.540033475694
1.12656433933
0.424073698735
0.611899605319
0.995458438946
0.00377864998249
0.15726023619
-2.0393065227
0.0747165790784
-1.01556347374
-0.731459042457
0.539193066151
0.242214905659
0.426250894332
2.33818481814
1.82206868499
1.11738993782
0.61117106214
1.86855126362
-1.22403854898
2.36936724128
-1.40164557616
1.1932070181
-1.57314076682
-0.134356137756
-0.157931731328
-0.424975549021
1.46284866295
-0.352840439187
-0.762698260261
-0.0212147101504
-0.0086266708899
-0.101931762981
0.55043584645
0.0423051489005
-0.367575779142
0.976898206554
-0.171043499138
-2.37812559706
-1.46943866667
-1.03805693805
-0.965327581047
0.822206742195
0.537194862215
-0.677985544279
0.226681415711
-0.0655288969689
Score: 1