3
44
10
3
0.863005767998
1.42909578797
0.886484024249
0.825619862543
1.14343143186
0.0637303826851
0.930620178949
0.144396949617
-0.222982426863
-0.0492124139003
-1.31429912738
-0.162654146609
-1.727655353
-0.425534551033
1.26358174665
0.313636041345
-1.1749681627
-1.21885072161
1.46710059844
-1.5823552547
-1.19979163267
-0.714765717244
1.46724269588
-0.466819783426
0.0632944164505
1.36629761086
-0.306013268645
2.59066805728
0.406871114611
-1.80546612203
-0.829807709526
-0.70768378117
1.39738315157
0.492562394306
2.6901635183
0.707105951551
0.286963811949
-1.17410972385
-0.2979434196
1.0811114723
-1.2343810501
0.962052814283
0.256005781037
0.935227709834
-0.536217628208
-1.63069378759
0.762369019772
0.668159837707
-1.01344435281
0.156888315819
-0.869793425149
0.37512735427
0.367961379057
-0.423655814866
-0.420151108323
1.62454875118
-0.782515173628
-2.12818959766
-1.56584772821
0.224039004152
-0.585803613757
-0.276665056847
-0.896618671908
-2.44485228902
1.43276146005
-0.645403302331
0.164488462099
1.28365862103
0.958475056242
-0.0615348971721
-0.145372193568
-1.09191003924
-0.192757013208
0.785172481858
-0.341295188986
0.518055939944
-1.19805893017
-1.0239469853
0.228511775912
0.972427103933
0.803940763254
0.210594889187
-0.601879822344
1.10500084419
1.35743566789
0.805389275138
0.593981206712
-0.917186192923
0.427069661692
-1.32055660463
1.07275673274
1.23063808206
-0.204452651935
-0.515922492665
1.92306717855
-0.387244470003
0.374089458405
-1.1908967788
-0.662337288673
0.543845820994
0.882118915876
-0.401497275022
-0.339855144649
0.530625828247
1.01869042478
-0.425085803238
0.118786048195
-0.555793540707
1.11124867528
-0.920950834604
-0.488575005479
0.498812507244
0.767682145589
0.0876291674453
2.14836663211
-0.389782872036
1.3089013776
1.16373976201
0.738188072131
-0.77241615667
-0.0430083207844
-0.160590663863
0.196936931232
-0.117796786268
1.12756097877
-0.291136998169
0.543714417138
1.15725096634
0.137594262308
0.954604394647
-0.990666004599
0.593015930637
1.29068777973
-0.181353580175
-1.21312249301
0.458818019853
0.9447183993
-2.38793089953
-0.298815379081
-1.94457478044
-1.2780655835
-1.08562317218
0.293260608829
0.322781883466
-0.290187321659
1.80585322456
-0.262418655325
-0.437315595821
0.379057519686
-1.68690804752
0.533160460047
1.26407475779
-1.26015780125
0.832659137998
1.23290057928
1.64619878729
0.235473896834
0.0260586126008
-0.922772847389
1.51924145665
0.196402841422
-0.0533858116682
-0.310587921009
1.37912971894
0.382107738605
0.772072161877
-0.312818678604
0.583510692051
0.461697502414
-0.837155360718
1.38955878886
-0.551481062545
1.31440936455
-1.35628459741
1.30146792137
1.22867851719
0.589877708879
0.982830648513
-0.241666114565
1.10960715369
-1.19425078457
-0.246574502554
0.984208760707
-1.06409908112
-1.25713921809
1.7715795312
0.094246234309
1.33815003662
1.72415566419
1.53659617658
0.117387868428
-1.8358733359
0.897927694103
-0.958523191015
1.5163149693
-2.53959226661
-1.97661714319
-0.661945604741
1.83239381693
0.688305295704
-1.32352124506
1.76415735945
0.275694650304
0.364339187357
0.305518548279
0.0395615157588
2.6356146358
-0.61078025257
-0.554883788846
-2.80936975357
-0.675956420909
0.668652128536
0.454771170845
0.771445637246
0.74487082944
-0.493053972183
0.0450290763699
0.180149781726
0.29998223203
-0.783625777173
0.335578157115
0.197293071299
-1.29181924659
-1.31911076187
1.30581214745
0.405164158586
1.5749778814
0.993940011347
0.261489478449
1.8198870824
0.679856558051
1.5134652617
1.27521185954
0.623442475084
-0.247766808716
-1.3612357148
-0.977867125405
-1.29967900885
-0.760206127396
0.846988054257
-0.227161159519
0.267600452489
0.136088468644
-1.07394587526
0.0762681430553
-0.509547244781
-0.909845007643
-1.03187470948
0.930689805492
1.87368243222
-0.30510879417
1.50098621265
0.435635676023
-1.20033018002
0.198170412997
0.44223481502
-0.594985680722
0.650031028854
1.74301968563
0.360121451915
0.575705335108
0.701405725642
0.131538766818
-2.33879007646
1.4803873388
0.165483050277
0.374959004381
-0.267198431677
0.464613091595
1.22072439755
-0.0486689020198
-0.26571359973
0.0913859457948
-0.803126496069
-1.16136748932
0.841923814701
-1.76116922825
0.733256652308
-0.781164769276
-0.329216647137
0.830037332469
-0.294731148884
0.58829846389
-0.558563442703
-0.946230345776
0.875176094358
0.953846963751
1.16106794356
1.04044738161
0.810708181731
-0.0945906666447
1.74687123597
-1.54693340294
0.242050841366
-1.31293716283
-1.40843798079
2.09326141469
0.393517999177
-0.398851037142
0.250982420725
2.36650629288
-0.502519588063
-0.317241712181
-2.1104994475
0.718115228489
0.34822162878
0.375026926044
-1.3326968636
-1.08615708204
0.135047090107
-0.948774459817
-0.282898575656
1.33597602705
-0.905265674024
-0.925397734516
0.390580799724
0.0948462675973
0.539493028535
-0.415246026831
1.22112905074
0.849797608587
-1.06841000616
0.551114702113
0.655747448556
1.33284118183
0.585213678673
0.983802236678
1.21434651902
0.966597913431
0.100926577771
0.932449068928
0.467344495258
-0.408375546764
-0.0446512404179
-0.576234641173
0.330930173491
-0.800059709324
-0.813413180663
1.73729337282
0.4597103179
0.483124761314
-0.441539567098
-0.858597154505
0.301860097578
0.218910981521
0.449391129231
0.601846418363
1.15896216434
1.20815014414
-2.27211484299
0.912084750778
-1.18145160581
-1.3231853615
0.81773838325
0.0659850018219
0.523821635654
0.918897542052
1.22190816245
0.906791313147
1.13272151901
0.499182138247
-0.519197188389
-0.601112017334
-0.610145139376
-2.23478420108
-1.23969133184
-0.762185490263
0.480725675283
-0.954317938476
-0.00622328627193
-0.877621691562
0.478821604418
0.467006747243
-0.341195558902
0.981416373807
1.34989047423
0.777573376985
0.51588262496
-1.89802330529
-0.557849077936
-0.382503530843
1.60860625476
2.14748139372
-0.347891971856
-0.687641283017
-0.0244836943674
-0.123089279895
1.07693834312
0.0284470608099
0.0111780732608
-0.383666891637
-1.86934923121
-0.368145525593
-1.36318127487
0.127779630241
-0.668941609893
0.603083890032
-0.784543853289
0.142273707868
-0.164293751625
-0.926300021627
0.649194696096
0.753301053237
-0.358401762413
-1.38587538304
0.281865879892
1.43361883106
1.39184166982
-0.566766186974
-0.93233590286
0.254995665242
0.063810158711
-1.01709885837
-0.377012839095
1.07169600622
0.551722412873
2.8896885879
-0.380579082464
0.344223719123
-0.240039206818
0.60270509661
0.0357066103254
1.4133158841
1.33259747579
-0.813350871153
-0.37533904021
0.80514517904
1.62744412807
-2.02702570788
1.43122429476
0.372866876385
1.12750752204
-0.157977432547
0.216559993123
-0.456547455189
1.7289875781
-2.42684756105
1.4312939118
-0.66205615523
0.522033238587
0.628285357968
-1.9772176021
2.02169874309
2.09190700317
0.1302956301
-0.0751903371114
1.38617937394
-0.699410962907
-1.11483254397
0.15667869165
0.707763818138
0.836464166096
-0.0857693624624
-1.12288076278
-0.211354569172
0.245434371992
0.513512808431
0.331098429309
1.13905719146
-0.0689395565992
-0.92818446094
0.535009960958
-0.316431107385
0.896078487208
1.64916302117
-0.118616617686
1.21181455967
0.260028122076
-1.20108295299
1.72073796449
-0.473200664912
0.858107852207
-1.30986660934
0.0858634384579
-0.356390664261
-1.78050547555
-1.08961026695
-0.558747529799
0.765414760282
-0.773898239477
-0.429206214577
-1.03759524128
0.536006984554
Score: 1