3
44
10
3
-0.382856816036
-0.286629723586
0.281679041787
0.570624096842
-0.304172990075
-0.208259696943
-0.686534673973
-0.917714206705
-0.0504068349352
0.237417566075
0.281122682351
1.42887904739
-0.262216329707
0.798591815599
-0.119482372708
-1.29390985599
0.232866440978
-0.501295399014
0.170026954223
-0.644318210746
-1.15134420734
-0.13158161704
-1.53185470547
1.22635491155
-0.986727319148
-0.656552175481
1.02452899553
0.0500567995732
-1.25589911282
0.844165300083
0.25432612944
1.53333025252
0.976598540174
-0.928426379775
-0.771971304672
-0.121118133227
0.351281607293
-0.792916557941
0.0957739912281
-1.99891802362
-1.47113881094
0.584149455805
-3.98223156722
-0.269126407217
-0.9415266241
0.91023399998
-0.847785458912
0.927855465118
0.080926127862
1.0692903407
-0.568630824541
0.404328646769
-0.172124870269
0.269283397093
-0.0655597517829
1.22199726473
-0.967182075826
-0.143071211294
0.733918667007
-0.548133707817
1.13404170397
-0.331354273328
0.303787793997
-0.976960974991
-0.242757253313
0.085219598458
-1.14603597083
1.16263767367
0.323721145601
1.36853770717
0.558220269252
0.314991554747
0.0833982133005
0.0710960820559
-0.0928487885784
-0.726098186989
-2.21450069995
1.61761286638
-2.1524322933
0.668106128187
-0.32648584269
0.88050571282
-2.00154308975
0.878615395271
-0.214546375947
0.555710446878
0.241246307731
1.28196146293
0.45173671817
0.625344826966
0.0773274708067
0.302770238311
1.52873110012
0.770065112776
2.42480750587
0.995176309177
-1.78393421141
-0.203281688002
0.518342966683
-1.67456867915
-1.66650921453
-1.83099750215
-0.249826112317
-1.68471655223
-0.856854337247
-0.45666333376
0.893303591873
0.577526876327
0.946889871487
-1.77977297945
-0.268712590558
-0.489619923451
-0.787957202484
0.631221781979
-0.609677561303
-0.323647051752
-0.105922526956
0.069670871128
1.21460107819
-1.12966915644
-0.407226123187
-0.144444564536
-0.88029760098
0.746614703493
-0.758602306545
0.847702748354
0.400457709424
-0.203408688784
-0.690012435523
-0.81507438099
-0.169609538767
-0.42987920553
0.489479850941
0.788490111313
0.316517877013
0.456174347645
-0.775844740619
1.02437568572
-0.725202583063
1.36935631263
-1.41594965866
0.742051240492
0.284746287094
-0.696019552758
1.26948718023
-1.64105360701
0.421987224398
1.95335095993
-1.10374987202
-0.677247590923
-0.106091923068
-0.764558110868
-1.21315097672
-0.912065760954
-0.888711029821
-0.728141054934
-0.6767621409
-2.22948614748
1.9710558292
1.4028407473
-0.461106545392
-0.0756168511511
0.645875896673
-0.412201418416
-0.640819080313
-1.27940377813
1.3571723367
-0.858591515075
-0.251438772961
1.41348273902
0.361714761303
-1.17382959619
0.528131030084
1.03585543611
-0.20664032466
0.344938461263
1.50117135499
0.798172459495
-1.51932479018
-0.0578863546507
-0.262426622602
0.158601732592
1.73452211882
0.721038113008
1.47677378598
0.763824175443
0.366597103912
-0.895316783484
-0.142840927089
-0.0209710298281
0.580467326633
1.86379412985
0.285556965646
1.94948687326
0.516578204646
-1.14899239467
1.24813214242
0.401298452861
1.48527278481
1.13350591553
-0.250522656001
-1.68526344509
-0.759335324388
-0.655214068974
-1.47170896159
0.421398409676
-1.24484318317
0.589860993085
-0.362675572565
-0.330736275409
1.37957815999
-0.525242047636
-0.958057070718
-0.880244717868
-0.470116173608
0.26974863953
-0.272826457182
1.42710500863
-1.27954201677
-0.0935042686009
1.84425406895
-0.821518113416
-0.394156157885
0.0848051136756
0.618916308797
0.289113524944
-0.802096139305
1.29461935916
-0.109435255707
-0.497468045813
-0.863183785433
0.743227954921
-0.7737379544
-0.112754231175
-0.341346757498
-1.3518099745
0.456946050303
0.763126087172
1.27698902362
-0.329500601451
0.397559689747
-2.119876336
0.870006271947
1.19441211825
-0.970020557328
-0.709850690414
0.542637256225
0.193462021706
-0.503336084444
-0.739089087935
0.761978190647
-0.559103857589
1.67990125766
0.943393476489
0.459040579905
0.322881073626
-0.122044221519
2.06447465553
0.392125982478
0.804975983885
-0.507507802111
0.89432273911
-1.18031980236
-0.441264473712
-0.643767212641
1.61742047702
-0.454528334013
1.55720942736
-1.39565875274
-0.067221891586
2.57415353417
-0.409362934251
-0.268474152855
-0.217105935953
-1.58214372987
0.623601776594
0.583784272577
-0.205823764591
-0.0105909253446
0.448420778218
-1.3534183853
-0.314048962389
-0.262143261328
-0.409292944161
0.935200652602
-0.59773266809
-0.401140209124
0.405397576649
-0.918328622396
-0.274344645951
-0.357800973321
-1.9304802143
-0.286393976691
0.637867779366
-1.00832321238
-0.263868828878
-1.23777857698
1.08315024193
1.63071379996
-1.18448819207
1.46197681544
0.597773670223
-1.92694911321
2.24355957287
0.3035643115
1.64698961671
0.637255447449
0.900140421034
0.492389561081
0.396930809536
-1.28473579746
-2.24030685487
-0.924654252357
0.0366392428029
-0.619059819769
1.7149493613
0.946604640359
1.03118526133
-0.565447825749
-0.346281790491
-1.62940406841
0.835220458873
0.547389759024
0.00678758633268
0.541708070819
0.574176810337
-0.989226985184
1.5318190742
-0.0502157457768
0.014140169282
-0.181783276903
1.50482676851
-0.78466045654
0.423758419782
0.817993748366
1.61875142965
-0.740096622841
0.950923613373
-0.641586770512
0.473259791642
-0.466650880162
0.350940493535
-0.33924210206
-0.863313412919
-1.89352699125
-0.645927281228
0.941162021383
0.340287762727
-0.336224101494
-0.561554721469
-0.620364339317
-1.66621245585
-0.125653061851
0.734357681429
0.721886003311
1.41308354059
-0.7254371233
-0.771561152518
0.308639931062
0.351405797037
1.81780768234
0.417037659401
1.22049258999
1.54874619765
-0.134389039293
0.35107158809
1.07853945487
0.987380743368
-1.48770904351
0.427703660381
0.669560488507
1.27272240401
-0.125302016964
-2.39933051863
-2.33209964851
-1.48540207294
-1.10222767444
-0.041248430488
-0.346071931868
-0.603797569718
0.320535216926
-0.134929553841
0.0991294640785
0.664194089968
-1.3508244902
0.0492010739923
-0.335242170137
-0.0672087659574
1.41309868077
-1.2132588177
1.30074697627
0.742893975935
0.205064681332
-0.840546508918
-0.214336276926
1.27285583915
0.183252959595
-1.20461079355
-1.05874433605
1.07636018975
-0.126534616153
-1.08470382021
0.712834014725
0.170144394097
-0.283565301005
0.155843867221
-0.21213745454
1.95852208346
-0.0992438978568
-0.227582791046
0.758886456293
-0.151739347212
-1.16734110329
2.33572578095
0.404673003511
0.421635785665
0.775477495325
-0.620821139342
0.912939913104
-0.421840607898
0.282381136704
1.00183304799
-0.401328164604
-1.05857021181
0.0597880044707
-2.29201688213
1.41601803589
-0.518841519913
-0.704953287233
-0.230738553285
-0.206412443178
1.00680260495
2.75279139545
1.49348856057
-0.709573206253
1.29734939837
-1.08837564552
1.35909691256
-1.86458168262
-0.586222611856
0.152128682604
-0.861548587837
-0.848950824603
-0.0739947997608
-0.639014318178
-0.81640984593
-1.11523060911
-0.813585066651
-1.4806173608
-0.221253406852
0.200981625745
-0.930567507356
1.7859816801
0.651263851483
1.36670091595
0.651816038758
-0.861649634613
-1.50581410766
-1.69975683638
0.221138682957
-1.1336015369
-0.809396851412
0.536158438807
-1.2086685288
0.949492882608
0.915262555249
-0.905892215613
-1.09677985338
0.608136073556
1.70271950174
1.16601977157
0.173719990086
2.13746345669
-1.65994068181
0.87798486657
0.253936707975
-1.58567991257
0.490211211885
1.40341058036
0.290948766089
-0.399358741507
-1.43012645435
0.351432971081
Score: 1