3
44
10
3
0.174353079084
1.56958928029
-0.496690013482
-1.0586966308
-0.336101269357
-1.64331321202
0.0804298464112
0.627598405967
1.60750590963
1.35941496958
-0.814712023822
0.731066256565
-0.208204614145
-0.82351858002
-1.82411668417
0.141468436508
-0.319766372378
-0.134314781469
-1.27163723131
0.805761045996
-0.267370276335
1.03113526614
0.80360958853
-1.03447997208
0.459099783461
-0.031137944861
0.50790104602
1.21544654043
0.881378008319
1.01297787223
-1.53384643656
0.503750139144
-0.584958792824
-1.86517917283
1.19198325537
-0.206678044224
0.177500200864
0.678872266264
-1.37423383789
-2.36009657077
-0.985638808787
-1.42739482133
0.266147645767
-0.0630247598249
-1.34332261705
0.386895343701
-0.846309011966
-0.698369453997
2.58025912054
-0.670354314771
0.575976711228
0.249828952549
0.443919833743
0.616857615513
-0.677967251327
0.0285959769061
1.11723349716
0.0939826407761
1.48453320389
0.37053934357
0.963679094934
-1.0048420921
0.705903325712
-1.01945864714
1.02653957549
0.466422731798
-0.163742564213
-0.799144284757
0.128540742627
-0.275738475927
1.22205122594
-1.65731803673
-1.33880897457
-1.18452262406
-0.298175994099
2.0531461139
-0.66110580996
0.0627774042706
0.305483627136
-0.323423016396
-0.505552721983
-0.378350868394
0.82873616369
-0.192340352858
0.319681057249
0.424942222399
-0.760948888719
0.746346000327
-1.12880803587
-1.73553577541
0.0152857335374
-0.646601900066
-0.112109065934
1.92817448835
0.398462547572
-0.789370300124
0.43378136516
1.75228471595
-0.509212749977
-0.251685836293
-0.529606265041
1.46619918036
-0.12006964351
-1.38407819433
-0.839136640899
-0.116038338976
-0.107509847816
-0.0716037189026
0.882958613957
1.19503100214
-1.43276403328
-2.8821779064
0.444676794755
-1.16514117463
1.67292706809
0.946876413152
-1.65058144567
-0.986178676792
0.954658836725
-0.193973011058
0.337205960656
-0.93828726962
-1.38230921427
1.20262471062
0.382044040286
-0.33060484937
0.602939630669
-0.743887390918
-0.89968020883
1.30198471567
1.57874463506
-1.22882593933
2.11163773117
-0.835005179073
-0.378773742011
1.48311014756
1.47783394299
-0.518227683576
-1.51199273148
1.28961448856
-0.807964280827
-0.234587634917
0.796143601538
-0.275361851698
-1.41205408238
-1.03849825944
0.702931365276
-1.80918857971
0.552373688664
1.66415825723
0.739507962346
-0.365437542738
-0.964935511136
2.8050462312
-0.269138865882
0.859536372926
-1.61119589846
-2.38317307245
-1.47845575344
0.274465422257
0.822040787304
0.698456551957
-1.15978163585
-0.199916955506
0.439357995634
0.405244421054
0.801844339759
-0.941720882319
-0.445248721502
-2.18558800383
-1.87689531224
-0.958434338783
-0.278349407398
-0.0507952777349
-1.08687370143
0.0906163499944
-1.15714338974
0.160436796559
1.89838304122
-2.69700640454
-0.608645027201
0.0481748292733
-0.251031437037
0.712491047805
-0.0452130474349
1.43550789905
-0.322876868729
0.66957355303
1.3158311815
-0.813086120955
0.697756308949
0.045060819561
1.14000007362
-0.932752133307
-0.175356649247
1.46809576782
1.31016170993
-0.67503978597
-2.20035368529
1.24209205813
-0.984514015436
-0.0929107400453
-0.10891851062
-0.844772335545
0.195817086526
-0.567283583125
0.600074524115
1.23595706251
-0.00129113053275
0.524704063539
0.474419248654
-0.44421739702
0.278194936513
-0.856290334479
-1.46900446528
1.65250897179
-0.744895467204
0.77465055215
0.373589575466
-1.20151380668
-0.0516944561543
0.909316425971
0.505812904239
0.668719513237
0.641726082615
0.305054871608
-0.42630450967
-1.00741136712
0.123939180653
0.423741741414
-0.836975507052
-0.445472839839
-0.342888259014
2.09430488625
1.47520283429
-0.965151637613
-0.915464668198
0.406401521266
0.0125455621442
-0.451815844421
1.4581036172
-3.14993660226
0.622763320422
1.38078591547
-1.84258900976
0.440192352241
-1.10607563752
-0.241582795905
-1.89008560648
-1.17327767832
0.12459058303
-0.415599071813
0.583069619405
-0.163506807588
0.494087542099
1.17488322199
0.501652739762
-0.524764256943
-0.960317952481
-2.20699035468
1.49937877393
-0.338446318151
0.474731887215
2.41850856266
1.31614086836
0.337077008396
-0.471119425499
0.269509213412
0.211275887184
-1.49687065199
-0.106308849036
1.01847002472
-0.780710869649
0.0372780008732
-0.947970794083
0.915495107474
0.277194652238
-0.593190209808
0.913679866757
0.314379070909
1.19936506243
0.682213089336
0.209493726534
1.45511326807
1.0611572543
0.300767692341
0.289875191725
-0.0974396965386
-2.06247501625
0.296153228267
0.963887945174
2.21730442273
0.756201728163
-1.27749786277
-2.31820660984
-0.591728050816
-0.758876069251
-0.172173556003
-0.533488127706
1.01443946711
-2.08933331396
1.00208844939
0.605308812721
0.689961933135
0.263594730689
0.38807188215
-0.292031914388
-1.18837679328
0.241996522558
1.15047069726
1.53095070254
1.13368520507
1.24671331389
-0.248813186214
0.0333280936867
-1.04094181558
-0.00782557514392
-0.45326951471
0.78794737048
1.2017384836
0.605345898059
-0.349889165168
-0.17700856331
-1.1853457121
1.06967189194
0.720868703377
0.471783936715
-0.0762929063083
1.29998727303
0.899634071631
1.41140889769
0.238996394569
-1.28903004441
-1.55233874344
-1.28255899256
-0.0992422617734
-1.05007226582
-0.617776894648
0.814467835207
-0.765949564054
-0.0377675557506
1.24375984323
-0.892268814053
-0.861890555916
-0.645985835303
0.245006398994
-0.709587216649
0.0839047910886
-0.227765478593
0.112163105856
0.577283816064
-0.693234940011
0.652887884687
-0.456234896928
-0.0460999702866
-1.49659176178
-0.111676732229
0.665248958506
-0.486609005556
0.578543307401
0.983821185648
-0.062039377779
-1.71831950236
-1.60474956127
-0.310465125549
2.26566997859
0.140979843741
0.655688850903
-0.59292210425
-0.655003698986
0.884233766776
0.496455763099
0.000653107206187
0.0945866788282
2.54512522565
-0.0496549781005
0.0280042287386
1.97990772713
2.66856243479
2.79938490958
-1.13959041043
-0.0139114259318
-1.9689087973
0.586417186991
0.156265494404
-0.668953937089
-0.122728814619
-1.24489798084
0.00828782104979
-0.287264179754
-0.313223040475
-0.681857906835
-1.24236833704
1.93666672766
0.343147242315
0.630557946057
0.650065983533
1.47570709081
-0.0336366801392
0.307150930364
-0.16456347162
0.955221533903
0.318397512212
-0.117901514664
-0.453329432074
-1.03692145049
-0.146720616558
0.548314292082
-0.0374759157737
1.43002555244
-1.45913887804
1.51253274333
-0.889032180614
1.43307351204
0.486912688694
-0.356966822195
1.19327830065
0.533532686383
1.18480669809
-1.8438478806
0.956739425338
-1.02085186933
1.13806856462
-0.613677577456
-0.165857110251
-1.6567907925
-0.719602493537
0.716682942429
0.0715011827125
-0.176127364513
-1.13772527572
0.540072175854
-0.836646152837
-1.02790804608
-0.117127322656
-0.170894378607
-0.536650924881
0.264563534799
-0.251726061846
0.145025675506
-0.211065721192
2.14309437416
-1.07883390298
0.238541087039
-0.158185596575
0.273512615679
0.179427914446
-1.23389373241
-0.0607681747892
-1.69254878779
-1.09711232835
-2.67637764575
-0.746354801254
-0.603576181193
0.919546987332
0.231173172928
-0.0151601442391
0.640132291274
0.389597983085
0.664715694597
1.68634937384
-0.311879122716
-1.45672075696
-0.320316261522
0.0369279640981
-0.0866396951942
0.0642885842477
0.260853455249
-0.514081198922
-0.956957908633
-0.377493931717
0.896918803754
-1.1773395877
1.23816808658
2.64552313087
2.04765249963
-0.064218342515
-0.666752829973
-0.29349188925
-0.842687147883
0.266714390314
-0.100324951051
-1.65834449338
Score: 10