3
44
10
3
-0.46218197634
-0.356074254007
-0.128042589287
0.541862816308
-0.940205252727
-0.14642325999
1.17231315278
-1.34202524406
0.451715749305
-0.442278112536
0.494980635195
1.57276529073
-1.28968016915
1.7246960267
-0.64107953359
0.528569096364
-0.0933835317209
0.205888271545
-0.0981405917924
-0.327369137549
0.601785515737
-0.666777951932
0.0749918632863
-0.360340517097
0.433817092412
-0.485226105706
2.06885201404
-1.29996200905
-1.08165710772
-0.0590796028077
1.80859743383
-0.138327626898
0.782169996766
-0.9658045814
-0.89511607617
-0.767366022345
0.273392471557
-0.783956998086
0.177910812028
1.0359458551
-1.04352303104
-1.23061658614
1.343113294
0.227637654722
0.954386534973
0.973968864861
0.166988253675
0.587908273571
-1.10060330038
-0.558149732605
0.697069647544
-0.349560090281
0.0598030370998
0.758917514604
0.589678982621
-0.774882590442
-0.425050114581
-1.13765471897
0.390750004484
0.214006914986
1.8358297834
-0.746791859629
0.386460236409
0.162293964196
-0.891418738503
-0.890666810783
-0.183692791612
0.522562260417
-0.448519477536
0.459642872639
0.0223112265165
0.156648251898
-1.50545741775
1.48454012841
-0.625791957927
0.743516891803
-1.12269359069
0.0679042685803
-0.931932369773
-0.358807825859
0.738769394536
-0.6482013501
-1.6945497574
0.174527867104
-0.0316137666243
0.910333803208
-0.552425961123
0.865295256453
-1.38090274354
-0.15416429005
1.20644320626
1.15877585849
1.04471696264
-0.190267741699
-0.379991268553
0.0609007356209
-1.33603462338
-1.27127482454
1.23637309599
-0.733020889193
2.38185557262
-0.956931960806
-0.0115334588081
-1.30823327461
-0.161694695069
0.690664345573
-0.256276250496
-0.293691602467
-1.17338527232
1.21761037115
-2.1434841234
0.892897920459
-1.20809051925
-0.366066044617
-0.422950060504
-0.750374829346
-0.0448062837746
-0.603022595494
-0.368293125636
1.56593336441
0.792100970731
-0.149195759735
0.436421748533
1.10091768898
0.537591511484
-0.241178699074
0.144940052089
-1.91496038891
0.51821991096
1.63070893356
-0.233470513494
-0.536895750382
-1.14624932547
1.03841780965
0.926125268652
0.0521443826106
-0.772229488627
0.655160081984
-0.40093274522
-0.911143874605
-0.161577245958
0.0637254304187
-0.790345773493
-0.264668462701
0.177546929231
0.697292305234
-0.518242180956
-1.63346021831
0.778995078425
-0.049954055092
0.562412594115
0.588405113103
1.15062492094
2.38390244881
-0.156135040787
-1.21306293268
-0.480218783701
1.8870925569
-0.231768171425
-0.227638547795
-2.45649333498
-0.562558240996
0.485527165291
0.598241843684
1.26696361055
-0.0432329633492
0.854199065323
-0.369865667003
0.553288517531
1.85587175676
0.0200265915446
-0.0952638904676
-0.203765443522
0.243204795804
0.261172823272
-1.15378501797
-1.72520822755
-0.46145592167
1.47822994677
0.141433219883
0.62278204551
1.42368705473
-1.47184378407
-0.766772278154
-1.48910006031
-0.526187606846
0.368962648246
1.07556855787
1.24656747715
-1.47868182211
-0.729144954715
1.73033178068
-1.23142602413
0.727180841839
0.945432707706
1.7463332071
-0.342859670265
-0.897085175491
-0.876684418079
-0.0119512537118
0.241803676772
-0.411861464119
-1.15886240513
0.639523130408
-1.23371196327
0.57669377129
0.328573337594
0.916892385069
-0.772052499008
1.09678110349
0.15959090819
1.05560919758
1.26915492409
0.459922526914
0.798119144653
2.20209144443
-1.11239127711
1.10381530895
0.711259196977
-0.479986180114
0.235767243031
-1.36311842901
1.55151550134
-0.788941950156
0.876783261147
-0.221797438554
1.362610997
-0.893784079305
-1.43889967501
-0.372135823461
-0.418327711638
0.63748619359
-0.0627408556784
1.09783508267
-0.119111318521
-0.972836940429
-1.38703951165
-0.863553501265
-0.289948475372
-0.333142967985
0.70317626026
0.557669814984
0.629290108391
0.250205272878
1.20615921592
0.307880396559
-0.996865850616
0.9806124572
0.158512278415
0.541654098852
0.955305595335
-1.75545817321
-0.467604714379
-0.966716292811
1.483683235
-1.22496622264
-1.01393627398
-0.766003581522
0.864187068494
0.655586686432
-0.961676095987
0.332606709366
-0.77106831033
-0.187004848316
0.702488790611
-0.757934745632
-1.43769676501
-2.0877527337
0.0526721952325
-1.35275369581
-0.356050998814
0.563941526673
-0.379811214846
-0.244150488412
0.49293231753
1.40152651777
0.693174117458
1.36753571442
-0.00389453684515
-1.7029994578
-1.84842406282
-0.0038151329285
-2.26642984644
-1.48929233412
0.516791865479
0.493957959616
0.215284079157
1.62917287442
1.87763277583
-1.24342224809
-1.18786981946
0.319722740786
1.44228255959
-1.71232438734
0.289121637016
2.17704787325
0.594325977753
0.562220939303
-0.282084981431
0.0701383418585
-0.265469493837
-2.34614558177
-0.402795881575
-1.87395634575
0.452664899496
-1.24818500216
1.13963709749
-0.771460078376
-0.363521128698
-0.353997135601
-0.560305543044
-0.629089618
0.758188116858
-0.149967500475
1.64869398112
0.444944445837
-0.589190195583
-1.54293801502
0.755877777861
1.88070317709
-0.470132804488
-0.849965288917
0.0510151362937
-1.02067113508
0.0597753193516
1.14766841125
-1.27371970307
-0.859644015564
0.528781417019
-0.607502622089
0.577284222315
-2.06614135913
0.894628090501
-0.184983656975
1.47179416228
1.32864754508
0.738912823838
0.527024848062
-0.538082837127
0.268100591635
1.32723630822
1.22215895842
-1.52698475115
-0.907034099988
-0.247967524066
0.644586606656
0.0653064868428
1.10634196059
1.63605784244
-0.327813979333
-0.510650102266
-0.719988431453
0.436181115983
-0.713264855328
-0.123284067379
-0.778235181869
1.60891557031
-0.438987325949
-0.148301711677
0.332169950587
-1.15355572073
0.0532026396697
-0.751131648532
-0.211622017297
0.278213877299
1.00084903263
-1.60890242281
0.105008769834
-0.0642970147443
1.45215285035
-2.51705923754
-0.23544046401
-1.17748699106
0.609756954895
0.246296928401
-0.173715375946
-2.15146705165
-3.61438256013
0.681158738398
-0.411746790854
-0.603045381437
0.107879729526
-0.376716656797
0.0208244375468
-0.789369555899
0.71566653956
-1.01886161997
0.187779360343
-0.846680803903
-0.653576701534
-0.547353584636
0.582392919795
1.54510862415
0.698023425307
2.45040106751
0.641215503124
-1.26796314847
0.127559224129
-1.20142274514
1.16599995706
0.536569153519
-1.31871511926
-1.38009497982
-1.79147046846
-0.00734817228691
-1.62334021226
0.655585046989
0.113956507792
0.546817274033
1.64055078232
-0.240303467888
0.616151982716
-0.00263105101753
-1.23181917471
-1.33238627295
-0.370608347092
-0.589147736941
0.188291526669
1.09631586104
-1.09537815397
0.726176377241
0.576102976774
-0.197307427904
-0.344609714124
0.600126604227
0.48453522405
-0.436786418261
1.66082653439
0.699828549522
-0.40875500342
0.566981135083
0.641356497612
-1.85252658646
0.789576517689
-0.10709311355
-1.16256889866
-0.142068186906
0.404175909244
-0.562218272539
0.393115125592
-0.167091579975
-0.246393567966
1.69417954899
-0.170992257137
-2.54761800937
1.7720518777
1.2088552778
-0.505766462819
0.238320812763
0.786460695589
1.65109796088
-0.551985546659
0.758885985929
0.0995212337974
0.73124954407
-0.400151812042
-1.39956533679
0.749574053714
0.563941904772
-1.75119328582
1.46174227291
-0.156918000337
-0.401796013061
-0.14328489571
2.01366267002
0.446042515698
1.55367551351
-0.150169686912
0.870864238603
0.0193756015501
-0.273021919953
-1.23709167155
-0.162042011563
0.361623622499
-0.279976733927
0.779692694524
-0.0935446747191
-1.27865002875
0.274729096435
-0.216717599464
-0.40621332588
1.2339781998
0.255400949632
Score: 1