3
44
10
3
-0.629107228696
-0.716399934245
-1.46039639981
-0.979851870021
-0.133830741385
-0.507339130441
0.88096039464
-0.216293030353
-1.0853312711
0.147056528853
1.02005569357
0.314740428419
0.411290433016
-0.351832593431
0.0769512843137
-0.951618800174
-0.324884117458
0.371197270679
-0.7194419314
-0.107765439367
-1.47438036889
-0.0340450404459
-0.0912286360965
0.550148148541
0.0675802333206
-1.81929712696
0.617947569073
-1.10013608776
1.31407317944
0.708639095983
1.48824415225
-2.63908584989
-0.855557643946
-0.60713635528
0.0228973940853
-1.25599076033
2.13754753659
-0.590184260867
-0.197902020172
1.75220042727
1.39790652921
-1.43778040506
-0.72605758725
0.843127186993
-0.0965524574851
1.2567865762
-0.672852185959
-2.06269687944
0.207366601356
1.14849714666
1.03918023099
0.396476487602
-0.238316822219
1.33211636207
1.761791162
-0.962328157976
-2.97211057101
-2.59595694255
-0.445832893886
-0.0863262271647
0.126948901002
-0.550294964671
-0.842843123698
-1.15148696043
-1.03435037839
-0.408832265024
-1.74832562131
0.0247258169906
0.128295316693
-0.77387090026
-1.6161485645
1.28817929822
1.50700654925
-0.397126137865
-0.405109956555
0.203865966341
-0.778698592172
-0.502114506764
0.242616020489
-0.465191418268
1.7651974765
-0.456468425151
-0.356869772356
0.27512887341
-1.01183454891
-0.684054263236
-0.784635097696
0.0753338934112
-0.126022906671
-0.786869251788
0.733399048693
-0.755618216269
0.900676880764
0.559634431836
0.457593961086
-0.871330977139
0.949154419078
0.0278665925465
-2.29460877177
-0.970944031703
0.904872744804
-0.574480480079
-1.71698947723
-1.54563629874
1.33661927957
0.0155332608467
1.87921434219
0.662599425592
1.39771187721
-1.40404181368
0.284127715125
0.287803835491
1.26933160594
-0.0843314754068
0.358730696573
-0.428094628978
0.925367384409
-0.723144598878
1.60720079103
-1.04555801778
-0.714606711632
-0.554964929182
-0.180322463796
0.47716908836
0.858249899776
-0.603681517456
2.28092629231
0.721607202317
-1.24883046303
0.568028365592
-0.0777667575309
-0.447266890438
0.365727311586
-0.390587320019
-0.144783534472
-0.552522377607
-1.31781757304
0.574336023216
1.14520206336
1.2282879307
-0.738404011026
0.644543458834
-1.61106835018
0.531350137132
-0.32808095739
-1.05023484376
0.383528333282
0.512830125917
-0.131286839455
0.440761597822
-1.47987369435
0.771343650758
-1.86772579962
0.654997444371
-0.581965221119
1.70557865878
-1.11834235925
-0.623427229631
0.277709405185
1.63392709283
1.28478308255
0.0957871740049
0.103608918368
0.148155279864
-0.625135991222
-1.31266611433
-2.13362116567
0.389711539078
0.497474874558
1.21776959329
0.875793235519
1.26532110569
0.0790819288823
0.140123733961
2.80432847711
-0.373712566091
0.154152588172
0.658889981297
2.17984276265
1.42134296805
0.0305306281813
1.85851531387
-0.356011919481
-0.0969158845318
-1.99776225964
1.56882342929
-0.423396878144
2.07375832619
-0.290311486106
0.220913277247
-1.435568759
0.806576175609
-1.64900260371
-0.501759587118
1.3234950294
-0.128455158465
0.0122614536558
-0.0402200600259
-1.05916739768
-0.330800107214
-1.04551479164
-0.619265109564
0.782800095292
-1.73886008659
-0.774500092651
1.1422804154
0.474865285664
0.575226929554
-0.947203027983
0.544592318094
-1.10838119864
-2.14324230318
0.433449404038
0.74851495656
-0.083036048864
-0.812140542595
-1.24062962714
-2.34194521048
0.598761712724
0.778726264608
-1.28373560082
-2.47796266826
-0.261587183002
1.50130576136
-0.269858699589
-1.32775940325
-0.245266651311
-1.15541922061
0.155828982321
-1.16577544337
-0.617108997581
-0.606300226422
-0.668459863796
0.59802534445
0.040864225691
-1.61595484331
1.29230914953
0.245276949032
-0.872332118012
-0.418143710689
0.344599900224
-0.583864620074
-2.87070975225
0.763979035836
-0.0101065830056
0.161729675431
0.650457430227
0.433999898771
0.857341252502
-0.0814323413358
-1.33693688096
-0.888420625849
0.52770855769
-1.19686002488
0.159325191063
1.37674807963
0.785261441214
-0.163378845011
0.0564530983086
0.530991318825
-0.507032705301
0.360846410939
1.1149685651
-0.259735198599
1.37592889823
-1.01345838352
-2.01336402265
-1.66537694074
-1.28165643791
-0.0104576505179
-0.16909042179
-0.144931894349
-0.17276338807
-0.503745458278
0.292721389278
-0.35408076691
1.19438335856
0.213809199386
-1.6829379757
1.78459691454
-0.279310045395
-0.1441410671
-1.9229097469
-1.06976834024
0.512387986777
-0.417042886235
0.976872765271
-0.215288169888
0.559705766247
-1.08249037286
1.55628983408
1.07067827713
-1.32938687784
-0.715986824744
-0.819310383261
0.734612501844
-1.08780728108
-0.152187657058
0.418951844903
0.697025877991
-0.286873262141
-0.170359090137
0.0720207600905
-1.48140050921
0.321238500164
-0.544017806243
0.32336323974
0.260865322499
-1.39811048235
1.55315130815
-1.12368811378
2.53586009232
-0.746883798093
-1.57831829514
0.434516688743
-0.348669155528
-0.0451756942582
0.892512902084
-0.260187646403
0.816670788425
-0.451056193355
0.449093183285
-0.00393153125327
0.594921345383
-0.107425478049
-0.331795459655
0.510094192357
1.97917670188
2.03490064055
1.0359857548
-0.33842259479
0.341248045931
0.271163143187
0.0727828575331
-1.28338143891
-0.833592819248
0.798883717721
0.417040053957
0.763595101838
-0.559756048308
0.176731170791
-0.380894717942
-0.0837614232355
1.81987871347
-0.904921106564
0.0434818104637
-0.206465773765
1.09481331389
-1.45251060691
1.51193978258
0.150758884133
-0.85891229179
-1.26753075039
1.21178711986
-2.17250188206
0.468303485655
-0.665653909478
-0.44680947501
-0.396228306706
-1.75692532428
0.428854231145
-0.311169987084
-0.241292119293
2.08395675947
-1.36684317556
-0.566656157579
-0.429594904089
0.979656612274
0.841402324275
-2.17595367171
0.958880508528
0.201097672114
-0.281865187192
-0.472322883753
0.643782514829
-1.45963371482
-0.601416758165
-0.604157526756
-0.152460026818
-0.195874027537
-0.55745776463
-1.74014073784
-0.768137716564
1.27785322676
0.300244768471
-0.758519040353
-1.1984541493
0.330620126599
-0.451000500896
0.492667774055
0.474016751993
-1.62752994035
0.140231010968
-0.322483889037
0.669307510832
1.32936567022
0.802018978809
2.07310962579
-0.366960298669
0.791108401689
0.137397682433
1.7386959385
0.876596098305
-0.745267309669
-0.819467169951
-0.465667765899
-1.14078387031
0.811853255156
-0.727646231175
-0.367846437578
-0.260417085375
0.560290952226
-1.69329380338
1.18778165193
-0.107397581349
1.22115477646
-0.039506001306
0.793560309199
-0.793254229176
2.09708691311
-0.450128628114
-1.17250550036
1.05072218528
0.23959429211
-0.908841237563
1.17189080022
1.09292076527
0.0379373052891
-0.65232210089
1.12546998243
0.0756098630332
-1.69215997347
-0.585097661287
0.0274890567616
-0.599580529194
0.0586534148021
-0.0146894944994
0.110584139182
-1.19254995684
-0.0509573660435
1.36194581195
0.0103883285542
0.081140966826
-0.0372516620636
-1.11482960174
0.224582815753
-0.457898323056
-0.730087692456
1.01764701474
-0.0814941598164
-1.99317118062
-1.38940407019
2.21054474147
-0.82843102274
1.00555459923
-2.48669575904
-0.06684289279
-0.847711460751
0.0763014995849
1.6136808513
-0.307174430483
0.260690609885
-1.01367699894
0.838279577363
1.68079027427
-1.40792233051
1.95339262985
-0.794363301029
0.324723584068
0.525937916735
-0.769149525031
0.395985540449
-1.19017374459
-0.927406012943
-0.215924528601
-0.95622156432
-1.2064425738
1.35137946884
0.998706748734
-0.0247038688165
1.03847708406
-0.507305089435
-0.823252526318
Score: 13