3
44
10
3
-0.725253049538
-0.6242225801
-1.54621178379
-0.685852197742
-1.56691967563
-0.701766180159
0.741365602084
0.819091466018
-0.676952094257
0.85574238658
0.250123698858
-0.0844287070047
0.919479862327
-0.459607489895
-1.05741926125
1.3736122844
-1.04889798112
1.81213922374
-0.690171277295
-0.576945659416
-0.955475044421
-0.988665178719
0.318104630514
1.66953306237
0.278448136097
0.0184278809345
1.24379788158
-0.806265351534
0.645512970516
1.47598102924
-0.417119029822
0.079650946424
0.860828563097
-0.834236073659
-1.58468169463
-0.317554117595
-0.755580228818
-0.470616815443
-0.214553969559
-0.780427618748
-2.14945273231
0.180051037464
-0.757757807612
-0.701180717862
-0.281356972157
1.17904030972
-0.922469258164
-0.163746544092
0.978040319236
0.227677554494
-0.41074751857
0.136070868525
-0.466117900941
-0.548583461017
0.553828841066
0.138437710367
1.42188608845
-0.160739802909
-0.13730538774
-0.390495651874
-0.625635901015
-0.879934411639
-0.970651485663
-0.369215981827
0.252650612989
0.701363873063
-0.0607352478649
2.00059866946
1.93601016986
1.67691885529
0.421876840059
-0.0388350863588
-0.159998599297
-1.70271233638
0.906420013402
-1.44657945753
-0.618495876628
1.15479505898
0.296580281956
-1.11524524749
0.374076370861
0.50815985562
1.2413913771
0.867087387812
0.326022559633
-0.418247865964
-0.280790705341
0.158787823206
-0.856787950149
-0.731163725655
0.835592069089
0.718791449933
1.39635029162
0.0354992217926
-1.00040940678
0.317601099609
0.148907288238
-0.744711437237
-0.831319852934
1.67886128136
-0.659559458273
0.86755275103
-1.4185788335
-0.293178326491
-0.481672375271
0.31904282576
-0.780985447594
0.86660847763
-0.759460372367
-1.29026319277
2.04482273156
0.136857526941
0.460213480854
0.927856012695
0.376509899454
0.254047700699
0.0169196780206
-2.42423177004
0.282746732557
0.622696269677
-1.71868348446
1.12194897231
0.831906469251
0.234159214863
-1.61819610095
1.6289406102
-1.20831619235
1.78631542256
-0.859202243433
-1.26130577766
0.202161432149
-0.392938117827
-0.724182852028
0.625215261348
-0.457585604268
-0.398432959764
-0.162666425679
0.91453822784
-1.09513219345
-0.716106478045
0.310474038611
-0.151070419474
-0.309213494659
0.0801400529076
2.06064006521
0.603056579591
-1.07296471679
0.786162197751
0.0340752013563
-1.23246078473
-0.635661307427
0.32278629308
-1.33637638393
1.21792747998
0.364395843083
-1.00510114947
-1.50042477577
-0.277813655225
0.315412833741
-0.945288743197
-2.03519391642
0.343528380125
-0.712353086954
-0.366851413206
-0.753551652208
-0.392752301395
1.17823034958
0.308967759777
2.72314944074
1.29677795025
-0.237758960946
-1.61775260992
2.06481696672
-1.34544773798
0.929422046287
0.142974226775
-0.0498955085298
0.750619659768
2.2926920109
1.58400479053
0.0764524475559
0.0386916340141
-0.863186617126
0.368981174564
-0.428151135047
-0.695205922052
-1.0294240023
-0.310624681205
-2.37716163807
-1.22331105176
0.960326011344
0.51708946882
-0.30078694149
-0.12671486929
-1.25171505437
0.970481841796
0.75478119453
-2.21006631902
-2.03716329
0.074966755532
-0.405609385757
-1.40568249231
-0.387123185171
1.05296151008
0.912796515246
-0.164224737712
1.08945801943
0.108562281851
-0.336126663573
0.671326624394
0.0366281593264
-0.412628055481
-0.0772642465871
1.25381974956
1.72542897482
-0.218744774678
-1.01139787863
-1.04601612196
0.880799072674
-0.19373824209
0.351825925821
-0.0402857883708
0.854937794418
1.22780868387
-1.9510895737
0.264641394693
0.375394478646
-1.74292480337
0.630869322111
-2.26151328527
0.211370230169
-1.17781990071
-1.03370783496
-2.4991541838
-0.599148442339
0.402010975082
2.41084669381
0.33233816921
-0.594219111325
-1.78088197876
-0.324020959484
0.575136279474
-0.634332484864
-0.584152201544
-0.532706842201
0.961984415016
0.798568252185
-0.95222802463
0.253341149848
0.849781219885
-0.539125277046
0.472803622709
0.927954576371
0.849056568887
-0.988040791811
0.908244175869
-0.482721220244
-0.645072315827
1.04409055436
0.759147464139
-0.474357801645
-0.0791746440801
0.565053372658
0.129959618206
0.72513195926
1.47997791741
1.45579537213
0.798032197762
-0.424213628687
0.191849530859
-0.163185490436
-1.08882132347
1.45241501827
-0.734827325439
-0.306809629107
0.085921769475
0.0950743431069
0.107038342945
-0.46070953236
-0.31962964468
1.06022834877
1.94036037311
-0.248830717913
1.61113058922
-0.585713821797
0.477286427846
1.44060604507
-2.40040387671
-0.783045672396
-0.284593816041
0.0342586947246
1.14896598133
-0.296111609113
-0.122020343581
0.0596205325501
-0.553662698959
0.703405265959
-0.614735355572
-0.0360535931527
1.4245576393
-1.5331927695
-0.898260633081
2.04704647119
2.20928303167
-0.915275072116
0.0059610415467
0.961711129384
1.49359223268
0.233718657487
0.0176212018659
0.147482346872
0.814933271195
0.323924432387
2.24310272071
-0.680645939371
1.16721707604
0.258482863687
-0.693630441113
2.20221010299
0.0527345553294
-1.84252579422
-1.1777332067
-0.063767246383
-0.0964742065665
-0.877338164493
-0.395038908704
-0.98814866567
-1.67518083896
-1.39371412166
0.330770409708
0.0668658980501
-1.51034943327
-0.711962054255
-0.364629985938
0.382765659378
-0.168349762926
-1.24424227897
0.761424138674
1.17022396513
-1.15349521869
0.431495610512
-1.09190631933
-0.130470714467
0.930222232468
-1.16504405354
-0.599286355618
-1.37395472269
-1.13702464762
-0.0230486101531
1.3512990257
0.00104663222898
0.0224424449694
1.35718262649
0.991940564412
0.325726032225
0.752542581654
-0.135870874987
-0.230616311316
-0.400669734758
-1.65873660137
1.91090537523
-0.319779651228
-0.958511652681
-0.699655226696
0.239672007068
-0.572376564066
-0.280409443002
1.32723063446
-0.0343834747485
-1.54294191595
0.697940591733
2.36935167632
-1.60236593006
1.86304596314
1.48185319037
0.00722237149296
0.39137093183
-1.68095385314
-1.7347238514
-0.820420434564
-1.91931962018
0.957739195615
0.711076476341
0.359889547594
-0.661723532021
-0.685232439284
-1.24235513908
-1.49269998259
0.303724951413
1.53354566362
-0.594391176002
0.93765085811
-0.172035583653
-0.969361411252
-0.163217702925
-1.2368675396
-0.0554702898822
-0.910519019267
2.07498153035
0.65139881439
0.559753877851
-2.07926195677
0.782033079641
-0.21884319697
0.165057325181
0.502971661731
-0.169795984376
0.42784689609
0.210860955666
-0.862346653194
-0.318487148553
-0.716868806335
0.934717126703
-1.26169438686
0.344932957644
0.301909429019
1.10395587382
0.44018937066
-2.36703659649
-0.800996636291
0.277160858186
0.109810358619
-0.582200621339
0.636713637089
-1.00614116409
-0.94291583535
0.663864698282
1.3966259644
0.314236914902
-1.71831152665
-0.273022740851
0.510727618721
-1.63406120632
0.689043402499
-1.26340366416
0.276605197833
0.0759432506697
-2.15231436684
-1.53637937578
-0.246165403771
-1.46536443954
0.853669007772
1.16378590633
-0.24011102166
-0.6982596821
0.913687751311
1.7126055518
0.0627960906277
-0.235940652465
1.18984112435
0.106081311327
2.29622256318
2.53308921821
-1.6115261033
0.914499968165
-1.50015083153
1.18945939658
1.12248863954
-0.196127904119
0.0286070608554
0.490452726741
0.647987306723
0.414967489608
0.227116682148
-2.14982706815
2.23932585699
-0.151583816193
-0.38456813042
-0.411167747409
0.694900489682
-0.685170132675
-0.297963714016
0.0588866200997
-0.0516593750514
-1.83430631048
1.88766739426
-1.52728806877
0.920962317845
0.229754310167
0.482982512115
0.383799879294
-0.634964673833
-0.779636856412
Score: 10