3
44
10
3
-0.556901072119
0.818870896013
0.347818703102
1.52713486665
-0.3671111632
-0.880055873259
-2.20605198466
1.0330113298
0.00466192095329
-1.04835049343
-0.0548214080456
0.965361456768
-0.548978311479
0.334449065255
-1.3323040161
0.362560377764
1.03830237059
1.04423937936
-0.651171882112
-0.983622819983
-0.681990983857
-0.999743347024
1.17244330789
0.927203164744
-0.253759449139
0.295059402053
-1.51982231321
1.37731528097
0.52312009249
0.21730268628
-1.8253039031
0.588841281741
0.837777730586
-0.492398820757
0.102632905138
-1.06575537796
0.0458421861047
-0.539342708732
-0.397077647155
-0.602089268517
0.661278812245
-0.428945876
-0.0570717359313
-1.11318058347
-1.39651833962
0.511130476925
1.39949403979
-0.15231674209
-0.0790725397016
0.534894651946
-0.936271457375
1.27410766082
-0.360615620843
1.07603180172
-0.992602346987
-0.230108482062
-1.53981794749
0.3360920873
0.261275050211
-0.984731895273
-0.973249899619
-1.41908908549
-0.702355703742
0.561023249893
-0.981374780161
-0.194121073105
0.502432088022
0.695941442653
0.833980326658
-0.885239755626
-0.625002098944
1.09838802227
0.158297981474
-0.183093698948
-0.672787138657
-0.640918364604
0.463058005542
-0.364679782561
-0.316673507991
0.576107845701
1.43449534306
-0.400550150042
1.44382598974
1.21058918808
1.60909188124
0.817930239253
1.67185937899
-2.11114884892
0.123821903147
-0.287524087151
-1.02171010257
-1.16213272085
0.0105792803811
0.214081141454
-0.467200183805
0.617308135956
-0.763253814756
-0.361378098587
-0.703122850646
-0.0572096741364
-0.12308256175
-0.807948996138
-0.111452284403
-0.94963223213
-0.0710034480432
1.16083966344
-0.367334686977
0.316971144384
0.52609541007
0.219787475334
-0.833867697915
1.47602822631
-1.0658530324
-1.48629244896
-0.939147202305
-1.44649959309
0.128952841377
0.0675336571642
-1.46443367661
-0.68112942142
1.7383378723
1.2224964902
0.0282371861269
0.0241134416946
1.08765446123
-0.425481053832
0.496382653827
-2.0910520613
-0.606026827881
-0.739853641245
-0.888546069011
-0.683861168095
-1.31205823598
0.979611357301
0.340601798885
-0.414529755894
-1.58044086899
1.32290200973
0.798726143372
-0.109222572174
-0.240267554031
0.344001845203
1.19262601663
-1.00849982353
-0.557860478079
-0.468461930453
0.330122689985
0.303995919859
0.294327329867
1.58140139302
0.105171526571
0.272787101217
-0.0843004100062
-1.41514840414
0.00549249129008
-1.0585782706
0.753258020375
-0.183923100594
0.856836153971
0.783741107201
-0.256417703589
-1.24073398295
-2.00134723059
0.272575230073
-0.261064222889
0.798799704963
-0.315279608749
-1.99904213568
-2.20360182304
0.10493506301
-0.438656758627
0.558418106151
-0.23753951521
1.20649060877
-0.798410913069
-1.07009857322
0.217492809959
-0.390512812711
-0.93264370437
0.729912655545
0.750842475894
-0.16283135152
-0.688066147847
1.24916146577
0.678458501422
0.557123901916
-1.00850047632
-0.0848761068072
-0.257996365214
-0.166955827927
-0.0314444409038
0.108522338677
1.93012035763
-0.447430527097
0.882898431064
-0.0195792768551
-0.465533282109
0.353147961568
-0.272596307515
2.03029777363
-0.961607358526
-0.22088733375
-0.823368200736
0.433772185899
-0.912796466483
-0.0646708724363
-0.556429810587
0.213096347974
0.211691190131
1.60407304355
0.667621836682
-3.18734489489
-2.08410010744
1.24997234661
-1.45880212401
-0.529502452166
1.70724692391
0.297461316967
0.885628792214
-0.0408094388181
1.19772056721
-0.110483103642
-0.233220208738
0.263459319579
0.971644718422
-0.522058644148
-0.659759586089
-0.233832927252
0.492463723343
-0.0640069533625
1.18977276658
-0.0368191048651
0.685511457638
1.21958057126
1.54598723395
0.376012684082
0.454434243904
-0.154742869263
-0.10288916187
-2.14876635438
-0.192763586021
0.82836727986
2.39676583842
-0.798016209616
-0.77754361502
0.00949994326712
0.796317319587
1.26042664023
-0.739085729167
-1.99886885791
-2.40191466369
-0.298935297353
-0.0101684001458
0.543226489703
1.92585653674
-0.140397407985
0.671325460337
0.265908636242
-0.271228807456
-0.250797079555
0.47192459949
-0.462168451294
1.88789353607
-0.171139286106
0.513997437946
-0.405276492268
0.282376282545
1.433391432
0.870805870774
-0.300247281918
0.668577884605
0.0937665258483
-0.112842402562
1.06448690824
1.26573579
-0.258968264019
0.568486238371
1.65849484425
0.229255599589
-0.130798178423
-1.18380434942
0.464628406448
0.386539768072
1.55261448928
0.192654909664
-0.967459662738
-0.475464604457
-0.203603853036
-0.0570570747863
-0.837877213554
-0.924498947843
-0.977582451857
1.52905477553
1.16950788957
-0.320013991395
0.907661988968
-0.731380382316
-0.598866207715
2.25913637136
0.207407235555
0.204035832757
1.13880846328
-0.176993487148
-1.61067252059
-0.176955086732
0.415965302549
-0.0846255416755
0.193731875446
1.1819143714
-0.378787055955
-0.195037242118
0.766790743479
1.39838485744
-0.196201235807
0.808193458177
0.945717738761
0.0551646994103
-0.317352527764
0.907097386125
-0.270445399412
-0.136828792792
-0.733422157315
0.153049349283
1.08822915322
-0.96581229787
1.61046973227
-0.675421328041
1.61583961678
-0.414705525491
0.472336478957
-1.78953509509
0.158079306518
0.906603989513
1.02900543104
-1.53124072597
0.921350854721
-0.535726540136
0.105373624932
1.63663486557
-1.11198452007
1.26095192775
0.405094288278
-1.18237527596
0.859692382236
-0.236725268681
0.895548731042
1.82493158993
1.26093309945
-1.71004399209
0.0434863865326
0.165215081925
0.667114851489
-0.305484974281
0.522287108145
0.227829990846
1.68085001169
0.556535503577
-0.59626723795
-1.54875187396
-1.12841003567
-0.432612206081
-0.381852534021
0.029100208691
1.7143978279
1.19820516306
-2.13484039495
0.488652414673
-0.282944841831
-0.290917547004
-0.785748645395
0.44574075881
-0.846797241822
0.14062180942
-0.504469307386
-0.506758809213
0.926865916268
-0.143792780836
0.0537510246879
0.0570301459955
0.868821445814
0.782324840465
-0.297607698787
1.14088746744
-0.0551432068322
-0.470344268933
-0.180215414046
-0.397184033614
-0.622458100113
1.08376534103
-0.512714001577
0.167055579825
-0.0458430197327
1.45819925182
0.591768696328
0.17234911648
-1.1881167389
0.512830044602
-1.40863897112
-0.491957693082
-0.0534719361803
0.781053649736
-0.127700505144
-0.528338241743
-2.14518688354
-0.0477187331595
0.741273172791
0.80785491803
-0.210578043888
-0.905919739853
-2.11349884578
0.268972780735
-0.733221875113
0.159608479442
0.172203636358
0.774610520916
-1.53580184128
0.29569410245
0.836955104852
1.389346497
-0.470461981354
-1.53982236448
1.44318478321
1.19650396878
0.00636197085147
-1.5921316265
-0.141824762599
0.387559184287
1.07428496041
-0.108468020321
-0.112994349426
-0.103050748562
0.446859811133
0.632709047912
-0.129538378311
0.200544643757
-0.243408712777
0.891697880164
-0.0241365034233
-0.325226030657
-0.317161183528
-0.113769901778
-0.203812279352
1.11195508545
2.16094047352
0.707257907155
0.121955969608
0.985581698654
0.672050541517
1.00340487653
-0.929658283087
-0.349016713784
0.356896813277
-1.73165249712
0.176375565336
-0.439505985369
0.38463097968
-0.791626486138
1.30088175668
1.06331023979
-0.543972853982
0.811856527674
0.648639547627
0.375012181334
2.30552557654
-0.46698346627
-1.05588230889
0.501230951361
-0.64055144858
-0.0267370198333
-0.905932622422
0.320112542029
1.21121424601
0.561336324289
-1.24010138783
1.18644431345
-0.461576525062
0.406146250081
-0.535948761085
1.51096913129
0.0569344130844
-1.09103865229
-0.101859885268
0.0239621840986
Score: 10