3
44
10
3
0.197959854565
1.49365296772
-0.638208698064
-0.953678969443
-0.470464947207
-1.47192261304
-0.102971940251
0.46889356242
1.45633549405
1.35856123066
-0.581590275605
0.836882260323
-0.0202238825214
-0.876222684145
-1.69242679121
0.0379053428628
-0.317319886883
-0.0887003054138
-1.0664843883
0.782476882832
-0.210603230806
1.00873495132
0.51605512574
-1.04307371525
0.473005321079
-0.247178144201
0.415590032657
1.43327855151
1.09172874288
1.14613274009
-1.64203211694
0.398570213603
-0.467718171291
-1.84263196513
1.31420994304
-0.478181938473
0.0525923073874
0.706975499974
-1.16894485356
-2.17110034952
-0.553121906603
-1.72766462813
0.079459961508
-0.0202462637892
-1.06586265544
0.624538558827
-0.98561812313
-0.834877859476
2.57982964166
-0.733272945615
0.589894698415
0.132551846171
0.399697529293
0.820205722826
-0.859097943686
0.0187209508989
0.904787109087
-0.0238274747678
1.49140777736
0.585995443736
0.915726708772
-0.851198512346
0.596405004435
-1.12363875066
1.40024802698
0.472999205973
-0.00538331436755
-0.73723298708
0.38357843904
-0.31174685779
1.36456445298
-1.47082803475
-1.39573947067
-1.16433521525
-0.542694989731
1.82827442735
-0.732392980196
0.106339029863
0.168440779829
-0.100938314726
-0.463536131106
-0.535882860352
0.835573868663
-0.257257540318
0.196495507638
0.265973372893
-1.04354414851
0.739434482548
-1.19195141959
-1.7374742417
-0.147124663068
-0.706339891143
0.0385307507712
2.13006009366
0.0445791199271
-0.661356361238
0.451986614678
1.60784807045
-0.0433629122597
-0.200155759661
-0.363239153906
1.37468053423
-0.517653338824
-1.00659212868
-0.906662157612
0.0736466252583
-0.219946141065
-0.444145324378
0.774490315295
1.44862663808
-1.34370824382
-2.85699931138
0.384353653708
-0.950815931977
1.79488502208
0.588132721353
-1.56046889494
-0.629567907006
1.05622686148
0.187146919485
0.55980633641
-0.928622617994
-1.71391992476
1.05647290316
0.449185344517
-0.168211949096
0.613331351009
-0.782447315108
-0.764716820778
1.51049953304
1.42301708308
-1.26591634977
1.880240893
-0.971445903671
-0.672358675048
1.28175778819
1.44853720944
-0.680333965963
-1.52354622925
1.18961554346
-0.736286444052
-0.321997382791
0.929779651351
-0.452065399028
-1.38218542174
-0.987762067631
0.879190752479
-1.79608637848
0.672249464684
1.57267026636
0.600261289031
-0.418227347771
-0.756535195289
2.80524804307
-0.00959408049794
1.07561668984
-1.48658794752
-2.23712370551
-1.18288183547
0.203860015793
0.655627657085
0.828580791364
-1.09077496533
-0.218416091751
0.954615161216
0.102569069875
0.919625814634
-1.03653005127
-0.366115085205
-2.11990547649
-1.93299680542
-0.837202666605
-0.46615365046
-0.345011062568
-1.21417771809
0.197529748598
-1.03215822968
0.00820815556655
1.73927887433
-2.51742716127
-0.598922820618
0.00837478890793
-0.412681215098
0.633731741504
-0.215264298297
1.52244801777
-0.338996949043
0.317279906821
1.31030903143
-0.690853891682
0.451305384669
0.0431646549281
1.43425486829
-1.28501744588
-0.115255967787
1.24452371932
1.2773458793
-0.71465051168
-1.95823332779
1.14734213775
-0.978933018121
0.177108383917
-0.0968902677726
-0.877129357507
0.0131009371188
-0.456850526777
0.581553058861
1.21572759652
-0.0780429174926
0.548828793301
0.776443186243
-0.564323322353
0.17357562614
-0.99258606022
-1.33938665045
1.56148082468
-0.842143645155
0.775385010253
0.182326940655
-0.922501391818
0.116646869577
0.795318002314
0.340796533445
0.714133294665
0.763939406356
0.497705949091
-0.483494399299
-1.07250972148
0.115964139318
0.561105345568
-0.856329742799
-0.470198392734
-0.471475505825
2.26567298809
1.58202568295
-0.874762989044
-0.926306977296
0.466619663979
0.382775843926
-0.359650715861
1.44800933848
-3.20715554251
0.655615455052
1.34136264312
-1.82933511095
0.54481010126
-0.844734459616
-0.0262162017117
-1.76801620467
-1.24982238831
0.0688491458934
-0.351952823971
0.800592694556
0.0901543521335
0.331752998725
1.14206693169
0.533407151367
-0.661111394135
-0.699957771072
-2.19253691552
1.33867850092
-0.149879350936
0.665426605147
2.44724362052
1.27866262913
0.316986141168
-0.604400106238
-0.0912680055886
0.320978827832
-1.34694030566
-0.0709475287992
0.752518922552
-0.731413388212
0.297243548737
-1.07661292994
0.917895179194
0.521200573427
-0.677759821069
0.607472106099
0.126145760622
0.980545914036
0.473061201556
0.275243603895
1.29829599492
1.07676014942
0.141051238398
0.314688154514
0.0013185188013
-2.0905064844
0.436053707644
1.02566362727
2.57992213552
0.326784451309
-1.16229307096
-2.21998257919
-0.380090536402
-0.786599756786
-0.435690631646
-0.35407469558
1.09441496546
-2.17344904632
0.825656200965
0.521603881642
0.688005088674
0.244085031157
0.66386654562
-0.394668928403
-1.05580219367
0.054552437671
1.00825115081
1.4029946306
1.05396071875
1.31190985514
-0.256512867802
0.183882027012
-1.11561804704
0.322408149836
-0.395066528337
0.884989440707
1.28685179963
0.348588781784
-0.645537353261
-0.107521908307
-1.26547684589
0.991118220436
0.371121350179
0.309521823047
-0.119623424869
1.1750149962
0.768754908918
1.51712170055
0.307000158048
-1.23941598106
-1.461497088
-1.19772149337
0.0538849615473
-1.43723984793
-0.713140186544
0.836961937527
-0.939667378333
-0.108031051261
1.44564244867
-0.959644762763
-0.875372048361
-0.558183585831
0.479492816256
-0.56533148735
-0.0791026282042
-0.322185195156
0.270215867896
0.532119438465
-0.339095792688
0.819211231652
-0.406963497144
-0.166047931923
-1.50623207591
0.00370674546537
0.676114245548
-0.362655561292
0.274282111511
0.881046709468
-0.199740278265
-1.26622007599
-1.57899847535
-0.497103265432
2.09390825665
0.245503276081
0.590793059627
-0.604427381275
-0.37770102175
1.03134878964
0.690844882225
0.137320778652
0.0595774423738
2.27130220267
0.251164043477
0.381326572042
1.99357136427
2.55821462565
2.71192667868
-1.17410823818
-0.223263150394
-1.98435521921
0.424704027358
0.101739694574
-0.554356473647
-0.285698078102
-1.46154574041
0.0827214885805
-0.176732541864
-0.364044306591
-1.11362837416
-1.25204696847
1.87424415862
0.490366178187
0.520752289886
0.354029979906
1.3584859269
-0.102423304646
0.268531215653
-0.449627998984
0.905132938124
0.450561104358
-0.125758821057
-0.259867188588
-0.809089164062
-0.295416663005
0.498474813457
-0.0837745237293
1.37796614568
-1.47192233647
1.44900549343
-0.804077025731
1.51940825594
0.328289317287
-0.530205461766
1.23702478312
0.705102258329
1.14405769951
-1.57613820475
0.980868605377
-0.923487880624
1.12256154964
-0.657972181685
-0.0544381435991
-1.51081796397
-0.546391663036
0.857427700332
0.0299980953388
-0.0162588499351
-1.36567139586
0.655561218806
-0.787462091147
-1.02757088222
-0.201740788427
-0.329825207513
-0.354142199952
0.371838102292
-0.439651968624
-0.0874878012756
-0.243272843933
2.26266586345
-0.760252365336
0.0689880223602
-0.0336841120645
0.502028345823
0.0195920443316
-1.18124361247
-0.100702265649
-1.68365687381
-1.29922932401
-2.50927742466
-0.620665805794
-0.531028696494
0.90381076624
0.166681394176
-0.0933050182178
0.541132005357
0.154907228243
0.795514096839
1.37509313058
-0.154375053818
-1.22808480621
-0.301980192635
0.169021994561
0.0639231634479
0.26227528995
0.207498556114
-0.276318051532
-1.08630775981
-0.662282262697
0.839776266252
-1.02837642348
1.48417631329
2.4177940204
2.18194378722
-0.0457716980055
-0.511634105619
-0.347843767042
-0.998717237153
0.347770916149
-0.136836995337
-1.48844195567
Score: 10