3
44
10
3
-0.309226149082
-0.434280829872
-0.0595760945068
0.449072018732
-0.838750694623
-0.0639021978385
1.04875812786
-1.3587582702
0.57109058675
-0.511429170371
0.434443711716
1.5730854725
-1.36024727456
1.81072956335
-0.675010464985
0.620237804376
-0.0456672400006
0.191034521783
-0.212237649815
-0.390186047579
0.421293822353
-0.671480251851
0.129145481618
-0.502057332036
0.384296231538
-0.590410558463
2.15507987398
-1.2048583343
-1.08708197046
-0.0348304686717
1.88060133624
-0.190606892577
0.784623633971
-0.907280557896
-0.84316168355
-0.553012787414
0.30688871433
-0.96799222832
0.146202524136
1.20428620941
-0.899497630885
-1.28719959266
1.44181471973
0.127692324481
0.837370568579
0.976481735937
0.175572990848
0.523821071568
-1.08270334641
-0.682641638243
0.470321356515
-0.324901088892
0.00804848814507
0.729624606923
0.591570983323
-0.740058656866
-0.39145883397
-1.02215306225
0.446058644234
0.358140025366
1.79454891712
-0.697708991618
0.287157097356
0.133357144815
-0.970904489
-1.02446834442
-0.197997340891
0.431136787802
-0.413168437191
0.544636614504
0.128639113362
0.23885159612
-1.37570101811
1.45406286854
-0.614153399276
0.612689690753
-1.11692497188
0.0942291012616
-0.834849587694
-0.287228097364
0.906689435813
-0.672297866037
-1.6504693723
0.0152336907815
0.0748615669765
0.697147510702
-0.415047753491
0.87591022935
-1.24523993682
-0.089252186171
1.14343745383
1.07684663168
0.928620173477
-0.146582730962
-0.539604688538
0.0800875427817
-1.36036929045
-1.33580190241
1.27004812093
-0.677902624661
2.50217811821
-0.758021568818
0.00226691174424
-1.33194305298
-0.231097651919
0.8039784255
-0.224327550719
-0.251690067781
-1.1488701764
1.28416746866
-2.28888877629
0.929289634198
-1.20953617007
-0.41195937877
-0.489562874053
-0.776890558307
-0.0521287670803
-0.634372590813
-0.323014856723
1.63786850807
0.813874234715
-0.198918283086
0.305266632368
1.08518552258
0.524656264509
-0.0486337635234
0.214328497212
-1.89140259699
0.446941886955
1.61259512173
-0.229197258804
-0.519429277677
-1.25611347524
1.14034158821
0.945368724076
0.0218056953369
-0.691952854971
0.622249570841
-0.411396410033
-0.947073930418
-0.306309030164
0.0750268994659
-0.734346557885
-0.236059826991
-0.0104426819445
0.660172010626
-0.414861482007
-1.62849449259
0.71637071277
0.0988937460902
0.608365788692
0.701990415847
1.27621850161
2.36646964577
-0.182872847632
-1.22339376404
-0.496993262459
1.87960703523
-0.250403392126
-0.178803986328
-2.58072551661
-0.561827019519
0.519585547257
0.654379153456
1.22718211125
0.0417916967384
0.892768364896
-0.410864597306
0.374608513298
2.05958506017
0.033749631538
-0.153883658305
-0.242978676991
0.191378574757
0.0943785965195
-1.2076228565
-1.72262321307
-0.610909273462
1.42981092506
0.0723383452982
0.693075219551
1.5529477965
-1.44226063766
-0.762416419027
-1.65032933441
-0.689476133251
0.31842481778
1.04126826627
1.40151104066
-1.38699912356
-0.659576191951
1.65385153237
-1.21344800057
0.715397652068
0.898756581005
1.78510798548
-0.371760721329
-0.8564003701
-0.944944016525
0.0338762002948
0.240974320903
-0.436057289233
-1.14218935068
0.574599116755
-1.31281230281
0.635931787316
0.297727715438
0.861388221581
-0.703267409249
1.15382584356
0.0389904762021
1.10278489112
1.22566624838
0.331947086589
0.66963938135
2.08971405066
-1.17838016528
1.0821781007
0.712923902122
-0.515557322011
0.167890674109
-1.4010123524
1.59937809302
-0.799962184943
0.745621310625
-0.181754651529
1.39478823326
-1.05815412413
-1.46890980912
-0.377436405882
-0.31837723027
0.696084312823
-0.166724533263
1.02479257768
-0.150530875985
-1.13059041292
-1.3707050663
-0.906464914195
-0.12788752057
-0.454698026912
0.783135638355
0.497981636671
0.564657068285
0.138454720676
1.15104394318
0.294555479576
-1.19523278325
1.03227677211
0.176050089263
0.657705648118
0.849470368286
-1.77146300062
-0.433878346257
-0.99222887065
1.29997531828
-1.17579176105
-1.11837555388
-0.820805907891
0.88473070193
0.65037154245
-1.16693223171
0.215192064745
-0.758877813146
-0.209277403022
0.762043520991
-0.670316354692
-1.49498482166
-2.09279157982
0.17743812989
-1.29334955982
-0.213739587348
0.636888961833
-0.317282884973
-0.159975188899
0.468669981217
1.3424802408
0.757709618144
1.41663725808
0.0172253620299
-1.66591974176
-1.89639078277
-0.0726299220802
-2.25541710826
-1.47378274622
0.471586119037
0.539367722044
0.141933049424
1.77500614721
1.87674895786
-1.17712358587
-1.14899290904
0.316154414656
1.36290671887
-1.81089434054
0.474498222071
2.08797140364
0.434004209782
0.564793438162
-0.226608325787
0.173924820851
-0.216040753261
-2.38064933497
-0.513490243638
-1.78701601865
0.619697306696
-1.19797864221
1.15649656143
-0.752688481803
-0.324792421557
-0.347119687063
-0.506541811234
-0.646714003311
0.791062605183
-0.0742471720399
1.59658353968
0.564559500465
-0.47589119271
-1.64268573726
0.601276669203
1.85901324112
-0.549153254348
-0.770927095807
0.0305040091967
-0.955733724704
0.0736374213205
1.17730428948
-1.25556261324
-0.925452226063
0.541359939416
-0.500290407429
0.569977568903
-1.99123177172
0.935844612393
-0.281254175669
1.57146000788
1.29824580486
0.746206938221
0.480628277155
-0.4364143644
0.197830478967
1.19990322647
1.36110700234
-1.62573793109
-0.98292235278
-0.0960324272817
0.635398933134
0.228614810927
1.06475141576
1.66521168335
-0.339094932599
-0.554071946327
-0.86448426977
0.424822952152
-0.785920950202
-0.197080472456
-0.834480598578
1.68980526927
-0.451370005988
-0.0613726127326
0.48649900041
-1.22983791903
0.0146437079984
-0.680027608995
-0.0927148499422
0.126516836467
0.998824343007
-1.69152733669
0.000887781375507
-0.136401018374
1.34393532419
-2.46180453363
-0.221422730352
-1.13444130727
0.623334759457
0.0259099923389
-0.130625460148
-2.29724129488
-3.7605358247
0.776709067894
-0.317138672076
-0.494687742188
0.0787067704028
-0.32194954349
-0.167904674644
-0.900383664313
0.799070189693
-1.00689256145
0.328932293614
-0.9687380393
-0.615113696006
-0.446532942435
0.594254287142
1.50372139111
0.607905645257
2.49985497754
0.594666390319
-1.2730313851
0.16111377577
-1.08450360864
1.1738930883
0.54583284208
-1.24263297881
-1.39978537907
-1.71625536266
-0.105520613256
-1.6132409798
0.677565794042
0.0488884346574
0.538936557737
1.67094875058
-0.152297416352
0.648225252717
0.0187072487749
-1.25380564518
-1.31419503056
-0.511254219475
-0.649995759116
0.191363049339
1.04926282742
-0.999454046665
0.805915327909
0.59250274454
-0.301355523979
-0.262899864399
0.687324039716
0.478670225408
-0.45438592125
1.56450459056
0.804299684983
-0.357816980409
0.496465728614
0.563838234339
-1.90704359772
0.613065971651
-0.159847996775
-0.982121276552
-0.0753011357494
0.40033454104
-0.547304006777
0.253825001917
-0.0272037181807
-0.0997453058238
1.61971530846
-0.290607932662
-2.56798414274
1.63692102364
1.35124574854
-0.507613365395
0.235077662191
0.738389169628
1.67159566685
-0.483230137825
0.812901382896
0.114413272907
0.650348641154
-0.354400844893
-1.44539159123
0.778668383862
0.558005774855
-1.65196130736
1.4949315862
-0.199073196322
-0.372668873501
-0.168352431933
1.98781207276
0.324090280851
1.59763140011
-0.201408894696
0.796224598151
0.0175047101463
-0.314427137541
-1.24725761507
-0.193245885427
0.233732790573
-0.37008382066
0.788649750035
-0.1589008186
-1.27605974715
0.270486759059
-0.18079671948
-0.339454157061
1.29346288897
0.0441472720758
Score: 1