3
44
10
3
-0.760397140607
-0.68611561307
-1.46118252047
-0.88620333029
-0.107601262282
-0.563001328783
0.762261765015
-0.134755266236
-0.877092244414
0.0665012035198
0.987184689748
0.458022434974
0.0960613394211
-0.186080479717
0.0526409151868
-1.32776692515
-0.655030963428
0.370504051062
-0.794131381094
0.187048415801
-1.31215190244
-0.0205341854378
-0.208933904358
0.596036830654
-0.298464734675
-2.0155039905
0.602193454671
-0.956495484961
1.26120748383
0.79390745114
1.39557267555
-2.43675191772
-0.690569547711
-0.797772988671
-0.148912663489
-1.4649816615
2.09374630982
-0.742514123175
-0.0967814245542
1.72242365294
1.67370959841
-1.16140385612
-0.688188014054
0.780879448515
-0.0134777425185
1.05086824464
-0.999038209761
-2.08197668366
0.205050622685
1.12943468771
1.14269877878
0.509534478494
-0.209258905394
1.28502220523
1.58006175562
-0.823524829171
-3.00060654443
-2.28831471215
-0.401451370541
-0.267754753063
-0.20832175899
-0.390555552828
-0.877737700707
-1.0588057116
-1.03047616991
-0.617149568242
-1.80268396488
0.048675857475
0.348370209824
-0.550445429603
-1.33241263575
1.32525436826
1.61552315921
-0.531310225142
-0.365283429709
0.230963012806
-0.63012301674
-0.492113304078
-0.0983508067412
-0.576429392309
1.76323168833
-0.42491822025
-0.430040913552
0.263127816329
-0.832068165723
-0.688972703732
-0.481251321434
0.143837427694
-0.343512135185
-0.942002729063
0.733558631505
-0.412908178981
0.871415185027
0.443287026031
0.697674867508
-0.561211967276
0.758480514535
-0.0838004473832
-2.31274500852
-1.02512726477
0.980094082385
-0.363283149305
-1.73354276241
-1.42033655056
1.57187899003
-0.0451543605916
1.71460130284
0.562383510643
1.45676530552
-1.21169192249
0.170306204003
0.162602491673
1.41988616502
-0.281742935975
0.298794126462
-0.578520393817
1.05790250874
-0.566491054872
1.44098399743
-0.961347748627
-0.617618826779
-0.385353906864
-0.364749392634
0.230027141387
1.00251596472
-0.664609139338
1.99873127407
0.423926916618
-1.18883080411
0.443733698503
-0.12873263591
-0.273167493241
0.287473386026
-0.471543127563
-0.0160983891695
-0.666848095772
-1.25131223406
0.592509716086
0.90888422395
1.36728465313
-0.850953636244
0.782517871221
-1.58428817844
0.822945785135
-0.523355583327
-1.28874103742
0.543629227526
0.794777708246
-0.100839290666
0.272828541664
-1.5369947442
0.777646022037
-1.93615434633
0.853389167641
-0.525084423977
1.71783753039
-1.29746283024
-0.357643943414
0.316070386165
1.92116532946
1.09469515514
0.447220695349
0.0505389607826
0.210435161439
-0.728287934527
-1.07515946109
-2.12900234871
0.305252272314
0.57297348859
1.16827739726
0.745860759785
0.969301707827
-0.0866220669848
-0.161769081602
2.6387475683
-0.333755715572
0.219609843362
0.791719555847
2.19651733676
1.53024653195
0.030921075017
2.05554801689
-0.290004937633
0.144856219646
-2.03437433766
1.25797151587
-0.358496275884
1.88005827602
-0.246244842464
0.602807279215
-1.36687093749
1.03346163209
-1.69085544381
-0.556121349533
1.39276649192
-0.273300962028
0.31129404004
-0.0734239190991
-1.12623439451
-0.371605314633
-1.1080639814
-0.676550164197
0.883991270244
-1.6793469153
-0.70549218499
0.958829373886
0.609511729154
0.589062946646
-0.912339357771
0.126692239277
-1.08269088757
-2.02609486407
0.416794452333
0.702478379801
-0.377408336825
-0.528648310036
-1.19861719023
-2.23444475878
0.599504326182
0.522095668964
-1.24827619097
-2.57110460963
-0.326589002008
1.53889784943
-0.54126018467
-1.51118957385
-0.332457920893
-0.923902811886
0.130245783765
-1.11944943306
-0.68914356037
-0.411893684684
-0.708255102781
0.540033573161
0.124334007369
-1.72689795877
1.4072721513
0.0960458184619
-0.82127394828
-0.478101016751
0.331620550954
-0.725126720936
-2.68859225779
0.818182206857
-0.173171683484
0.25912970013
0.393103485397
0.223570313427
0.969855695016
-0.264674770893
-1.41185504721
-0.816866201075
0.590070372087
-1.17258394206
-0.0443938725556
1.36389517981
0.60824677693
-0.226709114495
0.167443331534
0.213753740604
-0.736025558394
0.167761185817
1.08597536916
-0.185062927534
1.08984419486
-0.96214713674
-2.16049151657
-1.84704102006
-1.16885765193
-0.121021753582
-0.493172600179
-0.127961086795
-0.0796530682744
-0.363618042749
0.303026611118
-0.335913935874
1.27001774707
-0.0331448142893
-1.74716974952
1.53797377817
-0.136605779924
-0.125805813203
-2.16810639789
-1.33552129594
0.414202073651
-0.320446641174
0.804282241126
-0.125842133084
0.536944708744
-0.886292350492
1.41954074383
0.912961204312
-1.23185713871
-0.607264857169
-1.03002532462
0.720072132445
-1.06327749275
-0.17031556688
0.501407020107
0.558449826528
-0.283465465265
0.117262084453
0.122411941849
-1.20813416743
-0.0103586681472
-0.0862265626223
0.131299894383
0.549043829025
-1.32128678321
1.3011238036
-0.638346605856
2.59393281732
-0.732708866436
-1.7338329994
0.264422408495
-0.293733475425
-0.000891331489537
0.727562812834
-0.27640081428
1.0311826394
-0.280835770934
0.34528027345
-0.369164386483
0.242382775928
-0.283928326348
-0.4611896143
0.496561089014
1.8152878912
2.1478409182
1.04757682177
-0.435279442443
0.115044075671
0.253157543958
0.00176753943384
-1.17183041503
-0.885060697409
0.496037801336
0.367632649948
0.883909849588
-0.643123929968
0.11064938987
-0.404748384283
-0.307132067401
1.90802027335
-1.08804095285
0.260343123778
-0.134883671759
1.09871095273
-1.27027636174
1.63112611617
0.204203820208
-1.12425505777
-1.3710558221
1.08188183497
-2.1035843844
0.370124369505
-0.526542367732
-0.343975334689
-0.466100734144
-1.62930114632
0.635857414843
-0.262883338635
-0.0674204251872
2.04979650774
-1.63628943555
-0.292874543555
-0.300474895502
1.18764230176
0.754835539378
-2.41012502374
1.13446686683
0.120252232085
-0.374238168279
-0.434967545249
0.648934980595
-1.6575564401
-0.623170881208
-0.829224537507
-0.197869676051
-0.429240290269
-0.588556221883
-1.92367456391
-0.487149336856
1.19827248618
0.334155944274
-0.597997279935
-1.29984831908
0.586803865017
-0.579667407927
0.276926543615
0.601391781622
-1.68936310183
-0.00976099714301
-0.17592321524
0.652148703728
1.42886594632
1.06086026756
1.89122294679
-0.570724281006
0.863843524315
0.306886982068
1.59491755204
1.01771620173
-0.646741182705
-0.827873029675
-0.396982196335
-1.0944342635
0.75126027162
-0.607959483814
-0.0540127468483
-0.187878272507
0.278996751545
-1.53444580603
1.0499519869
-0.0993483966125
1.0979946747
-0.0255308827626
1.00653637634
-0.832352503307
2.22501034238
-0.386216069138
-1.25378497737
1.01900707389
0.329324124489
-0.891436885611
0.988243514942
0.857057286629
0.0928674004534
-0.65284986619
1.26065251381
0.0517154356755
-1.54656660834
-0.219813551657
-0.0715567891927
-0.788736041536
0.237725468489
-0.00254531426277
-0.172624157359
-1.05894425466
-0.299793985238
0.965732440622
-0.0257998336212
-0.188693980165
-0.0947289384166
-1.29373511945
0.227909450791
-0.569711743032
-0.540330434275
1.12804352281
-0.182863711059
-1.83258714379
-1.23584292414
2.15137749732
-0.674783110982
0.917628403808
-2.59012799438
0.0339620439402
-0.900327186041
0.0477255226092
1.57551006993
-0.0422567789342
0.393601259835
-0.854078928701
0.898157715574
1.72473346771
-1.44283204758
2.12209479571
-0.514319341293
0.359414596873
0.539519959281
-0.763266370594
0.69728009057
-1.36952176869
-1.04920450243
-0.189207954003
-1.05230188014
-0.973377711101
1.26513529959
1.05466360105
-0.173560286057
1.0697822399
-0.245327656113
-1.09053512366
Score: 1