3
44
10
3
-0.354489532997
-0.36333974988
-0.087699983507
0.520708807604
-0.778561874542
-0.1367825755
1.18414417524
-1.33353617353
0.394471662769
-0.491094381161
0.387618512381
1.55589597906
-1.20780457239
1.63975925711
-0.665962977609
0.577714866493
-0.137600486987
0.181070183936
-0.183945412582
-0.317296550645
0.431756825545
-0.831857267409
0.0482917104786
-0.325152757019
0.442981947111
-0.536214823216
2.23503472062
-1.34932478782
-1.13074702247
-0.0154444135009
1.66538705349
-0.0353528711137
0.847839830964
-0.866744610059
-0.93494073572
-0.63909046325
0.137498771236
-0.817481214317
0.225500010618
1.03168954706
-0.913744946062
-1.33774109438
1.46838756543
0.271954027739
1.00109957709
1.03009203029
0.211590864958
0.537567602069
-1.02561868081
-0.557557349833
0.771679844453
-0.322957824693
0.0824181547001
0.692045234821
0.504637798937
-0.702885248146
-0.503813425402
-0.976580849029
0.466122164909
0.29802426733
1.91579844979
-0.729856568461
0.252567772642
0.160320130456
-0.97214825917
-0.943869592439
-0.1485861351
0.541988168881
-0.441389636897
0.451318139915
0.0137965976254
0.148923110936
-1.48132145517
1.44151085129
-0.651871047079
0.769041372933
-1.25108061144
0.114952013437
-0.837753852309
-0.456213197025
0.791545457538
-0.630540259654
-1.86180799842
0.0436938898905
0.200265854041
0.924240484809
-0.396433241754
0.921176653809
-1.28728014242
-0.137124202723
1.30548131498
0.953436605629
0.970516102258
-0.162387953954
-0.23527501788
-0.000873048764934
-1.21208930043
-1.24491713813
1.22638766354
-0.708935891486
2.37842015925
-0.920478158685
0.0300101357072
-1.32339654373
-0.0864117053559
0.729218690421
-0.203348122906
-0.140965791349
-1.02881350928
1.15002658566
-2.25538499443
0.814252660165
-1.36697923282
-0.314920444236
-0.397513250291
-0.823123793783
-0.137680822528
-0.561243836304
-0.368110446287
1.47242808805
0.760798683894
-0.0533993910868
0.333543134146
1.15359234764
0.537274101324
-0.163422620051
0.220550099517
-2.04115240359
0.625218735521
1.61436327148
-0.155686913488
-0.411089569938
-1.05473268263
0.985923994669
1.02151318503
0.0499607467759
-0.763192370826
0.594434141524
-0.50143752539
-0.820499114363
-0.216647769006
0.161512974523
-0.812798080601
-0.36040941768
0.137704447596
0.570145181772
-0.505514390823
-1.46229747399
0.669189518618
0.0413190496985
0.5311062357
0.756198795754
1.25917586576
2.20017451121
-0.104147135713
-1.2496108579
-0.438695367931
1.7554250713
-0.27394260308
-0.153918023281
-2.57924610308
-0.583967904558
0.674202507637
0.60907077491
1.38473630916
0.074608597933
0.886892047955
-0.285964281567
0.5663522394
1.92342901991
-0.0532171331082
-0.021535704991
-0.273846453342
0.0974436613818
0.242252802957
-1.06937757526
-1.77781811321
-0.551612190924
1.42003722077
0.0982200075356
0.625684130668
1.52787358153
-1.49560081994
-0.795671133589
-1.47552926456
-0.582211260186
0.250900968179
1.0164523256
1.28080266624
-1.36746738063
-0.765055109016
1.91264121693
-1.15126927944
0.715246645951
1.02828308739
1.66047448466
-0.480706286939
-0.939223320321
-0.878776333948
0.0202028269232
0.153689480797
-0.410818022863
-1.14762868474
0.654592242224
-1.30778765499
0.483136734511
0.319420051263
1.02455792399
-0.754034830102
1.15382204909
-0.0703211601618
1.14428290265
1.21107384653
0.311531906171
0.832292075901
2.20118201029
-0.999684251459
1.09860991609
0.685107182832
-0.496390905648
0.193160868816
-1.3810568829
1.58823335365
-0.830098851524
0.850527499947
-0.146292564988
1.3949880951
-0.927382145952
-1.39053417427
-0.321663284179
-0.40631287594
0.65104609618
-0.317203364903
1.12651781786
-0.199056779309
-1.01354760409
-1.46817884176
-1.03404347092
-0.147486358257
-0.303226786538
0.743930377067
0.453607190238
0.545262250208
0.149451952045
1.18205951863
0.43788582766
-0.978790569505
1.01868010943
0.165257083391
0.487432901813
0.801339222663
-1.80127208752
-0.32699076323
-0.873165184856
1.38810803441
-1.21345986487
-1.06651255262
-0.783748564377
1.03633115972
0.658010027296
-0.938682063592
0.325340332579
-0.608734569065
-0.14693485833
0.830035538512
-0.745574341247
-1.31624011285
-1.98327365192
0.106323149887
-1.44776476115
-0.223810902252
0.689795081254
-0.377467612088
-0.178321310944
0.381061061895
1.45572538901
0.680266993059
1.41052799628
0.18265831409
-1.69953765189
-1.90675048356
-0.0269752254434
-2.27701494262
-1.5577337652
0.444765340231
0.556057632347
0.0435243682493
1.40111224883
1.83677255755
-1.22117459644
-1.03029965255
0.263284003448
1.36528469473
-1.67952310553
0.343979482679
2.05797838021
0.530822452056
0.566994038425
-0.258510149218
0.253742656736
-0.279813333326
-2.44543801233
-0.308300286501
-1.84335033096
0.519519088074
-1.1890474692
1.131887818
-0.791482268042
-0.280737861795
-0.366144409587
-0.603558832802
-0.662936163745
0.932123688196
-0.0892617292504
1.68342157744
0.421579793173
-0.520240248858
-1.50223005623
0.635199472135
1.82627413035
-0.486513269105
-0.79563486066
0.0979195043396
-1.1167091154
0.0752927584472
1.29498888893
-1.27797881604
-0.848983323348
0.481007257479
-0.482254602148
0.542196773784
-2.15375902723
0.973824829394
-0.239397598049
1.46359184219
1.36149043491
0.705634136821
0.593437068068
-0.485213273337
0.247254185691
1.29208022452
1.37874720196
-1.64135827427
-0.990072809775
-0.309097078019
0.557119070415
0.115042963397
1.10406748007
1.54758089466
-0.320193484126
-0.556637814794
-0.75168386142
0.447449840348
-0.637804399079
-0.0243022407907
-0.824213267446
1.74367427981
-0.569003137212
-0.170310055342
0.345185908123
-1.13036444357
0.148218604548
-0.655854663737
-0.0155404929513
0.205146943034
0.90741972018
-1.80009049711
0.0257632822547
-0.0247455676801
1.35100872248
-2.40293503595
-0.243972144418
-1.12057221565
0.594091501632
0.265974552795
-0.160624901461
-2.31671564294
-3.6395940265
0.768065152289
-0.371864125572
-0.5013503054
0.156658101694
-0.284529451361
-0.0610263954531
-0.974793677776
0.728327469234
-0.929854613149
0.208306007806
-0.94425484855
-0.765216390715
-0.495480824469
0.656554265893
1.55169966417
0.776939235445
2.40765371664
0.58665008703
-1.32037691164
0.247362537346
-1.19106103901
1.18793153173
0.42157674138
-1.20997081471
-1.44473007808
-1.59219616511
0.0939601251873
-1.70750497164
0.740505902952
-0.0196453778307
0.534817349191
1.49674229903
-0.38092927376
0.511784307461
0.186185524663
-1.25957873669
-1.39694999499
-0.468565238071
-0.575511985056
0.350137148945
1.05505034803
-1.02213764128
0.681250796672
0.569348565027
-0.154827213239
-0.307508996694
0.645221750609
0.623418375286
-0.367055718668
1.66790245386
0.62681077991
-0.322419335743
0.513079024408
0.610930464032
-1.76760253908
0.672634182535
0.0316594290753
-1.23465580844
-0.236421325093
0.337041215908
-0.507418935141
0.216586136694
0.0294127297083
-0.0323814632684
1.53070354091
-0.0861215244743
-2.61697683627
1.77298646865
1.20358329151
-0.425015316394
0.307226436764
0.699005168109
1.56221082484
-0.541355117696
0.858449673274
0.0389745740353
0.695386455278
-0.290447009846
-1.38569184624
0.731430133536
0.44812174699
-1.70350078712
1.3685365153
-0.191271474691
-0.359047212634
-0.137187913099
2.07940352006
0.435847062542
1.46499657417
-0.256837908979
0.811232795987
0.0652831446825
-0.268907134661
-1.21313744866
-0.252083785842
0.309915523963
-0.25257309394
0.740479432877
-0.223693822125
-1.23955141771
0.255847415317
-0.256725249591
-0.453531779804
1.21844140575
0.0895745511814
Score: 1