3
44
10
3
-2.21179859105
0.54215122836
1.46746961128
-0.402140839619
1.12269253652
0.22670802029
-0.823782645969
-1.12678494228
-0.464455331704
0.184501180582
0.151583423823
1.55841998655
0.985908164212
0.6203999027
-0.226677341424
1.38668853136
-1.11661312096
1.0314191988
-0.223857091655
-1.36892750429
-0.410146225452
0.066918740123
0.113438065935
-1.18536868484
-1.63743559374
1.66542222046
0.373625602657
-0.458419617546
-2.93657914777
-0.421850767904
0.308531932024
-2.09811214347
-1.1901908588
-1.73365663987
0.341554404775
0.360312641999
3.15138784213
0.444901196589
-0.677161427903
0.0299182277762
0.114908883418
-0.0938634340169
-0.680187855215
0.0278762945032
-0.382283186782
1.14853701075
-0.430023479334
0.126057034547
-0.337443491726
1.68325858145
0.280365447507
1.58088679996
0.267343916335
0.84695538053
-1.59140014126
0.0720765314071
-0.177524719787
-1.20046053112
-1.08939245096
-0.358375342941
-1.47222150019
-1.77026257923
0.545552695295
1.27362465172
0.709655215522
-0.368776366426
-0.518304127251
0.71778276784
1.23836107387
0.466460079922
0.234303975415
0.305014574851
2.16819319011
1.25870702374
-0.812653083128
-0.190004714193
0.0138352181129
1.2449635889
0.450741172998
-1.73553201422
-0.940508904319
0.981226224602
-0.482797936616
0.904264264931
-1.79094848992
-0.432045354937
-0.34359053593
-0.0291202838977
1.44254206441
1.30717537063
-0.106492641179
0.149683404603
-0.839401463211
-0.548227068814
2.69918913865
0.956835745434
0.833260283035
-2.11906374512
1.81072319135
0.736675823469
1.04118624616
-0.274264261035
-0.0116472490677
0.251050353627
0.0541106826116
-0.4686921554
-0.212563987922
-0.0140189286074
-0.800431563686
-0.502614978669
0.0273008223723
0.647103619577
-0.1331310511
0.106261057828
-0.559910911193
-0.821831989466
-0.0407655287902
0.712420823713
1.48871137731
2.66433475316
0.788389257299
1.16792682209
0.617116290539
0.380165090387
-0.10082675783
-0.762375228955
0.793618029971
0.522471724761
-1.9973438221
0.514729589766
-0.466658713663
2.08866483508
-0.48553650457
-0.601606398122
1.21660751399
1.10498143498
0.518669443526
-0.499934376309
-1.16267215293
-0.545362290321
0.283026935961
1.11372204209
1.24184057825
-0.899076720328
-1.39135173986
-1.10729587299
2.0305048786
0.570402212752
-0.212796045008
0.815661178616
0.207101943854
-0.482656919082
-0.134467872619
1.14171683686
0.0476090554022
1.18793632883
-1.70120965123
-0.402762808026
-0.126118873751
0.423618806292
-2.43452777342
1.32818558302
-0.0643848263635
0.567982258057
0.49765037667
-2.17509973054
-0.15794409151
0.648085050991
0.726448882432
0.403922545314
1.26684646253
-0.500093013433
1.16443775477
-0.87053534738
2.4778513977
1.05303498112
0.115980319949
1.48891487323
0.316961476727
-0.866816339201
0.757622797072
-0.292293970811
-1.20473670227
1.01146612529
1.09180020812
0.920144893762
-1.01455699515
0.0714843694595
-0.044894802258
0.502560388268
-1.75564404465
-0.846021512362
-0.287919525786
-0.235354498721
-0.251401673731
1.50682403188
1.81353007085
-1.05252001843
-1.30778123208
0.54843106208
0.345094281871
0.805643487034
-0.361507671687
0.994784348709
0.477915431488
0.0585384731156
-0.759232744235
-0.716182408264
0.491059731807
1.07573864831
-0.190682751344
-0.477018427724
0.692425896361
-1.51504834237
0.482064254384
0.205962029486
-1.07531676997
-1.33657307759
-0.807367846716
0.839512742674
0.573852632266
0.211484896174
-1.4193928258
-0.398898447545
0.3552634382
-0.458580675748
-0.49986388772
-1.07190858519
0.761494682546
-0.990879074123
0.286906500949
-0.482146991816
-0.299981095028
0.575180329249
-0.407279829084
-1.02044042101
-0.0448453889143
0.501940623313
-1.33784083683
-1.56757118499
-0.663388359234
-0.902752450437
-1.25492241851
0.980611600461
-1.44829666327
-0.397952054485
-0.455711480268
1.23674966872
0.98336185308
0.633137504362
0.641789913074
1.00525301058
1.21114402955
-0.332929110634
0.0737104228796
-0.591921179081
-0.121219185711
1.10506492393
1.38356261332
-1.39900760548
-1.78310276447
0.560020309332
-0.213119539648
-0.301782262806
1.4979371871
-1.12552427123
1.72749829568
0.215373381483
-1.18627563966
1.41964016929
-1.02508734726
-0.238737221766
0.261322783622
1.26076788794
2.55420957262
1.16002341018
1.81366316956
0.0719262449689
-0.303251553224
0.249517739899
1.31318492369
0.00115677867526
0.628665765103
0.17836383966
-0.228522917176
-1.19483734351
0.794920378743
0.959523926993
0.180314621855
0.973164841508
0.859834685412
-0.400518941588
1.89593756888
2.32670726105
-1.94673676813
1.06412689563
0.141097830143
-0.102724067358
-0.703410296793
-1.66214861773
0.218329685526
2.32772972793
0.950596976173
-0.36197002514
0.567057108023
-0.418329946371
1.61597085093
-0.449758415298
1.44248126225
-0.32615780991
-0.0361056530779
1.12396534491
-0.34517978862
0.59420660968
-0.000523372275702
-1.20107694648
-0.048494001368
-0.133941132728
0.857505606653
-0.892203309018
0.604990963759
-0.46372968079
-1.72469266432
0.655498763271
0.573159680574
2.30914092571
0.245316147414
0.907047936582
-0.332617875855
-0.341078608758
0.303911441422
-0.576901365127
0.831643590324
-0.479732903533
-0.104055388775
-0.930755245944
1.04440729304
0.562891191076
0.0141353386309
-1.33821952452
-0.246784162081
0.281167050355
-0.323711239539
0.92485437842
-0.442879557434
0.419747701934
-0.393504409192
-0.245131662642
1.29551169032
-0.353523374747
0.317183132369
-0.308615733366
0.412934093333
-1.35818101311
1.11811045721
0.43665572098
-0.0270444246509
0.577312717663
0.223037169545
0.522919520002
-0.30905641573
-0.217984587709
2.10594864744
-0.43253462504
-1.39912164888
0.866214664134
0.495091149443
-0.471266402828
0.535883927813
0.458231239777
-0.474355342752
0.557592082472
-0.401880422427
-2.0240004214
-0.60121651724
0.180191535006
-0.944665634607
0.198135264633
0.0255542437631
-1.0959717042
0.183355020149
-0.556403754521
0.489532354407
-0.722260397678
0.480232697699
0.541629862921
-0.725651287161
-0.935630260524
0.561890525067
0.965929557598
-0.685682181818
-1.44604761163
0.0177696475366
-1.24340763515
-0.788099978876
2.20723822727
0.270677513776
-0.246403368753
-1.05033895286
-1.1075347233
-0.253121522183
-0.103961088253
-0.855154806483
-0.289561397624
0.903512329051
0.297768725727
0.971122626928
-1.6374886454
1.77915147443
0.0723783220511
-1.22363265247
-0.395575705441
-0.138356686614
0.303994903434
-0.216193625277
-1.78359251752
-0.167107345702
-0.138385469548
-0.775983182583
1.29098150437
0.378788871704
-0.395428356745
0.511450129251
0.657161084573
-1.18188582193
1.37077216379
-0.0393130356169
-0.878051983102
0.935705029594
0.602900765365
0.84651660777
-0.284622090443
-2.04249706806
-0.712381508503
-1.2437871677
-1.17156517298
-1.52109043062
-1.16049125569
0.823793342336
-2.65120515992
0.203570594073
-0.807383906575
0.590286929859
1.18135788177
1.88572037367
-1.47305840097
0.359893022808
-0.0571816021315
-0.55284475149
2.44148997304
1.78911895395
-0.35036561625
-0.295412598574
0.942253022152
0.266371675495
3.00356827813
0.595973863672
-0.757900970066
-0.133166967645
0.63902720533
1.03411073444
1.01676608161
-1.63885446825
-1.32257529303
-1.64381997003
1.00313040541
-0.494900285997
2.02343259715
0.0057998492643
-0.725355385468
-0.598543867266
-1.04914222015
0.842038820531
-0.792950429437
-0.352816485523
0.0124847329564
1.04053585602
0.0131615452465
0.176187639838
-0.458679795307
2.16141816818
2.20486950678
-0.138462174925
Score: 1