3
44
10
3
-0.110281578857
1.39287612661
2.20828074198
-0.402501863475
1.48016750424
-2.31679813536
-0.634367211934
0.969546967347
-0.194123525929
-1.39496807795
-2.37708138406
-0.721275591883
-0.311823309163
-0.954258918102
-0.647299578298
-0.815246629988
-0.761046276181
0.170561509608
-0.178453257455
0.982473965278
-0.571854893687
-0.31846959463
-1.07618101711
1.92286685822
0.74482707464
0.581697030495
0.553698669542
0.885519906324
0.662556570774
1.32404297968
0.915411503184
1.06831663538
0.319376454344
0.222255801478
-0.0179439400012
0.454719372345
2.35653816331
-0.293005042153
-0.671255457582
-0.0163574787032
1.17956358981
0.127598045367
-0.0672529546844
-1.36350137976
1.61760055151
-0.807683355691
0.647695188247
-0.473372896985
-0.0528354953005
1.06268043365
-0.422599026293
0.134717665563
-0.676583855215
-0.953415214554
-0.516459892877
-1.37739669639
-0.633839913374
-0.389073475836
0.816895999942
-1.57076071546
0.219429069042
-1.41827285288
0.0205811472215
0.340890747898
-0.00563048448246
0.0591004531031
-1.07094732777
1.29310485115
2.36267782873
0.794387697767
-0.33577101055
-0.162353038709
-0.38099336951
1.66287568337
-0.362993847973
0.29902681297
0.67188060431
-0.537357097721
-1.4711915415
0.815481303418
-1.30868948333
0.279093836824
-0.553297256637
-0.764917514027
-0.0546482753907
0.297168689624
-0.496755474452
-0.264925897953
0.710672556813
1.46484365992
-1.55543622441
1.88946984472
-1.4137762088
-2.18331625731
0.713569578893
-1.0054794545
-0.0999010626927
0.538818059265
0.0115781432609
0.755706271577
0.40218202838
-0.334970940486
0.716166827654
-0.756831106284
0.51692553035
2.29006896901
-0.0317279470177
-1.71624566211
0.87134883264
-0.632552977394
-0.60276517657
1.17826455449
0.13417500669
0.536099645656
-0.878634160916
0.816547761352
-1.75189008505
0.839802736059
0.463735247298
-1.32809931714
-1.31163549444
1.55019978648
0.368770152564
1.19649852858
-0.417557068089
-0.294727707807
-0.429233126507
-0.193066162902
-0.249750738828
0.415222726779
0.244264693928
0.26693004796
-1.85130571272
1.65619288516
0.186865603967
-0.139868510081
-1.13144795037
0.543014788251
-0.910099611171
-0.0332221128299
-0.178746646868
-1.45790642782
-0.262762746012
-0.459143102761
0.6289177378
-0.698148484741
1.42650313179
-1.47591159158
1.37608368273
0.657475437292
0.553023750138
0.295011761259
0.430876913248
0.227128004383
2.90341670408
1.55089859712
0.863431456446
-0.352245719478
0.693604601526
2.04642271789
2.19264842973
0.713277864397
-0.534007895509
0.213758636128
-0.448595481332
-0.311855809376
1.17382402714
-0.836769326163
0.46755687184
-1.67461998747
0.752871571568
-1.88829718673
-0.360279048785
-1.78712197669
-0.0549157528737
-1.45607169829
-0.539754431641
0.28184066638
-1.93271441687
-0.315068040375
0.190710949421
-0.21684764834
-1.02743429943
-1.07974588959
-1.59364372603
-0.211595527024
1.1869261343
0.105861294027
0.882862768289
-0.543876192098
-0.842605636751
0.573518734416
0.684290224836
-2.66400510841
-1.19593407517
-0.48683894778
-0.522193178531
-1.14092383929
-0.0972692974095
-0.330752943898
0.854751194228
0.431980666828
2.85883283782
-0.000321190765095
-0.516695087876
-0.747023025504
1.19263205936
1.87001524657
-1.63053931124
-0.00459180193593
1.15250183056
0.200202175956
0.664611700406
-1.35935008981
-0.999519123909
1.57181568669
0.624437745478
-0.864228351599
0.341385777188
-0.411094985149
0.430518972464
0.942525818008
2.3262491011
0.283310774895
0.636763948481
0.223798466111
-2.14389254762
-1.39836657144
1.28932261121
-0.340917539127
0.140060656356
-0.473545617243
0.341825655128
2.05252621268
0.0956409433697
-0.340634706786
-0.206147231856
1.19702612372
-0.362181408116
1.40492355762
0.285395276632
0.0902059838395
1.48210174493
-0.048919644371
0.472877854969
-0.408496240435
-0.785793907867
-0.98810718445
-1.39746407357
1.15767078699
1.21623356502
-0.490179274108
-1.35565137042
-0.321904207932
0.0937745689431
-0.14098241986
1.05280589979
0.0989615877904
2.49630461729
-0.688247309827
-0.425339037103
-0.428430302616
-1.09202785875
-0.48862404301
-1.31379203647
0.582628153364
0.492683245783
-1.18631064522
-0.161971972991
0.795522331184
2.3079881285
1.98879623804
0.796906477648
-0.957407068233
-0.328070614678
-0.827260306192
1.57735555869
1.24536275439
-0.33612025598
1.29242088044
0.230193599055
-0.590341750814
1.0446258885
-0.299315683848
0.348842869771
0.490479022719
-2.32883888035
0.00076422697736
-0.567345197818
-0.475462492076
0.758056810291
0.857152272453
0.103195018278
-0.0104831865018
-0.325446549781
0.0296900329694
-0.405876604459
-1.61951245732
-1.07387176854
0.75567024911
0.580451782633
0.0607723606087
-0.208896290812
-0.487602923681
1.97304990999
0.510148897111
-0.496476436603
0.00487015535013
-0.45880622953
0.280745621683
0.776823204508
0.716213279672
-0.871932659341
-1.18305212803
0.368273582971
-1.16943232297
-0.332983523066
-0.630553896268
0.0245537051524
-0.268205741451
-0.124556004214
-0.535874356235
1.44433380221
0.0878735781636
0.54482281744
1.27826538451
0.52900723629
0.655257567587
0.632907237047
0.607465123004
2.96573322253
0.0238367689018
0.281618236161
0.397976507711
-0.819364531729
-0.14139869933
-1.42542673554
-1.03002161001
0.273064922274
0.744035328738
-0.210150993093
-0.41707236896
0.754465586464
-1.55850438989
-0.947016060565
-1.59872433571
0.707157097371
-2.22617132715
-0.502906816206
-1.63480347339
0.662553831005
0.37727134009
-0.106812919821
0.894333932739
-0.827038558729
1.26163155639
0.648331978164
-0.988425623077
-0.353399059728
1.17140276764
-0.903353163276
0.107515107256
-0.659784132501
-1.19081562429
0.072347286806
-1.32306584636
0.940688039764
0.978252931869
-0.326547982318
0.80496311861
-1.05708226757
0.0557547264807
-0.729238353106
1.27659989794
-1.43525521627
0.526269692849
0.473186950127
0.181535594895
-0.954801865192
1.44324401003
-0.827187762012
-1.51575650362
1.58343049285
0.298741557883
-1.2537429884
-2.43341545752
-0.0650745122009
0.376375841585
-0.911017500988
0.406296543651
-0.18565228277
1.07700482541
-0.72781857956
-0.188691900056
-1.75913594407
1.26298316376
0.945013348702
0.902647968363
0.843356992757
-2.21576204452
0.517743336049
-0.144250900105
-0.606988222441
0.561681667393
0.334557508451
-1.86539176733
-1.74750901569
0.621999212502
-2.69501297467
0.538784136414
0.190577072689
2.34622046404
0.849574771703
0.522288741023
-0.336412506421
0.210408551631
-2.01578928471
-0.362830530297
0.106383483857
0.760188531442
-0.256131547324
-0.126331092899
-0.38278699141
-0.445172012203
0.0915816849312
-0.415282198666
1.52197684906
1.42302358126
-0.079845437383
-2.10252133802
-1.90709824624
0.258085968462
1.1397092927
0.0113111583753
-0.318423346733
1.38386582009
-0.175184533379
0.633875790235
0.0184360484253
-0.778458203276
-1.62649829462
-1.20597335803
-0.258812484246
0.264617563659
-1.43805345174
-0.115935457554
0.307474225025
-2.26602339609
0.768317662628
-1.32646822826
-0.4727225997
-1.32638957304
-0.28264680971
0.0908263163149
-0.2563673395
1.81205990173
-0.0831098350239
0.566136337739
0.503111336342
-0.207099301884
-1.46024794833
-0.955665926031
1.39383344629
0.0269326546422
0.236521604728
-0.0710981215542
-0.460988665372
1.15393686188
-0.375660082845
1.67786218514
0.396104987453
0.359480220158
-0.88630649145
-0.389544056937
-0.174092009439
-0.976209519796
0.488658442399
-0.493185925398
-0.3506839492
-2.32026675119
-1.37190006684
-1.11811223408
-0.691511049906
Score: 1