3
44
10
3
-0.704658839439
0.427972338433
-0.530518813218
1.00525051629
-0.00651704519802
-2.50200113889
-1.59934053171
1.28528008775
-0.786287155311
-0.0336901659489
0.182470435631
-1.01454330052
-1.41852724374
1.95900976692
0.96755205873
0.0171435488094
0.400464682076
0.951732200725
0.0611221129
0.298472500835
0.20525248713
1.00484379981
-1.07408357864
-0.196062136584
-0.880299025031
0.363901690706
0.175135442638
-0.931274966596
1.06804890163
-1.5950504276
-0.503316185363
-0.408651635342
2.03731647526
0.250827672871
1.3834136777
-0.448830290105
0.844994339834
1.78070563422
0.482634392719
0.574305507864
-1.45420448743
-0.520854891459
-0.981185628506
-1.01309543052
-0.277417345655
-1.00637620028
-2.03105519472
0.322838107054
-1.93223341906
0.462357084938
-1.89441548464
0.890030471948
-1.30685333586
0.597853552293
6.79425654364e-05
0.290045808684
0.123797241719
1.27372163686
0.932871182934
-0.804340099875
0.0435511241151
-2.04369910713
-0.539073541206
0.234595858276
1.53312069939
0.376893282521
0.029320524101
-1.91025496574
1.34309331644
0.123513479135
0.156600171104
-0.355958859744
2.02016330144
-0.221252613053
-0.753505735342
0.466109423494
-0.818933651652
-1.08848103863
0.369891154123
0.903956921626
1.9535869519
-0.338637647888
0.465156120931
-0.0470279596711
-0.509006444342
-1.2486684988
0.0344347875391
0.0904605495478
1.9565618528
-0.102224889242
-1.12096434151
-1.05549368994
0.570582520332
-0.224680308063
-0.190651838514
0.430430698907
0.143569829351
0.443562647328
0.117237024364
-0.258409731932
-1.97456404196
1.04256448307
0.854792353362
1.45319174015
-0.349743296724
0.555835736244
-0.320378691275
0.659440937899
-0.399856774085
0.335100589807
-0.0171504145982
0.477379171294
1.90418654224
0.403619163461
1.07335457273
-0.745802717913
-0.597442116343
0.559174049053
0.226621133086
1.12005983671
-0.617860738435
-1.9918023098
-0.867968163999
-0.0908843290081
1.35128754032
-0.421906835462
-0.393640263865
1.09456131263
0.101128607029
-0.428931493682
1.8830604047
-0.548617282287
0.0986738887774
-1.36639849181
0.86444693464
-0.827981499137
1.39359234855
-0.275183614009
0.107873614465
-0.686270945372
-0.72298586993
-0.928816271374
2.08540243249
0.676047422878
1.31496249722
-0.288847715779
2.37340547934
-0.478645681948
-1.45626904234
0.271896166869
1.90231325073
-0.440050491902
-1.17076040054
-1.12731886421
0.041272726007
1.02558398177
0.222799907769
-0.533713316084
1.52623735393
1.31100227774
-2.27862883772
0.864204980596
1.2254765834
0.27389853723
-0.790805890331
0.449369217469
-0.681759977972
-1.71513817114
0.0443497559986
-0.204407461388
-1.13452769932
-0.751665253453
-0.414585325809
1.45554858941
0.588702130821
0.927277918713
-2.11159814418
-1.79062733404
-0.933326319567
1.34017682504
-0.845159213805
-0.192926448832
-0.803775609253
0.468866208224
0.264271802976
0.565037689115
0.440388380607
-0.356937057183
-0.703863482461
-1.24855457489
1.67316734842
-2.62861270411
-0.702470071465
-1.35831173247
0.0828387496684
1.6711653744
0.300295163168
1.1385222832
0.175202670952
0.712535140277
-0.416144956512
-0.760040024233
-0.47129081901
0.119823226715
-0.297969218208
-1.78100528968
-1.27426575156
0.264804777552
-0.181898791642
-0.0849775339004
-0.311785292758
0.8853257899
-0.365938350936
-0.298654546921
-1.60884225303
2.52033789928
0.641379292221
1.10089880192
0.869536361259
1.46118996979
-0.120774615237
-0.719104107982
-0.979681210386
0.803759707326
1.94714721166
1.22492484739
-0.675660880718
-0.405933287961
-0.0320794093706
0.662244078608
0.811393739665
-0.0374461389221
-1.46106014596
-1.34626468407
-0.145525243416
-1.27436656331
0.183997724764
-0.246401629542
-0.410729968127
-0.0525549068441
0.864761924631
-0.168599406447
1.79079378235
-0.642035041924
-0.614694549419
0.264049900279
-0.114899327985
-0.221986096636
0.636899891946
-1.49595012727
-0.969111148553
-2.35809879092
-0.578223296489
0.607538491548
0.678296105196
2.14102996794
-1.0213712765
-1.44009399208
-0.831803588108
1.21497093392
0.583537361795
1.59036889294
1.3733379716
-0.108051990323
0.295107190595
0.932807820244
0.0813502885032
-0.322630848697
-0.860936116391
-1.1393662346
1.28890551884
-0.34707453513
0.133040557258
0.464382385744
0.212177108335
2.075669791
-0.0643566961111
0.846664308791
0.74277666118
-1.10307647549
-0.320799978444
-0.43467991263
-1.6137667469
0.692252933531
0.855092939335
-0.650929271806
0.820658440375
-2.08470299982
1.42110139331
-2.48519145084
-0.166816528482
-0.0781642226058
0.780534586358
0.632823668882
-0.179016039287
1.42375935193
0.863233126376
-2.93860518472
0.626215232528
0.528043363885
1.0672334236
0.12190248978
1.79137375151
1.2443909909
1.16242355851
-0.989140584695
1.3160824046
1.97475212604
-1.31180606173
0.315860262289
-0.895039942308
0.0440406820105
-1.09838566463
0.189740088484
-0.163035596293
-0.738301338279
-0.491256121898
0.329180041931
-0.374139481257
1.06215135451
-1.27081652756
0.153023880104
-0.292820501141
0.328530953382
1.934695384
0.693561996259
-0.0597211044138
-0.882792180935
-0.849593653191
-1.10959128395
-0.800629236959
0.688320125555
1.12066184971
0.738775935061
-0.673452998316
0.0855554052562
1.59651823978
1.31703455684
0.53842783394
1.26972501332
0.170954151513
-3.54507019585
1.50088717742
0.323592742742
-0.534143639417
0.744125593538
1.30158773165
0.644648023755
0.277914441301
-0.184527631931
2.25186514462
0.248846200827
0.101696901617
-1.34727099348
-0.383954552754
-0.00928788422182
-0.297972776708
-0.738820999375
1.53707859043
-1.32409140943
1.88134252023
1.14575189155
-0.68639668279
-1.83446846968
0.326664861027
-1.37777692655
1.21146115699
0.442125116013
2.25928905297
-0.782565846909
-0.323640958798
0.0966199784767
-1.90614159721
-0.066055425053
0.185431743041
-0.0431430530521
0.081006388224
2.24018993305
0.81520164157
-0.685580531408
1.62569738251
-1.90094028171
-1.04935428328
0.268209561785
1.45936872655
-1.50622080396
-0.0271180451276
0.927684428611
-0.0688812307532
1.1796997578
-0.586497160207
1.21503409363
1.29072553902
-0.524519442097
-0.0918783241501
2.049294574
-1.32789441
1.23754084302
-1.38787868093
-0.0791609827445
-0.234878291544
0.916970767321
2.05050414956
0.767382158233
0.904436896156
1.30380731528
-2.00524624795
0.0550674038214
0.305286350398
-0.980182074323
1.02418974398
0.32408907969
-0.458721322698
-1.88609515249
0.382357582041
1.64554116598
-1.48730742891
-0.475129860685
0.846409037215
-1.14257779099
0.300244875612
-1.35270821104
0.790476272078
-0.26486297138
-0.3892649266
2.05203323582
1.41401316472
0.439719745662
-0.0208897929972
-0.364700911989
-0.524623763591
-1.04201914284
0.442319976254
-0.47834570644
1.25604474431
0.662545453363
0.0351147505343
-1.03298453986
-0.751257202754
0.612687490814
-0.716099252359
-1.71014726971
1.49821594814
1.24886276818
0.587560223949
1.74263216552
-0.0930190152903
0.622971655797
-0.149795094341
-1.90861572389
0.69453230465
-0.401115030631
-0.225125745576
0.180555357664
-0.0146062798133
-0.840244298085
-0.459921650042
0.001680335463
-1.64947118828
-0.088736202735
0.0155745874781
-1.13966343432
-0.376373689871
0.368827664584
-0.161875694899
-0.0405615398622
0.199210040792
-1.61407203674
1.46116505424
-0.240045500596
0.564539675042
0.580473291709
-0.423632817554
1.91689185205
-0.125188653501
-1.4395851781
0.092441703223
0.787808743845
0.874265783991
-0.344433065797
-0.147895899567
1.46681562542
-0.457365090945
Score: 10