3
44
10
3
0.546287258651
-0.342840902517
-0.151480059378
0.390564616711
-1.3331046701
0.0955009996427
0.963235189456
-1.05200015569
-0.0944244810936
-0.124305934008
-0.342513303883
-0.510658126965
-0.00405731576637
0.389748761211
2.12105091151
-0.81451167212
-0.171793385492
-1.87592412522
-1.67249624287
-0.942989053293
1.86066235058
0.920819391257
-0.572685122086
1.97184669494
1.22460779127
-0.924820500566
-0.875435322541
0.00113602779616
-1.65027941689
-0.307969260667
0.123034943317
0.639523366953
1.45036077253
-0.68505868412
-0.05667334766
-0.307654875545
0.0618070137712
-1.13058408415
-1.99290401608
1.83480053265
1.22481794689
-2.01803911848
0.751010666202
0.608157899212
0.0756974916329
0.084268762615
-0.219433145219
0.130641806626
1.93424972423
0.509642754525
0.0553976563188
-0.907546089294
2.09863046923
-0.729992040324
-2.69281483692
-0.122597571073
-1.2622971068
-0.295406075484
0.257560702457
-1.90731608329
0.483707884962
-0.56092224032
1.12632809946
0.527378498971
0.575660025874
1.00234508132
-0.0164709312485
0.0171040745237
-1.18946136372
-1.12107569817
0.994711774419
-0.708181806606
-0.784655658603
0.0212351639922
-0.411183182699
1.02296381477
-0.651394780376
-0.00122293248604
-1.12380703011
1.41108553335
-1.02366229392
0.758142002678
0.192234012621
0.0415321033192
-0.403256550095
-1.12429135417
-0.0948061469708
0.00372270744291
-0.874828262335
0.290536438233
0.0917680388123
-1.1180514763
-0.553147572761
-0.703965850859
2.58046163168
-0.549448771976
-0.494764528983
-0.680604040518
-1.00742576584
-0.0367174494794
1.27763717992
-1.78541054318
0.828751861546
-0.192676817699
-2.66412771691
0.589720760103
1.21974528931
-0.804590770253
-0.333303429924
-0.299050869768
0.393476489091
0.643991475181
-0.72197741602
-1.7886994733
0.384893926163
0.485169980362
-0.287043754407
0.788701856748
-1.36192814929
0.609051301943
0.372476347052
-0.571945104525
0.322792496245
-2.11079293479
0.127242121467
1.42097482984
-1.4715783107
-1.15310586601
-0.814046513914
-1.32768700803
0.490782594071
-1.4421837095
-1.50342022017
0.97102724374
-0.137258900049
-0.553345034535
-0.264730701403
0.73408210294
-0.140808061611
-0.639680789683
-0.736495652865
-1.12417583697
-1.72571887575
3.05093945843
0.535961970892
0.822192879802
0.557658338499
-0.35688989522
-1.24819498549
-2.22063521637
0.421559608921
-0.355276500138
-0.112706999651
-0.964977578626
0.590874741351
-0.188206932242
1.89147876221
0.637916544793
0.568809359192
0.0042395041887
-1.00292566258
-0.355106499678
0.123182801073
0.860146824594
-0.272521794694
-1.4288717284
0.420041518429
-1.06828545812
0.227457145531
-0.441047193024
-1.16941936293
0.303976696445
-0.89677789273
0.320162501177
0.565425591707
-0.294605519247
-0.685833142686
0.189746062277
0.0832185639289
1.29658740383
-0.83614939921
1.78400022185
0.543013924622
0.0577087398316
2.711881689
-0.253166460067
0.165660276972
-1.15637290445
-0.219512633806
1.489354139
0.0310786959438
-0.280811249987
-0.100802493214
-0.195758163166
0.369778069409
0.283627300337
0.886461599482
-0.420746784472
0.275566304665
0.865773314493
0.0327276429375
-1.21237962936
0.361964582143
-0.330070951491
0.238376930083
0.0295174530582
-0.270911289285
-0.258658358969
-1.56311077922
-0.180897936794
-0.205075344583
0.709572442407
-0.0280864482601
0.13000694581
-0.526081813476
-1.66986514572
0.154803354103
1.72407034195
0.347802908927
0.965716878997
-0.362859348969
-0.492023923929
0.395744313925
-0.599519501587
-0.614508803278
-0.551278191682
-1.65337405165
-2.01514881878
-0.815181003545
-0.516123948615
-1.21542741294
1.65061117919
0.124385537183
0.624277621232
0.613364873303
-0.969164047174
0.284927976747
0.498401016097
-0.0897999737743
-0.504043681908
-0.754084918119
-0.347189437717
1.19696189987
1.71557274711
-0.417868978134
-0.622160434283
-0.623580202295
0.0908477659699
-0.256646715667
0.255852515205
-0.869894270624
-1.7237396129
0.532004489956
-0.426534566893
0.872360165253
0.512186278365
0.925499596748
0.861806695606
-1.25970251909
0.633437864385
0.070901976952
1.53087995163
2.18314779592
-1.44929276431
-0.813243897473
0.490181621831
0.028610574827
-1.20796962544
0.773247743556
-1.14293574432
-2.42150369519
0.388524894131
-0.278550666249
-0.612846339876
0.676562074802
0.935094471702
-0.724149543461
-2.08341618336
-0.732311605182
0.883910361853
-0.757666605376
-2.27648291176
-0.00523988390579
-0.0849795034836
0.107758180461
-1.04117663581
0.208039522163
-1.49898184727
0.174768771734
-0.424751905004
0.483508446882
0.450678504795
0.941724604328
-1.2257691267
-0.280622158325
1.19018016444
-0.736424135048
0.9980806156
0.335967066365
0.505731346267
-0.513666453003
-0.366941049617
0.0419176454031
-0.232202762551
-2.58232817851
-1.69067211382
0.414198725496
-1.63501751616
-0.804412390625
1.21393736458
0.54351845253
0.266689440215
1.94071303685
0.221669811625
0.871537003672
-1.15297542497
0.201929304577
2.82741511185
-1.24391109922
0.68129180899
0.0356465403191
-0.588091879224
-0.693733107016
-1.10555477528
1.46841587189
0.824028052363
1.06658741722
0.67047122081
1.84349881579
0.0353012815149
0.973586835696
0.307607151263
0.633667115261
1.26896459225
-0.22360599531
2.13254009938
-1.09904019348
-0.519012135255
-1.30500333342
-0.840715872334
0.874968072081
-0.859325504301
-1.2749011234
0.211827459747
-0.219014352195
-1.25903133793
0.768337038617
0.376723812971
0.625284120052
-0.902187246355
0.595554070045
-2.09545908694
0.215513005734
0.134957121857
-1.13775566276
1.67106227359
-1.33268948352
1.80133964422
0.804403055913
0.213918364595
-2.00904272822
0.046134285367
-0.267099078387
2.57184772596
-1.25837834685
-0.50595547034
1.30976706268
-1.94315249278
-0.378415116068
-0.545321882042
-0.29697517331
-1.94499381255
0.0302962713922
-1.8742698873
-0.310850096543
0.411532757359
-1.1070568418
-0.452181610473
-2.44026706741
0.461634704896
-0.131346746677
0.202029828893
1.09543724247
-0.566673078574
1.64561065423
-0.160323841939
0.267896262238
0.114332905821
-1.08644275968
-1.64539250038
0.849739938
-0.120752179704
0.837438538117
1.15234529897
-1.05202712307
-0.53313893737
0.230311427394
-0.478139761323
2.00248665834
0.75317409218
-0.648854436937
1.51140731711
-0.467648277346
-0.85916856412
-0.599930207757
-0.658253058746
2.99369559476
-0.810827520962
-2.29073830941
0.247048119368
-1.00914123213
0.582363868004
-1.16606488996
-1.01297596926
-0.64419518363
-1.14189167959
0.945020095139
-0.277600910949
0.867057779148
2.2090992822
1.28915126281
0.21452761323
-2.32577302938
0.540396129888
-0.599385217866
0.470023569918
0.00550153220733
0.190841976206
0.218160987226
0.992693890993
-0.328986921003
0.710685156585
0.0294561426541
-0.69469095961
-1.9840647154
0.676688040243
-0.524714598485
0.985627955697
0.541889483788
0.650639363917
-1.34121550845
-1.51021248369
0.278625436997
-2.6176434064
0.757361715669
-1.97297066411
-0.149876249101
0.137370187314
-1.6802399206
-1.61748758496
-0.565661193976
-0.475513609173
0.949572294256
1.07608533989
0.375126795096
-0.89423803651
-0.395785484403
-0.420255464562
0.0857353561056
-0.925061435353
-0.673599207361
-0.830198962902
0.097552273443
1.04164237363
0.263048748344
0.11399546881
-0.852140944945
-0.629127772316
-0.755551361157
-1.78443547063
1.38753506185
-0.893048122123
0.47065013378
-0.245371056227
-0.127913152243
-0.116017955233
-0.628657088465
1.16232339126
-0.177640031947
-0.00802629034739
-0.58094756109
0.373143537898
0.884075340603
Score: 1