3
44
10
3
0.075871147865
1.52781684404
-0.354495372704
-0.808736519153
-0.540612824472
-1.70689717119
-0.120219939613
0.657548762648
1.45066950366
1.4096452774
-0.891056804069
0.892666214262
-0.232589800109
-0.779538675224
-1.72840390343
0.117904901273
-0.332709713994
-0.0797837793993
-0.934189574986
0.886535448539
-0.258632564922
0.886817946704
0.39472137527
-1.07121368719
0.435420307005
-0.376962644921
0.423521409148
1.2447896293
0.990454994831
1.02212523595
-1.82580441971
0.417805362504
-0.576179404777
-2.03984100932
1.48669621492
-0.286796415845
0.0925201611797
0.552236266294
-1.16566276809
-2.43624759757
-0.757285959481
-1.50713305743
0.190615399762
0.0982344173045
-1.36478346935
0.42594267747
-0.770456803079
-0.923356532687
2.52423821288
-0.816887822634
0.681785292868
0.382355036043
0.157076726625
0.827750306197
-0.920529531334
-0.0382837039511
0.989184116771
0.0381318664849
1.52129544577
0.48103504384
0.71319294487
-0.798138350429
0.54157766186
-1.11518719165
1.20446529989
0.569292088137
-0.054821309763
-0.8600825892
0.30271731528
-0.287136921717
1.21117041572
-1.73178192565
-1.43357534109
-1.26743765451
-0.387458597738
1.99481852915
-0.570765062338
0.0946782188437
0.369573946188
-0.280667867726
-0.584384736238
-0.411787422719
0.758059340729
-0.0526866141556
0.149215873871
0.33368556325
-1.0887772478
0.762794744963
-0.920385044216
-1.78623641401
-0.020022970259
-0.686838652135
0.0190674273289
2.03202443487
0.336113558425
-0.713754816892
0.315576793813
1.69973216942
-0.282985734797
-0.150383762093
-0.368971297415
1.46063526626
-0.535045173361
-1.2196197152
-0.8780030901
0.0572438205485
-0.220445099649
-0.350420972589
1.06820132753
1.17824669296
-1.37738605782
-2.47486421828
0.46725038521
-1.1636610055
1.72056782043
0.73557115686
-1.66206465144
-0.745125182828
1.10766697327
0.0100522238724
0.263541691216
-0.88687247961
-1.69363423087
1.33153411116
0.311386452049
-0.31801846055
0.478789550031
-0.597519702918
-1.01670426974
1.3056239372
1.41851006584
-1.22793924184
1.97617633496
-0.793050812469
-0.351518677875
1.31776299477
1.53715888359
-0.659358098258
-1.42816751748
0.939735563271
-0.869114130798
-0.0151170290252
1.00081100943
-0.319702027943
-1.61406755784
-0.898792869435
0.776755643673
-1.89622337879
0.851800121099
1.46010519723
0.623603773688
-0.636160211165
-1.01389101191
2.84745390492
-0.165071492255
1.0003314496
-1.71554160105
-2.37437049371
-1.36979841467
0.100781341127
0.645578800853
0.668007947066
-1.14991546875
-0.243607361601
0.619960866532
0.0304567735357
0.830107626593
-1.19856728462
-0.196407868134
-2.08672744844
-2.0070678911
-0.843453436656
-0.4266683527
-0.238233451375
-1.15739637501
0.0961684191678
-1.19063310087
0.0351960458644
1.7820358846
-2.4999294102
-0.768323335055
-0.137967729683
-0.188201419076
0.820981324526
-0.184934291465
1.44044643343
-0.450912207293
0.376132842753
1.52664406604
-0.816084156937
0.533776608993
0.339001353942
1.10539758914
-1.11119484292
-0.197714682701
1.57421292439
1.02321962817
-0.699880765526
-2.01906180043
1.11276593677
-0.964194522187
-0.112389456935
0.170228528155
-0.890038824929
0.204167590569
-0.532518974956
0.615177707081
1.29625496932
0.0873920626574
0.46072809647
0.647089451679
-0.573232981777
0.215458408911
-1.09798532712
-1.24012668389
1.28408156776
-0.714248888005
0.922369325647
0.205841480018
-0.963186568917
0.236897446573
0.786448331668
0.423382732367
0.696643785465
1.02720271095
0.409083768276
-0.268432543131
-1.05497084834
0.183747637229
0.514268623006
-0.840535821541
-0.229942216432
-0.512489809943
2.08479764321
1.51194555007
-0.96383302469
-0.915401774309
0.396485589427
0.384058549697
-0.516130500171
1.34728746879
-3.04574953832
0.643143591194
1.35324755156
-1.72203035831
0.488090104315
-0.992502396625
-0.278332014434
-1.61852011077
-1.15902733822
0.178130696178
-0.277499042631
0.61812026681
0.129075423877
0.493042433271
1.03448067124
0.441652298012
-0.527177189589
-0.55083768177
-2.20842374534
1.28737226833
-0.376949679421
0.594035610904
2.44208537202
1.1864151164
0.233297386349
-0.500659489338
-0.0311622291461
0.215644981849
-1.54401777909
-0.0768999398537
0.755634640896
-0.802450437798
0.145039821232
-1.09268285398
0.91717173555
0.423500728796
-0.6552428756
0.897647703729
0.0937888114274
1.37069497499
0.474048962707
0.266344399697
1.17906985663
0.957242454087
0.150929724002
0.186041057592
0.109800550714
-2.1138943502
0.381911713197
0.954381222446
2.2361292185
0.455137014045
-1.278521449
-2.37301750819
-0.498514126953
-0.594404619989
-0.412613938885
-0.530341195263
1.12316201884
-2.41386921317
1.1157698675
0.410345279044
0.788884443622
0.228026821293
0.339600513764
-0.323517191555
-1.02114761923
0.306737684768
0.963332010423
1.51863800641
0.746653754437
1.17984394724
-0.273794438696
0.0404326005169
-0.882620136449
0.0643190435725
-0.377890033878
0.820142726001
1.28185704315
0.657504286743
-0.491880032545
-0.269089390427
-1.38427891719
1.05206824904
0.456724705525
0.245029170393
-0.2432096705
1.13392695729
0.834249662702
1.43064464997
0.200367686719
-1.39518793061
-1.45601838883
-1.23204143289
-0.109700785518
-1.35081702183
-0.400714412656
0.874456260657
-0.804274591541
-0.0913103066423
1.44199462277
-0.870829118982
-0.847435102428
-0.767243415235
0.414326955225
-0.704590006789
-0.109250066675
-0.101124518722
0.149542407618
0.599289779791
-0.492135944891
0.795740487373
-0.493959886817
0.0123255665483
-1.33953097615
0.0753969500339
0.845920081371
-0.363191395905
0.26469720816
0.948703739675
-0.284591816828
-1.40457637096
-1.37501933689
-0.411330419318
2.16547998133
0.0786104786118
0.627011413761
-0.78525696131
-0.692866791529
0.813968401396
0.447027068652
0.088566063538
0.199394879477
2.45632215386
0.122604251037
0.106212296946
1.94003524002
2.44237092642
3.00385918332
-1.27191674494
-0.194806581414
-1.78327111017
0.410784370281
0.0895095969697
-0.583857614855
-0.245421906814
-1.18270511498
0.136821812914
-0.0138000427175
-0.328790248194
-0.997326375684
-1.43704143252
1.87348027299
0.575673743825
0.422426718327
0.490091156344
1.24052631835
-0.0224114298951
0.378196350039
-0.476726964929
0.795068027113
0.588277844114
-0.228995004042
-0.403453172353
-0.936370762285
-0.280308315538
0.46807811946
0.0531426678244
1.34055533602
-1.34038549431
1.69203238521
-0.974480832077
1.57052879113
0.509811951741
-0.683516139454
1.31681278779
0.626227666179
1.35512024828
-1.84075626257
0.593141870493
-0.814378433721
1.11040502787
-0.558321993833
0.0333216074648
-1.74343377948
-0.684219486779
0.833090878714
-0.0273894909776
-0.21190784304
-1.36270402202
0.653336431892
-0.576524747131
-1.11180004297
-0.065241977673
-0.144262155017
-0.417563790382
0.257408290914
-0.521125563579
-0.101198072236
0.0479588762552
2.29820515494
-0.894915254413
0.0842786126753
-0.0822700380336
0.204901889545
0.0944788788943
-1.29895750094
-0.0881665261711
-1.64493230651
-1.17409872659
-2.69212983245
-0.580340772652
-0.713891932315
0.957753119519
-0.00522963676492
-0.131307299146
0.809168083245
0.246200955797
0.865884973749
1.32622359699
-0.0845635254322
-1.24508503772
-0.399067720238
0.157066561435
-0.00981246496605
0.0424226742824
0.406493119128
-0.316186559562
-0.888292835853
-0.416437529829
0.774253593649
-1.22032908049
1.4094524694
2.46257840775
1.97833339024
-0.105912966542
-0.527233418333
-0.369276073624
-0.947434843053
0.303761668154
-0.37260265681
-1.2759040276
Score: 10