3
44
10
3
1.91684720214
0.524012397501
-0.0354062186973
0.764997949253
-0.314650841628
1.15076677482
1.76667562021
1.18891858827
-1.21636398346
0.825041711746
-0.920259287908
-0.50884426469
-0.591926327379
0.0448935124543
-0.861218037564
-0.139099507871
0.896994526105
0.391237419351
-0.652708354309
0.0781392348356
1.26268481009
-1.02398252648
-0.655465555752
-0.453599612784
0.0256599251651
0.399168876173
-0.119356351292
0.797360943139
-1.35805846472
-2.09224553975
-0.906190946287
-0.0368359568226
0.425637543916
1.64113269785
0.631765186968
-1.49957911454
-1.12216596423
-0.01222652307
-0.147038639136
0.0493391319345
0.775003130932
0.346137768706
-0.758862828346
-0.982093754476
0.788164318442
-2.07655851394
0.200383216889
-0.51303474221
-0.681207989298
0.566638176552
0.883894963934
1.07414237764
-0.143242954395
-0.166480144561
0.100307766443
0.504758252141
-0.0876438899776
0.846580075804
-0.981277176385
-1.30694749905
-1.02615780055
1.03311746323
-0.111949641406
0.741135441426
0.121082427187
0.200266219066
1.37376064406
1.95599831686
0.268965344673
0.0127243640356
0.22143470788
1.04024815812
-0.35075665713
-1.02336123171
-0.487748948019
-0.555692309996
-0.360796263494
-0.228676060052
1.42280529487
-0.27827001671
-1.31173365742
0.618802950854
0.516720622142
0.03489597088
-1.0866376812
0.82869867148
0.339443090277
-1.85489416324
-0.474284618871
0.742788826364
0.631327133808
0.959405374091
0.744903243081
0.425481238074
-0.977683005134
0.357842374392
-1.12209881492
-0.574151968353
-0.498528554389
0.372621516606
-1.28917686508
0.536220065789
1.37449569235
1.89118131996
0.498745749214
-0.0784576649465
-0.035119727245
-2.38259142669
0.224972835869
-0.143579090538
0.170898963239
-0.481422917252
2.31707137228
1.19592617476
0.443230131942
-2.50136055265
-0.942762044466
1.12799332833
1.12332055868
0.0405194332377
-0.00806199967288
-0.650482565298
-0.586676042815
1.10839893748
0.521399006818
-0.146443310931
0.430140521383
-1.86238371123
0.0988499779071
-0.0306556330927
0.517114538674
-1.45280055924
-1.08065673384
-1.41745453729
-1.37671307419
-0.103044654234
-0.991949941255
1.21897913592
-1.71417172124
2.60909132795
0.769580203067
0.740732733509
-0.2472130263
0.260621796838
-1.39314512445
-0.842633822362
-1.83018373695
0.655583351862
0.296074005166
-0.00899495717155
-0.326180239768
-0.492293616413
-0.155510654136
-1.72078297801
2.36646494458
0.938087189421
0.295856503435
0.284691918033
-2.50393220557
-1.4723046796
1.40822761065
-0.684439181877
-0.367881712799
-0.0200009981757
0.41183116043
0.133101764373
1.73677064218
-0.907327447712
0.970692947076
0.147669759139
0.00658877528251
-0.871262941994
0.651331167447
-0.913551023878
-0.857143973343
-1.21966026916
-1.19683307827
-0.950524128924
-0.482682983822
1.72187077451
-0.0904823155568
-0.405656778764
-0.212947087909
0.172817567481
1.85395618714
-0.494002358606
0.840164453252
-0.24408213583
0.638776793293
1.81111415219
-0.168036216623
0.00721915047698
-0.516202767201
-0.419981902581
0.374078408677
-0.0904730298205
-1.34087684045
0.108908550199
-0.560130853443
1.95171356176
0.900297744865
1.10866642979
-1.21546241796
-0.949668398835
-0.722822552413
0.251147409438
-0.484620603478
-0.949947654975
1.80230844912
0.0803165888417
-1.20737466267
0.621208125779
-1.20494822453
-0.859401121278
0.467093108524
0.39187003134
0.0419284567356
-0.291749779858
-0.375117247432
0.690333203719
2.10389317597
-0.609539620232
-1.81474872417
0.629660149935
-0.311506246769
0.298615746475
-0.63568683575
-0.618385055885
1.00904592656
-0.816756719359
0.442811678374
-0.329108737207
0.0415650466209
-2.78396310769
0.0384165109524
-0.211643554427
0.395269991557
-0.484257528433
0.382715517849
1.39820945692
-0.571591892965
-1.06261729218
-1.55249873603
-0.818749551869
0.325516247287
-1.12166342187
1.83346643202
-0.423921689466
0.400918416155
-1.23388823647
-1.24982177924
0.62781086057
-0.34517632237
0.505292238756
-2.05974069052
0.0775907046104
1.06034978291
1.19621503301
0.145417556747
-1.0770960445
0.361112881168
-0.584034711898
0.117308992498
-0.342743452733
-0.350106048964
1.09613611122
0.0655585508873
-0.826449108556
0.224564372246
0.841634785714
0.391619005113
-0.953541919598
0.287849171633
0.5898966695
0.866123757365
-0.037136010405
-0.803766911758
-0.184361204303
-0.637481335124
1.28129168034
0.879517482965
-0.475884000108
-0.932499117295
-2.17471697487
-0.604012641454
-0.727657750124
-1.35608002858
0.848629101674
0.855660670415
-0.577644050005
0.024212246197
2.24027343045
0.192422936185
0.0535339659609
1.19357883136
0.101441370917
-0.500106849082
-1.40659476744
0.907681213213
0.427069490129
-0.0930506274766
-0.841772691475
2.361161196
1.06555277331
1.81576573292
-0.798267212671
0.551261930299
-0.236015318246
0.751903261266
-0.155410816074
-0.408476709395
-0.804193447623
-0.0699325478112
0.674077260634
0.0244816719499
0.486345448933
-1.94740285712
0.252711380844
0.258522410122
0.960655529747
-0.529485222942
0.737385454154
-0.508412663821
1.74700384287
-1.6600048248
-0.806491809578
0.144308567804
-1.38618096876
-2.1460339116
-0.0280045018469
-0.750207999615
1.17911189087
-0.825035995144
0.857831101214
0.0631223071275
1.01851992496
-1.07857565959
0.337871422799
0.204705421567
0.63864993311
0.531532022409
-0.58209664627
-0.465816965371
-0.369064442267
1.61666005987
1.17995411996
0.0551853826317
0.373406518736
-1.44171197541
-0.613785509588
0.370459550159
0.212327911367
-1.12953639632
-0.113956434202
-0.962877832596
-0.798715019246
1.3518980915
-0.681932513726
-0.231719002467
-1.44655362068
-0.135890592578
2.49916904752
-1.18314679469
0.237843235573
0.0458416542504
-1.29076707323
-0.2200999325
0.761285914647
-0.3358914208
1.78048621107
0.946880656746
0.829765927835
1.15581515611
0.50265912065
0.387704495599
1.2567979566
0.606627262812
0.154918148365
-0.745375881659
0.876565217367
1.1884679295
-0.107285149903
1.27926958334
0.909816690872
0.768812650058
0.496696416572
-1.23000767882
-0.128661446668
-0.668156611837
0.591533339301
0.0815547869401
0.0471093539012
-1.30386629603
-0.314688586299
0.0539131572564
0.018024194342
1.88015824814
-0.234306874554
-0.0646285107394
1.02250128953
-1.18094422763
0.0796188614661
-0.0723544600457
-0.801026417412
-1.94068571952
-0.157304745934
1.94366198517
0.365570754894
-0.702725241941
0.457506786662
-1.03472053797
0.953718487981
0.175271069747
-0.435924370084
0.506476781467
0.212010692862
0.163829656838
0.506151656387
0.546008302746
0.618879493645
-0.918573041574
-1.74338781933
0.737683733994
-0.613805936029
0.476746264495
-0.87333883721
-0.558514556648
0.0904229447837
-1.4370024913
1.15514793894
-0.944013520228
0.243251986154
-0.209170090839
-1.29414675046
0.130208484936
-1.6312048503
-0.678763504127
0.284233428653
0.846698556968
-1.02601756396
-0.599227652459
-1.19785058919
-0.170227362862
-0.759217103007
-0.492718830543
-0.320082585628
-0.752320225472
1.36968673011
-0.771161912877
0.489442410464
0.760453028398
-0.402933619241
1.42726233922
-0.153121758663
0.986086323843
0.562398595953
-0.419399460955
0.752975964673
0.251415650331
-0.313064798737
-0.135041729346
-0.480576126363
0.435951414535
-1.02007183469
1.36807685378
0.430064969885
1.08538716664
-0.467504364736
1.48617897139
1.80482513124
0.415532722695
0.103308695035
0.884081133617
0.607783862154
-0.214446929853
0.727619687765
1.24585502004
0.63096309944
-0.622628305526
-0.875651258235
0.107216403854
-1.67603732945
0.834769475299
Score: 10