3
44
10
3
0.0503010773867
1.53665469405
-0.593292269066
-1.02630489132
-0.571725721003
-1.85058284361
0.00460216748783
0.367026146411
1.50926740828
1.41441719977
-0.795593599261
0.813251690994
-0.161032379593
-0.734978599053
-1.55717390577
0.00220817669723
-0.369930022004
0.0638835650031
-0.841732380811
0.759371393032
-0.175858781854
0.616821516679
0.40408757579
-1.15896539537
0.381512519436
-0.303553227112
0.259488566026
1.21216829109
1.01837706136
1.01768707136
-1.76636154485
0.398909489521
-0.573676503462
-1.92130859031
1.37431157478
-0.348463510344
0.11327066016
0.576269887583
-1.16874357533
-2.22298970071
-0.693644937163
-1.54543376181
-0.0267819157974
0.0830368875676
-1.25842745731
0.435160677719
-0.899095653989
-0.816955631363
2.52159730235
-0.833529175165
0.578865584508
0.20153121882
0.319867308581
0.716930619312
-1.05056350826
-0.0953182564109
1.10114783348
0.107181534342
1.50802858877
0.530104274278
0.842140200279
-0.834910216181
0.683964799115
-1.20069032904
1.30678742311
0.499362393135
-0.194365144049
-0.737120908195
0.358209254755
-0.119791881276
1.12326649037
-1.79382216757
-1.26512278357
-1.17247764353
-0.478972160072
1.90026158778
-0.759687329578
0.156717708782
0.487866438305
-0.266445126128
-0.757291600356
-0.4421338135
0.771826100396
-0.16464661634
0.117257137167
0.271913165133
-0.869798654539
0.729163620621
-0.904964521905
-1.73808930203
0.0622811269464
-0.697705445601
0.0138801109337
2.05786771605
0.296294433699
-0.704725984487
0.233867614873
1.57990704179
-0.254786695975
-0.132442147375
-0.416759450966
1.67120182762
-0.390596132484
-1.16978304534
-0.895387993596
0.0952695529472
-0.134938674562
-0.182242393698
0.877542977336
1.21161968065
-1.36132534875
-2.76295268635
0.44506547851
-1.02841366508
1.66454724333
0.61698660992
-1.58701816096
-0.938407152184
1.16362673553
-0.123205944038
0.327034822171
-0.736308593587
-1.66442145921
1.10705571617
0.370319078029
-0.214695770674
0.496142929724
-0.550697388179
-0.865497232007
1.48030234876
1.41522976145
-1.30867946412
1.95197472706
-0.795820977058
-0.581339886706
1.22806525301
1.2857494898
-0.672170937987
-1.45677836199
1.13678398253
-0.847859829359
-0.200270960728
0.95504597862
-0.507730998925
-1.27557358767
-0.696361825833
0.999470941916
-1.81719618447
0.725641147265
1.48688967248
0.599349102801
-0.545819094061
-0.869946238563
2.74886276331
-0.212345064426
1.13819845778
-1.61179591255
-2.27298133731
-1.18213256681
0.0709084521115
0.701636738048
0.711207256024
-1.19806144589
-0.184099078612
0.505418301713
0.0630041264956
0.711095379931
-1.10798946277
-0.145459045958
-2.06978396385
-1.83045909029
-0.9315138088
-0.424538564921
-0.146630577975
-1.14727053705
0.00324676847034
-1.09673845924
0.115023722989
1.86859181882
-2.52095421722
-0.850947613145
-0.0121155792157
-0.315737627862
0.69287168876
-0.175636979261
1.6223269512
-0.48744645685
0.504696659482
1.24243746508
-0.701832661166
0.495014029717
0.0470515168481
1.20340824121
-1.37071647038
-0.269090842788
1.59101937065
1.03809414353
-0.752960469844
-2.05182717071
1.0661717992
-0.985007240232
-0.131413762154
-0.108755807868
-0.843557526125
0.0653314008436
-0.621499540696
0.453905029389
0.974554321254
-0.0132268190827
0.423487259303
0.563451764079
-0.340111604713
0.142959774021
-1.06273960114
-1.38726604506
1.36301811859
-0.860790801883
0.863941937591
0.261923581017
-0.926910270794
0.248852195262
0.796479983145
0.48767241018
0.616770762916
0.982416073526
0.291896223691
-0.47590962717
-1.13199787285
0.198799064232
0.481053498028
-0.941896284475
-0.320321699122
-0.449481526384
2.23507746773
1.44935311339
-1.06520448689
-0.888151806775
0.433811378343
0.378235400811
-0.434543676467
1.30490866733
-2.8428586274
0.643072947693
1.25836367328
-1.72148606456
0.593340512677
-1.20936514416
-0.273357813135
-1.69779860517
-1.31411321509
0.122314621014
-0.299699133154
0.721471607495
-0.0125774960395
0.482008554416
1.10289771534
0.403422601791
-0.458347380558
-0.727325685309
-2.07409912016
1.23250318961
-0.467317881978
0.548726935416
2.46182515391
1.18677133088
0.289810057974
-0.507112157566
0.1099454922
0.151980364707
-1.39635905544
-0.0114296251735
0.738653017443
-0.639571960709
0.21146683529
-1.13616466608
1.05878572983
0.381694636093
-0.610313238849
0.811990781048
0.322507966469
1.23852852934
0.392140394076
0.367117605701
1.14513056932
1.01853914143
0.0278110357644
0.134422195747
0.0890891314736
-2.20125640157
0.474468060774
0.724806606813
2.2500361543
0.683976745888
-1.2459490004
-2.23592182432
-0.280980182679
-0.626048292973
-0.448149913938
-0.549624236375
1.04169126236
-2.31193632957
0.86667700161
0.479028342567
0.885440560743
0.233349126072
0.228623938583
-0.304443006378
-0.890034119792
0.370076485628
1.04137311449
1.49115310359
1.05952165876
1.08053584927
-0.246572729973
0.230506975185
-0.761317972105
0.112482298877
-0.396738466041
0.8943547106
1.33696924834
0.526330080865
-0.373029059879
-0.380260587758
-1.27877669295
1.03631051029
0.552058919426
0.397791223869
-0.23901599542
1.15981349567
0.978294850471
1.30738517737
0.387466942563
-1.45247229976
-1.35343527597
-1.3127876164
-0.0985439598954
-1.45495313646
-0.596141215207
0.776043702794
-0.934718443914
-0.187316327915
1.37480368724
-0.994752492236
-0.90021847274
-0.721239998557
0.216279252916
-0.784149577498
-0.051092633478
-0.131341787913
0.324901793226
0.737598138024
-0.646390482994
0.762763824874
-0.658867815402
-0.0903374523665
-1.32619192277
-0.108634511726
0.811637339152
-0.44156839491
0.299852039525
0.894325438963
-0.112797215152
-1.48756965922
-1.56191249795
-0.311394183719
2.10387771773
0.182050096543
0.538920133585
-0.958718049562
-0.520811051628
0.81155414036
0.567508423404
0.129839709606
0.177965083372
2.34335541443
0.128688418027
0.218575914316
1.80934705457
2.40887805476
3.02792226718
-1.29674808918
-0.251228221952
-1.67350184683
0.517324521639
0.0016079655914
-0.603430212327
-0.222418127244
-1.15554490372
0.20265386457
-0.0456532587939
-0.45735917787
-0.892467431862
-1.48172548916
1.95075768387
0.454038996757
0.399713310261
0.409041370059
1.06872899634
-0.0667698840817
0.269845661004
-0.294889396861
0.910922394839
0.535060573666
-0.317197197679
-0.560614856644
-0.873096899449
-0.225601378275
0.333524791508
0.0519215518458
1.19811725888
-1.48000383935
1.61767180051
-0.959860974864
1.32747161679
0.426689527231
-0.498945811864
1.37225783995
0.697079034144
1.28287520212
-1.61901207939
0.501922044062
-0.964236879856
1.13540046418
-0.47602386607
0.0295371946035
-1.59232382563
-0.979807266875
1.0510193548
0.0663556438911
-0.00151734818458
-1.39020379078
0.640454168944
-0.603162124783
-1.12647832996
-0.105415621511
-0.201309864109
-0.275932206278
0.179821116515
-0.404101808317
0.0402479880058
0.109708010925
2.31894845153
-0.872127483719
0.13837135369
-0.165623621354
0.397811225822
0.137906824402
-1.24892941039
-0.128130500745
-1.54442755851
-1.14280601742
-2.69783554688
-0.540664578497
-0.892892168419
1.04196543008
-0.0410639889794
-0.242243897964
0.649036121073
0.0242266559393
0.849518302187
1.49747917118
-0.227110651929
-1.42490000219
-0.432764513753
0.221815507688
0.167723654464
0.0671365786247
0.239597850142
-0.404841729958
-0.963071154989
-0.465182308318
0.837083803462
-1.12275853895
1.3525156547
2.50773045559
1.96590085636
-0.102093516316
-0.500130466504
-0.390662330613
-1.07873029383
0.401010724803
-0.266468714086
-1.34238354727
Score: 13