3
44
10
3
-0.477794413996
-0.776650967034
-1.42996504534
-0.794044655674
-0.245590219224
-0.739962552286
0.752546683622
-0.15255726911
-0.944608630222
0.108832957699
1.1685506802
0.442354750044
0.402419299558
-0.175230363651
0.111226082506
-0.997627753572
-0.258427427165
0.498703150753
-0.80138451048
-0.0139412189224
-1.35834413983
-0.13935574632
0.00251160957285
0.885266621038
-0.136777338846
-1.6154286102
0.629231281064
-1.26759611164
1.36149185848
0.665148322065
1.3851514525
-2.52564257076
-0.865903720667
-0.563920285236
-0.233607035765
-1.44160843538
1.94016130673
-0.622655841212
-0.130372658652
1.9346027266
1.40702777483
-1.396096771
-0.679675286132
0.44391976759
0.0698612521667
1.31485857054
-1.00055499288
-2.14132707231
0.334795556534
1.04248695488
1.22860074415
0.370947551986
-0.0194640260568
1.33454770413
2.0466889094
-1.0505701311
-2.98347487901
-2.2772882619
-0.452122704828
-0.0665124843951
0.163849081524
-0.517768441822
-1.14957027741
-1.16849275835
-0.715549846483
-0.518118615649
-1.69541239977
-0.0879538657337
-0.0663134844297
-0.508143384616
-1.39610117294
1.39260041553
1.47795767524
-0.676876639256
-0.558554781042
0.187656983786
-0.586300535622
-0.618147357039
0.222689680797
-0.665073972027
1.8325644942
-0.340333149702
-0.386287874598
0.555061319816
-1.09769851961
-0.470068954093
-0.673767670858
0.156233632995
-0.328539754549
-0.879481695134
0.705243574022
-0.550809412403
0.759727601739
0.472300390359
0.581407920076
-0.6183649037
0.779104168631
-0.024549379648
-2.53302957171
-1.09600539682
0.919501307241
-0.596077879039
-1.71447148507
-1.3340288983
1.54796729827
0.188607015293
1.69936114553
0.584523330117
1.24358662519
-1.22563014336
0.220791817328
0.359377289705
1.18121912842
-0.356785995183
0.036884807231
-0.520303106803
1.07094660554
-0.780479213096
1.45216689993
-0.994229948571
-0.698215308458
-0.372691146675
-0.27292294278
0.434261712758
0.938777477247
-0.576351725306
2.07955833308
0.450769353238
-1.1674157471
0.432143497986
-0.168364101186
-0.442582083267
0.205211505149
-0.15695124914
-0.379288484737
-0.586613365609
-1.28953332318
0.572892880021
0.63314431129
1.24448514202
-0.69916902847
0.696065162638
-1.56181700339
0.706257021639
-0.37534669624
-0.987408202616
0.139669187907
0.913956742387
-0.194108689437
0.420059363295
-1.39948614974
0.823996914846
-1.84361785957
0.894383127651
-0.558908431051
1.85311128617
-1.35567104653
-0.291075293845
0.469048164763
1.69531618069
1.32417802123
0.164115193113
-0.192295333447
0.469178618999
-0.677974222009
-1.09745549045
-2.1194649466
0.327223423769
0.253874071092
1.35227574364
0.809049302837
1.21908143903
0.0783736792282
0.160292209002
2.81710916108
-0.285952943866
0.0106325720065
0.693180872003
2.15338443864
1.44321075921
0.198456795149
1.89537495451
-0.377555163402
0.185380833238
-1.85301360359
1.27441539643
-0.244300358496
2.00825521218
-0.488268871974
0.589867504751
-1.44606477739
0.909170546129
-1.59820907458
-0.743673226431
1.51887654481
0.0331234680501
0.089305105166
0.041917781616
-1.11460099724
-0.555550109036
-1.08742916902
-0.839035215697
0.776911721644
-1.65232097001
-0.856184280657
0.968235720088
0.580914738926
0.602095547075
-0.869483962592
0.562652518707
-0.94498760382
-2.02199988185
0.455411333694
0.527683912908
-0.274599283301
-0.544928073232
-1.22053987576
-2.39586703851
0.681949679281
0.748255904748
-1.32326764873
-2.35275190732
-0.0842423316498
1.52268425399
-0.293872759949
-1.09303276077
-0.223558919211
-1.04769320939
0.265305082937
-0.797010023008
-0.508597760946
-0.416741188837
-0.73854995463
0.706337462776
0.283541960371
-1.89116716842
1.16403141163
0.329803125189
-1.01283063117
-0.423653241545
0.565369637648
-0.643078301957
-2.92272175169
0.66272609532
-0.200837743285
0.298463705287
0.580603933948
0.512850180923
0.812497570842
-0.236396654709
-1.48178337933
-0.873264773501
0.723743288752
-0.776389826892
0.147349022393
1.58142039813
0.723479336474
-0.182910496036
-0.152780433543
0.549203314574
-0.896132061718
0.237324563097
0.917597992335
-0.0854002743817
1.08345403642
-0.919077324503
-2.20640086271
-1.73401650395
-1.63951388584
-0.0239979524586
-0.355058828556
-0.26709832808
-0.0712847562169
-0.575096732187
0.203273413427
-0.414370520215
1.28576491123
-0.131797221291
-1.50161065545
1.59411754536
-0.401485158096
-0.200291920429
-1.88966670233
-1.18787669201
0.513685215258
-0.416866480232
0.927328369485
-0.0376671506679
0.534817004034
-0.76003982904
1.30354754826
1.02993708367
-1.30059267612
-0.753873872643
-0.946818905129
0.535003164113
-0.978369675441
-0.268445064459
0.398552142535
0.772142530003
-0.297913085268
-0.222643668489
-0.0896786924871
-1.31317748502
0.16534438381
-0.388139189908
0.284400281817
0.371576027145
-1.30355842082
1.29543237499
-0.970016850518
2.6724997388
-0.569351674596
-1.70667379743
0.159914511927
0.0549351105896
-0.213012834157
0.76456396247
-0.500172680245
0.918553073055
-0.352704484169
0.341120912989
-0.191462780725
0.714774954195
-0.308437946171
-0.509593035472
0.6734151916
2.12636613469
2.01024920871
1.26914236101
-0.594034761064
0.217943797501
0.195557036309
0.265832654688
-0.934910533101
-1.02934433765
0.614078438514
0.286621255643
0.611650634307
-0.64669854526
0.0982542719594
-0.495961368646
-0.128361183607
2.02599506996
-1.00824930841
0.358363694377
-0.242279156463
1.12812510159
-1.58027309643
1.30271842348
0.321983537966
-0.779919261562
-1.22437617126
1.23859763163
-2.08663144288
0.596468612562
-0.660633899888
-0.0122351186836
-0.609093517381
-1.61646099787
0.870896785305
-0.328830010166
-0.113792435262
2.17193567415
-1.58737741201
-0.231375241828
-0.607241536213
1.08644352656
0.867480253652
-2.1500251224
1.15481990222
0.280291132828
-0.303943415698
-0.427018557445
0.577360462777
-1.45845566353
-0.495849187168
-0.597764955763
-0.206367869993
-0.452680499072
-0.818188902591
-1.88001399067
-0.624884041037
1.14188059874
0.400325873699
-0.883586365129
-1.12399951407
0.311454786057
-0.568462772885
0.189725384028
0.627083635952
-1.57135026764
0.138301627303
-0.441676657382
0.80145633123
1.27032221996
0.895913621738
1.99330556356
-0.564085452434
0.905102754686
-0.0804631852377
1.80530977737
1.01529517288
-0.891815554473
-0.673455641869
-0.408134345473
-1.15424919593
0.790143381553
-0.776385202262
-0.310636924125
-0.161138926394
0.589869768769
-1.47394880967
0.933443891388
0.377686150265
1.29716312864
-0.0451592653394
0.948213817379
-0.793357741193
2.13886054038
-0.431490634098
-1.20794846505
1.3236810432
0.106559339396
-0.892078136136
1.04995915109
0.932189081313
-0.0500235038731
-1.02488917028
1.18656578044
0.0352427538339
-1.9351721048
-0.476412795174
0.163322618606
-0.690736116656
0.163103287821
0.0613648841448
0.0352062435427
-0.893816728307
-0.152169705951
1.19743390098
0.00309470293598
0.0431545546102
0.016556131653
-1.19398133959
0.224422997225
-0.403401022562
-0.52225482261
1.33211278126
-0.137713030796
-2.31766029123
-1.41230216943
2.01828032866
-0.617059285017
0.93261493739
-2.52815285136
0.105631316274
-0.949041736485
0.14516281282
1.44042117474
-0.271525470137
0.401095037554
-0.968761228892
0.738485740528
1.65151578675
-1.42962756809
1.89656642418
-0.747462599937
0.303958302694
0.649184383612
-0.755934165949
0.689234750592
-1.49298674092
-0.941854834522
-0.287677594944
-0.965647790303
-1.10229399475
1.30720230349
0.794652210948
0.0727311127898
1.17287978211
-0.539720563595
-0.957642048659
Score: 21