3
44
10
3
0.723060431721
0.673769038461
0.142808317408
-0.939510949201
0.0358843820256
-0.713083817304
-0.206118465419
-0.141798074618
-1.82997929578
-2.33563095261
-0.204648493012
-0.178555588607
0.943023383576
0.383037487999
0.796049992134
1.04688846517
-0.68111213262
0.502326009286
2.08324797608
1.25700915418
-0.403564924209
-0.241665629544
-1.19278026552
0.724385437011
0.622403112713
-0.791390903188
-1.14615704527
-1.03169804837
0.422728671522
0.429322401563
0.727373541132
-1.32690438007
-0.556881874527
-0.40324195765
-0.907793132605
-0.326542263153
0.142481860285
0.0919201004785
0.24322392975
-0.13971575506
0.985122714807
0.591032381033
-1.93233636693
0.55179099521
1.88857181128
-1.68237444613
0.0391656923236
1.12546803683
-0.049262336641
0.460414906829
-0.877910105359
-0.246714382622
-0.234690333818
1.82101053151
-0.355113676087
0.0681686994817
-1.17792530258
0.752584459571
-0.168264862204
3.45023122983
-0.345750238603
0.560078433434
-1.24195799227
-0.397338690845
-1.6880799639
-1.12802020696
-1.59150154289
-1.47949597934
0.550909775184
-0.460632725612
-1.05739768152
-0.104431689882
-0.869668260052
-1.19967551319
-1.37122581399
-0.659177540701
-2.93152908247
1.07830154116
0.889613916013
-0.449826608664
0.205658445378
-0.830676853517
1.25486783411
-1.61072790638
0.717960556995
1.28047363496
-1.49269640087
-1.97338989094
-1.04552975435
0.887325800016
0.194923427219
-1.6283639328
-0.0956166137341
-0.600084118176
-0.749067777835
0.643339894586
-1.70241669962
0.647136274458
-1.45078955234
-0.776996799218
-0.858975156139
0.820246122344
-0.649594452994
0.0627301820179
-0.797918819954
0.798353541965
-0.281919061407
-0.256564430138
0.0948154892633
0.712624044473
-0.919250668804
1.43263779515
-1.02981431229
0.341415798727
1.39699345346
0.577742845213
-0.255160307698
-0.335533568075
0.482525228616
0.791546622242
0.744388550391
-1.14690693571
0.513967627815
-1.126426528
-2.16718346898
1.10582835635
0.395290050264
1.17675879133
-0.104949396911
-0.11938399539
-0.740035123877
0.446354686684
-0.77198135283
0.566667728849
0.952760505865
-0.261489134052
0.9091575422
0.243337862513
2.02050634023
-0.212427444826
0.622307891416
-0.0996541502299
1.094118365
-0.481666027229
-0.404078872981
-0.237981495593
-1.19351789367
-0.193040868115
-0.436823381938
-0.628889452547
0.220483502592
-0.816241743846
-1.68229307612
1.75238656589
0.672826097204
-1.25073412134
-0.935404052403
1.05868157186
0.403946150297
1.06863326288
-0.0172704757035
1.02625783747
-1.4867673211
0.243451303754
0.0475107911798
0.00793952616761
-0.11780258363
1.27799683646
0.21295827107
-0.0325261695717
0.928698489891
-0.129909294794
2.40222132878
0.0514744788016
0.213177787782
0.273173948865
-1.02137629344
0.0257097168721
-0.127916381291
-1.78739597513
0.0843329229304
-0.434853299743
-0.707458129665
0.218013562912
-0.446940631255
-0.287476203767
0.3188466311
1.42518456507
-1.50591270569
-0.447165902423
0.677341394443
-1.78778792719
-0.136078094887
-0.369914745134
1.24587760452
-0.666136340539
1.26558997274
2.42415388637
0.302899352442
0.234773839704
0.557137717557
1.51477114946
-1.51836134444
-1.41459750815
0.751196940966
-0.0199702752794
-0.579789451284
1.28708848472
-2.2003574898
0.0413511894074
-0.0802671276618
0.688139036139
0.457471801809
0.565786938419
0.429826161783
-0.379707726984
-0.0408878055334
1.51502648406
0.482763323409
-1.23154282827
1.62722397341
-1.0292321211
0.815671427772
-0.0281933803723
-0.778380479769
2.37213374295
-0.953961492955
0.379828829672
0.991238220831
-0.707861885116
-1.19753615603
0.57228699893
-0.0368263205049
-1.18417841134
-0.266668700137
-0.334782412015
-1.10786865024
-0.394177954391
1.24028394801
-1.18758389414
1.09315149591
0.698166412695
0.619487957788
0.186777469267
-0.293239584319
0.697139018494
0.974145326205
-0.684503530846
0.224384771353
1.10794119417
0.537466229569
-3.14469512783
-2.00063748273
-1.24727561771
-0.318008356429
0.280762272366
-0.214988818878
-0.275764301775
0.26904036987
-0.349815321096
0.659339025613
-2.60803926354
1.72239009209
-0.343482212237
0.0828141626535
0.442080080921
-1.19498813433
-0.0572286710401
0.124224219481
0.579844248391
0.173504018027
1.17374596776
-0.227864259392
-0.581361050935
1.07968188259
-0.00569366954426
-0.0789865905676
1.08633630352
1.12348251443
0.217226749072
-1.00133305407
-1.82545641998
-1.05021196701
-2.11194735429
1.09504690891
1.01193818035
0.159326269182
0.211822505704
-1.60889971912
0.646589585503
-0.00786086879875
-0.703152437788
1.38583997576
1.11558221158
0.894933780672
-0.713327828397
-1.55874079597
1.55536487847
-0.432366248906
1.35506673148
0.337724443467
-1.53487507051
0.20680542427
0.388927721211
-0.365492651186
0.939342845255
-0.107924959762
0.364275762213
0.0306642237577
0.0449594689169
-0.925606183444
-1.03735904872
-0.83721911679
1.57838896225
-0.37140039279
-0.208512699666
-1.29257702811
2.44173100968
0.916418701959
0.0647532151646
-0.278498122363
1.42567840293
0.826753923714
0.228077591122
-1.83376555959
2.33507143548
-0.475486233918
1.08893186294
-0.0954540359685
0.679296536225
-0.867422054935
-0.874038890815
1.71024105997
-0.0713607913241
1.39511069052
-1.42714993179
1.53718930682
-0.655036199547
-0.301755095859
0.0814911907021
-0.875818549384
0.944118538503
-1.43423567093
0.928432786657
3.52971978644
-0.205779677167
-0.998276859422
0.478175294039
1.04182727878
1.86645495615
-0.0275801577512
0.874162020876
1.02601898013
-0.547871013644
-0.538105464171
-2.04189659678
-0.461975734991
-0.662989294258
0.200992374403
-1.12763496122
1.78613864049
0.773542195547
-1.1811972974
-0.801787502792
-1.26540016684
0.128662120904
-0.51219094245
0.50546832521
1.84741834711
-1.02867453311
0.764235573597
1.6861189876
1.31702373065
-1.03527044235
0.0139738870247
0.495100023142
0.578345123167
0.046349962826
1.35494135722
0.674295369471
-1.16295714856
0.31983252467
0.117394066865
0.991337092956
1.38849365027
0.314257267888
1.0601456991
-0.465456866652
-0.521789922895
-1.33427823948
-1.64709545659
-1.27794678886
0.127880908826
-0.553377672525
-0.310636206939
1.7280037373
1.24164690695
0.391657630663
-0.753420419366
-0.591628139794
0.906588329482
1.13727840934
-0.0802386472231
0.432971249063
1.60751357245
2.23292570279
-2.421026579
1.81038214789
0.369557672988
-1.50921133356
-1.57356910687
-0.230493009845
0.498172391356
0.769711164744
1.03814280239
0.444022940897
-0.98272050638
0.466319970074
-0.00606906956278
-1.17875158514
-1.28316978542
1.13357411552
1.41308820983
-0.275746502649
-0.929878406033
-0.690672067891
-1.03345795871
-1.14078066748
1.56407509033
0.104708608639
-0.391438163172
-0.928545039692
0.627164143465
-0.443501588404
0.661917800037
-0.33374604887
0.370666305518
-1.59489115918
0.886349394271
-0.403697486494
-0.734592539152
-1.12964981857
0.218157064934
-0.601395807921
0.116960649952
0.12647461269
-1.17153942828
-0.299744702174
-0.605917463556
1.27012337035
0.226872324319
0.290517230389
1.36340290477
0.753717801396
1.10720790617
-1.37977991431
0.536232218541
-1.031333273
-0.540189450374
-0.930999132037
-0.34759220009
0.700243424972
-1.20268356624
-1.27625402981
-0.843276302053
-0.158987404113
-0.878449396563
-0.109116897867
-1.54603408679
0.361642908926
-0.102746377846
-0.14452805027
0.749105377378
-1.92211547523
1.42538951676
0.132314950682
0.813227984726
-0.653736200555
0.938554365753
0.145584383872
-1.35376127016
0.470318018471
0.312374952627
Score: 1