3
44
10
3
0.459028830874
1.35432647907
0.116574192221
0.432038795509
0.823961148872
-0.671429405039
0.723729766244
-0.535652062362
0.0739456961791
1.341287445
-0.146638731471
-0.452621290562
0.69824356592
0.184177213858
-1.44577758233
0.585495362148
0.838615670007
1.3247710884
-1.47262644303
0.37146170419
1.46505990959
-0.802733700667
-0.199283389517
-0.488701566344
-0.54490932104
0.950233034367
0.977864228743
-0.159702647148
0.872703246486
-1.24416268014
0.245417974276
0.173342904488
-0.651477601035
-0.995156288956
0.363529285694
0.550897867725
0.938436614673
0.74978453946
2.5350845004
0.308049314661
0.275466655822
-0.529051185335
0.349670285374
-0.264219523542
0.15155886817
0.943637334273
-0.634302397415
0.451037263646
1.19579888344
1.56860767854
1.17958936936
1.43415187402
-0.838691154953
1.16813439157
-0.324603056878
-0.220642237059
-2.17550079551
-0.794538644427
0.483252311275
-0.466391500208
0.799644301456
-0.00669755950773
-1.53668764626
-0.788163040907
1.70822047164
-0.221960461512
0.630534257903
-0.751456528452
-0.220630584594
-0.843216902114
0.939429583679
-0.654935755348
0.28881196106
-0.202051971714
0.0388532083794
0.699987703037
0.619711058975
-0.16618623799
0.995989338699
-0.0343161999003
-0.487907021099
-0.872198221243
-0.0592285413023
-0.82789179452
0.77386820913
-1.38478028858
-1.60884480181
-1.54364165158
-0.952328636501
0.274284318042
-0.538694076211
1.72427838284
0.614493156017
-0.161190171323
-0.215257560754
0.845842043157
-1.05091977996
0.315521545596
-0.564567406513
-0.246456813321
1.04364293206
0.219320318193
-1.06376415394
0.928659393831
0.467112280941
-1.26896392626
0.379396015435
1.27168390284
-2.81066239788
-1.7062389115
1.17373629114
-1.43853658205
0.321857881461
0.394856297263
1.03996265662
2.46908542232
0.543959278791
-1.27536461305
-0.259069240952
-0.7651222081
-1.0098626625
-1.06004900992
1.33546821641
0.845106587387
1.45984362743
-0.275448022829
-0.357924357285
0.247011179445
-1.26132732702
0.861328877772
-0.0259957409745
-0.0679199102988
0.715351322616
0.610923579926
0.0607876111025
0.450468481796
1.79817889632
-1.20834767302
-0.688522445965
-1.52607914681
1.70271482164
-1.32062449614
-1.56474043576
0.334121737581
0.825994943911
0.77477725918
-1.36563837197
0.132357453489
0.685966076149
0.507769372969
-0.908405160673
0.243736522322
-0.26094304661
0.296066232174
0.840261190843
1.46709082135
0.642291163258
-0.386498392599
1.17901890553
0.530228747935
0.523221683967
0.916296004041
-0.73757064626
-0.314506087941
0.964854776393
-0.851851512562
-1.04781650106
1.93032032835
0.32940814408
0.819117462702
-0.710239555397
-1.08683532745
-0.573544724229
-0.297501922295
1.59290635366
-0.593886070469
-1.48228417878
-0.241881376753
0.161894840864
1.25239209532
0.624973824113
0.645773853658
-1.98268995906
0.951623100089
0.442357783333
-0.87761894166
1.14610302689
1.45796789233
1.0390535287
1.86080897773
-1.29844747531
-1.61469273897
1.77512818087
1.31899743424
0.63008229679
0.0175996852547
-0.453104630551
0.949612146032
0.573405001749
1.00239075522
1.11132896987
0.941111132269
-0.0451402227444
-0.391131958059
-0.186399303058
-1.25693816184
-0.365765582491
-0.388155355495
-0.128580450551
-0.413656117648
0.209288307848
-0.669371393737
-0.867278961141
-0.817469544331
0.392132761842
0.964385316945
1.2245637973
0.867985302215
-0.187643649565
0.798843947813
-1.48696589334
-1.59244048821
0.189192338658
1.02587216217
0.399131244192
0.174975674926
0.602227045717
-0.18509519963
-0.832157838136
0.334630164904
-0.585898442397
0.486358466342
1.65961649183
-0.781753953373
-1.47210150342
0.189602682848
-1.1259880209
-0.292573213648
-0.157362203814
0.903484911656
-2.02101460185
0.689449522561
-1.00268928563
1.15595569234
-1.30152588193
1.13776115116
0.306303726557
-0.3163499697
-1.50287690552
1.01685061635
2.72243482994
0.439221331894
-0.777716019364
-0.784702121906
-0.965477031418
-0.679747461467
1.01412946415
1.0114725508
-0.724871153446
2.45006764991
-0.37461129492
0.898060758303
0.22113877349
1.32793710648
1.01296139424
0.699171261039
0.298291985585
-0.720137334176
0.177604269603
-0.422014254932
0.567938010276
-0.182723556779
0.111824346813
1.77885750948
0.290135405172
-1.60002844589
-0.034670075311
1.38273449544
-0.534577228103
-0.0410054449285
0.084712092063
1.01741044164
-2.15218719104
-0.715626065201
1.33778516602
-0.543713484583
1.55784924315
0.476000457936
0.710516049888
-0.583315099655
1.04649282878
-1.27867593605
-0.870902498712
-1.29749921338
-0.683235514228
0.752578333336
2.57378937564
0.737577861907
-0.786140133433
-0.573384561907
-0.676946048617
1.00212159857
0.24100222305
-0.435211471914
0.585817639911
-0.072406048295
-0.246894432306
-0.595614904839
1.92688395444
0.889870662605
2.24374448848
0.552054965824
0.0963901474006
1.40995146916
0.530917484565
-1.08984442898
-0.1090493768
-0.731627155268
0.227484860094
-0.696216116715
-1.63350525492
0.263120680237
0.344843288814
0.0176208525588
-0.138543227878
0.555897393796
-0.33960731202
0.012478506669
0.28753486694
0.735575731544
0.604366176289
0.398430058457
-1.02084141753
0.306161289383
0.831483365802
0.302872744457
-0.5728055416
-0.243208891176
1.74001993189
-0.857156864746
-1.60847600028
-1.24960664819
0.536529853412
0.0208999676075
0.954515641038
-1.12420613861
-0.735790939233
-0.117178904672
-0.332735773807
0.747891639423
0.858505745093
0.480420787326
-0.980831705573
-1.52936918976
-1.03772229818
-0.751390793244
0.395918445074
-1.56026468566
0.819261059825
0.0575692319704
0.120802192418
0.607704046744
-0.114044794796
-0.17876792178
1.85418876457
-0.254784634937
0.0555816039448
0.414945152203
-0.539135376691
-0.495208127827
0.623839182077
-1.8822172241
0.542419887721
-1.70649709737
-0.894627784746
-2.27252775232
0.596582466458
-0.0359458988344
-1.00419137241
-0.877571546688
0.585705676511
0.419960815941
0.922927727071
-0.0409807289509
-0.193947533028
-0.767936664444
-0.852760942866
-1.23280032451
1.39417356619
-0.266230944297
0.895565630828
-0.477023645422
0.677240807538
0.912679841004
-0.141011503307
-0.345248570343
-0.490721984524
-0.406722618622
-1.06130948351
0.605492068312
-0.0848114905937
2.60798359776
-1.13134789318
-0.82261884987
-0.336644986297
0.898617317177
-0.958080670498
-1.81198859153
-0.621027193195
-0.620392773754
0.662121985647
1.71087628713
-1.22106771002
-0.778955428888
1.5740457426
-0.172870301462
0.3876903333
-1.06605466305
-0.00143255793601
-0.283297736851
0.371223372785
1.54695841817
-0.401749569925
0.953010807704
0.458419368779
1.21802155245
-0.40928268592
-0.525166601579
-1.23497313712
0.222337196986
0.809279547003
0.102224384967
-0.498305795647
1.27125086567
-0.19303565844
-0.511203323707
1.46465717084
1.04067571426
-1.28813046877
-0.681630306355
0.267597733842
-2.75318519191
-0.996334727967
-0.109661243897
-0.70231424945
-0.0743767269577
-1.12123082925
-1.05171656196
0.438661393926
0.57995666912
-0.619290039744
-0.906760016077
0.636423751053
-0.292194555895
0.616285236332
-0.256517945032
0.0471753800089
0.462919863927
-0.379497622041
-1.81628600607
0.897509282156
-0.673913587501
0.158287859615
-0.724464610243
1.19628746044
-0.422725346762
-0.0292808166731
-0.045727046076
-0.0755826595498
-0.0634180501857
-0.157410507248
1.13811184919
-1.38844601207
0.0450577551514
0.890571628847
-0.732388734151
1.22331048161
0.648643129343
-0.0739313718474
-0.19776409105
-0.0372329529842
-3.07596716406
-0.345311739841
Score: 10