3
44
10
3
-0.808112473125
-0.771586829155
-1.48970842936
-0.690886914041
-0.190277531674
-0.441113255459
0.967775899671
-0.338086524544
-1.07344487858
-0.0168928516705
0.999166545116
0.538690614951
0.238102004648
-0.187642901046
0.247797315541
-1.19857262803
-0.350059871172
0.492206630663
-0.641598110688
0.144955328443
-1.58282588468
-0.100379165096
-0.045128026796
0.503173844419
-0.102069767869
-2.11605094942
0.486050945416
-0.91092411594
1.44047765614
0.767560363516
1.16832146435
-2.54304563738
-0.705871085688
-0.772756156446
-0.259501406214
-1.33975028693
1.90715187085
-0.637399632689
-0.0921116226291
1.66350204292
1.21137238813
-1.23620512049
-0.907999447772
0.499472322254
0.0809618519248
0.894632417822
-0.801353669232
-2.0851524853
0.19389580652
0.886556778086
1.3014727148
0.679676850342
-0.244027370465
1.24799875763
1.60820664361
-0.877569993277
-2.70183209819
-2.35185666436
-0.533698051758
-0.142187905713
-0.0760824740906
-0.443549347855
-0.893688805051
-1.18622471633
-1.05646528478
-0.370871575628
-1.72692686628
-0.216384441221
0.050726079947
-0.544157457248
-1.51495878761
1.29987219156
1.58461865133
-0.511302755189
-0.4178918828
0.320303045378
-0.595983721992
-0.619244131397
0.00945005897378
-0.271099447724
1.74906808502
-0.266793840159
-0.529828300386
0.317806168758
-1.17151680602
-0.812112515252
-0.587285473377
-0.0101776760934
-0.246224892518
-1.00640141789
0.809437476464
-0.567264738708
0.867424038869
0.541580624154
0.688225079703
-0.690554247336
0.921190011632
0.0966905319438
-2.20735679125
-1.00557848469
1.02141878706
-0.397745169653
-1.87556518542
-1.52674310457
1.56591662151
-0.0172593047713
1.83952018093
0.598563752352
1.48680386647
-1.27047843672
0.306254394174
0.342319502495
1.38557682763
-0.198777948335
0.248438429834
-0.573362194702
1.10868890609
-0.681063693003
1.63585736077
-0.773601483705
-0.569041630984
-0.409718729633
-0.273617074862
0.601119674744
1.04519848211
-0.746493092608
2.09515058342
0.41795024246
-1.41516625995
0.549542819118
-0.182600558173
-0.477293673287
0.411665132914
-0.418614500226
-0.19917211212
-0.688950009358
-1.25844550487
0.93309514218
0.786348673005
1.43571498669
-0.624241071735
0.627666317339
-1.64226128199
0.61490797802
-0.390251688892
-1.05657708714
0.302053513995
0.82507836068
-0.151138045171
0.345907996881
-1.44087533799
0.699306077004
-2.01364868458
0.755975099783
-0.585946707403
1.76265864156
-1.31178156272
-0.489650770227
0.281968141693
1.8991621294
1.11100630442
0.184758585118
0.0986418983001
0.221610793785
-0.716170866502
-1.13959691973
-2.37344840021
0.251904213807
0.736659141781
1.25420922431
0.754124317454
0.822646023182
-0.16779620925
-0.0897737381621
2.6080010282
-0.180318970745
-0.0680252761984
0.757254552664
2.17554358306
1.41808364278
0.0177537401857
1.9347292258
-0.244774321001
-0.0893485396586
-2.06482070601
1.43185860668
-0.578060551325
1.92627438428
-0.184263526331
0.376864462526
-1.30129706246
1.10618856353
-1.90222079343
-0.731275269804
1.42824152566
0.0632188439924
0.181468440772
-0.132621866689
-1.03590327934
-0.246017249878
-1.18383872756
-1.01654936167
0.697523999272
-1.61004170709
-0.62156927235
0.740216549864
0.515705824185
0.47603035407
-0.929972756287
0.198205320858
-1.12477418353
-2.27912680259
0.280414864853
0.519891104117
-0.382344894329
-0.350664451677
-1.28704249801
-2.39880094712
0.588757949168
0.584735888238
-1.21610186735
-2.72757938726
-0.11620572956
1.44093044689
-0.431384286282
-1.35375841479
-0.460261952189
-0.819111815144
0.242465537157
-0.940934733451
-0.816429880159
-0.106701593322
-0.888237949673
0.223736927761
-0.0273796833469
-1.67589711552
1.17577430951
0.354297076223
-0.785596662458
-0.448211751692
0.502109006105
-0.65690391329
-2.98892542993
0.881023620238
-0.0589922421558
0.192622656553
0.422804737369
-0.0576938434148
0.985936400586
-0.166172145404
-1.51085084664
-0.6684622807
0.8665073291
-0.895233665088
-0.0130713412044
1.16081210371
0.804735661472
-0.271694472094
0.066481191002
0.329611882125
-0.701839473343
0.226837172041
1.21634010749
-0.120187674097
1.20717280196
-1.12950751933
-2.00953450924
-1.78047854791
-1.17089510674
-0.309352358335
-0.456872974656
-0.011753455219
-0.128908342117
-0.458483587761
0.115142456158
-0.403659159717
1.41221268605
0.174894203707
-1.6389601159
1.62072264954
-0.221801585087
-0.314321486203
-2.01258704426
-1.09428627705
0.422448267916
-0.663113506719
0.787715788643
-0.00222712008719
0.501096322085
-0.877360015503
1.29314917023
0.753754497465
-1.47887399797
-0.830056417472
-1.01301636468
0.675436163079
-0.982952080832
-0.22405309419
0.442575766058
0.485320237968
-0.323084389466
-0.320997438398
0.106875271291
-1.29397979641
0.0862837024319
-0.323793267089
-0.150456410341
0.149087359042
-1.26279615139
1.60799689012
-0.908093997063
2.41805479117
-0.551196283198
-1.76438814795
0.543592550019
-0.291390168446
-0.0205789679253
0.501677193552
-0.422363358856
0.703106059844
-0.464221310133
0.149656816459
-0.101540770426
0.555458513747
-0.0752315165239
-0.331312118665
0.671998103594
1.97809961866
2.4534166366
1.25288686782
-0.445777704333
0.0985552289735
0.169266466603
0.256195312293
-1.27941984367
-0.888307630917
0.32201501505
0.328493020035
0.81436559379
-0.183050011959
0.237487381418
-0.325822363286
-0.473451035615
1.90384601433
-1.02840401204
0.438642868279
-0.263613826154
1.00670085268
-1.1210915959
1.35249312394
0.253169579671
-0.990854356982
-1.22121499426
1.26350575335
-2.04236553865
0.167098355396
-0.553343138943
-0.23812773993
-0.696191508043
-1.70315285567
0.699912773672
-0.213205561797
-0.0481184597782
1.85354639295
-1.36326362029
-0.288763510505
-0.545105653441
0.981779950773
0.674107787769
-2.17297585843
1.03867474938
0.226127262471
-0.280550038958
-0.418924310803
0.567732958909
-1.77991311909
-0.726001342191
-0.758090400001
-0.362896657925
-0.213003771547
-0.419185193668
-1.83580378497
-0.75651115897
0.961654561495
0.469010651288
-0.50002832517
-1.28330409374
0.410556118417
-0.432523220229
0.32885798921
0.463335764814
-1.71555495825
0.0228216624146
-0.174118845171
0.676180351393
1.4050601709
1.01619117551
1.75958290381
-0.594116865151
0.914598425974
0.363944121847
1.90183210987
1.17492046388
-0.728348828101
-0.909085079285
-0.296273090644
-1.29660997776
0.737278032557
-0.464811356571
-0.166128989431
-0.14887936739
0.500438781443
-1.74135767311
0.94479931804
0.307756772817
0.985639779016
-0.0446725800324
1.05998246574
-0.681136335351
2.17038297357
-0.207209563876
-1.05290535896
1.3820005275
0.32290801194
-0.869338890084
1.13146067635
1.00524672375
0.191264300817
-1.08437921269
1.60483359762
-0.283924039222
-1.7160038364
-0.378287323163
-0.119810992901
-0.794015716176
0.153053107316
0.148649139794
-0.0878347250634
-1.04414553255
-0.357126934536
1.0940633682
0.0227339191746
-0.18549353101
0.0732002674095
-1.31109641106
0.190092460599
-0.620156686992
-0.469544126371
1.0867844733
-0.183530438543
-2.17714280198
-1.26663723695
2.08838155599
-0.835475184847
1.03390212968
-2.54830787535
0.0173102403251
-0.684032845279
0.165035868649
1.4931104238
-0.221146631563
0.335663551237
-0.929112172628
0.890047957741
1.74107977756
-1.68367288442
2.23752931232
-0.651034230842
0.420607359528
0.392147691307
-0.825479759398
0.513118504868
-1.3569276342
-1.12343810251
-0.0965055679204
-1.17915042418
-1.00495984137
1.08754451926
1.1386097728
-0.214744184382
1.00857241184
-0.325546835747
-0.681852827815
Score: 21