3
44
10
3
-0.614429907527
0.799477560317
0.278644831045
1.43688689664
-0.348404118893
-0.917439898289
-2.13820611411
1.07979891331
0.0336475827951
-0.866243988515
0.0445072081544
1.08593122037
-0.438340503544
0.365652976081
-1.33720683139
0.354063471884
0.992903596768
1.00720532294
-0.696058044726
-0.98227519278
-0.682277604679
-0.897116310296
1.10500690512
0.841927449392
-0.186435283668
0.354257474383
-1.56171816399
1.39133169496
0.606172202125
0.107624057791
-1.72431359938
0.564700531615
0.783124006789
-0.510595264802
0.141032491457
-1.07196834106
0.0149794783744
-0.490567520202
-0.295798883437
-0.6193621738
0.57483549219
-0.472083486559
-0.0508200593032
-1.12700809355
-1.39812278791
0.560848310265
1.49796904443
-0.133576968528
-0.161482385832
0.504538874694
-0.746973438211
1.11252534474
-0.399120970589
1.11588727543
-1.00848259824
-0.176304500885
-1.41325729775
0.329415125827
0.307850606493
-1.00735103787
-0.999838347144
-1.41152272308
-0.678615257255
0.617299633211
-0.922051439814
-0.185247527992
0.441904793054
0.573753619786
0.82790830179
-0.863261284264
-0.622930949963
1.0918543309
0.170218740391
-0.120739216666
-0.863723246097
-0.657411342657
0.390442373313
-0.243429237394
-0.255320320426
0.632459841254
1.58208298429
-0.323014297322
1.35576687863
1.22749840831
1.67501000305
0.827433912315
1.65895812093
-2.04389361748
0.208568566037
-0.206857214681
-1.09118001904
-1.05754167123
0.0961034224261
0.13208262555
-0.562998879325
0.418321818353
-0.80387836714
-0.415206042539
-0.783269465613
-0.141918503809
-0.187978809852
-0.885293114959
-0.127733159609
-0.894042913121
-0.0227506237231
1.14966763171
-0.415043523468
0.335293522234
0.491572687559
0.196511212067
-0.810187712514
1.49236899582
-1.15780244938
-1.46176207785
-0.749852072508
-1.43944770192
0.100380321466
0.112162427473
-1.48317639581
-0.599330957405
1.79746937642
1.15822049885
0.00835079525025
0.0319052292769
1.14920497452
-0.369821655421
0.501591630596
-2.04262755581
-0.483903335457
-0.66229749034
-0.844671028802
-0.672641159873
-1.2085270106
0.805933531996
0.389130598418
-0.364911567147
-1.55367905412
1.34965470427
0.753053194895
-0.0906218054068
-0.111670212866
0.328720549147
1.12652771939
-0.92198936174
-0.536930876655
-0.552491506572
0.28876299563
0.273162962716
0.362880927869
1.59128683789
0.00753418190192
0.204770985111
0.0131777752701
-1.45803474585
0.120341626398
-1.11016944506
0.796570189782
-0.278809540437
0.862854067579
0.804254373533
-0.180123134945
-1.21443783275
-2.14403980474
0.251023417037
-0.278618560467
0.704180622384
-0.308154550993
-1.91318055784
-2.30963820222
0.135118327667
-0.464490983398
0.629434874003
-0.268249005545
1.41292391837
-0.893661470424
-0.986674208979
0.161925158242
-0.335910223619
-0.89130600689
0.739280507419
0.794125638735
-0.212600711464
-0.729710546893
1.33377688026
0.686680018885
0.534288522735
-1.06464349089
-0.139420362354
-0.236541345742
-0.186007601386
0.00639249292361
0.0568601209121
2.02698615136
-0.420810320412
0.935931474567
0.00471558519252
-0.420114728068
0.415280091274
-0.255506450315
2.07701628807
-0.944919059184
-0.28522209571
-0.747012521731
0.437349345089
-0.949996958251
-0.025893970907
-0.519255660197
0.122407171432
0.171260883593
1.62523219573
0.677976365885
-3.193673884
-2.08667615897
1.27153741089
-1.47007657135
-0.429686444768
1.65167225654
0.274102106761
0.818994721839
-0.0658825430063
1.20195076637
-0.112609597295
-0.318090735494
0.200956603272
1.03256922602
-0.486832070669
-0.626968719876
-0.317970373578
0.580069103061
-0.078904420283
1.1199853229
-0.0444333969692
0.745625389534
1.21551847569
1.60336085468
0.436813225722
0.451354837685
-0.120570001255
-0.0641929109842
-2.16244460555
-0.226854607389
0.832655147924
2.39559477611
-0.806736888118
-0.817766559966
0.0518713032615
0.767132997483
1.24365953124
-0.681987842194
-1.95086648345
-2.45123117061
-0.334292260925
-0.114210459494
0.621997531811
1.92365306233
-0.165100027575
0.678769847684
0.319181758321
-0.294973704792
-0.367522623053
0.55045095801
-0.487782531077
1.7187797965
-0.146391948133
0.416870776438
-0.328653869035
0.301001186132
1.44998220058
0.741032081677
-0.233549768546
0.699912412137
0.132821843835
-0.0547162055351
1.07464489805
1.39509281741
-0.238125171063
0.535539837346
1.55801734575
0.149981667856
-0.00591313060428
-1.09336141914
0.418051486208
0.357879135667
1.48576813691
0.297902432405
-1.01769435606
-0.438088786329
-0.126704535554
-0.0329372365311
-0.889347737913
-0.925908587248
-0.839972463579
1.4808449969
1.17969653291
-0.297982881265
1.01435754825
-0.840362732704
-0.592543597448
2.22388903893
0.211830772915
0.109112925666
1.1822384739
-0.267749638759
-1.55042221348
-0.116803279049
0.437416223867
-0.195259341511
0.1381630998
1.23377028945
-0.37494327429
-0.232684169378
0.932660527654
1.35466590777
-0.182992786953
0.727401093255
1.05785935131
-0.0255224000701
-0.264401631388
0.810990735758
-0.303773688637
-0.172644151892
-0.793299594205
0.197974603525
1.11131449622
-0.94430587781
1.52615947611
-0.639875882956
1.52870897711
-0.465037461856
0.482762327177
-1.90928130242
0.262886014182
0.965312650525
1.15384750106
-1.44544777113
0.885486658011
-0.55928320783
0.0607221524699
1.61517614253
-1.02926018983
1.22736575848
0.450530121509
-1.29235552785
0.762789796091
-0.228202773394
1.02346849183
1.78429662378
1.16182351434
-1.76829020016
0.0415737526615
0.125571707908
0.65310397692
-0.363921624278
0.398721708034
0.314104043548
1.66372171903
0.459834665858
-0.673311494363
-1.62716421231
-1.18337613017
-0.363257613534
-0.437328319935
0.0556889679651
1.74345674255
1.17510133855
-2.09504999994
0.46137522277
-0.209912445719
-0.293986110491
-0.854638776688
0.35712539712
-0.748169452023
0.169255907079
-0.580207521431
-0.514868397109
0.94964780361
-0.0962578595289
0.0959499664149
-0.0765126405208
0.878085788831
0.70842523867
-0.413669281331
1.15764793336
-0.015041539556
-0.43588890257
-0.19360603257
-0.450292913532
-0.501411632571
1.07823056181
-0.520345006379
0.223075344526
0.0085555915705
1.53327046964
0.477607082866
0.0678025371902
-1.2527615714
0.536607958799
-1.44387470061
-0.473584366631
-0.139929879175
0.821060781509
-0.0465925254821
-0.447191027197
-2.20319971341
-0.041598943451
0.828434216465
0.700066910556
-0.0974119407664
-0.922672141662
-2.25622786195
0.216510150759
-0.755607253527
0.188167603006
0.181919816145
0.717307973833
-1.36146716913
0.358916706178
0.896270694425
1.42505510079
-0.479570458035
-1.59687842394
1.38887162313
1.16478648953
0.089808526067
-1.56982073951
-0.208940718272
0.550487257457
1.18427837755
-0.229991434865
0.0572858454472
-0.113791214651
0.393599031667
0.567496189624
0.0613792198683
0.138219326097
-0.23832745217
0.85723184874
-0.0701597624914
-0.42722894575
-0.39413772637
-0.168058161889
-0.302726989438
1.00821473905
2.07635075068
0.854046733457
0.120631854687
1.00979242469
0.684827007277
1.09280881534
-0.869203128489
-0.35036646025
0.264714487106
-1.76620143214
0.257877132815
-0.414516199873
0.35501023809
-0.836334081301
1.18398971704
1.11752704776
-0.626493892573
0.715861558293
0.775348017378
0.434307674061
2.39206730361
-0.482901529153
-1.07019690223
0.581099814135
-0.688610787438
-0.028648106216
-0.920675189384
0.469968015493
1.20341259869
0.612357843848
-1.29037049895
1.15252158166
-0.533021041536
0.324476360444
-0.541830876896
1.44309780307
0.131261050428
-0.984155575906
-0.0797139152054
-0.101454811895
Score: 10