3
44
10
3
-1.35899577008
-0.197615785055
-0.854596755932
1.21922454244
0.618389707192
1.36768529776
-1.87267259544
-1.49300224598
0.657246030488
-1.27571237177
-0.47067985082
-0.20505317584
0.136213981314
0.188554322901
-0.411115075618
-0.21552255232
-2.07539923167
-0.088674387751
-1.1745212702
0.720555312774
0.444984642474
0.0282383354557
-0.963879917715
1.28635781846
0.892040397119
-0.0672255889375
0.0172069881206
-1.73068407793
-2.30324570598
0.609815758525
-1.44355997026
0.335750547619
3.13818446062
1.3222887523
-0.790517193155
-0.0422315886897
0.533424141425
-0.74213079857
1.32785572568
0.607375965601
0.782486739388
-1.19324738175
-0.240819642684
-0.851062815444
-0.604504973646
0.398500901071
-0.115544513389
0.0196242508701
0.419241832047
0.0466186343631
-0.282121703745
-0.469605251152
-0.678239233217
-1.4283357698
-0.88882107838
-1.70329173123
0.237408581874
1.03298197092
-1.13145948378
-0.879508807519
1.23904981537
-0.260953696147
-0.573949066071
1.46003881116
-0.198103593786
-0.0457596321614
0.122785488253
-0.474542367474
1.10047439087
1.03402489991
-1.4916171117
-0.814838915868
0.591138402424
0.117165349866
-0.626857798286
1.35709104168
1.26991046389
0.46015517902
0.374017578898
-0.786348286868
0.883711606432
0.690449788603
2.62050674132
0.188211959533
-0.0119271509649
-0.0617064084777
2.26719820003
-1.7824715392
0.400743871885
-1.18461942094
-0.0534332851141
0.365902914719
-1.68283898501
-1.71645428442
0.370682821881
-0.887055654571
-0.46701265625
1.23331068234
-0.0367899915286
-0.0121023551835
-0.368803420247
-0.980368823227
-1.21423929157
-0.414238988932
-0.307244567774
-0.29135493186
-1.79412329663
-0.0860277773544
0.159229554839
0.779415993794
-0.462326401623
-0.262939968629
0.455740633734
-0.414691092973
-1.27944664339
1.89005489078
-0.172044020596
-0.87642683774
0.315535045413
-0.581155010438
0.307785728141
-1.76798174235
0.158719258112
-0.467883482078
-0.27368796884
-1.23025917599
-2.02250387585
-0.0112601187817
-0.665308438696
-0.32866861461
0.352709497428
1.36306539511
0.941225420419
-0.92935744518
-0.665426820292
1.48644867236
0.415091104551
0.845999963908
0.61584975086
0.0217100397991
-1.93780428122
-0.0385457297403
0.684595447524
-0.0101079334026
-0.160112359037
0.245406654583
-0.881400588628
-0.167822751512
0.0511934818952
0.384998525383
0.217844099206
-0.222676132722
-0.777944510238
-0.359368391907
1.94691103734
-0.754529688973
-0.311477506857
0.929690793672
0.0303596415025
-0.858917478634
0.490553162677
-1.22515937576
-0.595298175355
1.21969482749
-0.701025885438
0.519649507297
1.40961289264
0.0368997392416
0.806888794763
-0.622805417999
1.24931319416
0.458378446057
-0.565484438218
-2.11177977177
-2.36613148427
0.0791603605026
-0.26715013667
-0.367561246324
0.738554280687
0.132706568629
0.608424176564
-0.0511180294938
1.02888907504
0.386422005715
-0.395617475515
-0.00915096390937
1.96318772314
0.340031745327
-0.896156888202
-2.23912164762
-0.374878028613
-0.00482584337934
-2.84230459662
-0.200046311183
-0.0827843188674
-1.10585661751
-0.106506253489
-0.133844794726
-0.215468474271
-0.88074768196
-0.228566066646
-0.2564840368
-0.88082490925
1.25850328548
-1.39689888085
0.2374329061
-0.762122110475
0.389822041039
0.667213580071
-0.447044750318
-0.873040785509
1.09230122167
1.78929657337
1.74035907642
0.109496887354
0.489403113848
-0.671474973126
0.109626995721
0.215589641047
1.16495094898
0.741340225933
-1.04038386627
-1.03484236318
-1.25270421603
-0.201693615803
0.394247865966
1.33035608266
-1.92205720977
0.278480955331
0.151619992961
0.359856786052
0.290058230236
-0.861666064214
0.0619946845076
0.503656935179
-0.474223248149
-0.0435636055091
1.42394552167
-0.186028152405
0.926757054395
-0.233773865187
-0.280872402164
1.07492944292
0.186404864517
0.689108668506
-2.24166049841
1.35199129237
-1.11801491284
0.989813220253
-0.27436885033
0.786726429424
-0.599862702325
1.29577261292
-0.162383382626
0.63711234052
0.293200540253
-0.968826846116
-2.13731715453
0.0218339984486
2.02008915549
0.58379639332
-0.282031215373
-0.016170783682
-0.0973045582614
-1.16589790755
-1.04530865744
-1.79564556615
-1.49483460282
0.299593834567
-0.206516112356
1.34762609306
1.98360104719
0.802305441092
1.11576529213
-0.180170463643
-0.940034378073
-1.00763901941
-0.0982894665249
-0.110437398621
0.150195840869
0.621849087625
0.188932380579
-0.540829441459
-0.974122230732
0.162101881521
0.995592197018
-0.000944244021005
-0.927671640992
0.850350907891
-0.528128196663
-0.734987187833
0.128012761234
-0.579886009641
1.87605135121
0.0763642767841
0.573986354886
0.771481332416
0.511422842316
0.667920820339
-0.157033675919
-0.414741096154
1.71917815406
0.903786331503
0.451675740423
-0.038009752732
0.704231563658
1.11019217741
-0.642666118668
-0.597582746702
0.974194314185
-0.0736506408887
1.35971314036
0.930578592166
-0.145061799654
0.598333815735
1.49018678622
-0.194552783495
1.06097404881
0.323442342832
1.96452652179
0.289907902936
-0.891631082311
1.44197362617
-0.0402558411926
-0.973788450923
-0.996749132946
2.00758265495
1.08846497717
-0.506890633623
-0.184843892683
0.500444690306
-0.148783971338
-2.18630008746
-0.0670412594841
-0.443210725213
-1.40307744231
-0.799050047083
2.06356898782
-1.38498028007
0.308465680314
-0.842739971258
-0.0157800380128
-0.588069748504
0.484137702514
0.156322342834
-0.76384563924
-0.571410668215
0.604808205762
0.184289047412
0.315775087474
-0.33102992958
1.82104896194
-0.174394329222
-0.484185911069
-0.36675518167
-1.30135817221
-0.182278467239
-0.0567385591301
-0.301666640525
1.83286291591
0.0282359656271
-2.42616435814
0.666033162285
-0.58838115031
-0.0184190374306
-0.787105391521
1.50252954948
0.172891882012
0.0581419809821
-1.42639613725
-0.439157592642
-1.53298771836
-1.16011825376
-1.62185894409
0.251969826771
-0.409558273092
-0.188224758596
0.633468642781
1.75603208636
0.43780630067
-1.84447312992
2.3610454911
-1.43611794063
0.921493419846
2.14818179682
1.315707233
0.537128698238
2.260323518
1.11027967126
0.161661118408
0.421043970429
0.340077849801
-0.849025745925
0.706855712395
-0.658996004488
-1.58661758349
0.126761973684
0.868615553313
-0.972676717933
-1.23934261414
2.29717006973
-0.707758389221
-1.34886145611
-0.589457240748
0.403474353458
0.345826522673
-0.158189511076
1.14559308294
-0.444959816134
0.502397682048
0.550140949096
0.794607016019
0.300511384964
2.30311414073
-1.47701371812
0.453380310029
-0.476139757806
-1.44710960511
0.500867042557
0.00626804354164
-0.346603340894
-1.56981813786
1.71137334065
-0.0937159278322
1.44103778692
0.316261336118
-1.31564653156
-0.983973040083
0.900938728169
0.878141213051
-0.47118226267
-0.173670755002
-0.998681915092
0.976937869742
-2.27635123069
0.453270265735
-1.41216048325
0.860001721741
0.304535416687
1.62599455291
-0.863433245331
1.04482935057
-0.124481527045
-0.919555298322
-0.0220689010997
-1.97533423646
1.24589141311
0.445793739031
0.209712305183
-0.384971148958
-0.857441287049
-0.792788839188
-0.486945511264
-0.0223097684723
0.50931522931
0.407183094284
-0.706763939818
0.94271137137
-0.919205848942
-0.0354373840713
-1.66504189422
-0.253471568017
-1.37125273945
0.420562282506
2.2240850089
2.28266779901
-0.703651081589
0.465694556742
-1.50526046989
0.314578177229
2.27968142175
0.968627937941
0.453383805632
-2.03233227148
-1.15189375228
0.333133486952
-2.41254277962
1.5525997201
-1.8831571256
-0.617841410363
0.360636772417
0.514011091236
-1.88842241839
Score: 1