3
44
10
3
-0.588941449381
-0.652246468284
-1.37082230169
-1.08565459239
-0.0731203708853
-0.531845173943
0.724891786294
-0.0171936870898
-1.02457686391
-0.00611657488641
1.00718940197
0.443269276926
0.364469813802
-0.26112374589
-0.0307042721405
-0.855220243433
-0.454254102703
0.24261350111
-0.835930103802
0.334641690023
-1.49297454366
0.122498106703
0.0757727967473
0.46189753611
0.0945448967116
-1.90762737427
0.463507246469
-1.03022936911
1.57406024867
0.764698708792
1.51510799318
-2.44208177682
-0.779711835056
-0.888607380052
-0.164944073574
-1.26907723338
2.08746008648
-0.643370497196
-0.102912959939
1.65483847455
1.41249914193
-1.32891916195
-0.864174602587
0.664903089648
-0.0252675928357
1.17604756653
-0.842434384429
-2.19892449443
0.191084489963
0.958668532047
1.15699919334
0.391177908944
-0.0924213135336
1.41603769631
1.76190712606
-0.994633454464
-2.80571372121
-2.48256572219
-0.300231064086
-0.472164933693
-0.113580006278
-0.573519633089
-0.742605994787
-1.06867422713
-1.07938875539
-0.533983901035
-1.65031501879
0.0624229517609
0.240833355574
-0.396965722222
-1.32330696415
1.32290467083
1.58674231425
-0.616493150884
-0.43636023103
0.292150691914
-0.986761081015
-0.531735333189
0.0703273276177
-0.303662901357
1.79578523514
-0.2919220424
-0.468558740894
0.40976613512
-0.990675897259
-0.741535380773
-0.691577286672
0.00192658868066
-0.0518021899022
-0.888896376914
0.689813566882
-0.674680403262
0.960298098875
0.500581059494
0.772390465485
-0.637861347225
0.998171227293
0.0357813304544
-2.20642569275
-1.04740282976
0.958571214796
-0.404041638078
-1.82963578062
-1.20626567497
1.37447268039
-0.0598061704771
2.01498290408
0.442236196738
1.518173058
-1.14277984078
0.196269012421
-0.0181885888059
1.314674582
-0.414807590024
0.304944363066
-0.684009130675
1.06546675578
-0.728602607751
1.6473293198
-0.985487393155
-0.749410334345
-0.272726454753
-0.427610565453
0.568823514751
0.798835060222
-0.417625724188
2.23962502474
0.385175627397
-1.16964286985
0.630325730788
-0.146846231062
-0.517700610601
0.247923642953
-0.375843949364
-0.460160361913
-0.506837919066
-1.25668369927
0.497991731021
1.03733292373
1.37863537863
-0.515510061301
0.655577481349
-1.60525040702
0.592694240725
-0.481229062853
-1.30650333005
0.344075588558
0.919419304918
-0.0778584031648
0.355949564797
-1.5179909423
0.92369424194
-2.03858789041
0.758750722557
-0.437489899658
1.71139531443
-1.32094397772
-0.233341650082
0.312521992104
1.68193924613
1.11506692665
0.296581213783
0.155784292984
0.133116244006
-0.799851279908
-1.11969481912
-2.23787675645
0.151130276599
0.378306658732
1.21054839791
0.879079793391
1.16168767681
-0.0448218033256
0.044232512961
2.9284897582
-0.32985858247
0.175192982704
0.797552980448
2.01279125325
1.3755032005
-0.22917873861
1.97666886908
-0.255527033651
0.0322396027176
-2.13360416519
1.35498496835
-0.31023511972
2.01424352568
-0.31220458627
0.510239567789
-1.60035949445
0.81405577966
-1.69107578553
-0.506002228464
1.4537246799
-0.0702907314968
0.0231036253374
-0.202236543496
-1.39144405058
-0.273801175845
-1.26902237557
-0.801154088513
0.715114762251
-1.62861966869
-0.773033076018
1.0637329637
0.471233046489
0.453119549505
-0.682902432127
0.23151216599
-0.997202838046
-2.31114761289
0.473983123386
0.768033057033
-0.393252251596
-0.595142336413
-1.34753215691
-2.49542663762
0.591487275278
0.773906943993
-1.42621976585
-2.63941944208
-0.307809819318
1.36819064337
-0.35944921629
-1.05228110473
-0.434205102676
-0.77988162181
0.293556946814
-0.997498528587
-0.556586653332
-0.358784090547
-0.820875452599
0.545505028866
0.156572921808
-1.69632988265
1.01867113974
0.171816439186
-0.907448140454
-0.469897049758
0.141365729385
-0.404614089886
-2.84902201044
0.751638919816
-0.1219764715
0.28392135748
0.367868660156
0.0584351650461
1.01396824369
-0.35547503011
-1.49963581814
-0.912065331248
0.630314639581
-1.15214098762
0.0247732662855
1.32401133763
0.554235001689
-0.443290271444
0.232039816281
0.271767946373
-0.544978943236
0.238858924233
1.30671861176
-0.048498513992
1.25043011814
-0.894900714178
-2.11842946493
-2.07121544437
-1.0874726883
-0.0639133814024
-0.264811981629
-0.354141902539
-0.147736508697
-0.510650764172
0.114629922043
-0.528818364175
1.39510026125
0.0167290764662
-1.48677803752
1.88015834916
-0.32636582867
-0.196580593762
-2.0094774699
-1.08270107054
0.550842046193
-0.535645296643
1.11314273558
-0.00727067808004
0.498766562261
-0.868333223472
1.54470094981
0.847044097928
-1.28928603833
-0.467973039821
-0.69147037916
0.629575334824
-0.916259784132
0.00328931011894
0.641951640585
0.566820387317
-0.201346813006
0.0192999761539
0.0509147965388
-1.53369806237
0.290739637125
-0.239556293344
0.193025433596
0.490197942936
-1.32682822254
1.42472880527
-0.808799811631
2.57125155824
-0.71699378656
-1.60006295554
0.264694879768
-0.23159851922
0.0820225540696
0.686643076826
-0.337531985498
1.06579503175
-0.223679805489
0.394184852172
-0.342154654006
0.351812184797
-0.230831565736
-0.139729529154
0.397944328085
1.97913415105
2.40620438727
1.10722503932
-0.321259016808
0.0310700943236
0.0373602247681
0.0290479377267
-1.22529092778
-1.02372714781
0.469139399322
0.219136848693
0.846735499789
-0.531882850536
0.241761750518
-0.439601861349
-0.416935981068
1.97016718312
-1.0370451096
0.294135295556
-0.169174959234
1.10215587841
-1.2833184909
1.49047643841
0.0927484895578
-0.727812132951
-1.50260054854
1.24377938905
-2.35826835866
0.465651239603
-0.542532085253
-0.363305991178
-0.248247353263
-1.51671762106
0.495064034601
-0.413189957343
0.177107476399
2.01010013469
-1.39295417718
-0.245347805237
-0.553977417953
1.06045952992
0.897214672462
-2.29343096428
1.08544367808
0.278910009674
-0.55465673602
-0.47119452822
0.59816652277
-1.4954487027
-0.486010646996
-0.865473583484
-0.215213364747
-0.195677957551
-0.609979980586
-1.69408714967
-0.503215902798
1.17321470013
0.258879372175
-0.463091188923
-1.40942802763
0.328975851649
-0.703018003124
0.0210893837392
0.432826238783
-1.6739948117
0.248853605439
-0.0837103725165
0.675150579814
1.0476693117
0.878781756646
1.82981190698
-0.717094073815
0.939934695778
0.230020184885
1.591525159
0.83913384779
-1.07284418953
-0.945519214284
-0.298172887836
-1.08815187233
0.739457043279
-0.700791461111
-0.211517848238
-0.16869382394
0.39939628193
-1.67533482875
1.06960724352
-0.172169452983
0.985322798396
0.201458600684
1.13477642787
-0.695504848274
2.06185675746
-0.535631813973
-0.938963080199
1.25398354106
0.256557177303
-1.15430947231
1.07236780377
0.904303166088
0.0388514859473
-0.888658384949
1.34789737422
-0.130812594941
-1.77206346927
-0.342226656448
-0.126389100276
-0.653704036868
0.275571697988
0.0610562173188
0.31791480551
-0.999138924736
-0.162002209401
1.14602590536
0.172373157306
-0.274402776686
-0.153565530161
-1.20475134834
0.342017553589
-0.343812673838
-0.502322841273
1.12719844978
-0.242635025679
-2.07280044864
-1.35153225933
2.02946925306
-0.572150912251
1.23486047729
-2.50660955623
-0.0108337797082
-0.896800595125
-0.00403447086098
1.56873495738
-0.224498621331
0.318386672698
-0.909433014878
0.897793663901
1.99024632977
-1.46695193622
2.18692018119
-0.586497976092
0.362320066866
0.351192514322
-0.963306830294
0.552312216247
-1.37580841438
-0.880243596109
0.0397840696586
-0.936508896236
-0.982556974335
1.15694314285
0.812135053715
-0.0645040118394
1.1974880334
-0.466845422002
-0.837341235805
Score: 13