3
44
10
3
-0.569856266509
-0.520426811511
-1.27275499693
-1.111913994
-0.128150011176
-0.576910462016
0.760491252773
-0.00209325990665
-0.896875416781
-0.0739129035957
1.09767672516
0.459545700615
0.187629949086
-0.242403580072
0.247830315936
-0.803992672826
-0.447343309745
0.155368125813
-0.808171594882
0.34285622806
-1.60355061682
-0.0913551373665
-0.0114197714617
0.553426795817
-0.0142062374001
-1.89069492045
0.408501433694
-1.1552137377
1.63144911686
0.85521084521
1.45532079174
-2.47972454343
-0.917955150865
-0.846225616019
-0.0708081169029
-1.21640061723
1.99453125066
-0.725117738866
-0.0416241811074
1.62931927115
1.35890183324
-1.40778378118
-0.815908175389
0.757057173863
0.00247676821711
1.23768585691
-0.957833888415
-2.18142965285
0.33794428391
1.04282130557
1.10447031576
0.499120927966
0.0202823702397
1.46385803474
1.70339175325
-1.01217645635
-2.86566907406
-2.42683675605
-0.516489824591
-0.425413308757
-0.303412129493
-0.434036933403
-0.577593598319
-1.20296629796
-1.03070639406
-0.578582197759
-1.52418013781
-0.0530912156133
0.109084808277
-0.468077163769
-1.32179798306
1.31727754194
1.39378200284
-0.481911993065
-0.407096945689
0.264230649902
-0.904913191266
-0.660256334007
0.11054075156
-0.531675008839
1.84198297243
-0.296236740774
-0.482942725246
0.279542168406
-1.00268691998
-0.532987212534
-0.578782124499
-0.120238615202
-0.213317184136
-0.903965993676
0.596479018932
-0.608271144697
0.903230773037
0.467975050716
0.717261195165
-0.591775867656
1.06769893994
0.115205648941
-2.05959304086
-1.01805901712
0.889954734141
-0.419424610321
-1.82472147416
-1.28371480107
1.29292659646
0.0397377674141
1.95304478984
0.531996405408
1.51659689398
-1.21016235693
0.272789920586
-0.0335514934416
1.30894114205
-0.306407929152
0.161224268319
-0.573006964911
1.04906441996
-0.755508429147
1.81017171596
-0.970104804013
-0.728652287265
-0.32958825155
-0.34387484122
0.583028032653
0.858067273136
-0.412205479524
2.31502771748
0.416412622063
-1.11168745743
0.466110900458
-0.112159184021
-0.457371156068
0.249457861508
-0.401954022548
-0.370551249138
-0.414366464142
-1.47528782409
0.434106419442
0.932884389211
1.38228331606
-0.572446191082
0.439150130187
-1.67738709687
0.561248920578
-0.439628283899
-1.23729053262
0.429379374429
0.800566302761
-0.180674829495
0.213364914889
-1.60478887401
0.882555927824
-1.96551357939
0.865451649794
-0.374965821436
1.84036996544
-1.31303620397
-0.344896181008
0.2731060116
1.58371040881
1.22519587671
0.249684219449
0.214144560057
0.198883401799
-0.744898084181
-1.17406685019
-2.08133908655
0.0844401149526
0.447666258849
1.15990984368
0.847634128081
1.03237782289
0.0492129747452
-0.0104575744901
2.78020414486
-0.269180509186
0.0734761728925
0.685252561793
2.09132360763
1.36375048511
-0.153903428416
2.0287422445
-0.360865587024
0.0525311163708
-1.95511364698
1.23880729955
-0.349977070389
2.01409517735
-0.182268417836
0.631452493271
-1.49703649945
0.809068788583
-1.82646271141
-0.604008597341
1.47106096847
-0.0609170639689
-0.106319574156
-0.170170631464
-1.34783845817
-0.380226983103
-1.18425830416
-0.719254378924
0.835324538505
-1.66090908973
-0.663176023491
0.962293468488
0.674642501884
0.3655327695
-0.819028175755
0.236413787001
-1.00700143504
-2.42661380977
0.525495636843
0.759716446241
-0.328128711428
-0.557467362884
-1.29763362289
-2.54760545106
0.550644121848
0.799448736311
-1.40857302533
-2.46977300268
-0.434826825628
1.48711484057
-0.498032849802
-0.864260905401
-0.281008815676
-0.783159936891
0.375665113271
-0.999499041947
-0.585664200403
-0.263591551991
-0.708459677735
0.526002782717
0.191625262311
-1.60414987384
1.08985065555
0.1006755427
-0.897985621088
-0.335613406094
0.138620576382
-0.443538494246
-2.78131693878
0.74911762901
-0.189992503579
0.254307966561
0.355446584144
0.142497062633
0.901822550445
-0.246664311696
-1.51963329607
-0.874181896173
0.619214273754
-1.16033121621
-0.0210844445151
1.34814427316
0.762924212392
-0.354520294673
0.152642567037
0.308160404329
-0.431522712853
0.384411416813
1.36688170328
0.178140975111
1.22033573946
-1.01004089283
-2.11860047493
-1.98192535446
-1.07754732841
-0.121810310252
-0.259294227467
-0.32761679997
-0.113367191198
-0.484596965576
0.211013075244
-0.472582361251
1.30285238977
0.0769396131053
-1.53627636478
1.86051252253
-0.403113481848
-0.222108880861
-2.1564329172
-1.03209631178
0.580032682843
-0.486847106521
1.03041835805
-0.0968732385174
0.625581005888
-0.865298939208
1.57670854813
0.798954449943
-1.54305291616
-0.53444017848
-0.657044564174
0.494053751659
-0.892293720545
-0.0736300364403
0.647014515498
0.621721618446
-0.110470281474
0.0399971693544
0.0729673104012
-1.61836670189
0.248440421118
-0.24486004215
0.0908679298826
0.505110955733
-1.27520532903
1.4428662093
-0.753225901631
2.57591347017
-0.672277692206
-1.58947430578
0.357092260575
-0.153959343023
0.110984656214
0.676533016969
-0.319111541578
1.04297947897
-0.214464248408
0.46216188145
-0.17539161447
0.333623403929
-0.0673129259624
-0.162912347595
0.393106159058
1.95478146937
2.48443435747
1.24053436509
-0.287466954738
0.194110969603
0.278279020426
0.0767346723296
-1.19603259796
-1.06420149463
0.575142351051
0.418077519842
0.974001294072
-0.347223914828
0.248988051054
-0.452577140174
-0.34129206413
1.94779904911
-1.23926455139
0.284593214468
-0.320288484742
1.13907246553
-1.3217228706
1.50331261057
0.100194124621
-0.71641758345
-1.28148084824
1.24610351025
-2.30721311871
0.343229328345
-0.479050036123
-0.319206876812
-0.446326148894
-1.54000287942
0.568940275536
-0.298399566743
0.195255506355
1.97664969194
-1.46760756784
-0.242425327004
-0.628484204014
0.970959501687
0.89296103302
-2.33878104091
1.12434994474
0.335434181282
-0.535499548345
-0.487219739343
0.413103556738
-1.38465128307
-0.502115937742
-0.851660843107
-0.340625473352
-0.342193034843
-0.676126307327
-1.79590074874
-0.471323484474
1.33189840892
0.245034050935
-0.54347835869
-1.44329870046
0.317654079465
-0.848572034748
0.195779723166
0.734365647111
-1.59858722157
0.245366327502
-0.021055989277
0.897886728524
1.08544103244
0.770265813962
1.90485044882
-0.660544422165
1.0147659102
0.180699371209
1.52374206337
0.861377774771
-1.02239916257
-0.79817379356
-0.29761283286
-1.11305754653
0.729541628347
-0.680966995899
-0.196865041369
-0.293199633239
0.43185944369
-1.59901859873
1.14161944338
-0.152969062729
1.00895580701
0.0926114946435
1.16372066474
-0.682746231032
2.18490575239
-0.421477168457
-0.95400933339
1.43970838454
0.222377431003
-1.13099299663
0.958351862843
0.752775339217
0.026429092913
-0.828819463531
1.36963647372
-0.0183155623361
-1.69724028062
-0.450243491039
0.0244488363239
-0.617522895648
0.294333515349
0.0967730999191
0.275921454017
-1.14453013118
-0.0926353330796
1.00862893082
0.0922850554825
-0.270691286646
-0.092560517369
-1.10147549825
0.394479950919
-0.449134852973
-0.318976185387
1.17302428963
-0.112535909872
-2.11453827238
-1.23574864032
2.13684978737
-0.628503159164
1.23051770325
-2.62334058125
0.0999270413761
-0.834816837887
-0.109965891356
1.70264610223
-0.249254396004
0.411459759735
-0.811002915953
0.810125724085
1.82423901522
-1.52462541545
2.1967046388
-0.457466744561
0.273463900985
0.347761776898
-0.768142532927
0.512969585236
-1.4481829401
-0.880926669378
0.0900003721949
-0.816446982334
-1.03351227309
1.11855397933
0.860592442773
0.0182608276143
1.1162879907
-0.550805583425
-0.788963419478
Score: 13