3
44
10
3
0.404132159202
-0.808044554687
0.864399858226
-0.0387433953991
-1.39058756135
-0.673769741321
-1.80961585628
1.76681517897
-0.655611038476
-0.545419007584
0.753496494703
-0.156599987785
0.578379487553
-0.975540501208
-0.0655438080169
-0.529616228836
-0.273129436141
0.323599886612
-1.74317299027
-1.02678955547
-1.62551764251
-0.408657088952
-0.09871861836
0.225443779542
0.0538936298968
-0.290986759773
-1.67175033604
0.515051512942
0.18732792467
-0.555000011433
0.142016285781
-0.956242010787
0.933681500649
-0.530261223733
-0.478602251044
-0.019509715143
1.20598406567
-0.251896942385
-1.13040351619
0.269703801797
0.308184063789
0.252729286616
-0.143073792828
0.042531691442
-0.425852402565
1.3559161745
0.746963929926
-0.595836828489
-2.15674917863
-0.686774871038
-0.0467616313987
-0.308762778177
-0.261911166812
0.739262626971
-0.75797253573
-1.36253893495
0.289614779509
0.177181771553
-0.86884860646
0.848839831118
-0.772563541763
0.0151502378938
-0.01641198709
-1.24706837103
-0.538280747902
0.740347926295
-0.205467924155
0.865417654452
-1.42529225155
-1.59878596414
1.17163343299
-0.181817448664
0.676874539074
1.2001473629
-0.529043976768
-0.630229347206
1.08117035781
-0.766842479369
0.848712942768
-0.299367248513
-0.304903752472
0.391587736188
0.979733876393
0.881946470551
-0.993736985878
-0.266724345878
0.905185656517
0.914356317155
-0.5513887022
1.82272656627
0.684825303246
-0.911343739412
-1.35700223542
2.36929176592
-0.63856927602
-0.25522518435
0.362830086183
0.115946531665
-0.681366305657
1.0476022878
1.10294483076
-0.0918189603774
-0.0567358122777
-1.32928910747
-0.000258999122039
-0.536104588129
0.0161299388308
1.02696567745
-0.894963880008
0.581575756898
0.675255669899
1.54994880061
1.00448154139
-0.853953404697
-0.0773727518117
0.976133357959
-0.908761480486
-0.203513810343
-0.296963948101
-0.824018374691
-0.171298156491
-0.0483313064269
2.10433839101
-1.45060771604
-0.834357460665
-0.824922876271
-0.369271427909
1.47947262464
-1.06455842265
-0.167277150761
-0.287613169493
0.213274583799
0.841831595048
-0.0271129418595
1.28005899314
1.48491587756
1.49526705248
2.06341605862
1.22823068983
-0.19980658226
1.14611075621
-1.74935198154
-0.694437556202
0.544529684066
0.185600929369
1.34175798811
-0.49353599199
-0.489296053449
-0.771498347147
-0.0878788185946
-0.260603350995
-1.39540661359
1.60212184402
0.992133222392
2.83239953938
-0.177757919131
1.93836228737
-0.426677594837
-1.63862537049
0.0841753990313
0.41895854726
-0.954746210599
-1.50380081893
-0.586806752122
0.518357499064
-0.573230860104
0.729224642327
1.55815365119
1.38223240066
0.656803910286
-0.525174252409
0.128941628933
1.53161020303
0.210042153949
0.504288968337
-0.986035183912
-0.182200986633
-0.921306852609
-2.61833559128
-0.589144601632
0.0366102311963
-1.30419454662
-0.718218784415
0.296567725356
-0.259650484771
-0.242317001652
-1.34794392412
-0.328931007951
1.7862104158
0.187027087531
0.235996245321
-2.74809478671
-1.98306942052
-0.194662901998
0.743504251404
-0.430657725673
0.920378450584
-0.718380903062
1.15623755323
0.411073415389
-2.79058980638
-1.4832035189
0.582695022289
0.426191304621
-0.693123807364
-0.821062712955
-1.26619504607
0.496001609265
0.70812573109
-0.698245093864
-0.376463292524
-0.343256279288
1.64657945687
-1.28881251819
1.39131020845
-2.97267064668
0.841516426126
-0.492555539067
-0.258098379658
0.51692526984
0.439594309363
0.376485060426
0.252363846894
-0.42310442058
-1.37627062592
2.94906646327
-0.259820375941
0.989267772185
1.83931941897
-0.744236734113
0.535391192689
0.93544591601
-0.103322726327
-0.329620589721
0.906707587339
-1.23371391983
-1.66349233655
0.587386167886
0.238386385273
0.791734976202
0.966004760057
1.34604981057
1.75658139072
1.32180713262
0.493298059345
-0.225049738518
-0.550055311545
0.912795165738
0.146246195993
-0.547481543983
1.29994549245
1.29316029636
-0.713107088102
0.078362280292
-0.245584390386
-0.418916713339
-1.03619609825
1.11165181893
0.130541299137
-0.0124461560828
1.68665880782
-0.879529643291
0.329073475592
0.870050827372
-1.37372175843
0.983400796961
-0.851856082785
0.550546036509
-1.06273215197
2.58948636875
0.544770491227
2.41104019941
-0.977716724594
-0.254261961863
0.150589215766
0.389746261827
1.61049196307
-1.02688058571
-0.541447512008
1.11592378656
0.593971488217
-1.70582902548
-0.110605501929
1.72211298846
-0.495236347715
-0.152215298862
0.71239089662
-0.786615489622
-1.42493091058
-0.452193651608
0.161979199259
1.58584708817
0.0724566337914
0.382400007745
0.0273536717559
0.590363335884
-1.31639159669
-1.1580338145
1.06628969889
-0.991051395019
-0.0643536747621
-0.132681264308
0.120164615547
-1.20502228958
0.906364163087
-0.89412808197
2.25307166141
0.949333253293
0.0773461694967
0.286671705882
1.01189111914
0.799768725671
-0.0402208011054
-0.655708970488
-0.513500377405
0.121936553757
2.01551696353
0.658612929801
0.936250025255
-1.57130600757
-1.05801572332
0.0477024996337
1.32255183834
-0.110387425269
-0.0208455590982
-0.19499244759
-1.04587463803
-1.50655483245
3.2234200582
-1.28516274429
-0.505888940273
-0.902534085778
0.0862689784178
-1.80276421061
1.56543392005
-0.283585737902
-0.957658395143
-0.511294194043
-0.166388273717
-0.23152149142
1.17848079134
-1.10993601976
-1.40345624319
-0.0521903158446
0.87012860198
-0.0227228775108
0.362700072307
-0.912665850564
0.346217063507
-0.787149283174
-0.300933776124
1.47925683493
-0.925657664295
-0.125000673722
0.0759234459033
0.761930316235
2.07391846269
-0.512328395854
-0.33067584042
2.01480986282
0.690120947586
-0.0860755120707
2.75492579305
-0.262311890773
0.384818603047
-0.725479239272
0.18861835599
-0.14095014751
0.917711806481
0.147114946937
-0.495929546532
1.82328476984
-1.72028440769
0.493832462107
-0.151087510756
-1.53430051046
-0.480302378634
1.15151282835
0.693540680219
1.03184549231
0.732530539278
-0.384917122399
-0.90919466484
-0.644568426058
-0.742196567453
1.33615518772
0.0816859698624
0.990748349506
-1.14596237985
0.152714627692
-2.11523502718
1.91166226993
-0.322372083969
0.378885691668
-0.510249417587
0.844286241975
-0.457413834084
-0.28374468409
-0.375696129531
-0.36224487416
2.51542088914
0.775806779879
-1.39306756937
0.416711077043
0.49594695158
-0.167383364553
0.928462711551
0.345049328736
-1.11042523228
-0.731478125342
-0.32113779602
2.00134075128
1.39817101389
-1.15322650365
0.133084239468
-0.821883722861
0.478221143533
-0.428632205026
0.888750524969
-1.3241898197
-1.08188378896
1.09520041401
0.943566957614
0.469734520939
0.757939008137
0.0969079276912
-0.267085164098
-0.0614508004561
-0.990250170924
1.15984865588
1.46135843767
0.587050711238
-0.517889154023
-1.23891172002
-0.372794162822
0.163097264411
0.818493014737
-1.08891284577
0.52557013508
-1.6342539259
0.758622732992
-2.78559116156
0.245407568124
-0.0102190067869
0.748707425734
-0.38032710131
0.301305170568
-0.073177561973
-0.0438023774255
-0.86194449762
1.29289172943
0.424818284774
-1.95845835405
0.965582477366
0.86545760448
0.807921851261
0.344948711867
0.179460762452
-0.26407579279
-1.38888061681
-1.95950239993
0.933084551361
-0.538987202956
-0.588970747958
0.540973658138
0.670584924242
2.37088121053
-0.995700328734
-0.0272633007912
0.00214123694805
-1.03998167071
0.0652170415495
-0.768892997609
-0.0309516136902
0.0465169779565
-0.731209307794
1.82562584602
-0.737730351721
2.19644046701
0.195271296503
-2.48127499835
-1.93331784857
-0.884549068657
Score: 10