3
44
10
3
0.154669992001
1.77644147259
-0.484283013009
-1.1287867847
-0.418617304584
-1.70006671164
-0.160854896666
0.769731750727
1.70971667433
1.56373600146
-0.768301469348
0.690598895045
-0.0410675563037
-0.786008210672
-1.86717696979
0.165351509065
-0.358986485722
-0.104777141986
-1.05066816842
0.777415650443
-0.280682162188
0.947934220468
0.586698371924
-1.08036266338
0.381357121588
-0.353667403999
0.433679418973
1.44948700488
0.919588456156
0.933520783644
-1.63674275119
0.33440630395
-0.518343175821
-1.97521505268
1.30891172406
-0.244519495566
0.29315488128
0.570298184761
-1.2750607437
-2.35688423555
-0.982653517352
-1.31571870774
0.171354210969
-0.0867062482353
-1.27926077447
0.408456943307
-0.865639000073
-0.668877607953
2.54235884417
-0.813209054066
0.644354932685
0.342101513092
0.368106613319
0.638232789567
-0.804660604659
-0.174667794117
1.04232797187
0.196477338909
1.65335729497
0.340284968199
0.991952825522
-0.778623562626
0.775827912304
-1.07803176496
1.22240514958
0.562444430455
-0.158494769478
-0.63330712143
0.306256764322
-0.396702419343
1.13411686193
-1.80363454515
-1.44138237897
-1.26624892981
-0.391896879001
2.01569066537
-0.526509741192
0.0493465182882
0.409978898497
-0.33247052388
-0.566358659583
-0.306708893946
0.691505193995
-0.212484600025
0.317619150175
0.271018886034
-0.815014148588
0.731730857894
-1.12820189709
-1.79362678723
0.127159132867
-0.74875676555
-0.161959249407
1.85861704724
0.427717130997
-0.590439827453
0.455002761049
1.66976886497
-0.283881560275
-0.2435236751
-0.496847646189
1.50102537418
-0.278275716707
-1.3044362029
-0.716407121585
-0.103773813362
-0.273675837559
-0.204238379741
0.797154929061
1.21438146553
-1.39884128978
-2.78701924866
0.284077976261
-0.991361477867
1.60222713986
0.833028541509
-1.5938760663
-0.840439631092
1.14110520961
-0.0659862909547
0.391852927887
-0.868440353687
-1.46453796711
1.21268279913
0.346344479214
-0.170591415829
0.543195243172
-0.76191771428
-0.828954799685
1.28670423067
1.39568081575
-1.21585936458
2.08938796721
-0.802399086478
-0.497347557335
1.34518820364
1.4829933753
-0.643732806852
-1.42034780658
1.2577498215
-0.77567935809
-0.17781479807
0.825343129131
-0.425481748856
-1.54979597333
-0.781638338347
0.743051075367
-1.85565833973
0.562018198541
1.40546237995
0.775658253132
-0.572968962927
-0.829443382656
2.95698874885
-0.191588901188
0.836401164107
-1.54397344295
-2.3305426758
-1.48959111991
0.191897450273
0.76617165592
0.713225058991
-1.04130055947
-0.345273996281
0.654196062888
0.108231600507
0.747457525925
-1.01682096168
-0.3423185828
-2.12962579149
-2.07141091292
-1.06975687759
-0.220071197921
-0.027669137864
-1.0742244582
0.143851514901
-1.17081205184
0.188881487191
2.00870038247
-2.71665673676
-0.697808260276
-0.0401534721575
-0.283592205632
0.654920847282
-0.0857256414206
1.25568106942
-0.330299200438
0.544093538256
1.47918158809
-0.648927677758
0.573580913067
-0.0255020084212
1.13882526174
-0.926544432621
-0.301581501861
1.28838810266
1.20828804803
-0.475964816198
-2.05433712811
1.25159080521
-0.99332682371
-0.118759672033
0.0671727175604
-0.885513692805
0.25706546837
-0.682802642919
0.561964423207
1.03771616529
-0.0490798288089
0.568354555468
0.701223531714
-0.465341883043
0.334040750415
-0.962694573233
-1.34659596751
1.6452514804
-0.523748985173
0.810574892044
0.272674129597
-1.22716115942
0.124359723185
0.933243710258
0.443284575638
0.736003121767
0.651338914929
0.495508665665
-0.372856566751
-0.983607066247
-0.0135789656692
0.50601381827
-0.862832729416
-0.251477724821
-0.340570816725
1.98813341939
1.34004554474
-0.807895938194
-1.07247861746
0.237288134897
0.0915293584093
-0.351738227656
1.45491805976
-3.0838704178
0.614276837758
1.40241640517
-1.75987062412
0.506266850927
-1.06945583569
-0.370010490077
-1.72618158157
-1.07351458203
0.136477303476
-0.525632815204
0.586077015832
-0.064224480481
0.365172376167
1.0231641765
0.421739239179
-0.568656361255
-0.791017259285
-2.14520840164
1.35921121442
-0.383519573703
0.630023137399
2.20130199639
1.25002184793
0.263692474541
-0.352928022016
-0.0520104901899
0.150584829365
-1.61900585921
-0.0548055082661
0.88250921498
-0.806845154097
-0.0144241333017
-0.762072470566
0.997842906309
0.310704182638
-0.831308661245
0.888298991247
0.254068880497
1.0770093909
0.629577176272
0.22379583703
1.41470767305
0.955923953555
0.199686945193
0.174225764188
0.084704319517
-2.04832478282
0.436233788102
0.805767947089
2.21766399557
0.661724107878
-1.36425173458
-2.2213681672
-0.437400381761
-0.619299630327
-0.358371967681
-0.426635643145
1.07500377901
-1.99996362721
0.921489195878
0.52124275466
0.81291551339
0.132130017344
0.551026122238
-0.394647235956
-0.990673328747
0.114946144175
1.02358402351
1.42086294091
1.01256317859
1.16228380393
-0.358281015582
0.0528993175205
-1.21785127187
0.0485134908588
-0.528226948297
0.752235001121
1.34281108259
0.666087801628
-0.320860360093
-0.214075164521
-1.41737128912
0.958693543399
0.701787520453
0.35269879666
0.0272843464803
1.28240038704
0.918385809324
1.32394225736
0.302774797998
-1.34661332945
-1.67711829924
-1.22116600191
-0.0214461411482
-1.29998643845
-0.478635198647
0.80726287915
-0.935619251465
0.0411505056892
1.25886362584
-0.919392765899
-0.894376441327
-0.557210652184
0.577530788428
-0.710058290061
0.138042162748
-0.0988694590723
0.147435266407
0.476452061037
-0.430690945915
0.761560231828
-0.488318007419
-0.112387471214
-1.45226940333
0.0509410177447
0.687816506188
-0.459187878643
0.650648335205
1.00148827867
-0.0301154285479
-1.69288937514
-1.64482856132
-0.296220309455
2.13762651282
-0.00499043954706
0.632824927081
-0.786249550938
-0.527167555438
0.714090740056
0.628919607974
-0.0595169425365
0.102714269974
2.32722637464
0.0672581795465
0.267092500721
1.90051307951
2.5540858496
2.80683094512
-1.19834082965
-0.263285195108
-1.94145272485
0.492949914384
0.223263302362
-0.44952896659
-0.01052113725
-1.29960214552
0.0960831334297
-0.0951135876298
-0.377209035821
-0.886574954075
-1.40354202495
1.93607773087
0.524872886227
0.715123538575
0.457245850085
1.34889929164
-0.127029896574
0.309152147618
-0.0408138447786
0.863313996886
0.696363555676
-0.214613405183
-0.426624697917
-0.966484885409
-0.235013539337
0.574320500158
-0.0941989901143
1.30641828215
-1.57344679606
1.51417350177
-0.886952744902
1.17798724625
0.393728889841
-0.391032320764
1.25907460444
0.779095199198
1.33058017555
-1.82394517964
0.7076658112
-0.987740196382
1.1490033959
-0.515523860624
-0.0509045626454
-1.68417053455
-0.72659846727
0.690627662528
0.0271808325628
-0.175195091262
-1.28658523101
0.521482993984
-0.750708912902
-1.21242735379
-0.172093169715
-0.224155532254
-0.443513338657
0.28421588457
-0.401296239442
0.13123180214
-0.0199307894582
2.16721593724
-0.967682223147
0.197646960821
-0.163152807086
0.219560240635
0.156513080088
-1.16890543871
-0.164543656249
-1.69242470081
-1.07673712343
-2.67457647798
-0.648360975301
-0.6449924629
1.03954885501
0.214089855025
-0.0466508795462
0.708263759096
0.229584506465
0.840239999896
1.39617362536
-0.195840221388
-1.53171553945
-0.26686373846
0.0315721522839
-0.0757787779295
0.181874597835
0.351492099022
-0.281665998798
-1.05727944683
-0.352619416741
0.894091848577
-1.26478393926
1.27718105384
2.42087840847
1.94240373731
-0.00864801305673
-0.399467098139
-0.51466249016
-1.07742024217
0.334806518761
-0.142640350628
-1.48606145477
Score: 10