3
44
10
3
-0.741046772304
-0.619130260822
-1.28193637629
-0.894015394702
-0.161653901143
-0.681231187909
0.757031525697
0.0853145799337
-0.95835595689
-0.0732266284268
1.02911660485
0.589006566899
0.595862468684
-0.26424427501
0.43740519656
-0.924303536314
-0.476858899934
0.385806891824
-0.526970473883
0.310506022708
-1.59446390523
-0.0920517237612
-0.287098358978
0.602547135983
-0.172817807593
-1.92652020422
0.547775365203
-1.18332146172
1.49839842306
0.670894602831
1.48854668165
-2.50408260068
-0.921404700191
-0.584930965174
-0.198589901858
-1.24809736532
2.05445576119
-0.578171240342
-0.588349211772
1.58565439579
1.43295383175
-1.40341510163
-0.954101962055
0.848772425985
0.0484495391265
1.18712646915
-0.868801053665
-2.11112811664
0.331185434437
1.18021421141
1.28232400604
0.415039444462
-0.426972632748
1.25701593556
1.67810420059
-1.04701421276
-2.77309435325
-2.70893556492
-0.537067975704
-0.293737022581
-0.216594597846
-0.450330937367
-0.843587882823
-1.21577252125
-0.921056032936
-0.445566048034
-1.76425182104
0.0484368128386
0.150678486688
-0.436187100078
-1.45270828825
1.33463242309
1.31639237312
-0.456799722831
-0.472905821116
0.192233554322
-0.784634442292
-0.432244774503
0.0224761475423
-0.527618988739
1.72418254302
-0.347244023955
-0.574888557596
0.264569514782
-1.24391839617
-0.597788098105
-0.790447032509
-0.182226565317
-0.504712088361
-0.791232443879
0.699239440115
-0.517110205406
0.956230569564
0.280635761744
0.649968927114
-0.766644692484
0.790896439155
-0.050526586893
-2.11619490354
-1.10015023023
0.987585655505
-0.289124551191
-1.64028118465
-1.6588889535
1.56825137178
-0.0529115802011
1.7502755345
0.597378959344
1.34365024092
-1.20351034931
0.205455444933
0.094221149451
1.43881470313
-0.279949715866
0.242136419432
-0.262881376681
1.12097443345
-0.641927961049
1.63091279607
-0.770596402543
-0.741445974306
-0.369778200191
-0.486867927257
0.266953005115
0.844211310277
-0.326146105637
2.28518401194
0.46729391227
-1.26280418209
0.598560060443
-0.130179559851
-0.661269487959
0.262353700426
-0.385806984007
-0.0192686187184
-0.765432254807
-1.18143996761
0.509154858116
1.04744215338
1.45252261593
-0.712813489906
0.597044620118
-1.53930980778
0.462210347144
-0.306669526924
-1.1806191156
0.441668077718
0.703618900325
-0.14516386756
0.249423744921
-1.34059712257
0.644583242136
-1.69222150814
0.755885588342
-0.31051310482
1.79516211967
-1.18414347223
-0.467188411293
0.384188071979
1.83041204456
1.21680767424
0.53327740897
0.0841896632643
-0.131946829535
-0.835967611291
-1.09976646765
-2.11943870404
0.303972017445
0.624252931545
1.34665313019
0.645239127634
1.1075529321
0.0831840519565
-0.134269206648
2.75743082388
-0.29864153963
0.299340246858
0.756508041854
2.09264937093
1.45262162979
-0.081311022604
1.90451311031
-0.348978031435
-0.056765359761
-2.13561445128
1.2264512994
-0.465692247614
1.94457966516
-0.272845132178
0.485142994235
-1.69401228902
0.802678970309
-1.5009582445
-0.426790484975
1.54004632509
-0.00215946489867
0.110316610273
0.0082141508746
-1.25791713371
-0.209802046491
-1.1262703356
-0.673303448617
0.831613009729
-1.5397500047
-0.822903802735
1.04077725654
0.536117736063
0.638787055276
-0.769252179658
0.216590799647
-1.00347320093
-2.18971762043
0.483924138843
0.841451454651
-0.341937961309
-0.596304878813
-1.2337980026
-2.25665134597
0.650275662486
0.792976964423
-1.42164586268
-2.69707552672
-0.449331130584
1.57962979296
-0.307104522866
-1.13860918937
-0.372759059939
-0.731299660444
0.292440781442
-0.801699747789
-0.535207661213
-0.495194738764
-0.536998456795
0.428313195174
0.358645599752
-1.65776450345
1.33571670727
0.145850015016
-0.900478345843
-0.416464839141
0.399269178652
-0.52193915432
-2.73297907392
0.861886613351
0.064056454763
0.339551051382
0.329976587868
0.197518673303
1.07304700286
-0.132612159346
-1.44788080442
-0.871329773315
0.687610213911
-1.26062237924
0.0458345263243
1.31292807066
0.70836300056
-0.491814558484
0.210407119312
0.35745622511
-0.636971007939
0.00400582109636
1.36897816691
0.0525840603267
1.23707743905
-1.19295830794
-2.21807711523
-1.93525375779
-1.31706358264
0.00623328501861
-0.537715611818
-0.144335506888
-0.0510875941777
-0.48121127592
0.259480625943
-0.621093569915
1.28895515945
-0.22286163348
-1.61212292008
1.67151273434
-0.226199929432
-0.461510236945
-2.20658596929
-0.966459098631
0.373667255215
-0.526522318717
1.05754398278
-0.0988579038527
0.597917161335
-0.896053946264
1.48425727635
0.927510521755
-1.52694547
-0.560706805976
-0.904348926769
0.538298514048
-1.09899017889
-0.107368131943
0.518264720398
0.84054774274
-0.201867645743
0.255608057566
0.0427185733134
-1.41503543803
0.257737746202
-0.430049855946
0.112086922582
0.567739701123
-1.17644099236
1.55834872549
-0.662459008164
2.50721371325
-0.560703613936
-1.70607038078
0.370546045243
-0.13158140453
-0.0456524539911
0.640195637267
-0.20485847765
0.966808375389
-0.155158937446
0.396780932389
-0.249270083157
0.621872779299
-0.299931430013
-0.302878509304
0.636630689777
1.9354612946
2.3464917246
0.893039073944
-0.284099832098
0.4372198424
0.381901471409
0.0920072557751
-1.40461583259
-1.12025442541
0.595520954529
0.319554016791
0.726890083611
-0.321750836174
0.166004902323
-0.414047238494
-0.362997442771
1.93800868656
-1.00014765926
0.553966257269
-0.421075677243
1.12720834357
-1.26383102223
1.64861138654
0.145867542561
-0.898831660593
-1.21310127793
1.30567575803
-2.2991119426
0.447167997189
-0.425378887851
-0.502291014484
-0.08715759879
-1.42850857737
0.505284192549
-0.434754657987
-0.116339480952
1.93583111529
-1.36275160601
-0.345862982238
-0.300119534029
1.06768434079
0.752134370675
-2.50303882302
1.06311334895
0.217151374754
-0.524249408685
-0.393642345561
0.528581140775
-1.61029550299
-0.509889740889
-0.858971072695
-0.0439721752383
-0.244715962759
-0.743667885663
-1.82668646014
-0.456755387519
1.24624782015
0.371297769844
-0.48251844301
-1.31799770104
0.307376079108
-0.406261392624
0.194797355722
0.435147174745
-1.81178036297
0.146340398972
-0.492582787096
0.985487100402
1.24521270513
0.763148821535
1.81006998813
-0.531697945025
0.979808230932
0.461879233931
1.72402561063
0.931036134309
-0.883353250525
-0.652797314069
-0.483531157931
-1.17629786195
0.954483851081
-0.879708302421
-0.43056386391
-0.193267611238
0.539186484283
-1.49864780711
0.929975808846
0.110316416779
1.05434410104
0.0191756751211
1.01612231524
-1.05649183736
2.22320976154
-0.250355669963
-1.22799739876
1.2108256865
0.456742042163
-0.822857920533
1.30960349026
0.694619271903
0.0352350508794
-0.663423926163
1.36520462575
-0.0865015380668
-1.7434866322
-0.278211797832
-0.238006762261
-0.649033729307
0.410892279617
-0.102804338909
0.245037499279
-1.04500869339
-0.159940539353
0.979112133124
0.169379016199
-0.0687346561793
-0.122034912186
-1.23912038761
0.18724795199
-0.792968125065
-0.365268273901
1.30446496354
-0.287155620447
-2.01856063514
-1.19794250682
2.03330650959
-0.587016674948
0.937335526762
-2.63983388881
-0.0467733510787
-0.854890817452
0.127693359496
1.4529227012
-0.060240653981
0.363494787816
-0.881466711586
0.793037712861
1.77068344037
-1.44672245009
2.04172191699
-0.677696330592
0.443699877796
0.512436743949
-0.844510355525
0.389305446425
-1.55702745147
-1.18213649155
0.151606652406
-1.18372555419
-0.959518017506
1.12121147887
0.739107868447
0.0427238897113
0.98603755273
-0.304583415335
-0.725700790424
Score: 13