3
44
10
3
-0.7679756763
-0.743388604724
-1.56310864463
-0.858585483058
-0.294559976708
-0.58468717589
0.782106986998
0.0538431293701
-0.873984257299
-0.116757784315
0.99225552122
0.434302285908
0.295290130531
-0.138979184404
0.151575797471
-1.19236069095
-0.420638121287
0.162712858063
-0.596149063903
0.377070584931
-1.43178944339
-0.0361969337228
-0.234807052059
0.634490028386
-0.0417277892465
-1.70986579694
0.521432521386
-1.16311191133
1.48782891477
0.897533259219
1.44018795107
-2.53090677396
-0.905972264414
-0.879710621963
0.0390049353604
-1.25968767496
2.17571361064
-0.84558842211
-0.127075795249
1.57071581237
1.54524233658
-1.29033502443
-0.91177199202
0.726592337099
-0.107680282764
1.15442537535
-1.00160533559
-2.01755740437
0.206491590337
0.977849567438
1.12686368209
0.3112200908
-0.0417020812739
1.5313283723
1.6743880771
-0.903142773811
-2.64862297696
-2.43581860793
-0.540353097433
-0.361521921726
-0.193837368533
-0.40661480576
-0.817414899647
-1.16178045669
-0.811882275568
-0.545035236426
-1.59713015578
-0.0523493227046
0.167283529778
-0.489087262939
-1.46917135266
1.31382710082
1.44169741512
-0.560627355439
-0.538210073293
0.158116421365
-0.872022430133
-0.534369068393
0.0882955824631
-0.309425242202
1.77005635595
-0.231421095807
-0.479477314456
0.431768121585
-1.09782403882
-0.499131664676
-0.653234933567
-0.142214796076
-0.317600389756
-0.894980859911
0.858716830716
-0.449698320247
0.800976227554
0.17042193558
0.780575257479
-0.684533885954
1.07622372624
0.0496933359017
-2.14786024419
-1.04013179072
1.13229421734
-0.601408944842
-1.76848782693
-1.5997995872
1.28195513928
-0.203902362472
1.74314179253
0.352221524246
1.55690871047
-1.0847771182
0.1638724781
0.0636738085674
1.32785708627
-0.285317364783
0.238895325857
-0.512392151296
0.964152545446
-0.78005584992
1.71352933626
-0.941151595819
-0.731194759094
-0.281125941234
-0.355935181362
0.466326943142
0.880927895875
-0.258900206894
2.27790259156
0.459680293071
-1.25447947363
0.504754311604
-0.18806852387
-0.485205676504
0.298384629343
-0.297798653207
-0.225086877005
-0.547030762535
-1.2718039804
0.665651299194
0.99555590483
1.38210844141
-0.61476266972
0.607028835193
-1.59113581594
0.560168530109
-0.496078475552
-1.24199964563
0.415531267864
0.67015572688
-0.271812872355
0.448429196003
-1.33774844398
0.811257421794
-1.94244771025
0.876068359269
-0.406875318162
1.80118012706
-1.30332252919
-0.309759643138
0.335135405537
1.80826609176
1.29873548424
0.205828946866
0.233119804243
0.380636095352
-0.690246125598
-1.12340221037
-1.93911685815
0.130877832003
0.625346661601
1.00490825353
0.750592852615
1.32887727461
-0.215920429252
-0.196986715946
2.52264401135
-0.408376676346
0.359692852646
0.501745651496
2.14917436969
1.37960933574
-0.0325761351155
1.88504488095
-0.110932264481
-0.224410321759
-2.01715718581
1.04939077143
-0.256669598786
2.03212385694
-0.359840329214
0.516225130423
-1.43166455106
0.88513945988
-1.84180101223
-0.518111826144
1.76382698101
-0.016782894075
-0.00391758126377
-0.0711477204133
-1.21534763272
-0.280152378667
-1.29298391857
-0.822079095272
0.741555778977
-1.5368472791
-0.800447615289
0.955738880947
0.611099833006
0.638940921124
-0.650392160876
0.381072016704
-0.886036523944
-2.25829637944
0.519311246441
0.750653412805
-0.427253788672
-0.506942806438
-1.21293658341
-2.33830849504
0.678431619956
0.77393213081
-1.13973873557
-2.58391783286
-0.370258788047
1.58362366014
-0.58299881563
-0.955531385489
-0.443576747024
-0.706924375668
0.31727414462
-0.933768424441
-0.711872631432
-0.265317342926
-0.775810218687
0.677592100092
0.153701106317
-1.51788631534
1.35090273287
0.137292799232
-0.937042625102
-0.395565496354
0.0216319410486
-0.716615888387
-2.79996866695
0.671596640454
-0.120174395476
0.308570471925
0.554090962734
0.144005848004
0.812868270128
-0.125595600046
-1.53687789704
-0.853097870489
0.548435524232
-1.2514168608
0.108458929413
1.42549510661
0.618690346024
-0.195065273507
0.126295813396
0.423927714212
-0.734389239165
0.287882792501
1.34419446007
0.12747592578
1.2797380616
-1.00739511672
-2.04719421945
-2.12316353013
-0.99199750401
0.0345113790897
-0.642930852887
-0.290213826618
0.101488349868
-0.312832733653
0.169899959074
-0.194292774857
1.17210569352
0.0634314072423
-1.52500342998
1.73404698414
-0.379911467306
-0.280318761604
-2.19998763385
-0.992472311552
0.487650986614
-0.444174231901
1.11049502718
-0.0486483950014
0.433953528577
-0.649255318902
1.63949434195
0.904220442528
-1.55556179721
-0.535979741992
-0.675533341501
0.525122252415
-1.06789159216
-0.09669372097
0.634370145754
0.66892886311
-0.0743152427149
0.195924354531
0.200524656213
-1.49802054814
0.263910158259
-0.143435409593
0.17173288578
0.566746028737
-1.38033788282
1.55990522001
-0.707225576884
2.66750873097
-0.641511044514
-1.49291950726
0.0549725433046
-0.411843564466
-0.174444695677
0.721910562076
-0.249605791835
0.778714714317
-0.386397660619
0.207819520066
-0.118313909088
0.336838594824
-0.227868180422
-0.369963017312
0.44497543897
1.81405452645
2.49709712938
0.955438871597
-0.265793379225
0.302610490753
0.1148939166
0.0852513084543
-1.22323554942
-0.998919366363
0.482717449108
0.289131768336
0.943503883237
-0.621721022373
0.133889977839
-0.628637898133
-0.193349804819
1.80785331276
-1.01521011618
0.488126805728
-0.441271404132
1.13003055574
-1.39751213625
1.44964298266
0.134995849932
-0.733776986149
-1.36570994316
1.18142623229
-2.32365388255
0.215694169799
-0.523297740883
-0.375741516778
-0.452889108483
-1.4880900977
0.652328175505
-0.230030596298
-0.028097433129
2.04041006616
-1.55727710181
-0.261901618503
-0.255318173615
0.965510976181
0.76991269902
-2.36520981089
1.02782860151
0.17301284997
-0.338157919717
-0.549982231733
0.59110548403
-1.48213598734
-0.552160006953
-0.905457642815
-0.331025685303
-0.489146778413
-0.686233993857
-1.86308788004
-0.571319054848
1.26300042302
0.196539104553
-0.825977126005
-1.47081103045
0.417783907966
-0.777997698797
-0.0856889095033
0.673399169814
-1.73734850975
0.191819558403
-0.237326703855
0.636693839834
1.31292985154
0.708777168128
1.76871735467
-0.528043306347
0.881507323397
0.382834116916
1.43022940039
0.834732093808
-1.01556701866
-1.04540126695
-0.31623273382
-1.31100471452
0.929307849575
-0.803644485873
-0.401537975352
-0.0176685241066
0.411749189001
-1.43752138177
1.07189821704
-0.111040386307
1.18124652528
-0.0727515610769
1.09771809256
-0.695834182376
2.31300793739
-0.424252260568
-1.32739525664
1.39217696662
0.260674334522
-1.02394069071
1.01127655035
0.99914207067
0.301773019509
-0.857550515694
1.43753565143
-0.246644203374
-1.7446762865
-0.0872582934796
0.00600628507062
-0.785088059034
0.227613388243
-0.105518272764
0.253550554664
-1.25469650538
-0.3266857808
1.09098513705
-0.0714652153806
-0.0840191678767
-0.271584611884
-1.20010913423
0.188099151282
-0.611123678194
-0.348586373225
1.15000009544
-0.139801393527
-2.14936192946
-1.21053544826
2.11252318073
-0.59328024625
0.896542645757
-2.69193595469
-0.0207169821232
-0.889900694109
0.150300655794
1.51991724003
0.0159961521852
0.21219396739
-0.965614184267
0.91156270347
1.62236190593
-1.3765164454
2.00348031722
-0.679056408876
0.245711472253
0.608672748614
-0.896285555487
0.313977113488
-1.54027063289
-0.833528672098
-0.0908104145275
-0.905434579283
-1.07988458588
1.15499249911
0.854921127302
0.0749349430652
1.1865989224
-0.281871605249
-0.753001159542
Score: 13