3
44
10
3
-1.24621843387
-0.572741966091
-0.528944136187
-0.556453080303
-0.858706685394
-0.794059603711
0.00941719604211
-1.34495822843
-2.05531441818
0.0626231443082
0.0701536535506
-1.44864320811
-1.66905062687
1.16454084922
-0.409226272427
1.07769430636
-1.09909905251
0.35099964703
0.266592617447
0.0854620218472
1.17164466539
0.448905361253
-0.035887568957
-0.042676163376
0.490666100902
1.30131988721
0.293793439827
-0.490462521239
-0.829278222171
-1.20431510246
0.0384819524276
-0.151866896733
0.39549887431
1.60115063728
-0.906063931966
-0.121302248109
0.377297155891
0.52517586349
1.02357036229
0.247150350273
0.47063915624
1.95178883926
0.383097565177
-0.81620782076
-1.70759166231
-1.08529526776
0.842676499282
-1.06154943363
0.285793830587
-0.534791718092
0.953627254566
1.44634569378
0.61331858274
1.80492463732
0.685338989015
0.0107502288891
0.045106971684
1.1302015622
-0.231395723231
0.947880153417
-1.23161398059
0.0162991712192
-2.01395669988
-0.677043095046
1.25022548404
0.798198613247
-0.0681044658552
-1.12874481823
-0.0463724726681
-0.555746878068
-0.625466061478
-0.20346374541
0.758781174282
-1.38029026189
1.93732331044
-0.244497604327
1.11593340466
-0.122399598827
0.0645221095763
1.46324454083
0.260786923677
2.01240509417
-0.40734401602
-0.487338072042
1.54744996139
-2.04468306884
-0.778393496258
-1.0870762957
0.524814751936
-1.13361443086
-1.57958603893
-0.790409627398
1.30870696438
0.584562445584
0.954363865164
0.172560256867
-1.31512813571
0.527837413364
0.0977194877989
1.16722979425
-2.18240199573
-0.527977087088
0.172004000272
-3.15348078233
-0.506734502213
0.200785277638
1.26525594264
-1.11444705284
-0.380544116782
0.0363536500785
0.202686631682
0.388092705924
0.0852832098839
0.858561260087
0.817041678821
1.30777453688
-0.301459832679
0.890463804542
-1.84258022193
-0.580220578355
1.44412847555
-0.877266005102
-0.756593998448
-1.49636672393
-0.489712336697
0.980117860854
0.34834489335
0.947502383487
1.44024249553
-1.5118190557
-1.55353400113
0.383285121297
0.284003182226
1.0680155002
-0.502563866361
-0.409658000444
-0.197557290559
0.032491671184
-1.03671958007
1.13947240254
-1.37151023018
-0.433119117269
0.278536067335
-0.693664815136
0.203963702643
-0.700643099123
-1.45570628803
-0.883760858272
1.07923444951
-1.63412132696
-0.309469785737
1.26267372267
-0.40215551747
-0.925912581681
0.234317073663
-0.192267295815
0.0340859597741
-0.547884894576
0.63713798481
1.40059971516
1.27550803301
-0.871373965408
0.360653675882
0.166432991707
-0.962892266986
-0.411468416842
0.130407587582
-0.00334657709198
0.793484929366
0.202765407403
1.54913236784
-0.0122147562645
0.710384007351
0.906273207801
2.11305595969
-1.67857382719
0.887279144813
-1.00074249161
-0.291047180441
-1.37239475438
-1.0804095999
0.79411670462
-0.392017826723
-0.460465976933
-0.702024392997
-1.28428000443
-0.661615224809
0.571093529547
0.714339631918
-0.246985146272
-0.046905176296
-0.765696535236
-0.71826712259
0.441574626893
-1.6453361994
-1.51764237969
0.0218849335464
-0.761155494716
1.27327045407
-0.865917247813
0.58482578927
-1.56213233117
1.49719656848
1.35084716706
0.706997910909
-0.521816947803
-0.209569393895
-0.335584903973
-0.268253561902
0.192277081438
1.24895657626
-0.32032257897
0.255029710238
-0.231013655114
0.894671033138
-0.570342847892
0.741100925365
-2.09302149951
-1.71973012293
-0.5802276889
-0.0386331604046
0.484132485825
-1.51812452244
-1.78924265604
-0.29961339276
1.67815365834
0.256040637451
3.16902725655
-1.28972494947
-0.556018392585
-0.27347855068
-1.11434990661
-0.216228174234
-1.1754583937
-1.05657239171
-1.1384736915
-0.936475791886
-0.343618475046
-0.7321939217
0.668304942404
1.11219428741
0.536889848813
0.0993958323633
1.19978901662
0.304497033366
-0.290550537331
-0.203962129433
0.256908329304
-0.638124715589
0.844105795457
-0.749455817702
0.411573562152
-0.244201725088
1.06957157487
0.930292978104
-0.877113529546
0.1238424155
0.80514592484
0.665000145202
0.103896459112
-0.453648026728
0.62986602662
-1.135935813
0.564046880884
-0.686402168746
0.0693865103433
1.05579233683
-0.859997597795
-0.188604010703
0.117488778816
0.0315976670583
-0.825770016347
-1.73308403349
-0.333801349461
-0.0549176009939
1.21671378306
0.114188878276
0.346489673413
-2.1709642932
-1.49562697967
0.801093671129
-0.954469707745
1.11957128164
-0.548992003338
2.04978504858
-0.0136415537451
0.708500756479
0.428475379602
0.669825755965
-1.9435954236
-1.11309091784
1.33629067628
0.24316040112
-0.503754489642
0.703154537258
-1.69121460378
-1.75206548863
-0.420617656126
-0.221652998586
0.0753894645517
0.73151109676
1.2942607918
1.05847729538
0.579982641358
0.805936565936
0.0332317449854
0.0683501341219
0.0123303607384
0.44288630532
0.39890836107
2.53374746
0.23520156674
-1.61955689421
0.746748625385
0.825401300988
1.49043715994
0.799728580929
0.206674267952
0.746544975454
1.88293179604
2.12619782067
-1.20287641646
0.110758314478
1.58934350223
0.835289335968
-0.272769133151
-0.0879880240993
-0.745856296163
-0.131634742467
-1.01868896719
0.309970323463
-0.218914207928
-1.00487233424
-0.700652269282
-0.256961742653
0.423762010284
-0.185532819221
0.703476918642
0.642528476588
-0.214148804033
-0.789343557807
-0.966015973016
-1.14050101412
1.46535146657
-0.8255905389
-0.777195320563
-1.1157524191
0.323300100015
0.0584052545776
0.994960938381
-0.00560633787781
1.37625552523
-0.0900613186012
-0.7100090897
-1.38110286727
0.80354899348
1.35833197615
1.09157702159
0.0891845557857
1.35920364154
-1.36930051026
0.770381836099
-1.20950766318
0.512373474748
0.0272798707014
1.49990509856
0.125567499459
-0.442751709042
0.753519114491
1.3604466576
-0.571797129493
-1.23545460267
-0.933336762282
-1.32478711869
-0.0503250228256
-0.185723672599
1.11457320904
1.61563744595
-1.751778411
0.933413907846
0.809697236778
-0.583520877612
1.17507624757
1.97279486099
-1.29678218308
0.560815507116
-0.155214224812
-1.51520784562
0.336944559306
-1.6179951727
-0.950628894458
0.22374551742
-0.278066601512
0.441776635206
0.443579906492
-0.158731735876
-1.30055436999
-0.352373736577
-0.62564267756
0.815813806831
1.83537227147
-2.01115009593
1.14126284052
-1.27194417152
1.75557388144
-0.0399438601762
0.133900186469
0.0761431269358
-0.00153166988258
0.574530748579
0.0573651891793
0.741398260073
1.4772135811
-0.601119189425
0.259233472975
0.905152577243
0.971542852211
-0.947116391912
1.43737013674
-1.19988399119
-0.126958228653
0.688674314527
2.17034123311
-0.0371827976485
-0.481929086465
0.799091042955
-1.5422984512
-0.467410052038
0.931320319075
-0.418061075173
0.17347729906
-0.0343194554789
0.350559333986
-0.56522806524
-0.190347182496
-1.60805402358
0.559641069036
1.24760117952
-1.57479194636
0.253850031537
-0.846465426374
0.232596165317
-1.02742838391
-0.958872648702
1.39383067922
0.548167735638
1.59084367706
1.56339027561
1.75127294519
-0.739041403983
-2.10786175396
0.172538873841
-0.125802051742
-0.236783033973
-0.691485824489
0.47169073439
1.23221829982
-0.731264398923
0.157965581749
-1.5533825285
-0.255901428741
0.656151385547
0.193117412061
-0.467624759527
-0.646873925914
-2.42778256801
-0.424230626311
0.698925535548
1.67548367742
0.286019730406
0.664025904487
-0.272201759445
1.32934668255
-1.58157103207
-0.475533857993
0.975255024668
-1.23177334385
-0.417890279392
0.230846001009
0.236682378655
-0.0609611029112
1.87740359798
-1.00346981622
Score: 1