3
44
10
3
-2.30263413983
0.484369428682
1.4995077158
-0.511863082648
1.22980976934
0.0493797672389
-0.951656597771
-1.00530850715
-0.546829447421
0.103344986306
0.165682741304
1.54054249065
0.895907393984
0.498640143989
-0.202678897284
1.35203898901
-1.04366277614
0.966348342376
-0.0966767336877
-1.38496136299
-0.317266591727
0.0461427878104
0.247405221329
-1.32102517787
-1.70600143068
1.57471639618
0.454821969235
-0.54102633335
-2.84597639827
-0.654447334681
0.287464408351
-2.17405353747
-1.09669814879
-1.69771705076
0.333940118914
0.374525575199
3.31614517936
0.560203498023
-0.525053798338
0.113276781907
0.0821482004325
-0.0101783436648
-0.601377134304
-0.066397904168
-0.571568795567
1.09762500894
-0.356231921894
-0.113656924888
-0.346645737364
1.64455640208
0.468241268121
1.62788449271
0.155930843296
1.10222082581
-1.60962236704
-0.061428727601
-0.322360384894
-1.22600157122
-0.984404843075
-0.289433774441
-1.37763559202
-1.86071376069
0.4972249944
1.25826592696
0.688634454783
-0.526151647882
-0.478710160897
0.647799387035
0.981457709373
0.303869213206
0.299303032441
0.154670047934
2.15055357359
1.21304084042
-1.12342247784
0.0228274120303
-0.26914525383
1.31371818567
0.553354996623
-1.66417558603
-1.04479903303
0.978686510656
-0.409274608206
0.916325749679
-1.75230407515
-0.445455150788
-0.321989337679
0.103637856042
1.39697246495
1.3331783185
-0.0405939983192
0.0645912597471
-0.910429081318
-0.508662698889
2.61797062582
0.90542988757
0.853978485715
-2.21025978004
1.83383530548
0.869802737459
0.973921678125
-0.18442903337
-0.0655914318373
0.0931454117178
0.130281170614
-0.364650451618
0.111868919729
0.112355969965
-0.944535593092
-0.591304469985
-0.158329173863
0.563032999861
0.00179260247346
0.00841491156858
-0.476427480854
-0.76457457438
-0.360875315823
0.493952614116
1.39557847704
2.65198833379
0.788638795469
1.18356168949
0.495302883442
0.191556164341
-0.0115592059801
-0.59720096611
0.653844278571
0.519055190107
-2.08270738518
0.521578712165
-0.552107291619
2.03293825387
-0.572446941554
-0.62183974862
1.21864504394
1.06912282421
0.303123244991
-0.378719222115
-0.997246686612
-0.613778028958
0.381519474726
0.954752262811
1.34558786145
-0.777714557264
-1.40369791639
-1.1207361067
1.99874534962
0.627136364235
-0.263138081666
0.830751534706
0.415822770127
-0.579173376306
-0.197100841591
1.11001429247
0.134313137465
1.13032682051
-1.73425263547
-0.644049693306
-0.0952705630947
0.544288811116
-2.1698381168
1.49383501146
-0.102967336853
0.540434626451
0.623819718594
-2.2160398578
-0.342677976962
0.71649267077
0.902222246861
0.282680739247
1.29568479001
-0.573302364179
1.11397362295
-0.817402292654
2.51429370838
1.0196177537
-0.0275254030525
1.49689220645
0.433218884012
-0.813813906011
0.650204945189
-0.340546240297
-1.29983696599
0.906165296433
1.06165589884
1.17973794664
-0.925688446738
0.0820254518547
-0.0282810805861
0.3513647188
-1.71356846169
-0.909520504922
-0.165068636147
-0.275231820197
-0.29421370264
1.40710934964
1.57187371482
-0.976500325634
-1.32392449982
0.480659682192
0.295031763401
0.751028667063
-0.469723754059
1.17858761138
0.480898049326
-0.0476020228547
-0.862251404861
-0.823214575285
0.60415876324
1.06955803613
-0.123204316537
-0.460290645824
0.685920818687
-1.49677996227
0.327241514339
0.200141414846
-1.10116608146
-1.33203770461
-0.831925853899
0.89096840134
0.552582036574
0.284110582849
-1.44113340332
-0.479918312795
0.425259906971
-0.331189167709
-0.382667972871
-1.15519625712
0.783281586032
-0.912673479763
0.324175039069
-0.465752859299
-0.337638373689
0.827218199597
-0.392972456114
-0.915985563999
0.0501521872497
0.712317288378
-1.27984817193
-1.49144222585
-0.804835295874
-0.902425484642
-1.3230317168
0.785407024221
-1.18220363961
-0.413596444059
-0.498284066304
1.05777357126
0.827913083047
0.686551623202
0.554636911277
1.01270635261
1.38687109663
-0.257782707169
0.024784562615
-0.642764404567
-0.160206895538
1.106990238
1.37297725761
-1.32424390275
-1.78554197289
0.764941052588
-0.165268429883
-0.396442525344
1.46267651387
-1.15811681787
1.84379303999
0.143764726071
-1.18923286617
1.35551111576
-0.916493035939
-0.129291005288
0.257227194669
1.2263304785
2.54297505236
1.08205094901
1.95300193257
0.154719548139
-0.142354357488
0.173792254803
1.31339138099
0.0726351746464
0.805329247869
0.067605904718
-0.342476856728
-1.30973226173
0.794040256579
0.917110827089
0.140773498225
0.876856609265
0.914291842514
-0.354797198585
1.90953184341
2.30939216997
-1.97317480161
1.03008303371
0.27289492507
0.0454937254135
-0.688152518251
-1.61910195558
0.264167754907
2.36963728431
1.14740713607
-0.451388938509
0.528373651719
-0.546388242995
1.62897525619
-0.422288300369
1.54761002339
-0.436371194357
-0.0019374987186
0.984842912248
-0.0877314881535
0.728223583665
0.0870859721075
-1.3757157458
-0.114521633321
-0.0377514170827
0.761946198805
-0.967153935713
0.678417602478
-0.491078726476
-1.73337044356
0.604450615368
0.633336497757
2.25324774169
0.267497897822
1.05620159945
-0.333568538514
-0.490641117772
0.208377544238
-0.67983828407
0.68765388141
-0.414306104068
0.0169955208321
-0.928235065135
0.992776062614
0.576607307095
-0.149689659668
-1.50031445582
-0.0920821944213
0.19727391415
-0.419830206779
1.00010189152
-0.565113366941
0.542082597201
-0.366707341988
-0.367843119955
1.34858711937
-0.37661970816
0.37580591092
-0.492490460209
0.359672497365
-1.15888489144
1.05811588685
0.315658977205
-0.118564199409
0.577252394871
0.277831440008
0.503241504074
-0.265762334213
-0.189379105578
2.34241996365
-0.42956573783
-1.3493033657
1.04847223903
0.542166970162
-0.584072540408
0.595577042247
0.392443997829
-0.0983599812384
0.567436942444
-0.630556037963
-1.99345341365
-0.414484761912
0.108203748042
-1.00956765544
0.178681187666
0.162187081676
-1.04680371359
0.312510556169
-0.628092946964
0.399595535884
-0.763932712574
0.375043529912
0.610023531609
-0.794408572159
-0.924298859159
0.405517942336
1.05911915184
-0.576964059014
-1.59215172584
0.10433101065
-1.12634303468
-0.826652284301
2.12838361706
0.440526600847
-0.0905600532611
-1.01446624202
-1.17652690245
-0.290851703141
-0.0968658179231
-0.914427176288
-0.31352251364
0.490676169519
0.320033877323
0.87987071229
-1.59693112661
1.67775665905
0.0220209397786
-1.25689456668
-0.460702164849
-0.041173586254
0.259722960656
-0.216395400519
-1.83966981322
-0.427409618667
0.369156233539
-0.60053749538
1.38430322551
0.35256688297
-0.225210310373
0.393178608978
0.740847963138
-1.02177625279
1.41040083956
-0.115037363716
-0.935139214514
0.673821086534
0.812110985724
0.865119031187
-0.355173677106
-2.15211019851
-0.596549899888
-1.21284005746
-1.20466349237
-1.61808240891
-0.977373766354
0.816910391649
-2.65458116275
0.225040713079
-0.876777208909
0.523639002172
1.30469210301
1.85435173064
-1.41630743295
0.286297831158
-0.104707571446
-0.514270070341
2.53243891921
1.71273736926
-0.180501805832
-0.202669898091
0.914117052341
0.150225236704
3.11156258893
0.798949114119
-0.912695833471
-0.255134176386
0.644581919595
1.25449067899
1.07559608591
-1.73412684794
-1.2574818402
-1.803207083
0.953663798722
-0.398362175505
2.02098415787
0.195606589128
-0.858861249179
-0.542193266127
-1.04502750485
0.955078688471
-0.641610795267
-0.351247760228
0.142464108946
1.23251894596
-0.0827326674108
0.0244280785417
-0.410367471583
2.0920537862
2.1844588073
-0.0506218674478
Score: 1