3
44
10
3
0.84647348434
-0.434941930704
-0.345622004406
-1.65882386522
0.48947284361
0.388413781922
-0.864291037123
-0.928629508426
-2.07492504323
-0.372053281966
-1.78064748711
-0.203549460951
-0.0622797886337
0.387092592526
0.922860726148
-0.591735900732
0.0100924406082
1.01108487481
0.899481327536
0.661662080003
1.4242715302
1.3168260928
1.69742989868
-0.65115508341
-0.876206990702
-2.54939716747
0.0606254090455
-0.680037380958
0.0383840830653
-0.427167588313
0.431975252322
-1.10411576578
1.02358343223
-0.220285607321
0.769492336782
1.29746192986
-0.9019422699
-0.341206145224
1.54594699517
-0.459861349757
0.129115365706
-0.952634888027
0.473495493168
-1.68895478494
-1.75419628285
1.46351588107
-1.11089789765
0.26019545349
1.18388934913
-0.117644836547
0.551420827793
-0.0799487486942
0.392826018722
2.08471273926
-0.600391387178
0.695474785718
1.41026358636
-0.418240792357
-2.48060261718
-0.262295686222
0.771794089464
1.06983451428
0.77250912342
0.659358543589
-0.992995974149
1.36444945631
1.18383398789
-0.957933720491
2.18715792055
0.762970101838
-0.0634031269537
-0.278784450336
-0.305865739912
0.479735591714
-0.998307298218
-0.636696243401
-0.198501782272
0.810263587702
-1.46910984401
1.27854226548
-0.0975683333914
-0.395261899831
-0.0750905350248
-0.401065975073
1.52479168261
1.25655949944
0.696099199232
1.3560570308
0.225251721535
-0.22264019945
0.276864426667
0.620201034484
0.102213026254
0.662031627306
-0.0151946080387
0.823506188761
1.97169436077
0.944483516683
0.251824634557
0.529625430101
1.15128276516
1.65250225584
-0.262337839653
0.213231142875
-0.670544287167
0.191608395412
-1.47321793472
-0.418107329573
-1.27580062397
-1.74551031492
0.300085428988
0.934382936078
-0.576604392362
-2.2371871938
0.934951335715
0.759483398077
0.0469944023974
0.101812167431
-2.22831133611
-2.34684253589
0.0432267406186
-0.303914199794
-1.88337554793
-0.645128453665
-1.21028723846
0.434191063887
-0.952663535408
0.196171475962
-0.512976011922
0.213325241727
0.0919945554768
-0.169241062854
1.95679708035
0.846999325018
-1.82055692905
0.218829440184
-0.689864486052
-0.130502982304
-1.27719295941
-1.54449586065
-0.604087842868
-0.575691851827
0.583195188178
0.989097181898
-1.2782480934
0.202391576122
0.786907244163
-0.584572392708
-2.23316270644
-0.350597618573
1.51251610748
-0.559773443195
-0.0568869390065
-0.415469504102
-0.383020436939
0.261759830449
-0.595967975825
-0.658592451731
-1.67135436147
-1.93211904438
-1.14194419873
-0.22369075406
1.43857130693
-0.255118564202
-0.288128824107
0.684834204781
-0.678247055937
0.377698243997
1.73032879467
-0.0411440265872
0.813068999256
-0.100201626649
-1.63533392255
-0.613326918033
1.56560644457
1.32570230606
0.759413785824
0.761237741603
-0.321421535599
0.802061147314
-1.26808265262
-0.0807024120913
-1.04112247564
-0.454396723622
-1.92815576541
1.24336953264
-1.04225343859
0.951344216774
-0.157350754907
0.338068626068
-0.929252686015
-0.689154503465
-0.128343821978
1.03812190534
0.649486893656
-0.576184258254
-0.514839584017
0.788978318027
0.388869022486
-0.94529949887
1.67588984864
2.54869733962
1.38447787524
-0.783529058366
-0.109983950427
-0.884827533656
1.04997086675
1.05238148472
0.196596593244
0.695935344912
1.19725031543
1.15172987489
0.684719758799
0.193402000435
-0.635612919561
-0.135761935989
-1.47711373283
0.35230136185
-0.158643540506
0.553561246847
0.437816001946
0.635053706596
0.887850897401
0.402168799461
0.737983939535
0.116254021075
-0.186895863713
-0.637276539452
-0.727839376994
-1.62898677324
-0.301620714698
1.38498272976
0.132083806515
0.571050464587
1.28262070857
-0.124115352284
0.452715958713
-1.04840655242
0.0550147362879
-0.505497674767
-0.968953036105
-2.07806601952
0.0230657534882
-1.74794554719
1.93821781848
-0.826098930501
1.10389537181
-1.05584810595
-1.02009748659
0.0278078282424
-0.34476653521
-0.148767692184
0.187414799809
0.820702956631
0.172062911646
0.785060822093
0.277159195242
0.0753313637194
-1.6229211789
-0.960019262704
0.226800047756
0.849682182607
0.686387640925
-0.154145505237
1.0610641356
-0.617256898044
0.430390971485
1.82354786087
0.273406844276
1.4177912961
-0.134569409626
-0.592198181363
-0.455899281747
0.743091588713
-0.522889175454
-1.78798769534
-0.424168942909
0.689858874281
0.0216923155442
0.184331561763
-0.405175012745
0.648914198059
-0.171930827835
-0.653321325398
0.531361240823
-2.31796641351
0.537129893394
1.262563641
-0.924457884269
1.67346065892
0.897713333024
1.51440688954
1.50019056761
-0.476455520989
0.834071440088
-1.07319364922
-0.445356911445
-1.69945834691
-0.387938798917
0.622232029495
0.0852268911533
1.52729364503
-1.12347642205
0.0155639214988
1.26459331902
2.227601814
0.24402323997
0.284301330656
0.593804181704
-1.81084535133
0.0495231372801
-1.28218116567
-1.75417930052
0.714178364809
0.922192229886
-0.523748666068
1.15068829201
-0.834520904828
-0.542955659876
1.25705057362
-0.342730484437
-0.134631046347
-2.0039703356
1.03780926348
0.229243755242
0.11035254496
1.3800564381
0.601494918283
0.676348292712
-0.27214287388
1.09017347305
-0.464453773774
-0.4989718982
-0.425245776588
0.069245104468
-0.576313848518
-1.66266409677
-2.25262730219
-1.11292504531
-0.675167791864
0.998528465534
-0.55997455224
-0.666659569772
0.32849907158
-1.80106274326
0.227409074449
2.17341735415
-0.633377652256
-0.0570617434512
0.944084263375
0.402383828253
-0.628283486529
0.807020964522
0.910012080386
1.28165956765
-0.293615845265
1.07489322629
0.360709590637
-0.0595614262093
1.3694482738
2.03131712209
0.706148234901
-0.606479717559
1.43080702035
0.866968547743
-0.398743956875
-2.15251479059
-0.189442397513
-0.476820772228
-1.21042069144
2.38322333841
0.674254300352
1.05467188977
-1.62602007083
-0.423302682597
-0.644441835639
-1.06495286585
0.0858508609355
-0.00983841908735
1.25212249523
0.633450720152
0.832572175805
-0.796598188955
0.163260224617
-1.094209624
0.407920986623
1.34748319265
3.15980473929
0.0964294855337
-0.600393742523
0.959699670714
-0.979574942422
-1.17143970843
0.291285802078
-1.37081621789
1.18424115418
1.26030927063
-0.70365699808
-0.429920132558
-0.0155960810156
-0.504343951478
0.821867362052
0.724912249783
-0.378995480232
0.600712179192
0.427326336567
2.08534954116
1.43190556851
1.02706873431
-0.626272191246
0.275386600077
0.172847469657
0.357573494922
0.202360885157
-1.40715342085
0.809279860601
-0.0783076293289
-0.784634690656
0.787237533362
0.502040839273
-3.01245738761
-0.622768450498
0.147821049299
0.106788055042
0.319602473251
-0.137191532309
0.43892169659
-2.49370827037
-0.161990407786
-0.0621667420082
-0.821280268437
1.05940294268
-0.988842747067
0.507248453
0.00583707494201
0.79938303551
-1.09062842009
1.14673265208
0.434051818762
0.110433728004
-1.33755686689
-0.347802095043
-1.4461121755
-1.46165902384
0.609816932098
-0.89122941327
0.525501148293
-1.16290543785
-0.637487076554
-1.14540036028
-0.948619846665
0.556454199532
1.0317488841
2.24546279217
2.83912363791
1.25169377739
-1.49903695602
0.779216827356
0.24975161752
-0.608779063181
0.0222094296041
-0.228156123025
-2.6074872649
0.386354025925
1.95216335582
0.162515185563
0.997030039354
0.947003990698
0.113445303198
-0.487760692509
0.139439335655
-0.0604496978391
0.017104331777
0.449165737631
-1.02127848019
0.112420998799
0.127828232325
-1.27112787504
0.453606673494
-0.976734211741
-0.88701985606
-0.00789454584302
-0.863822212852
Score: 1