3
44
10
3
1.55447410325
-0.915262964624
-1.39381619054
-2.23745090256
-0.696090679057
-0.633976496025
-1.49639236527
0.118990145268
-1.93909445302
-0.251289707097
-1.16820895347
0.41452626266
0.674294715833
0.0452895664976
0.755964449849
-1.14168277353
-1.25675710293
-1.53150154433
-0.112457364056
-0.864226899701
-0.694130666441
-1.14562501256
-0.758216972683
-0.665914667863
0.351552503493
0.0989368859695
0.879558756193
0.443623189526
0.11355653045
-1.17171882234
-0.295240023555
0.355329993082
-0.380730236299
0.713481334935
-1.08657270666
0.545554772115
-2.08025478002
-0.536852518086
-0.947471953523
0.431687615281
0.265623839458
-1.90653708213
0.675915074368
-0.205506598835
0.0744857788273
0.281777997972
2.2740123097
1.92601959326
0.0218485975514
-1.42520524063
-1.92220237207
1.1284159045
0.63197665838
1.11869489223
2.26974114935
-1.82941925921
0.173655829216
-0.0882100169688
-0.0974421040387
0.234016993303
-0.923393225836
0.829093092764
-1.62276379839
-0.496290143761
-1.59825007064
-1.15221365405
-1.23915647372
1.20339362863
-1.79664342434
-2.1946593333
0.24347480573
0.816262935703
-0.118417350772
0.891010593921
-1.4493077994
0.0602077741714
0.784994958129
-0.0728716105204
1.57844597611
-0.481871570983
-1.44000613971
-0.0447953781111
-0.665587500055
-1.29880784858
-0.00102100315655
-1.12287575479
0.152613112898
0.997700341292
-0.617986307159
-0.432655174914
-0.0372571116288
-0.541729765286
-1.1152832504
-0.182418849598
-1.21681148083
-0.134701028183
-1.04881062668
0.378438016437
1.85714221969
-1.02502421355
1.89087110293
0.647287562708
-0.119337666242
0.547676496101
0.797220136777
-0.32115714833
-1.59124703996
0.286790853472
0.628729790202
-0.846376416037
-0.016863469757
-0.214042223542
1.57748333655
-1.12322430645
-0.719869765322
-0.275801638219
-0.807328628952
-0.794690225608
2.1390646408
0.510408669245
-0.447767345036
-0.156932772763
-0.857935113295
0.724987171098
1.02858306034
0.0497696951856
0.569945748843
0.507224365067
0.794594643471
0.81758131495
-1.37413173935
0.860469042569
1.57937100822
0.575652936049
-0.843221384059
-0.499732349645
-0.0648915089539
1.29879898899
0.23439373053
-0.866631975092
0.716284451185
-0.0129269196874
0.519929921215
-0.577373660686
-0.63534675107
-2.80590363269
1.17418712291
-0.69092122215
-0.324714336407
-0.271390735477
0.34124091768
-0.423269125959
0.19650780279
-0.554559641356
-1.21548719346
1.41180371496
-1.22398286454
0.575163325699
0.326961671186
1.24400928495
1.22203754525
0.77105932497
0.432097079551
-1.00657555973
-0.0478279993579
1.10721749886
3.09963821262
-2.01031920814
-0.308715232022
-0.0666340095235
-0.76299666887
-1.55593028818
0.736948470129
0.038989929773
-1.3286399234
-0.594375943727
-0.886801124232
-0.494737083881
0.949569427514
-0.711785407742
-0.206485363033
0.27835234862
0.556559667967
-1.16246207272
-0.138644625247
-1.19407686393
-0.549070340925
0.355047282193
1.83592523646
-0.239133714202
0.646249773975
-1.56201814427
-0.335457138225
-0.225590077463
1.42441303381
-0.37439779306
0.33346738277
1.43909648043
-1.52900937882
0.317370013321
-0.683462063951
-0.534759650454
0.724859993968
1.53363628002
0.794562711251
-1.1993652625
-0.369928656498
-0.858550719071
-1.70889211072
-0.861365305981
0.182474788918
0.01645604492
0.267296144949
-1.19026563836
-0.841295152867
-1.66441616569
-0.333731107019
-1.35863378508
-0.208367035841
-0.79408593691
0.843224086785
0.611154324119
-0.682968535838
-1.09827724433
0.882343802432
-0.575955557024
0.780387547032
-0.817606392273
-0.64221490541
0.122576883049
0.404469906915
-0.8901343964
-0.663418985177
0.600474868539
0.605653633247
-0.149152601571
0.334750248872
-1.76537237412
-0.36293330345
-0.349386113711
0.812809585576
0.96460610034
1.55417041924
-1.84441101593
-0.694345072069
-0.380781361746
-1.16958843716
-1.23903301326
1.21512246736
-0.200811758023
0.136731077415
0.465300735884
0.0686644377453
-0.351329483857
1.08438760601
-0.530354024258
0.252600750659
-2.19393607442
-0.946423222669
1.84056139955
0.655653752774
-1.59461822322
-1.05321797887
1.25974673317
1.13436318563
-1.23645383037
1.86954879944
-2.1530524019
-0.108685326137
1.58720500547
1.35330267485
1.29989110519
1.59352677397
0.335654639845
1.28334127946
0.330300272254
1.52406943896
-0.204438493068
1.0632207986
-0.765722440921
1.59817289228
-0.906871100161
-0.461872224156
0.136671854315
-0.70920822937
-0.722103203879
-0.158737971539
-1.05218389119
0.5847625246
1.10513671235
2.14170073859
0.0635926952588
0.11193235638
-0.128234708489
0.122545862779
0.181478528686
-0.203636899655
-0.165081959034
0.698718875886
0.5293999001
-1.12580229664
-0.241166180105
0.435669253292
-0.333177918681
0.1408984224
-0.7035442491
1.50494227843
-1.1894599079
0.225896485834
1.61050394884
-1.90248038163
0.204299643344
-1.23133830198
-0.172287453096
0.174183433634
-2.05335061618
0.83466188951
-0.559470614086
-0.228765635035
0.444125843983
0.176709909107
-0.963421602362
0.500376958131
0.0239218526541
0.403279945632
1.67566861333
-0.269116712158
-1.04182386661
-0.27656462856
-0.822836863686
0.773452058338
0.133008828462
-0.459773892296
-1.55462434198
-2.75047357085
-1.1713116585
0.777714434643
1.98722096071
-0.37560182384
-0.659628060173
0.477796007751
-0.293361440685
1.60129024867
-0.232899595144
0.720397140297
-1.50176291858
-0.4274054585
1.20850896542
0.00377540154635
-0.0897537086056
-0.674214945999
-0.908053999115
-0.330654452527
1.01721359259
0.695320897038
-1.27767596653
0.817819426138
1.06508541045
0.388986132978
0.225558929639
0.117398458225
0.378349475467
-0.831420972744
0.116476724669
-0.17825427683
0.371271029045
-0.448670185083
-0.11546525184
-1.56420406819
0.883561293938
-0.347796181623
-0.364744771584
-0.590779339918
-0.490653622862
-0.721802036619
-0.191489700326
-0.669092575535
-0.410618155874
-1.24231896423
-0.052587771158
-1.73215980925
-1.17889692179
-0.850857401086
-1.03814190223
0.869007171402
0.166698444023
0.281816772213
-1.08571643255
1.3704658755
0.541601226708
-0.420620322413
-0.676948139088
0.0895519762429
0.573967715305
0.369051513374
-0.162586478859
0.536777872978
0.144523093947
1.39435839174
-0.560384582639
0.405495842215
0.933259999017
1.76263530415
0.362523429224
-0.0755406234281
1.33222975031
-0.212330803153
-1.02149076284
0.627403211457
-0.587306951405
-1.07893898625
0.37312220033
0.221867077903
-0.596726979822
-0.423265622115
-0.0709872437238
-0.654938743348
-0.476960094827
-0.0521449040804
-1.47115846977
0.0424245100705
-0.56432134135
0.73631111883
0.588201883407
-0.0469600653896
-0.479072681573
0.191388072497
0.840090800319
1.75901197067
0.946342508911
-0.214666704807
-0.309909896605
-0.603451053787
-0.362393336873
-2.03812903576
-0.676393406284
-1.59996704167
-0.795665807923
0.527102352326
0.984274170785
1.28829053227
-0.312842121581
-0.63520725241
-1.25761783692
0.0707315832961
-1.71585418222
1.18902595779
1.45004485619
0.225548187084
-0.323905546129
-0.365531937909
0.92757985755
-1.19462094442
0.278185739089
2.066392651
-0.299477946241
0.347208790013
0.013346056975
1.68753343649
1.64029135399
1.65612382186
0.270555218553
-1.10707708548
0.363349485402
1.40949628442
0.409725434932
-1.2005508351
0.0528345121138
-0.0256241502667
-0.00390464019088
-0.794744771497
1.54705710199
-0.851544426331
0.484542030989
-1.24826142916
0.52474014276
1.75516940885
-0.245954449722
0.628007057095
1.91860112609
-1.14473195959
-0.6365224072
0.0128552410804
Score: 1