3
44
10
3
-0.212647280801
2.38220227854
0.318475690023
-0.617607038805
-0.0194242977944
-0.122920612872
1.34412756396
-0.589721473913
0.33283001543
0.756962754366
0.395098096763
0.80838587985
0.557255931516
-0.512318162791
-0.0021947285884
-0.635745504255
0.221629807208
-1.08365236567
0.805213599687
1.50765485479
1.60507685987
-0.108873388478
0.34321233543
1.36907694859
2.26092956621
0.255503704104
-1.66640008972
-0.695297441785
-2.83306751928
0.778035946478
-0.465177043752
0.584783976484
-0.148849510764
-1.29393001905
-0.081863265551
-0.122343375459
-0.79526697786
0.183699009235
-0.204989139334
-1.03963725323
0.117245938996
0.557946410834
-1.27677717411
0.592088775671
0.719333428922
0.467407544505
1.1891212198
-0.824124465737
0.180687340625
-0.206043568765
0.637061651587
-0.562758584346
1.52570046373
-1.41170632147
-0.593309733973
1.17878548789
0.113333563398
-2.26236329303
-0.725264643188
-0.308128049462
0.44618955743
0.177404571645
0.594326039005
0.0790590103094
1.3159957161
-0.359288858427
-0.00191833369671
1.1968548665
-0.872541627476
0.467542628861
-0.215664889765
0.0697030962582
1.27372455035
-1.39634719861
-0.518989037001
0.303573013664
-0.267829346583
0.957549910337
0.621805164945
0.740932269576
1.16196982043
-1.43912375116
-0.226392224521
0.120907895353
0.285531535786
-0.355114004535
0.370065995068
1.14743770074
-1.38204850363
-1.82031698669
-0.805078179461
-1.34562163458
-0.587475754946
0.822042928266
-1.42939494292
2.36566001303
0.0265667583006
-0.358952340839
-1.58499840372
0.780066358118
-1.03184578198
-1.43104615978
0.105023030043
1.67641925522
-1.2378690084
-1.65604801169
-0.351227555746
0.757348613285
-0.965824336167
-0.0531831982939
-1.77554853512
1.77807378962
0.00485216452164
0.243048409482
0.314570561365
-0.575988871951
1.71404131406
0.989050766279
0.739371399994
0.732978611189
0.0345252808039
0.330214069094
0.529159830544
1.02748231019
1.23830102718
0.179033970011
2.17270798263
0.116066431805
0.170132393893
-0.936161851179
0.673129668784
-0.645739353257
-1.5903249612
0.636826128427
-0.186287219543
-0.409571103927
0.0362772003507
-1.098375688
-0.77085906445
1.40122614655
-0.674564543666
-0.257022520188
-0.5728942162
0.796355735652
2.07891989578
1.2952451621
-0.325382055595
-1.08748013582
0.358737153408
-1.97797001098
1.31998827397
0.696184454348
0.828104622644
1.02168206757
-0.125871133125
-0.274297219117
1.10120522368
-1.15568087218
2.55848195316
1.35544748313
0.287454463912
-0.0675907289778
-0.729785161977
-0.907998260126
-0.948441964859
-0.371487365306
2.2131277908
-0.21287886491
-1.17757327168
0.249635060258
-2.63526248434
-1.75650347529
0.878710750383
0.441340332256
-1.16385528946
0.559951330442
-1.2568620833
-1.63503045219
0.153833171585
-1.13596313504
-0.841872233774
2.82686034518
0.592890091836
0.410685864421
-0.429328878342
-0.605913015255
-0.290329804466
-1.28992226184
-0.880174298399
0.55188095751
-1.396859056
0.730468644249
-0.678290138689
1.99047438511
0.321336995929
1.21891505947
-0.136208477042
0.407657315618
1.34823825643
-0.794083555886
-0.125828520763
1.98569539694
-1.64248227229
1.68145697762
-0.694749229781
0.819419454637
-0.584514310786
0.495215169312
1.92326896895
-0.269541532706
1.44103480069
-0.125982173405
-1.1166771973
-0.11040239646
0.806962855624
0.117295123101
1.49045220954
0.305096832006
-0.791314341566
0.499412777276
0.0238785199546
-0.156316806995
1.01769910862
-1.30593184491
-1.14414342994
1.65393176463
-0.840897436632
0.0369583249071
2.20327996794
-1.15639105157
-0.508983110644
-0.149929343735
-0.0621023202072
-0.218166820997
0.21790057527
0.599035591727
-0.995447107185
0.926879708062
-0.0551514277193
-0.326001752929
1.00896111882
-0.335388338782
0.565009952909
-2.21968878999
0.828792052534
0.31710204214
-1.37225517984
-0.750891790863
-1.39577147097
2.1772234822
0.0961307394745
-1.40090020272
-0.50954811149
1.55761261269
-1.70450717728
-0.183076126216
1.04043825213
0.681730545682
-0.356109712712
-0.782155408279
0.566341034403
0.175065542427
-0.0112592742852
-0.637465369502
1.48212930128
1.10196343316
0.143639720453
-1.12215438825
1.236938527
1.20055157618
0.24465810764
0.0321668395477
0.547147133272
-1.69354810238
0.243523893453
1.59596812145
1.16961066828
0.024092442994
-1.73953503329
0.660725220169
0.176763349607
-0.635274799304
0.497121107183
1.25780995012
0.665620361687
0.936867631235
-0.606632662199
0.712806619626
0.840354528381
-0.678151112423
1.22228507954
0.103920624452
-1.62250117989
1.79255757924
-0.885977241536
1.30278731034
1.54226545287
1.22849135973
-0.362505638696
0.899528096403
0.964909963836
0.298052394743
0.0604660904154
0.061145194021
-0.700007738068
0.845236432063
-0.539015319598
-0.130280477987
0.0594090077654
0.741118609799
0.836176702851
-1.65405972392
-0.835350150942
0.793123692166
0.395695679603
-1.55409078969
0.593331451308
-0.983650375917
-0.179285940711
0.121456775847
1.09650551858
-0.0608292381514
0.62302184621
0.695259896376
-0.51537236069
-0.112322955988
0.0500180002744
-0.106602410725
0.561857691171
-0.837806794395
-0.395952587751
0.81074303612
0.604316806416
-1.11882232031
0.120403306977
0.380434174858
-0.839082923747
1.66862777002
1.74947843598
0.642523818446
-0.804650578882
1.53546300553
0.0585755290664
-0.78696298026
0.673941890418
-0.364206834092
-0.188547213253
1.64907230161
-0.837474700051
-0.448655999375
-1.27400209119
0.0602778343229
1.05125295321
3.141482526
1.17508510938
1.47037383833
-0.665678208021
0.259063007654
-0.43248893443
-0.0127707032421
0.581316704434
0.187182394448
1.04015286498
-0.0943006663463
0.961795822989
0.814509814694
-1.25839912808
0.470800130339
-0.159994871974
1.27012963338
0.474951042263
0.987895580267
0.764447374605
-0.602529138201
0.595402919307
0.271946522284
0.891096630082
-1.20152814332
-0.201527738876
-0.694194699444
-1.28270408897
0.593769539087
1.27006220368
-0.337414102888
-1.06445652624
-1.38197444013
-0.0685828204401
0.873027459419
-1.86864324598
0.0775259300013
-1.00432226
0.834480562553
-0.361311684057
-0.44218400448
-1.98095933451
0.324440037255
0.679092951442
-0.278749584859
-0.862268245474
-1.44511004134
0.691372232562
1.22795795431
-1.55573941503
0.70322213113
-0.0675040950197
1.43671449441
0.0340344103889
-0.255470387759
0.463447489595
-1.36926157883
0.0789084598736
0.0929126627662
0.739994733802
-0.878879863161
-1.77200141627
-0.0487856463504
1.84899886478
-0.496175249104
0.733931313149
-0.32582537167
1.09727907455
1.06125321789
1.55123569215
-1.14516584399
0.171213749253
-0.339201752034
-0.191172133392
1.54689065319
0.924227945026
-1.39583387138
2.14981531793
0.68685193054
0.152952267446
0.842240593535
-0.423452457458
2.10974041847
-1.73910220607
-0.598438640952
-2.91627103053
-1.80691841947
-1.73061864453
-0.785287036885
-2.46942147723
-0.278538041093
-0.0633512090971
-1.14614860888
-0.378103298767
-0.387921907145
0.32398252119
-0.321121092225
2.48510895135
-1.54078907527
-0.685214819017
-1.11267417245
0.587443937027
-1.29182925383
0.933150964716
0.282619192055
1.01613814464
0.193489014518
-2.20156715264
0.186839801709
-1.07718369159
1.74539373703
-0.0265286047854
1.05076539837
-1.23217877839
0.485800530144
-0.750427905908
0.641320950185
-1.40059168228
0.520068146097
0.458714909514
0.386820119946
1.4382011109
-0.154154725351
0.841969929162
-1.15696425336
-1.19562552412
0.808129766808
0.17600637177
-2.37638544565
0.249507494286
Score: 11