3
44
10
3
-0.11530010331
1.41026482706
0.307739173772
0.327778778458
-0.303940067648
-0.663842584163
0.109615666648
0.0736059234972
1.13257752475
0.928638845655
-0.284315630311
1.08181267367
-0.937370452711
0.120444462305
0.59166686736
-0.401120915363
-1.21120449915
-1.07463744374
1.13576757817
-0.121184196291
1.00702085116
0.434193986924
0.0658471600288
1.62362272463
-0.691652904769
0.120792609968
0.287410032594
0.960042272117
0.170452062003
-3.2181180812
-1.34368762137
-0.0237402089
-1.09201951392
0.0838574104874
-0.907569655194
-0.32935256061
1.34276470181
-0.520851874504
-2.66629350565
-0.73427218949
-0.75258854869
1.619296825
1.54532356262
0.419536219718
0.503813394073
2.17333194933
0.193920369986
-0.179539172174
-0.918261426723
-0.68766791026
2.15803661996
-1.19863892786
0.216754253777
-0.781526084466
0.0490593748203
-1.33306419728
-0.174491861195
0.0568519596939
-0.461750159085
-2.34050047481
0.444119616879
0.913897772511
-0.0117784206638
0.320114182441
0.760680904509
1.2977713331
2.83752049113
-0.417460530978
0.172036978607
-0.317895749938
0.406507743459
2.51567079906
-0.249247709268
-1.48441116574
-0.738750234255
0.62360653374
-0.378501583716
-0.286732148584
-0.637653681972
-0.43995197278
1.07560460834
0.720779568966
1.30792556311
-1.24749194557
1.29148637569
-0.374151583149
0.230657884417
-1.60832634337
-0.306671758248
-0.764492668872
0.685794818427
-1.83329743498
1.70270172659
0.964115770872
-1.31451621194
-2.15869474264
-0.216641723646
0.705796993278
-0.557375190062
-0.54265698352
0.945069948564
-0.446689615263
-1.13617853777
-0.579766940524
-1.09755929642
1.17050143544
1.9617213606
0.203928998037
0.159703570305
-1.20036064302
0.914998356915
0.778778604275
-0.918802542205
0.747332744846
0.544860632112
0.658113014972
0.308044963511
0.735410063786
-0.0116680616861
-0.471577213731
1.17935277161
-0.14279784301
-0.313366308751
-0.0144205364917
2.86381618173
-1.45947206002
-0.152732383995
-0.408369641195
-0.364156767751
-1.35840975054
-1.72364407097
-1.56679946768
-1.39414715716
-0.482622747633
-0.447164925048
0.941140470253
-1.03508470959
0.378217303691
-1.03742729526
-1.42931781689
0.784895472759
-0.179088051428
0.569005931106
-0.550717526873
-0.478077257975
0.830591511083
-0.128973823867
0.0701881223708
-0.0201880408664
2.01336147924
-0.0560359248839
0.217702937764
0.2372737675
-0.58093135446
-0.421711470432
0.54081893016
-1.48610480884
-1.10242644124
-0.220228957137
0.605768273588
0.563471648149
-0.998886229215
-0.606782280886
-1.09023186104
0.122136486527
0.677471974051
-0.112624008473
0.63237032072
-0.685322663213
-0.525332078372
-2.22757068554
1.12793133307
1.39148292451
-0.634978841849
0.829443845205
0.688602658106
-0.0107020032013
0.261575224989
-0.493439073491
-0.754658980223
-2.06049765149
0.554032116801
0.123965940198
0.678941941817
0.124198632307
-0.133022224614
0.0229687210524
-0.344724058968
0.150597061344
0.824905019721
-0.764029994228
0.810025595187
-1.16337319991
0.221999256936
-0.152856929002
-1.41616955925
-0.846487930018
1.18622279013
1.86784808871
-0.144079656984
0.117780946332
-0.458321365871
2.51331039443
0.496228149299
0.975104609476
-0.264950733555
0.0279426076472
1.22864077487
-1.39883084601
-2.07182604274
-1.60761329791
0.91003772163
0.182547397105
-0.746156169934
-0.417662152488
0.374525194035
0.112129686297
-1.07045466213
-0.849156367955
1.62499738038
0.265404299373
-0.320130953394
-2.35547540097
-0.726174176893
-0.368466221069
-0.836417119426
0.240497896577
0.923565606564
-2.49317170139
-0.0778583509744
-0.699435626814
0.753082006968
2.06077869778
2.99401670206
-0.44866640578
-0.740668998649
-0.0529149861463
-0.291614024522
-0.513478354379
1.42127918831
2.06215212944
0.174897934713
0.316867346126
0.264285779279
0.634271298778
-0.829755075719
-1.20275066097
-1.19141109726
-0.773312346985
-0.480703170045
-1.02116555303
-0.971685715934
-0.257347825632
0.495123243408
-1.82727976467
0.39005139264
0.561981851556
-1.00341485845
-0.134857105293
-0.434547877906
0.320962117361
-1.91305665181
2.02763157928
1.27449037977
-0.857198327291
-0.62552676767
-0.308309938028
-0.56666552503
0.407188930336
0.873217979994
-0.948485247542
-0.418497512988
-2.27441350628
-0.0278590918197
0.70197846928
-1.47901536423
-0.259729519362
-1.09028530647
0.968158859795
-2.48237050325
-0.0477434262953
1.24712961815
0.228894567548
-0.325179105583
-0.34896203419
0.992203034117
0.00593653798836
-0.60665790245
0.814678862441
0.844016378526
0.918807953195
-1.5119399824
0.788750171734
-0.396393283057
-1.01476685001
-1.20074624229
0.0243531682054
0.0488805796874
-1.7028955017
0.324190663271
-0.024247698615
-1.03585986212
0.111185564274
0.5533667771
0.762013446276
-0.646052758869
1.34005965641
1.23180146145
0.6082111677
0.489839658012
-0.658797441083
0.0724377804322
-1.10689166902
-1.35643945982
1.42688869059
1.71919791162
1.32893414031
-0.705432015507
-0.836892799987
0.480323720885
-0.502971917511
-0.290622649478
-0.221567762393
0.756237521099
-1.10848144475
0.508657997428
-0.985658814547
-0.0997149912744
1.57674870522
2.53289049509
-0.601703452666
-1.3965315962
-0.233780347272
-0.620882609088
-1.34264336099
0.510561818182
0.847007026722
0.567136832456
-1.80901593874
-0.504767948651
-0.621320564227
-0.962198291992
-1.02809548069
0.391252358549
0.522623238448
-1.43980439353
-0.420587722576
0.313763814915
1.32994790369
2.10362323421
0.32376945708
-0.665584753811
0.855840400586
-1.68427183136
-0.757753301512
-0.451219932159
0.271146153895
-0.0409123888284
-0.416730224175
-0.89720478521
0.810643658723
-1.79348909946
-0.654700869134
0.676618916417
-0.397498337688
-0.459758524618
0.543071750187
1.55329869262
-1.00668971186
-0.886183455184
-0.995299728056
-0.328592489217
1.04637676157
0.0670315661251
1.23047708321
-0.610017830266
-2.24478026576
-1.24379743461
-1.09076330382
-0.246435137387
0.0138660272786
-1.39702528463
-0.642581143458
-1.62734302701
-0.221130120532
-0.243724196108
-0.886912215636
1.22659069091
0.217364891467
0.626944135118
1.50951138317
0.763197128711
-0.292317244677
0.515012608707
-1.37872069554
-0.102203873877
-0.470941314551
-0.779563618093
1.44215173792
0.052956841627
-0.162386901404
1.15723041979
-0.421344571845
0.970763793823
-0.622836612389
0.180651333869
0.453322920608
2.06213488062
0.287990463801
-0.638338177317
1.02818017876
-1.54929254635
0.899849610978
-0.12562821573
-0.652101541068
-1.90087312574
-0.773595498162
-0.132712391434
0.454308972801
-0.294329861395
0.108886681527
0.696844641494
0.540455724694
0.21551641656
0.612134707266
-1.0408571438
0.749053012432
0.323194765413
-0.570628363481
1.16936895536
-2.14221707684
0.489717678338
-1.33034442539
-0.803138956643
2.62417438031
-1.69847150603
0.306944473964
-0.358696652005
-2.0189457282
0.00875723902543
0.0629355219801
-0.743591211809
-2.46407711351
0.379145999641
-0.900082484083
-0.0418851169347
0.101156798062
1.48433084411
1.17225912724
-1.58055632835
1.59556686476
1.39771790565
-1.41136027564
0.774504516268
0.161604888677
-1.30630141476
1.04084500512
0.529324878594
-0.999172997811
-1.37972795353
0.816445839129
-0.510118556745
0.00681943582011
-1.22496080879
-1.14320424463
1.08044298742
0.202051233379
1.49714533554
1.00720230745
-1.52174657593
0.185788071765
-2.5310180779
-2.16354131906
-0.415284290696
0.057699704819
0.560783857985
0.299614197521
0.37575705364
1.56990269899
0.586287868858
0.764214519875
-1.28768143652
-0.494567901146
Score: 1