3
44
10
3
0.133081285504
1.61691639595
-0.543704708943
-0.797605287045
-0.526528934331
-1.55116644154
0.0525827604422
0.702037361602
1.58694577671
1.54523908978
-0.924579656248
0.703620583929
-0.105199626596
-0.940474128209
-1.69402601775
0.115928718427
-0.179296778021
-0.0799782134646
-1.04135709473
0.872450959404
-0.155362937297
0.929176559825
0.622765165114
-1.01802169344
0.31729206884
-0.315720834101
0.369554100337
1.38049967472
0.900679064013
1.04629445751
-1.72048995023
0.418759768858
-0.715063271826
-2.01691538399
1.30558426287
-0.167721189339
0.0984567854379
0.543128249223
-1.3281131267
-2.2842985535
-1.05030245559
-1.62917007518
0.0577960184897
-0.106401073954
-1.28742290884
0.378235677794
-0.839007504133
-0.899501606274
2.5146512975
-0.725542751006
0.584402126491
0.238721770165
0.200012580196
0.78157955326
-0.843970070545
-0.131968096955
0.963500414232
0.0921052625268
1.63040565185
0.306145278869
1.00954203214
-0.903014191965
0.595996718157
-1.28684130607
1.33881798586
0.391786851416
-0.0651633186467
-0.790262522741
0.30179464963
-0.336966627067
1.29203870786
-1.75760069362
-1.37938111558
-1.16227077158
-0.328796514515
2.05856512664
-0.61735994414
0.110221547978
0.44703117163
-0.270972094952
-0.3963442535
-0.414972262576
0.828176638905
-0.197178354697
0.129922531198
0.255745107154
-0.961348949691
0.700011157678
-1.02352607417
-1.73933661456
-0.166155708997
-0.77043469259
-0.000887506187453
2.00689428455
0.171045517905
-0.782140471785
0.49605917429
1.61933156141
-0.119618524373
-0.111720534983
-0.395807758965
1.4806459404
-0.556612486969
-1.34105800616
-0.907486902835
0.0701274365172
-0.0576250667482
-0.446975412789
0.958296493523
1.33163434065
-1.45650633631
-2.63295527846
0.303172238331
-0.961244951229
1.63083941099
0.856751152562
-1.67772483263
-0.999892140918
1.0893321552
0.0850381529263
0.319057371128
-0.821136185137
-1.69980678109
1.15952386633
0.347974414345
-0.171853562802
0.521168811609
-0.711752798976
-1.02674743119
1.29562951545
1.39172025241
-1.33495468985
2.0227992211
-0.859558008854
-0.485485354075
1.28510442492
1.34711884187
-0.682637963831
-1.599198582
1.11782342494
-0.683183968137
-0.145450395457
0.926479353139
-0.486717495304
-1.50366194933
-0.963764804524
0.750997810344
-1.85132286718
0.551320983467
1.42793231991
0.796385299808
-0.516435195549
-0.989906015057
3.10280463761
-0.119340161192
0.771805748587
-1.55252662675
-2.22708771352
-1.28871927617
0.197867842518
0.777133673417
0.598242697192
-1.18363179954
-0.175985752807
0.63901408899
0.232322879151
0.845419048907
-1.00525522856
-0.289783484675
-2.19568421491
-1.83927252223
-0.88031276096
-0.414988669919
-0.187853065191
-1.30697199122
0.0350477597222
-0.988158749224
0.0776325190223
1.9934903641
-2.50042884233
-0.581392672518
0.025857902901
-0.215194089329
0.792863146188
-0.0772328336524
1.46419003346
-0.264287963476
0.392795121982
1.27718443196
-0.649461353833
0.348199455381
0.206139470724
1.21345767489
-1.09900738027
-0.293087311252
1.30386961509
1.10967991187
-0.541294937712
-1.96259332627
1.14047370051
-0.813382380228
-0.191884205063
0.0520070515799
-0.878910432264
0.285165060306
-0.656624718732
0.738256917206
1.07757198974
0.0196812682779
0.661292938049
0.591856836034
-0.604290132526
0.226597517258
-1.03843314666
-1.37313702639
1.59199519317
-0.722066885501
0.681982698514
0.206843389656
-1.0178912115
0.0970357889312
0.956316160065
0.33011840537
0.551358952376
0.776467510687
0.407239031886
-0.424596487908
-0.984623781776
-0.0118695042329
0.493427687832
-0.943339394318
-0.365124416104
-0.454160649698
2.0925282338
1.41928516615
-0.935647198518
-0.90065695169
0.438722013874
0.178851401378
-0.329472044582
1.46751598308
-3.08796931655
0.617015761735
1.25011780667
-1.51952416397
0.5038695848
-0.951428544156
-0.249327093948
-1.6963386991
-1.12910535041
0.114212193683
-0.422384151736
0.739787259053
0.100660874216
0.505996152307
0.830899002969
0.371381050989
-0.368361040204
-0.702901866694
-2.20652525026
1.33991149854
-0.283126187831
0.691069318867
2.60898121846
1.2803084764
0.233345139565
-0.42979964317
0.0311638663061
0.228412021803
-1.53734686427
0.0620706667058
0.889006325143
-0.738583900464
0.192893816271
-1.3338779224
0.835311452394
0.255776477915
-0.733731083264
0.977093817263
0.26175919658
1.25227328176
0.597002978151
0.2722597145
1.35675739961
1.09469154545
0.0710642301405
0.237889739885
0.0355133878103
-2.07287272808
0.34500895967
0.782604766975
2.25368525288
0.520462356285
-1.2419424414
-2.28090096088
-0.626338158997
-0.803478475819
-0.407781342192
-0.532281857143
1.14698237032
-2.13227225724
0.898915085325
0.612837479855
0.679014478119
0.151743292365
0.57620671813
-0.374431382363
-1.01654522612
0.0977889926225
1.07336003037
1.47172865807
0.988619008048
1.25529957011
-0.255899338586
0.181659760917
-0.903057934432
0.125611659668
-0.474959168552
0.743184447224
1.13747501287
0.628833829822
-0.462406576752
-0.274413558473
-1.28390008746
1.03431492395
0.591092327251
0.316162961764
0.0132935060079
1.20768712732
0.863911088072
1.52364463623
0.190056978895
-1.27642632268
-1.53669369086
-1.17793889458
-0.0735153404763
-1.32065524297
-0.452273329733
0.863766843799
-0.812203086175
0.0144860904077
1.2939326056
-0.879888525591
-0.746467996031
-0.715384717241
0.260045456532
-0.511761838703
0.0493072812353
-0.0986875253352
0.295003085466
0.63335639347
-0.530191864602
0.674995583876
-0.523431690252
-0.028486994132
-1.40078321703
-0.0389133868406
0.925551661587
-0.312931048952
0.286717818724
0.949621719908
-0.199419986253
-1.54778948893
-1.61999974041
-0.268618855837
2.23413534643
0.229711687141
0.47484038332
-0.788705822258
-0.586480061586
0.849962266809
0.592013336337
0.0425578455799
0.166641197527
2.54982170356
0.106399577395
0.164354625657
1.96992524254
2.72313425156
2.915811118
-1.14397299544
-0.1595198254
-1.8817010993
0.523333370288
0.232469068453
-0.431709094176
-0.117018738112
-1.19512270414
0.145425574619
-0.113427552609
-0.447627144065
-0.930508447386
-1.50054362733
1.80926425307
0.639341688801
0.44007739469
0.456650602493
1.24333655454
-0.169092365942
0.320941111327
-0.335130018837
0.887832686978
0.511484045605
-0.222916438051
-0.466099874834
-0.948487091791
-0.164027011812
0.577884439972
-0.249426842303
1.36150165504
-1.42699507716
1.58030088643
-0.763042201917
1.27788258455
0.479962032587
-0.590311027336
1.27793598467
0.671940924
1.42788943775
-1.86430781437
0.725736483865
-1.09454092691
1.17530161837
-0.648538752506
-0.13156190384
-1.6751780192
-0.704816335903
0.83475326695
-0.190388739883
-0.169709390405
-1.46515293867
0.463714444235
-0.776344690053
-1.10314948468
-0.0455881305092
-0.2783201496
-0.43295488372
0.335137293637
-0.641112564911
0.185003319884
0.0308132347249
2.29694452578
-0.754461314293
0.155980589164
-0.132396143724
0.364965208935
0.231938259751
-1.2727535318
-0.120928702081
-1.60159751155
-1.04671080371
-2.62643696823
-0.74444700915
-0.765261494927
0.818973756981
0.123948129104
0.0253594363151
0.654149513526
0.314111622874
0.957565505857
1.37004446863
-0.281145219731
-1.50413350526
-0.289292672192
0.225346528398
0.157282233793
0.0317331074779
0.281811716315
-0.35596949339
-1.0244078318
-0.39487514668
0.863538181319
-1.20824489963
1.12189524522
2.36264273492
2.13305928323
-0.019079003038
-0.412533944502
-0.393490076218
-0.87971578569
0.399661674573
-0.104538736538
-1.43779930504
Score: 1