3
44
10
3
-0.928383837589
-0.534551916988
-1.25132403782
-0.92342268678
-0.264614339996
-0.339549655782
0.779412585061
0.141237540947
-1.00570820972
-0.00390436827706
0.797310243827
0.50088825009
0.326171740006
-0.177861845371
-0.0205267695309
-1.25992349221
-0.406633481102
0.475027500754
-0.687953201896
0.111161815969
-1.37585961184
-0.125316670146
-0.229006373841
0.407004575836
-0.407498362167
-1.9229419495
0.328885894247
-1.14030992009
1.53502954739
0.600366371314
1.22639647584
-2.69778468422
-0.781480265665
-0.85687892501
-0.314048070522
-1.06202197652
2.12171128312
-0.540393832012
-0.190212551831
1.74874033124
1.46388632644
-1.22497173075
-0.925851518308
0.654232140155
-0.11780635552
1.02313277183
-0.921217302534
-1.80652786825
0.195655955572
0.950456363639
1.21428991576
0.692231588014
-0.390568049972
1.21397500142
1.69107160869
-0.781885867021
-2.87762377573
-2.22725080084
-0.499147925849
-0.266712018595
-0.11130271578
-0.548826123525
-0.913084541754
-1.09287823571
-0.913089183906
-0.466253290928
-1.75146511876
0.0588455060069
0.252295283827
-0.615701296861
-1.48138601339
1.26294043294
1.73584112627
-0.651273745164
-0.479178067196
0.191717155031
-0.448125118933
-0.589585353301
0.0269381488026
-0.478150411046
1.77927669308
-0.597394954785
-0.490721554037
0.476193953816
-1.13892497652
-0.79070500596
-0.565089718555
0.0337222912843
-0.266879341563
-0.723473926275
0.833262033877
-0.487913249112
0.983242522051
0.431648841342
0.514962420939
-0.532024570194
0.958531195586
0.197250885967
-2.08308721223
-1.00608353233
1.13823076797
-0.254175336289
-1.56438342041
-1.52547751632
1.41273064104
0.00311608407952
1.65113325709
0.27555058532
1.56011919667
-1.40336045157
0.056168488343
0.301192536202
1.34822644656
-0.420771049827
0.273639405343
-0.472579119247
1.19875050666
-0.807991708476
1.72367720088
-0.887254299338
-0.743651055958
-0.539647933107
-0.274448708215
0.402619625639
1.025071108
-0.705730292653
2.13026019831
0.472745076136
-1.40245454579
0.489291547618
-0.0359545307495
-0.532998328654
0.344932509654
-0.512174347414
-0.0883907577326
-0.564228486829
-1.03730516542
0.593032131557
0.839383582233
1.36112467976
-0.761741571213
0.868500155394
-1.51725650013
0.748979764481
-0.181339877792
-1.0582743681
0.408046390871
0.782481206378
-0.295358314552
0.392985330224
-1.30742563531
0.806390723545
-1.8795654688
0.723494367541
-0.530695170057
1.60284459076
-1.34552560818
-0.63572228982
0.283267055633
1.72515928387
1.19464319567
0.379628148452
0.100793374714
0.247620021885
-0.700192975493
-1.30170514871
-2.14488230409
0.239943018695
0.450831489912
1.15168883807
0.620500249261
0.715252772312
-0.045790263649
0.157290076094
2.5711923187
-0.34800432344
0.194455000884
0.519717452745
2.23821831254
1.49490371953
0.0604471794021
1.8753402273
-0.10249518236
0.0293076500083
-2.03701644777
1.4863606632
-0.339768301734
1.98550650005
-0.314468419266
0.631509897018
-1.34142305925
1.0789036212
-1.81837986375
-0.758205901661
1.54041683517
-0.0422194751429
0.138819676181
-0.230948965732
-0.963801723288
-0.307639078147
-1.17521078125
-0.881002460176
0.996020751266
-1.48004258389
-0.818316234629
0.715602812801
0.78401405182
0.710688519817
-0.897579238987
0.205518416824
-0.833362384266
-2.13759402993
0.501663068797
0.577667789825
-0.149599281941
-0.507309580179
-1.3034629325
-2.26021429392
0.55730236468
0.778860602673
-1.4781853465
-2.60780303167
-0.185773017518
1.56655603642
-0.54103072503
-1.44354425062
-0.230508646431
-0.819584129958
0.474763158796
-1.13513293797
-0.640162194322
-0.29616162777
-0.688615805854
0.475231655166
0.0354650862412
-1.69033097026
1.32031254379
0.0931937055491
-0.871062717661
-0.419011572475
0.55449165132
-0.70208837662
-2.98261933517
1.01711356982
-0.134127996856
0.42818813652
0.563473140588
0.276256457005
0.764097573512
-0.457705701373
-1.58558994113
-0.82455174759
0.789858983986
-1.05465068838
-0.0396953441764
1.06183432726
0.961064850216
-0.278711285204
0.0663676154175
0.171765697867
-0.715711774399
0.0816013688408
1.31541700016
-0.323354450021
0.906823720402
-0.928627900854
-2.16855316659
-1.85644998295
-1.35749118786
-0.373695027864
-0.263086010338
-0.227696879727
-0.0229756258853
-0.629274025785
0.194109888725
-0.507836483093
1.23322082666
-0.108833189951
-1.68883522414
1.64455802122
-0.113906641932
-0.270401373419
-1.96855744589
-0.976901676995
0.33053634347
-0.564669383331
1.05896894989
0.0114078859173
0.434035001458
-0.861601215023
1.45178606046
0.872268744013
-1.49204315661
-0.71608858658
-1.04081108081
0.672190213809
-1.03906728437
-0.282440176935
0.528875198588
0.483201801556
-0.356330391008
-0.211660506787
0.2404281745
-1.29637703887
0.128236941116
-0.282090605524
0.0788617435177
0.507377898547
-1.18123265025
1.35034620384
-0.810371400616
2.52625108059
-0.602293825223
-1.69909799639
0.0155403223414
-0.311820835259
0.0431747444835
0.531010751017
-0.369040298086
0.949206418071
-0.571550186788
0.491981295826
-0.229339248523
0.606078091432
-0.0761276666351
-0.404980354639
0.539165108613
1.75893446636
2.03067399462
1.16990482594
-0.433078204216
0.294196358689
0.225490083995
0.109606317844
-1.07020996902
-1.04775107943
0.584370317529
0.410984473364
1.12953623627
-0.378140291801
0.170680950923
-0.458873432403
-0.408970882972
1.75499045862
-1.42071590224
0.152452453852
-0.327055073054
0.941756274071
-1.12555193132
1.71996166041
0.190366929079
-0.868513635972
-1.36303569522
0.845213447067
-2.01908212261
0.284871580266
-0.682182904159
-0.107701358618
-0.665839237388
-1.70748644864
0.624032727922
-0.426168678695
-0.16055257952
2.12194463311
-1.40525251456
-0.143714500026
-0.581204936231
1.0312575676
0.716747410699
-2.11430357737
1.25261850173
0.277671116602
-0.437978361673
-0.313640699596
0.523540165542
-1.71819546365
-0.808503180413
-0.719382064578
-0.484507046663
-0.164086947837
-0.593412244893
-1.90373785404
-0.572675608982
1.16957400215
0.250925007058
-0.428756857708
-1.20696907131
0.329859095704
-0.467562579086
0.108217368671
0.518435278983
-1.78883696826
0.012624991316
-0.141612336832
0.798611360873
1.25072610277
0.899868272118
1.85401588987
-0.698053499641
0.74940233719
0.385308776197
1.40424893999
0.983627693621
-0.738012225644
-0.989807408022
-0.499469425353
-1.21836181468
0.793563306446
-0.688019909033
-0.249175839762
-0.0382642289197
0.427020773876
-1.63424097166
0.869528912648
-0.188190594267
1.02424544638
0.163697546337
0.948990665944
-0.911510465606
2.24148983798
-0.380727292782
-0.972689600617
1.13705335786
0.196068864501
-0.851681891229
1.14038324181
0.847229453527
-0.037046504046
-0.899035924782
1.33584406036
-0.19092079561
-1.55209077972
-0.410602089871
-0.269203754046
-0.806491661164
0.413357680996
0.106204303863
-0.236834374486
-1.05465738593
-0.582534743389
1.08853587899
-0.0280214238067
-0.0122568683041
-0.14625803283
-1.32191347713
0.179883033311
-0.806119137784
-0.579567881072
1.01053673278
-0.00193060209242
-2.06575273467
-1.19553684396
1.95814822706
-0.829374212185
1.06377615195
-2.53883897517
0.207237557166
-0.801000710981
0.0599147759464
1.56332271663
-0.0594782930648
0.299536518112
-0.882030099596
0.957826122115
1.7397319308
-1.35134799835
2.15804133626
-0.645751732684
0.477637629129
0.371171673153
-0.836170364045
0.527802034259
-1.29138145381
-1.20219959344
-0.219690633431
-0.994050334027
-0.861782146323
1.26217147651
0.996812753679
-0.00658772904187
0.915925802201
-0.333172548927
-0.965043177308
Score: 21