3
44
10
3
-0.176405022643
-1.34601170924
-0.84008476088
-1.89319195246
0.715441394438
0.819510399183
-1.36780095675
-1.96102771276
1.69124425723
-0.740631547761
-0.448501558222
0.0637844669815
0.599268924569
0.867590888084
-1.41839075931
-1.42386192472
-0.939404487435
0.230345928055
0.361767362986
-0.703050020725
1.90819912504
0.792928759574
1.01533564464
-0.784925600069
-0.5956344285
-0.0170119090479
1.16571895024
0.943131783418
-0.910398446525
0.265600847466
0.309867606398
-0.0160892094303
0.32470424015
-0.118573108779
0.400297515304
0.373082999223
0.92456614959
0.605650054661
-0.533909038805
-1.04705612125
0.151988456607
0.884977561217
1.03598941145
-0.425929285421
-0.083903449676
1.61055112329
-0.180063452027
0.662968516261
2.38786821166
0.216634256921
0.553945856676
-0.0167817936282
1.62335461086
0.119269001825
1.49025658618
-0.0504345086172
1.1444027779
-0.470005211858
-1.33505417855
-0.534974043081
0.469722849369
0.372855002768
-0.498895458364
1.02721590119
0.782823421171
0.543325958259
-0.0424559044323
0.289724201497
-0.231144611436
-0.228626711381
0.149684938112
-2.44569029995
-2.48422965668
1.24091450163
-0.791865232792
0.793449870094
0.118050094067
0.0773015926727
1.33761824039
-0.545445129285
-0.751916981581
-0.329137383663
-0.709220278382
-0.0561974367538
-1.60435626992
0.300563770328
-0.408401642253
-2.09604673748
-1.6116609186
-0.502269339597
0.573171171757
0.267992282626
0.60788458657
-1.0215870662
0.357364946405
-0.230459348578
-1.77188703677
-0.53323208752
-1.10246969776
0.45845773281
-1.13724915581
0.781007398549
0.531768535286
-2.3301510573
-0.101093958752
0.0786436619093
-2.03809080677
-0.195457879515
-0.410744483858
0.213475988953
0.0414915575863
0.431015281545
-2.2937194024
0.699784531226
-1.8279435569
-0.969908559441
2.52807367685
1.38926215718
-1.46061733767
0.65120636519
-0.855660832828
0.484267804122
-1.16253360687
-0.632184447537
-0.636870115121
-0.426016894143
-1.41220589567
0.122295059428
1.67895802363
0.0541518683281
-0.16039139203
-1.65341866721
-1.2422071529
-0.835340212758
0.364893622483
-1.76951129549
-0.0392451757189
-0.34961470942
1.14148543869
1.30542976771
0.883994200979
0.627451415756
0.186020211215
-1.19351040378
1.48444780927
0.67370649251
-0.749014018931
0.968611395966
-0.737558679229
0.736761070668
-1.7914556444
-1.99225447702
-1.95701207984
-0.0190770184643
-0.419534928857
1.87307626014
1.90181064116
0.945741592195
1.0545060361
0.990069877873
0.997255369512
0.19923646208
-0.162272688671
1.79997985451
0.141979985553
0.322421326887
-1.8291320048
1.3352843602
-0.125436328547
-0.00172162580616
0.478782598321
-1.17122783075
0.612148128772
-1.47558748784
-0.155133082347
-0.307167138438
-1.30782046694
0.848103970539
-1.64181452012
-0.847963139668
1.54479593741
0.621471406273
1.08753622311
-0.138870838328
0.332066114786
0.110480049858
0.652206105927
-0.661240450882
-0.701131706898
-0.287660579392
0.569565997684
1.80285862902
1.11207992357
-1.89824484364
-1.0970701485
-0.911370616335
-0.442458098549
1.6553933781
-0.254511839047
1.6364595034
-0.2411358962
0.922472982132
1.7829382067
0.165052056092
-2.95445273481
-0.10160051318
-0.197446672554
0.54118648273
0.0178018926027
0.254258091883
-0.776944170095
0.733554028073
0.759671636143
-1.82758913328
-0.532618622296
-0.0434892525553
0.0250238641169
-0.927080464145
0.451171606652
0.854635743214
0.0293283589303
-1.48181102531
-1.90208032887
1.36083051291
-0.694932095932
-0.518680023276
-0.433305112624
0.292357324799
-0.917444656622
-0.626294686954
-1.06437295312
-0.315055023777
-1.11881293267
-0.266974993414
0.372784767972
1.17759083267
0.570388845305
-0.255674730121
-0.318110151383
-0.298060576233
0.115563213044
0.0966738932686
1.51761035312
1.33654807871
-0.58150669726
-0.372161596318
-0.909529054336
-1.34774929297
-0.630477155793
0.803607136804
1.21855833901
-0.538463209519
0.0309384549963
0.848349599606
0.119273972793
-1.28186220529
1.15391207199
0.361312042471
-1.43048070813
0.519310584418
-1.40051105494
1.44520350788
0.516792010309
0.241162606632
0.728126505324
1.67679606399
0.0296519651655
-1.13747322366
-1.32991021277
0.978240451882
-0.683858895597
-0.269522509568
0.729911316567
-0.680173676138
-1.09129549346
0.747381216965
0.155055052154
-1.04188857925
0.774997469165
1.26028096375
0.847788739587
-0.798459278604
-2.07596733303
-1.17046966407
-0.408321571513
1.88276979221
0.0356611155519
1.16568929593
-1.50369609481
-0.514055706957
1.23727297978
0.160626308839
0.430396734063
0.490478783086
0.0460145875106
-1.25512836449
-0.993119125461
-0.564376359032
1.53389757577
1.44509312939
-0.644212786339
-0.351654021814
0.142636177492
-0.184005340028
0.358034887575
-0.89056455068
0.405934502568
-0.0287814280779
0.288250930893
-1.45098182907
0.292705279063
0.207496835041
-0.196536644702
1.22776225726
-2.09540893177
-0.642981854579
-1.03413916113
0.273944377957
-0.865220325767
1.23642137337
0.0250473098522
-0.270973426018
-2.12632834612
-0.360217511376
0.0461622340554
-0.00345701278342
0.98837954579
1.24839580278
-1.6157332264
0.193624487094
0.320164077453
-0.917619639016
-0.513327801661
-0.499624018708
-0.0507228075793
3.02387671012
-0.403801938584
-0.249288513245
0.477007258758
1.40175362151
-0.433151182125
-1.95249098764
0.000762796517996
0.530487537258
1.20830949186
-1.54470352515
-1.09502773677
0.960928659203
0.443901660188
-0.835820537281
0.848777440553
1.16009832944
-0.294519172987
0.21800887846
-0.860961930797
0.0207286699079
-0.572066696139
-1.57690339674
0.0594512567942
0.77633903066
-1.01382831875
0.138523929529
-0.22572141114
-0.871978865023
0.331191145189
-0.245168291467
0.413938503865
-1.26503601006
-0.127859413484
1.07777295597
-0.20348824948
0.0858894261477
0.616294996453
-0.0465392187406
0.98750073021
0.923044154327
1.88431137747
1.93630525268
-1.8590256542
-0.53029298457
2.00338491559
0.499997508717
1.81216116424
1.1462860561
-1.17511140255
0.797745727502
-0.814607202557
0.853732310908
-0.491259145569
0.530547782585
0.832985274952
-2.17846155092
0.333004856212
0.595536225343
-0.0923634608836
0.826511122125
-0.783066950641
0.955510374754
0.0154177602867
0.833212935205
-1.7203702678
-0.244732174185
-0.801350306913
-0.767111725208
-0.213830222177
-0.403683707824
0.889225266929
0.406122552428
-0.452167146981
0.358848711985
0.242612415877
0.117446969712
-0.405454626806
-0.950453662248
0.130923533059
-0.319166735363
1.86800111815
0.457274159887
-0.724465116443
-0.362655299406
-0.83678824845
0.719162451669
0.637998841939
0.775359006174
0.525565823829
-1.61993958638
-0.829614993486
1.01790694489
-0.310013332715
0.151478231183
-1.14504435597
-1.18068485139
0.75269493977
-0.353071171028
1.02308555618
-1.63861202686
2.29860997834
0.133239745422
-0.966569785748
0.805667870876
-0.1777835402
-0.232748408133
0.282787786675
1.84566237
-0.0631522100407
1.45084740086
-0.475850521036
-0.370811374358
1.40300926479
-1.06509730706
0.179767234986
-1.01356385256
-1.73589725685
-0.975710848968
-1.08820828911
-0.807862453252
0.282355658694
0.98023651342
1.28011431893
-1.08655706812
-0.625335389881
-1.31457898109
-0.0716814951655
0.522303027111
-1.25475765125
0.475636655083
0.126935760199
0.236404295291
-0.658113984619
-0.497842515955
0.803338218597
-0.244714515325
0.454084383756
-1.28911734616
-0.473662462439
0.913980630901
-0.647759253101
-1.00484709744
-1.28521033836
0.811313892412
2.03867021507
1.56094118331
0.489390129996
Score: 13