3
44
10
3
0.481784619353
-0.702836912189
0.829362827712
-0.0845732954159
-1.41678489541
-0.475253561542
-1.94286922641
1.97128712891
-0.573207013138
-0.672681859729
0.787169424034
0.0205990513492
0.669847525846
-0.919136256719
-0.252620740791
-0.437419419238
-0.14153591997
0.329713429683
-1.60633803002
-1.29303897704
-1.69421173675
-0.556044199919
0.0811201252263
0.217075516827
0.0365794514062
-0.36955059887
-1.69842792951
0.746748143282
0.112801390604
-0.485351147842
0.0896075158323
-0.839377749759
1.00009610536
-0.364401189442
-0.186745718889
-0.00460227693869
1.25931370463
-0.402137172414
-1.21984718741
0.150089288654
0.0925775426244
-0.113031117376
0.0772538024044
0.00779301480738
-0.478877046835
1.4102176871
0.608746070475
-0.69751001151
-1.98707531915
-0.699277409588
-0.0829918119691
-0.467259849099
-0.153193677833
1.02760039544
-0.981289008862
-1.39168028095
0.190708463664
0.163690834471
-0.921668051567
0.841965813617
-0.723276511895
-0.0288965227508
-0.0764265885279
-1.0491558055
-0.591671105333
0.699259552284
-0.407313392519
0.740288002026
-1.36708417647
-1.64610471375
1.16389268727
-0.270928575602
0.664767085848
1.22933572346
-0.698339854035
-0.79454089165
1.12561925813
-0.688525162784
1.06104153721
-0.290016016329
-0.414098886351
0.308115657656
0.902608019737
0.862350428504
-1.10009236397
-0.274263820131
0.744404350189
0.8381411341
-0.445654699034
1.91524050168
0.635725980383
-1.00263553137
-1.61242589842
2.20205828145
-0.601891161397
-0.520144929796
0.407315261093
0.0379638007494
-0.59989253852
1.04634273061
1.1365077631
-0.195589848114
-0.245198551806
-1.5273327813
-0.154533041569
-0.453543714172
0.0769621830931
1.04566694739
-1.12296853808
0.362882483516
0.535522429253
1.73503046355
0.916274644727
-0.575967887774
-0.101490137681
1.1161608785
-0.912237682701
-0.240769062471
-0.38903178867
-1.13650401226
-0.164480682718
0.17388914304
2.15277966784
-1.5112506848
-0.904085569531
-0.925203653294
-0.131260738183
1.48028359787
-0.717701780389
-0.0987617569471
-0.177858117534
0.110895033736
1.12925957318
0.00446158056144
1.45868038584
1.43519497838
1.54152171143
1.90392190669
0.91743836996
-0.385760471467
1.05559748754
-1.73948995222
-0.64242481827
0.662880511901
0.228401264649
1.24840986148
-0.515728547426
-0.722747499159
-0.772797162305
-0.300553465701
-0.327552876245
-1.45124568629
1.52267623665
0.754844538681
2.86473269864
-0.0758652399307
2.01581671776
-0.566441099407
-1.60984362586
-0.214388395538
0.524682491882
-1.08107841634
-1.44393738583
-0.769641768203
0.456610700517
-0.504322927304
0.679514760282
1.32476139837
1.28097745778
0.645348981788
-0.305195372949
0.0183367350731
1.58803096365
0.285587126901
0.316601087227
-0.880021015785
-0.0175704368238
-0.934786109176
-2.53930987437
-0.494367314402
-0.120823879033
-1.40241077892
-0.718959194528
0.479460166494
-0.161497988987
-0.317136815997
-1.44257635737
-0.312045341919
1.65981573825
0.0128980589447
0.15138242942
-2.79022046373
-1.68499665454
-0.336059710595
1.0114596242
-0.572231259951
1.0463407013
-0.752208338414
1.15677463933
0.384692740994
-2.84437450116
-1.62899712298
0.493036974458
0.464955942297
-0.700770960901
-0.935916808615
-1.25316770096
0.648438237941
0.70783946035
-0.682069862027
-0.640881181447
-0.231093600238
1.6679843465
-1.45119708483
1.40998597473
-2.97274492176
0.616539790239
-0.53793105777
-0.509164163281
0.49561522073
0.350503035941
0.317564529803
0.242532593643
-0.446856596498
-1.17825854729
2.9501313106
-0.173481547324
1.08335397316
1.65823452877
-0.742400206559
0.144701058955
1.20578209937
-0.166249243459
-0.410654788873
0.817220389479
-1.69261598552
-1.69939223375
0.603222084654
0.313131800784
0.96384459175
1.12768416957
1.03859159282
1.85056084377
1.13529820592
0.680427783604
-0.164780038743
-0.569146449422
0.905180954765
0.337877281772
-0.537448363233
1.36772658806
1.20565004362
-0.924912835201
0.0761157002055
-0.11149265483
-0.500926281053
-0.918732698096
1.1367426057
0.119320607211
-0.000222080443392
1.73610026327
-0.726716815593
0.332034423201
0.75881166273
-1.63706145103
0.961614386097
-0.623868491187
0.617334001614
-1.28236014473
2.35208414576
0.479539285173
2.59608822074
-0.933104915195
-0.444021924584
0.324001536096
0.4047466525
1.71848653793
-0.999457512452
-0.652326476119
1.07359735953
0.460965662856
-1.84633313399
-0.0596671169297
1.65843498169
-0.378383692521
-0.0911328061847
0.622753439659
-0.855297469325
-1.12780901797
-0.453892686661
0.233971707486
1.52225850356
-0.149550225836
0.423538301153
0.0506800894742
0.561620482117
-1.33551706745
-1.33750835341
0.988472862909
-0.817377533354
-0.095366327022
-0.173963219552
0.260570243252
-1.39534388093
1.16469691476
-0.787976551427
2.01129797843
1.03681978434
0.08038027489
0.343867013607
0.948694547948
0.624441893149
-0.0331550859718
-0.634803312963
-0.35494678783
-0.0999775445056
1.76736289027
0.602599335051
1.01220224762
-1.60010014692
-0.898466398765
0.0513383528923
1.52214640313
-0.257442339913
0.0586989121511
-0.3829419167
-1.02957104626
-1.62757912886
3.25281371403
-1.40085662338
-0.580360787194
-0.713680789861
0.388863339903
-1.88430021221
1.68308172623
-0.431207105257
-0.913784603406
-0.464485940418
-0.521282356724
0.174650660902
1.22260661879
-1.12174040738
-1.42781657838
-0.0872250022499
1.03520654457
-0.0152533640527
0.240869448844
-0.925571644574
0.234305475265
-0.941444631016
-0.379881557957
1.23443524221
-0.741828978915
-0.521980209406
0.144630222362
0.2371741737
2.10579929265
-0.341368736998
-0.160951984231
1.7985730727
0.56478286379
-0.142706285018
2.78120569243
-0.404939049786
0.487282289709
-0.651024200244
0.180457082334
-0.322644950428
0.673945800833
0.113595938194
-0.362450806924
1.80655440858
-1.50335043147
0.424727856312
0.0645304775191
-1.47054280152
-0.550655621092
1.03092519454
0.911391478199
1.10623577822
0.753566930469
-0.462632857725
-1.0684886957
-0.567010791674
-0.750266947539
1.36050736426
0.0287989229753
1.09243056277
-1.16659244273
0.120177809442
-2.21217194974
2.10898310199
-0.2173195108
0.433358748926
-0.414147079876
0.703916030239
-0.316395246915
-0.497521340523
-0.531864450653
-0.113841298708
2.42683402676
0.547153887113
-1.40156876808
0.320782384911
0.63925824945
-0.19470855534
0.90505522811
0.473708720007
-1.10375938306
-0.591521020484
-0.101770501371
2.00867759273
1.11985850798
-1.08715130769
0.209120392687
-0.754880621857
0.349020447585
-0.430400227578
0.806949552155
-1.43087526295
-1.00324075575
1.00707959157
0.92204380057
0.487351222386
0.77301085851
0.149463556267
-0.0823176155605
0.00225651315214
-1.04785642133
1.08670189822
1.46198076492
0.60906999485
-0.320573866465
-1.40850817779
-0.220361236801
0.0715767772458
1.12914530796
-0.841881822603
0.365948174799
-1.58071809987
0.634031042685
-2.73879823921
0.312366936707
0.0743925949101
0.695841222146
-0.292971558083
-0.0356138072825
0.00422285943231
0.030320952975
-0.870165480408
1.04850474218
0.441637657803
-2.05640269628
0.94422708742
0.721884652062
0.781957699372
0.549841299069
0.288739093376
-0.263243137436
-1.30724133344
-1.90051393648
0.695710305076
-0.618275876787
-0.413451810303
0.554377029642
0.8107764326
2.49564789055
-1.04219023686
-0.221869393388
-0.0371859635097
-1.08944340863
0.0718028422303
-0.689037670664
0.0224533883368
0.0794974284799
-0.516039184727
1.79053271393
-0.839907089099
2.17052482411
0.0404900517615
-2.34363873293
-1.90336383125
-0.731159230089
Score: 10