3
44
10
3
1.60431313667
-0.939722149297
-1.38355364501
-2.27150896609
-0.616308980728
-0.590695287753
-1.42552378277
0.257334276739
-1.8655840224
-0.347620140915
-1.2806171158
0.30268178696
0.626094018062
0.21374523574
0.904806258328
-1.06404920017
-1.12306773407
-1.4371905016
-0.180455297254
-0.91290528269
-0.746725878158
-1.11659094858
-0.771604020375
-0.490918668093
0.396689258015
0.0833135950521
0.979292849168
0.482102559344
0.134544132136
-1.20534099294
-0.270559675286
0.436960859877
-0.58853892496
0.812423270174
-1.13539790066
0.469137322453
-2.13025919447
-0.486062674028
-0.917262815658
0.429307649109
0.160303434476
-1.84265631221
0.577511060126
-0.286885446122
0.190350549314
0.354504788728
2.09852270994
1.9233210044
-0.0116004629104
-1.40837460994
-1.89410558972
0.924504497388
0.660586155406
1.07291140761
2.20444284609
-1.89827770068
0.159671767107
-0.193315737424
-0.0788004936065
0.240817234843
-0.768899028384
0.95000192045
-1.62625100035
-0.513394747302
-1.51420514565
-1.18186591549
-1.3661068675
1.28348002254
-1.93008004993
-2.18522607954
0.287977202687
0.865315390214
-0.0995280596176
0.744048112098
-1.35540975227
0.0368831287285
0.750118673776
-0.0938202169817
1.57609920011
-0.465064329666
-1.56891785441
-0.0996605997886
-0.521060393585
-1.25572787171
0.0269361273141
-1.11756065412
0.194768515862
0.975592560844
-0.729139656109
-0.447061035104
0.0712469189644
-0.601188073539
-1.14743569297
-0.35320343422
-1.05500014609
-0.23277732238
-1.01044315741
0.383160750795
1.93695381594
-1.13116323095
1.96968246742
0.685934049777
-0.0551365634041
0.352160458704
0.869006839256
-0.167393534264
-1.69750524424
0.29295639527
0.748235132885
-0.867744636773
-0.0841689246277
-0.258861430445
1.55641309003
-1.08332470449
-0.709219177829
-0.343010748975
-0.839670475726
-0.974054039032
2.2558932623
0.627448389223
-0.474654414263
-0.155266165359
-0.917846336425
0.704464920367
1.05028129275
0.109483553596
0.570335184237
0.344259427557
0.859317536915
0.822876834722
-1.44604085911
0.705387563785
1.45623699293
0.404691694154
-0.811533064697
-0.526968911456
-0.0411731514106
1.36506631241
0.298992805089
-0.724770752241
0.828542227518
0.0830685763405
0.548413199808
-0.560171906804
-0.601528840139
-2.86195032972
1.19505274349
-0.706547748774
-0.495109991151
-0.247880452033
0.417540597597
-0.478355816538
0.211104895756
-0.385006084509
-1.03434439279
1.36125358648
-1.26806935285
0.416413962352
0.391064579246
1.13967718712
1.07011168478
0.684310163407
0.402219091
-1.02741917095
0.0292683467418
1.22863296224
3.04717050978
-1.9827035391
-0.3102727717
-0.09593683922
-0.749840205914
-1.39321938123
0.660551965233
0.172222213012
-1.23373753831
-0.799575580431
-0.882667837326
-0.430824328693
0.927382322209
-0.736355850894
-0.0251577817552
0.151264907707
0.608808302075
-0.964562109115
-0.257341886841
-1.24851979447
-0.52008876467
0.29044714786
1.87939153751
-0.290674503598
0.649243888752
-1.51058549413
-0.513332609736
-0.0909327020168
1.37439940734
-0.41276399628
0.273410354508
1.41303156554
-1.61979484265
0.18673738998
-0.724828586184
-0.446244812432
0.593337004447
1.52776252271
0.855542852349
-1.17605218975
-0.450800953909
-0.759653623029
-1.5732614323
-0.917652324003
0.215685913099
-0.052498494991
0.460229057751
-1.29704095225
-0.632566179068
-1.70589545859
-0.344845763719
-1.53885262714
-0.171611753687
-0.667888267413
0.835542789568
0.628597503023
-0.812189974772
-0.985343350048
0.899002297117
-0.587349745272
0.846315319511
-0.788664807568
-0.655086683012
0.321330449096
0.384410635568
-0.813348589721
-0.571429282824
0.657787199172
0.50506177111
-0.175905510013
0.323527712579
-1.62785029187
-0.39939764483
-0.320888371027
0.800834906729
0.929277373014
1.51708491639
-1.86385239315
-0.718851848244
-0.406076552013
-1.09740756966
-1.22474642149
1.26330266184
-0.211628304475
0.321677229474
0.49154984553
0.038646318262
-0.297779512885
0.875286355769
-0.342705448819
0.13510560183
-2.27187815879
-1.09313309099
1.8527755175
0.693460215101
-1.56172435272
-1.048537684
1.1606605817
1.20507697661
-1.30124107124
1.89485127539
-2.23941877284
-0.153384057061
1.55782170068
1.2650208412
1.37293798133
1.61164861058
0.315424625909
1.23265930944
0.305858043699
1.44381574825
-0.157480370136
0.948729832845
-0.707584203781
1.67436455999
-0.948097937087
-0.400996730475
0.0560724227688
-0.588489035076
-0.863678587154
-0.0747665155799
-1.1037589246
0.681596395754
1.18499220301
2.15230865191
0.0184523141314
0.116894723909
-0.169552675969
0.203281915185
0.175749761212
-0.302115385931
-0.191562886258
0.871252005232
0.533425961536
-0.979439060799
-0.284872570783
0.483614464807
-0.375494782305
0.218220760861
-0.676381120449
1.43404682903
-1.14382194563
0.220882903228
1.705865244
-1.95382243779
0.123423130796
-1.05945755963
-0.0938928051302
0.044641937081
-2.002908448
0.776089449488
-0.573964623134
-0.15328931105
0.392804872724
0.247515841706
-0.959970281743
0.382259067823
0.0590433344277
0.530799441676
1.64793827239
-0.211697991594
-0.947476422876
-0.271616944633
-0.797905774303
0.707490137625
0.0777926515164
-0.415628118658
-1.5481436775
-2.84444497821
-1.11527931188
0.78283516747
1.87052446616
-0.356733807258
-0.648450108713
0.586832464963
-0.340571089107
1.51373355417
-0.215401333442
0.631204562943
-1.56459430651
-0.496723464492
1.23153709506
0.0843668255955
-0.0425914118661
-0.778558143834
-0.959515842197
-0.411068657228
1.06986105976
0.650681452515
-1.19652702093
0.755305009135
1.08592451184
0.33144324917
0.352814960629
0.127172871056
0.279891989863
-0.70290507364
0.0929046234019
-0.181138463983
0.47585209296
-0.406012655916
-0.0459238173012
-1.49830163568
0.811438474326
-0.32584464813
-0.477700401463
-0.466550648104
-0.550326217146
-0.723212365914
-0.0822871239261
-0.826128395297
-0.548356927824
-1.122448208
0.0333989645259
-1.72176261593
-1.13859832474
-0.821589912787
-1.12292895952
0.950050929773
0.146429483654
0.187660863479
-1.06944228241
1.41501975735
0.458266259867
-0.374740501172
-0.700215532628
0.0678869644834
0.596988998777
0.466221870361
-0.221580162321
0.58533076695
0.229287025899
1.43312497668
-0.628757672553
0.382597621613
0.910242481318
1.87458604793
0.348101040952
-0.241588878243
1.29048547205
-0.163137762451
-1.0335790591
0.774602284957
-0.439885460776
-1.03112314743
0.176963120804
0.175563683993
-0.557454728981
-0.459554096212
-0.0724983287239
-0.761606512067
-0.503625049286
-0.120108943595
-1.47518550818
-0.053878627993
-0.648749577335
0.665286738328
0.612259610141
0.0841699449032
-0.395619046233
0.304030593202
0.86279227076
1.62124322427
0.949834019292
-0.192317250139
-0.2135634804
-0.63217931334
-0.312747167069
-1.97090511565
-0.723833472238
-1.5424557657
-0.85790064553
0.624589036148
0.901670836125
1.31005907759
-0.336265163695
-0.674463857857
-1.33939631966
-0.0785418954639
-1.85349458276
1.21100599591
1.38223955654
0.244188435152
-0.333085336663
-0.399487635304
0.954411027757
-1.1675001731
0.323131661982
2.01867189484
-0.327552937133
0.281319618525
-0.185656617392
1.64941978451
1.65069580322
1.60095526212
0.194203228211
-1.18095169585
0.282876975252
1.2056315654
0.550158637755
-1.07625159191
-0.0159004108229
-0.0156851967991
0.0069546013558
-0.874341453426
1.55822601212
-0.902745925695
0.712806550603
-1.35385681835
0.588509763184
1.80922423858
-0.142558990588
0.41318971114
2.01768138864
-1.20763729443
-0.517093843056
-0.0179281734191
Score: 1