3
44
10
3
0.234223528716
-0.103638415849
0.125269904797
-2.08403980174
0.822629895671
-1.22083333362
-0.724778721937
0.284491186428
0.256327470066
-1.07069698923
-0.392345921528
0.943774711202
-1.66726936643
-1.06535744151
-2.35900055226
-0.758102401558
1.43088983041
-2.27624569949
1.3629483487
3.03584317325
-0.0988489981564
0.964274021323
1.36242529166
-1.22936137137
-0.73009981007
0.0977599193054
-0.181598339277
-0.495455549342
0.161137312568
-1.09870712233
0.473028436123
0.718517501119
-0.104424423932
0.731421567091
1.49532683528
2.00980529805
-2.48679747285
-0.764924326876
0.419348512813
1.30453330211
-1.23797178408
1.25682193493
0.271263103524
1.2982549198
-0.563593054242
-0.288344810591
0.738938479659
-0.816976968751
-2.02626422769
-0.373456457285
0.125562627211
-0.259455977353
0.585946997054
-0.0164146376756
0.788368813007
-1.50799781347
0.541374849285
-0.129625270626
-0.569722481561
0.135494856737
-0.78989913434
-1.12733804996
-3.10653591498
-0.278647194913
0.0139497802217
-0.221880202414
0.506410326526
-0.93183562638
-0.982316650694
-0.975742069917
-0.705398987648
1.65877195015
-0.559221782911
1.9948467693
-0.814339548386
0.97071246569
0.137863183034
0.386569440638
-0.622246896065
-1.21476225313
0.369639277706
-0.846536581076
-0.361768596625
0.103365485076
-0.257300133335
-0.50272427212
0.134315728275
-0.259619901887
-0.116570909038
-0.629842083177
0.0768643594005
0.940856533303
0.516842033444
-0.915321783504
1.51382531468
0.425110212337
-0.410031736323
-0.152370744115
-1.86281534284
-0.337965561404
-0.581430349813
0.619460403063
0.812875582349
0.25707881867
-1.59825118476
-0.239724694303
-0.425064919661
-0.832810722946
-0.208782378259
-1.99586591742
-1.39685583191
-0.483263902403
0.334298437591
-1.69222013522
-0.0106727895541
1.2185089463
-0.0139472368104
0.319180961893
-0.30912555995
-0.207314362678
-1.01751833374
-1.37108326176
-0.063208514843
-0.453468254309
0.463799132406
-0.0288087180256
-0.225104730486
0.371282090841
1.21472321883
1.04995040653
-0.251041957634
1.59619589953
-1.80824158981
-1.25297056684
2.56416865458
1.07558639011
1.88576856399
-1.08994368962
-1.48412696089
-1.28921793107
0.543394846465
-0.101784096086
-0.944759176865
1.76162845448
-0.271411707883
-0.415815904642
-1.0311903612
-0.35328305436
0.936641339837
2.56843526535
-0.160888779587
0.0395972022041
0.483784240728
-0.820018885721
0.516783777698
0.716986007198
-2.05497967228
-0.341016658103
0.165190830056
-0.0989638394892
-0.139902228302
0.697697762462
1.18724325403
1.18457810523
0.0208848220173
0.505397420986
0.639206846497
1.79997107217
-1.00630105025
-0.577912395633
-0.434012950193
-0.820158076977
0.942205880351
0.3181071006
0.629116816208
0.845173129976
-0.0937098325272
-0.463001966403
-1.00792105403
-1.76017564073
-2.03600705722
-0.927278229151
-1.27590591
-1.85487887941
0.966136062765
-0.235306718992
-1.05047082182
1.36877807476
-1.65327649394
-0.328081755063
-1.27934804286
-1.55856276058
-0.833125105506
1.00900678661
0.260830682644
0.555737125923
-1.09113605651
-2.10320259612
-2.71004455148
-0.000963292641633
-0.124039327488
-0.486523918933
1.21412139196
-0.544390425356
1.60135975636
0.715066633534
1.19011394721
1.03618588745
-2.07793664426
-1.03268556728
-0.341891951103
-0.587037271989
1.93808225636
-1.09564297934
-1.10054058403
0.791531241574
0.238935397997
0.704630371534
-0.566748813779
-0.921679389313
-1.26369289028
-0.471593863973
0.978301614298
0.194270594897
0.636010478045
-0.292648223579
1.2050942443
0.858579172019
0.134618019221
-0.226884103636
0.476397151396
-1.33620039603
-0.298753767779
-1.72072909781
-0.133208309515
0.158545416562
1.81512935949
0.844121842779
0.444692523874
1.16603710449
-0.16905764254
-2.31268836032
-2.05584550809
-1.56303167237
-1.4979609429
0.959358212714
-0.972491625705
1.68460651103
-1.02213837251
-0.695214049269
-1.52677387743
0.878501872325
0.726948985218
0.189997003447
-0.521766906718
-0.101761268477
-1.20474560233
1.20860083296
0.654010957638
-0.0431574472978
0.162257735556
0.661087292939
-0.46457162488
0.189569282707
0.685218187658
0.454947181794
-1.49722404069
-0.181856192669
-0.878574809058
-0.00787455188129
1.1254031717
-1.07182459676
0.132636629869
-1.09841980209
1.31898635163
1.75987553715
-0.808870032325
0.741440560203
-0.197276682431
0.0227924558725
0.0480929156781
0.0337386909586
0.373346723446
0.867397585164
0.974787967586
0.365217642002
-2.55528525327
-0.726195846009
-0.0873459413686
-0.523075866644
-0.326116268669
-0.0720154849054
0.438171817657
-0.948989879722
-1.94598693675
-0.216672649091
0.862912509583
0.453767350397
-0.322062408324
-0.291706964323
-0.06920924745
-0.002799395764
0.59924072582
-1.82091981733
-1.17854411412
-0.0183712551606
0.724059390359
-0.45632107148
0.221190943605
1.04116438048
0.829529009889
-0.160644224758
0.929410902343
0.651845294536
1.25114215256
-0.727134528234
-0.887383096905
0.958667139616
2.766469273
-0.106381771891
-1.08631342421
-1.69487325032
1.84372666231
1.61207226894
-2.0100084352
0.0811269806216
0.834610421812
-1.51559005703
-0.104449629493
-0.0615594496928
-0.674183179211
-0.0130696270388
-1.39055962511
1.1650680754
-0.421308704257
-1.12544837947
-0.229548322466
1.82349600404
-0.805765584748
0.718790623113
-1.71463321387
-0.306049644814
-0.614674322926
0.023304090722
0.730267344274
0.889305180569
0.681276581829
0.571689931813
-0.052483874023
-0.162772862864
-1.22720746663
-0.404866881837
-1.49651783222
-0.457193542587
-1.8311915026
-0.153281583204
0.880918832765
0.767146902615
-2.26498277771
0.374652441151
0.0455897206779
-2.75927033334
1.44855778158
-3.11601806438
0.787292773738
2.18031441601
-0.37641012385
1.07767428576
0.295731883312
0.163753331349
-0.162397072243
-0.0207484345815
0.0464418130626
0.287231475925
-0.393446124766
-1.82458217127
-0.473931691523
-0.208551408853
-0.892567658461
0.117355745248
-0.785300150558
-1.32174856691
-1.36625318066
0.0269706408921
1.05874550696
0.359980659841
-0.748043721335
-1.71394677039
-0.774709304512
1.21250356522
0.164644431796
0.501506325835
-0.141400161743
-0.192472938763
1.74129988374
-0.148538121745
-1.4922188466
-0.709931896602
-1.88929784559
0.868047034876
1.18446753652
-0.922644985857
-1.49705528844
1.05047098064
-0.847225943368
-0.657997537506
-1.0840800926
-0.18961641818
0.254171564177
0.839691641043
-0.742990769745
2.02216596764
-2.30905589792
0.243937658371
-0.32178226865
0.594242499028
-0.401513173836
-1.57911483596
2.2783751499
0.523437846101
1.27124986503
-1.15317574859
-0.47461530681
1.90419481777
1.4612260872
-2.06101422947
1.38250368216
0.99948540909
-0.0397210108594
-1.9908107529
0.212270536173
0.984484975258
-1.20812898093
-0.106593185522
0.129808906421
-0.306746462425
-1.58214311782
0.421401688532
-0.719153279889
-0.749549963561
1.16859528087
1.16038277765
-1.09874737769
0.72718530883
-0.448016818302
-2.11114215747
1.02871043066
0.274807405433
-2.02297192144
1.35020783326
-0.104042364115
0.930824258141
-1.5279309675
-0.72362282157
0.251651235327
-0.503030998598
0.791939834067
-1.24575948737
-1.13860781324
1.41227388
0.197018597876
-0.0324463414188
1.0272855255
1.30560305693
-0.310595616138
-0.551873680742
0.849241469424
0.0574735141449
-0.186753068222
-1.26288773786
-2.37848331866
-0.74950955345
0.817709733237
1.39101869583
-0.0947856209926
-0.599504433916
1.00323469676
-0.231487417389
0.334259456544
-0.0838293089905
-0.182517148174
0.749965942202
2.67655943218
Score: 1