3
44
10
3
0.0421606267474
1.56630888523
-0.605002257453
-0.829398308118
-0.579071570674
-1.63366891536
-0.0966044691228
0.583083568904
1.46833235829
1.52617577012
-0.665835593677
0.615652254897
-0.198184339414
-0.667669855539
-2.06681985442
0.0652860118492
-0.348639716023
0.0063493395592
-0.725623813745
0.909327165434
-0.204176766494
0.840312978336
0.440864143792
-1.20623143132
0.432112666532
-0.39204780546
0.553816586776
1.39442607593
1.16526546269
1.25403353478
-1.6273687893
0.564415800357
-0.570792968865
-1.79152833609
1.27543990027
-0.378537185554
0.136693938063
0.620452000712
-1.11897670486
-2.42996523802
-0.898987221526
-1.59786119558
0.0700805698735
0.0273408690012
-1.22015764883
0.664066045625
-0.743434721028
-0.803280280075
2.57623480582
-0.826567235199
0.72501445767
0.192403308395
0.264169039515
0.830729396299
-0.938586223514
0.0213332573668
0.963389977999
-0.043892182518
1.56491648811
0.626741785387
0.970178892037
-0.61604913039
0.552398794123
-1.25578526378
1.06885726877
0.37915595119
-0.231386886297
-0.57944664405
0.154624168915
-0.46880692411
1.10507892145
-1.71086768881
-1.46084093017
-1.17301009842
-0.490202236718
2.11522059597
-0.624544135353
0.124858626861
0.267377474696
-0.322061309701
-0.654069276127
-0.205826003698
0.680310145958
-0.13879239876
0.127425366138
0.347985092694
-0.945279060941
0.636542077638
-1.26048549695
-1.66522065252
-0.305819545305
-0.671066022673
0.0987756455265
1.94767836708
0.228378947824
-0.962322155679
0.427578266265
1.43736901626
-0.22300314885
-0.214715378294
-0.332566050804
1.56866769654
-0.346481369201
-1.29888749215
-0.771309937993
-0.0624536379555
-0.000527738744236
-0.411398388737
0.986214162783
1.33763033937
-1.28073483729
-2.64096922499
0.27586774823
-0.865785102077
1.747071238
0.647564931683
-1.68592820204
-0.779613009234
1.20168342139
-0.0306439726642
0.34760020809
-0.876870559312
-1.71387665091
1.13160280232
0.428388839011
0.032476394813
0.645868456011
-0.819940266383
-1.01288258872
1.46194953946
1.6965865324
-1.06320835263
1.80242028605
-0.930526778057
-0.571211722561
1.23665691505
1.48041194228
-0.670562082683
-1.72033157702
1.21995570665
-0.808272748325
-0.277058151637
1.04328992223
-0.132013834505
-1.48383981226
-0.9139465558
0.933288223583
-1.77952496902
0.61829272416
1.52093061252
0.690061880141
-0.765692037472
-0.849921897337
2.80712095123
0.0010220779628
0.951057611303
-1.40470149066
-2.30948692509
-1.23999573811
0.176181275391
0.683536316213
0.621743776763
-1.25848858371
-0.393968239599
0.681529677719
0.131126437482
0.864117273142
-1.19215620294
-0.317221068804
-2.09743541782
-1.91915601357
-0.908330138577
-0.291170026715
-0.139163504223
-1.09008914334
-0.00994261641705
-1.16734971375
0.0725979441346
1.98230192814
-2.67649767288
-0.611472564498
-0.179845743387
-0.14617451554
0.660792023211
-0.443151692911
1.51257387776
-0.54624310482
0.47917088321
1.20524699703
-0.712964146325
0.362706445641
0.258698218668
1.31844677211
-1.20274258216
-0.391080703335
1.29038497185
1.19989947155
-0.608004667002
-1.87590028209
1.26943670925
-0.858778177078
-0.307414735681
-0.14559052517
-0.701627393044
0.222797843224
-0.653289625622
0.639659303786
1.13109649988
0.202529237028
0.596323768347
0.866742462126
-0.597105780097
0.274782971655
-1.11269878743
-1.51951604811
1.55359410284
-0.715667588187
0.980648778107
0.34682409647
-1.17964096958
0.203705857743
0.824108218983
0.195027797407
0.55700484229
0.958157858437
0.298509436805
-0.21774563875
-1.21313668398
-0.127268071222
0.413232174941
-0.759909256099
-0.406577464047
-0.428021606509
2.20720951068
1.60246996287
-0.876047692429
-0.848292613595
0.463015001885
0.195707702003
-0.50393484823
1.5681213152
-3.08976061795
0.542815661201
1.38568490829
-1.73012155357
0.584302673116
-0.989805665786
-0.302943315602
-1.85149106936
-0.99330099304
0.188828348614
-0.234904578426
0.679880900306
0.0325371082804
0.327724697519
0.937283465815
0.554595730952
-0.668798293661
-0.889460844902
-1.92476246224
1.1819622684
-0.433847182351
0.514801108139
2.43364621237
1.09881950271
0.0681499199604
-0.575429736011
0.127886126335
0.396662800211
-1.67435269338
0.0907166697531
0.802570621839
-0.602863878378
0.231648913942
-1.21291158585
0.783847946297
0.38014366354
-0.627727479297
0.759284279555
0.325098881405
1.42466136647
0.407251768205
0.276206584576
1.48343234796
1.24252210336
0.104561966045
0.470453146328
0.0118893825073
-2.02464369128
0.0179994551266
0.911439532983
2.10881547585
0.589157819407
-1.23678301298
-2.20217268434
-0.555072941241
-0.772446580819
-0.437214083537
-0.623904980045
1.13446195165
-2.19603896206
1.06156399737
0.571741438291
0.715444665484
0.259278411812
0.578994794875
-0.302970548168
-0.968653631344
0.231768794499
1.05929486275
1.39663215702
0.945606099198
1.0947215084
0.014858887851
0.241614806354
-1.17546120666
-0.139677471535
-0.690162059144
0.506163534003
1.21776602608
0.512570286883
-0.365243853981
0.1272542286
-1.12721321743
1.0283472037
0.584378465734
0.268184387451
-0.116741575344
1.25092630907
0.632915431061
1.28082585801
0.217802710535
-1.406256813
-1.46834902615
-1.12952906649
-0.026501618219
-1.28702654321
-0.286341547112
0.777843532443
-0.862063844198
0.0489509178962
1.36368781167
-0.734547018659
-0.885650821544
-0.741328237801
0.318135000723
-0.570260640546
0.0494510704219
-0.2474186269
0.217211073723
0.821037693042
-0.293910889981
0.565754712782
-0.459181657132
-0.176723317485
-1.288471913
0.0221657861387
0.61345110509
-0.699464904514
0.459895908421
0.897086246566
-0.26331748885
-1.58503496485
-1.67062034556
-0.342208975711
2.13437675567
0.221745702196
0.255276783154
-0.576974621941
-0.460385831643
0.996883858357
0.627984407696
0.0326438289322
0.015185989179
2.53694630274
0.26083460243
-0.0381305447194
2.03652003888
2.62162955089
2.87139196362
-1.54561646236
-0.442185598346
-1.49194752679
0.516945457117
0.104846115532
-0.561543569052
-0.158407869003
-1.09215375835
0.190942530547
-0.329469773075
-0.492617203217
-1.08666550752
-1.55848540939
1.97903532658
0.398663234865
0.553814909118
0.584955095677
1.32995195137
0.0020910136886
0.29715159453
-0.295139984458
0.881397049593
0.768743324386
-0.0501050772106
-0.314911381113
-0.97292253646
-0.198849195796
0.711696190863
-0.20227723885
1.14894594895
-1.48229743813
1.58497948838
-0.602981849466
1.34858566458
0.253413509506
-0.351849841329
1.42120262575
0.873637791932
1.16543345732
-1.8756711132
0.794137447609
-0.923331037021
1.12898305126
-0.40523957415
-0.154888672557
-1.89145668427
-0.712446077237
0.921570433064
0.00949274719486
-0.0747314119915
-1.39786398092
0.560128720463
-0.575003337676
-1.12646508984
-0.0928851749093
-0.0907880706974
-0.394673255271
0.256765856023
-0.397294117122
0.0566759826161
-0.00724791699563
2.21769480174
-0.992887248903
0.13706448021
-0.270222355122
0.523808791603
0.0512479338689
-1.04790565489
-0.256620044949
-1.81556923312
-1.20697914682
-2.78142705883
-0.90152852346
-0.525255369451
0.928380435226
0.192422665995
-0.0904616325079
0.362037961037
0.215312274659
0.70815833037
1.47452336898
-0.158582633809
-1.48816441276
-0.327936873833
0.146806196043
0.08457389951
0.132547831782
0.249749529302
-0.0195479467007
-1.00375841229
-0.34763493127
0.750206845339
-1.12952267737
1.35993312305
2.49504166782
2.04715116942
-0.0636808227676
-0.672434251529
-0.356558080491
-0.956688194296
0.0755966092163
-0.088550223966
-1.47016977686
Score: 10