3
44
10
3
0.43983322736
-0.966239967328
0.82967825704
-0.0273881283045
-1.54190846558
-0.673755452749
-2.09977738076
1.80291099743
-0.525690997467
-0.446990531872
0.780983185662
-0.0345230990583
0.551265400199
-0.812817294966
-0.301667757419
-0.541586367425
-0.337256333426
0.47388968823
-1.69777648916
-1.20410462472
-1.57215404036
-0.491963215931
-0.0433913008508
0.385289643089
0.175426187021
-0.311102700027
-1.62469936498
0.483020338792
0.274791814427
-0.644301695865
0.365849366413
-0.821752064057
1.07049641427
-0.278563315072
-0.273015643609
-0.10685727509
1.19037464644
-0.271940619978
-1.26612314011
0.173187270044
0.0618705035532
-0.0120937075745
-0.0273863518474
0.162453979331
-0.467966476539
1.39374283453
0.613025040768
-0.658974880036
-1.93314388558
-0.555981799592
-0.0775151145016
-0.400673822647
-0.186404556568
0.873570257132
-0.771657684476
-1.42587025551
0.284922720645
0.195144205176
-0.770331418604
0.852348619511
-0.60950266134
-0.00242965792355
-0.323337786892
-1.16457223032
-0.504921209385
0.689008354708
-0.264962555899
0.840379601451
-1.37843456098
-1.57579427621
1.37100384506
-0.233234160658
0.631989735226
1.29469733964
-0.648734053282
-0.689519433977
1.15811590174
-0.656680923694
0.837134369459
-0.369887366918
-0.200916817273
0.35313240015
1.04415720908
0.707547779209
-1.19445144605
-0.311746492525
0.854913870664
0.857600270825
-0.590290461221
2.0491279369
0.481675655856
-0.869481175237
-1.5519771816
2.41398397892
-0.688483005054
-0.54343597769
0.415566110017
0.110524984254
-0.679490525309
1.20184477734
0.952557816803
-0.198306321191
-0.101660736908
-1.40265189529
-0.0225609169634
-0.462494587307
0.0450029705111
0.887446857251
-0.972287538456
0.433374186355
0.344542932962
1.58410689244
1.06813593381
-0.519117089736
-0.235641824001
0.844028429025
-0.755170580316
-0.222277091276
-0.240217635904
-1.15255978712
-0.0767741125901
-0.104277804942
2.18112276353
-1.54487615779
-0.866944446242
-1.0870220407
-0.00343887770784
1.54234671501
-1.12157282807
0.0516287506947
-0.044377413113
0.144114862646
0.799771720885
-0.0569516008212
1.33717819688
1.57972212772
1.35236394985
1.87586723098
1.04641888683
-0.355002140793
0.908331162253
-1.85671283863
-0.665035595736
0.489068662212
0.220106902752
1.4324225707
-0.603981283839
-0.711308855468
-0.760002013096
-0.29846639042
-0.387413235679
-1.50028330361
1.68054878335
0.775461121779
2.92594996995
0.0682487025219
1.93080093529
-0.556455994876
-1.59629453352
-0.192406939499
0.442140460564
-1.24022471301
-1.42851000434
-0.5447647928
0.577112951167
-0.524357101743
0.658602880216
1.50208523691
1.30205796942
0.660994651491
-0.215183337871
0.202962489205
1.65568648382
0.190923756605
0.346514594609
-1.23211385593
0.0945930328779
-0.888329029285
-2.53645239948
-0.415211016056
-0.0108379600603
-1.55096838554
-0.964997481326
0.306229061911
-0.47414810001
-0.395371749827
-1.34353293623
-0.442812567418
1.86395813782
0.229552540738
0.18039932214
-2.92867357336
-1.77386022396
-0.130252732308
1.05709595555
-0.462034650237
1.054670078
-0.791996155479
1.1853433962
0.574783544175
-2.8148297337
-1.59232560227
0.476512304634
0.330115196632
-0.656733480162
-0.865282810981
-1.40997994833
0.626930570454
0.62227581637
-0.909674064997
-0.566200428058
-0.403017894802
1.61328871483
-1.48263825039
1.35752214624
-3.02820053363
0.816558392237
-0.65094465
-0.550284066885
0.427099084234
0.260590472735
0.348218774593
0.223705559583
-0.319939155475
-1.23572370489
3.01828471832
-0.283914675535
0.841434702539
1.67366668745
-0.885264163313
0.41035305112
1.09671654935
-0.134572468103
-0.331559855153
0.742804895353
-1.37821762322
-1.70526569349
0.753191685117
0.251135631842
0.814781345397
0.950403793567
1.13772740361
1.83347571551
1.06181530307
0.560008084063
-0.203372481228
-0.186890329189
0.964751410585
0.371578746018
-0.306464536352
1.3970332379
1.28915307193
-0.80792550261
0.0483898635978
-0.336904814786
-0.396182726913
-1.10466677288
1.08038477501
-0.0477924484585
-0.0446773356101
1.82247089349
-0.737940414689
0.459732752432
0.795315019947
-1.60749047451
0.772061417468
-0.817356665869
0.865475947174
-1.30125577962
2.34065704364
0.394661976443
2.7256844735
-0.791620377195
-0.389763612316
0.393150624169
0.318113270881
1.66425633785
-0.858082889462
-0.685640865194
1.20045268366
0.403556177364
-1.79059647899
-0.0512836736703
1.84777057018
-0.440918661162
-0.00191066332783
0.759937068897
-0.642922118382
-1.28929736487
-0.545760389345
0.131399091322
1.57427112822
-0.0319444594073
0.399094915927
-0.0865111180345
0.607225469486
-1.44158298732
-1.26920279969
1.08996466415
-0.797000763329
-0.17931516928
-0.177560564875
0.0227325770056
-1.34368574692
0.889503810934
-0.686661957647
1.99049797484
0.967932415265
0.00211086591589
0.375997422414
1.06309664672
0.610014401061
0.0367491394311
-0.86854837206
-0.49574482025
0.00511760141199
1.7821794095
0.788897682068
1.08832950099
-1.67276294104
-1.24280471625
0.248984379319
1.39299802679
-0.196794150798
0.0335403435609
-0.30572276461
-0.952371890486
-1.5615915818
3.24601926933
-1.45813111517
-0.559732757574
-0.600346351321
0.120560440822
-1.68971126098
1.75474424322
-0.250940901662
-0.886651197737
-0.667255921598
-0.554772856713
-0.0589962405659
0.984984316712
-0.954728025699
-1.41411034889
-0.297157153512
1.1123611548
-0.134033718108
0.33748009604
-0.924452807797
0.312252033873
-0.964083260036
-0.408248833699
1.20070240548
-0.663705659948
-0.276662699591
0.234562069305
0.241751297635
1.99656695599
-0.485736843709
-0.329194251786
1.78428223528
0.457694375658
-0.161833041336
2.82161255061
-0.248480763715
0.49355924758
-0.593708894821
0.164314436596
-0.402107561507
0.791225018366
0.112233692629
-0.495790070272
1.861953319
-1.51132363601
0.287674896116
-0.0505093751388
-1.5436472874
-0.710591090855
0.975592036964
0.984629874761
1.03748489205
0.658909313648
-0.391594242575
-1.01281456279
-0.356627359009
-0.616642403002
1.28851272088
-0.00985360637195
1.14323583479
-1.16240685362
0.13342017766
-2.17244776233
2.00121328587
-0.346991409481
0.50255783483
-0.582942123796
0.86051024994
-0.332522615263
-0.286629255935
-0.384986279569
-0.209532062048
2.22518086098
0.74562847683
-1.24541821813
0.23970135473
0.604433667849
-0.0191640261543
0.917469443893
0.419683425177
-1.14347501584
-0.740197969268
-0.256014372746
1.9701805935
1.1739976364
-1.04082531662
0.21528369484
-0.721187749187
0.358548741333
-0.463784911326
0.804712010067
-1.27588806639
-0.700063785362
0.937987483361
0.830779441833
0.410276839541
0.631065575932
0.0182469623699
-0.275494088061
-0.00609216871898
-0.973782166154
0.949169986553
1.44447770736
0.563173670493
-0.264452450774
-1.34886867494
-0.396524172821
0.196687973933
0.936236805744
-1.07066867598
0.429804059152
-1.59717103049
0.654623868313
-2.71554734699
0.315931525734
-0.0322231083086
0.512170152874
-0.240950903365
0.186296424021
-0.0865453039014
0.0215978826803
-0.829744993232
1.13437994558
0.293410538911
-2.15568807709
0.839772096698
0.793212714058
0.930269353136
0.648467325938
0.142088024473
-0.222545434447
-1.53562614273
-1.89159820668
0.7172737221
-0.549423819528
-0.530294383054
0.477433934959
0.649587323575
2.33301312208
-0.957435069464
-0.346741476678
0.105118956857
-0.990394713182
-0.0299894949475
-0.629261064745
-0.0763081382033
0.101704927482
-0.362602979847
1.61395587991
-0.832785552216
2.21391562221
0.121768796272
-2.36176749193
-1.8310520711
-0.944011661632
Score: 10