3
44
10
3
-0.676016237246
-0.768975054249
-1.46633009357
-0.769160096538
-0.344530862166
-0.577002747559
0.802762667171
0.0588978007823
-0.873012164237
-0.165239815278
0.971316795594
0.378474667586
0.31822540295
-0.320930572915
0.19361341497
-1.03178687052
-0.344348856051
0.38422748798
-0.603264616834
0.405637671742
-1.61562028591
0.0395189697219
-0.200737380282
0.618422770427
-0.0717756621515
-1.81668400703
0.407810216244
-1.21760247723
1.53842485017
0.83829578619
1.456130871
-2.6175796696
-0.812453776019
-0.76268090922
-0.0626407806798
-1.19045088977
2.05439489681
-0.879795098095
-0.0516041633614
1.44573528117
1.42455957923
-1.21699270179
-0.914170049386
0.930233647943
0.0719582602502
1.16876804559
-1.10635783994
-2.09655716148
0.215165914392
1.13512129729
1.15847201811
0.362217760623
0.0793819139725
1.27340122527
1.79350553254
-1.02514558274
-2.7304985767
-2.46925812861
-0.703997130738
-0.21199892184
-0.185997133527
-0.323695083621
-0.839599541953
-1.23828867667
-0.965488620968
-0.638832909362
-1.67204353114
0.135717177195
0.109375669474
-0.4748268192
-1.5116906313
1.38009698495
1.40537816289
-0.641504543826
-0.60719983115
0.201389893819
-0.651789682784
-0.498597154575
0.123463938503
-0.501296306672
1.84933568046
-0.188965737362
-0.566266903543
0.380858992979
-1.03998707177
-0.646674288491
-0.680865488911
-0.193299415874
-0.376848522131
-0.856853233035
0.855328212263
-0.580214684637
0.955300928113
0.32085067701
0.697656574575
-0.686807733588
1.00115293686
0.233714865763
-1.95057582817
-1.12133418557
0.916694361104
-0.606433383463
-1.79400074439
-1.49915736589
1.42076212615
-0.15659391533
1.79048529087
0.315274602521
1.40865480214
-1.10480586412
0.125006714156
0.0422633052004
1.29035331827
-0.430811134669
0.245754869986
-0.498453315778
1.00607127229
-0.573914837678
1.69058991391
-1.0093931702
-0.847670767674
-0.265092910079
-0.32925995252
0.286060115308
0.928479372771
-0.329791258558
2.25311504537
0.296779863415
-1.23562154113
0.539086914279
-0.379300944656
-0.488724454999
0.277406104033
-0.412506182457
-0.271351672462
-0.47531182835
-1.30733326007
0.701090148119
1.07077585903
1.23815315619
-0.530892088124
0.474267510104
-1.6052811733
0.632738605249
-0.390812914678
-1.14724850859
0.391357919386
0.819361679866
-0.236410648073
0.391211915421
-1.29098351119
0.768411852378
-1.90622353308
0.826262882324
-0.316357333637
1.84293799117
-1.2852908252
-0.325856499157
0.431211083119
1.86267182274
1.2998461321
0.128866463178
0.231276119526
0.199310754481
-0.817285866045
-1.0915372632
-2.04564564315
0.167631919738
0.643124318695
1.2162919447
0.749151737352
1.17352058359
-0.215387182956
0.00450693509692
2.73191929622
-0.238774089504
0.374983357594
0.728623826929
2.14483899731
1.44978036091
-0.0702520560474
1.96761700277
-0.0137976823362
-0.11981829774
-1.88026297601
1.21377545063
-0.164359954667
2.26839480965
-0.392942644721
0.458436627829
-1.51572223268
0.832554404527
-1.65934302816
-0.599901887007
1.58103380269
-0.00461895664373
-0.101365767864
-0.0605897883245
-1.19284767065
-0.0983609466944
-1.22750480219
-0.547547493096
0.879748752253
-1.44946625601
-0.757146149722
0.977773051932
0.703266495334
0.502587456927
-0.72738712399
0.505455876237
-0.805839179765
-2.29679215772
0.657722157883
0.828043047183
-0.605286286303
-0.565691422941
-1.27043213312
-2.32748480785
0.664151918068
0.752577949071
-1.15197840197
-2.57910442043
-0.376350779941
1.56360347983
-0.675419843217
-1.07846542272
-0.248069523071
-0.667656949239
0.336024798016
-0.827467624918
-0.596123164006
-0.318223655557
-0.641619352178
0.616921190614
0.155641291175
-1.65515755341
1.18880370053
0.294941599952
-0.940501129175
-0.47605942041
0.0400839598565
-0.635507642933
-2.85610667522
0.800877313671
-0.118313227993
0.272958207275
0.437936785766
0.0615927681045
0.793343161699
-0.0908495090828
-1.46491994199
-0.762330316898
0.741922179468
-1.21135062034
0.0718570885132
1.47615180315
0.568371378633
-0.0677552787464
0.239210164004
0.432965803519
-0.667110401576
0.190468342285
1.09404438324
0.1181876747
1.24208612515
-1.03940837105
-1.92289858591
-1.95047089177
-1.0321252426
0.0147729851641
-0.479128595747
-0.217935012985
0.0634729732688
-0.371920982827
0.252187221438
-0.270525041185
1.25854461907
-0.0344612652955
-1.44572172769
1.85096841653
-0.433511657551
-0.279575219547
-2.19279229341
-1.09517386762
0.516471264336
-0.431944292804
0.998941494983
-0.0375350324718
0.594935897055
-0.802253886933
1.51573816374
0.990882036229
-1.45639049195
-0.535745438189
-0.806699688488
0.654866032527
-1.14985920494
-0.17253142612
0.76232856091
0.563200797953
-0.105165269461
0.0984035463254
-0.0452371905255
-1.45042388395
0.212694865124
-0.121546361534
0.145305689154
0.401314355158
-1.31924987236
1.43781836842
-0.705677253698
2.70864790905
-0.524032299094
-1.4792020974
-0.0168524035124
-0.433359384142
-0.230198083507
0.657694696581
-0.292349563426
0.952125986983
-0.414364043816
0.32017485012
-0.117694783146
0.325316345397
-0.217540435834
-0.348121314501
0.427076199985
1.99092176258
2.4189439056
0.933067543718
-0.428348816139
0.376249217658
0.108070303845
0.183842539091
-1.23311647237
-0.888512782285
0.553835124225
0.349006157057
0.679944827354
-0.660375450111
0.127906923245
-0.56053100029
-0.344744163104
1.91637107421
-0.892681789584
0.459538859283
-0.268439645818
1.22415425457
-1.50163778599
1.54124207102
0.0430613058823
-0.672247880781
-1.36824985376
1.24713368159
-2.4073663876
-0.0565013465346
-0.55659312564
-0.382976274489
-0.443482867171
-1.5197089199
0.71250116046
-0.336726951025
-0.0635167728504
1.91603777498
-1.45572478181
-0.201674836555
-0.380709740573
1.07130437996
0.826402136962
-2.36050797935
1.01760591484
0.176285155696
-0.377087643076
-0.554454312742
0.729568258097
-1.49614365973
-0.744495599243
-0.749747541852
-0.19754824065
-0.539044058558
-0.754767181088
-1.88395774816
-0.54457023597
1.30364771067
0.205470562347
-0.569300173672
-1.47309150607
0.488685947215
-0.788691597469
0.109205197825
0.499173051477
-1.75378557981
0.30936126179
-0.0700925425673
0.700369591355
1.2188693785
0.799150371971
1.84075422869
-0.621414443252
0.938494089061
0.16493244655
1.57783408414
0.916981228956
-0.936897448997
-1.02369325371
-0.325057468538
-1.08529950375
0.897193558051
-0.766533957421
-0.312539150484
-0.0382019713985
0.416738142947
-1.5267470116
1.10145367372
0.0524852584541
1.04416232719
0.00583152544968
1.12556056305
-0.654261214284
2.15254905381
-0.385200390403
-1.23436191594
1.31678362403
0.258809378156
-0.927512492424
1.00649360153
0.888056852728
0.223867159398
-0.861377100697
1.33338418266
-0.205691200728
-1.68069558301
-0.0966951225711
-0.157141934625
-0.651276933505
0.242449718145
0.0941783917614
0.307119399679
-1.05252519475
-0.149087861648
1.07980432921
0.0617020436453
-0.0767930393431
-0.172627684833
-1.15037031802
0.318582000544
-0.734227061067
-0.224585694183
0.990596159828
-0.166619942227
-2.13398290291
-1.34609085727
2.06031629638
-0.540125125236
0.974615037517
-2.55931340518
-0.109844163107
-0.910861106271
0.108054083301
1.47692236832
0.0215010587773
0.304087995478
-1.00611496066
0.958418196427
1.66695994347
-1.32591484213
1.9867480213
-0.680650180737
0.251010738443
0.580949245753
-0.837673669584
0.436408347718
-1.41955572858
-0.891422726493
-0.109233023436
-0.995311926465
-1.06738213355
1.16266603355
0.708227202498
-0.0302270397
1.10863909326
-0.378296841518
-0.887401572628
Score: 13