3
44
10
3
-0.764996184991
-0.636973559073
-1.27884357096
-0.864082006306
-0.167773823588
-0.779743734867
0.74349945133
0.0397961921682
-0.831425516371
-0.156880557029
0.994498753915
0.48430349147
0.290353934535
-0.397466085321
0.240736740537
-0.850812409999
-0.335141603446
0.452464917271
-0.692507046318
0.197215940033
-1.66561035771
0.0177972046029
-0.0987770089812
0.57840082725
-0.264398488953
-1.89101719106
0.529479040915
-0.989803342967
1.5013895339
0.953914461962
1.53667493744
-2.34181827931
-0.821438501389
-0.761541254201
-0.210262599281
-1.28293605204
1.99138547099
-0.757924604614
-0.281897348374
1.49160699005
1.46260062932
-1.17897488822
-0.765039462499
0.665374726106
-0.196549296913
1.22606634823
-0.950545002684
-2.10237550626
0.337409797697
1.16502353493
1.08684297257
0.324160714906
0.10982566803
1.26528460972
1.72609260354
-0.998858827825
-2.68469234751
-2.43743714327
-0.427241863846
-0.222300467512
-0.0374663186089
-0.509870529588
-0.694181079388
-1.2491709616
-1.05913811744
-0.521028999482
-1.70438905582
-0.109578278331
0.0787122222785
-0.660299687231
-1.63601263103
1.4635469298
1.20328682308
-0.455815472224
-0.397225125802
0.189270371885
-0.872979129493
-0.62712983598
0.139929230203
-0.573510236043
1.6883750819
-0.363590916849
-0.569364346034
0.410034529886
-1.09866706862
-0.64348782769
-0.867623532958
-0.103752796808
-0.224669901934
-0.831155862894
0.788201821584
-0.488015626984
0.86232165111
0.429899436007
0.548621906694
-0.731739773043
1.02963481149
0.0734681235106
-2.19898394681
-0.996056157002
1.08167523519
-0.468541888358
-1.76498240002
-1.42123668566
1.68594353894
-0.104730456447
1.89709731311
0.38119221632
1.32147049818
-1.31945783303
0.0546011182397
0.0220603524421
1.48981920994
-0.33818823967
0.300667245121
-0.655643013355
1.01980003228
-0.730619271846
1.69669685324
-1.001376669
-0.635196668945
-0.472050339124
-0.334764609261
0.539477946212
0.891211788546
-0.567410166573
2.26551086721
0.470290011995
-1.23041722513
0.361731779747
-0.00921767749382
-0.552757232329
0.377567733998
-0.555145074219
-0.177746029096
-0.516677730591
-1.17773173242
0.604667168674
0.724906697076
1.28198829479
-0.618931537542
0.613951511034
-1.32529264565
0.592635706591
-0.512593130778
-1.35133106737
0.309808106074
0.727992554841
-0.298209955851
0.340519496985
-1.47021209413
0.532193230775
-1.67221779857
0.927527286722
-0.418813429259
1.70773354096
-1.34786848478
-0.421788773709
0.228248939477
1.75286553671
1.11366092484
0.383468155649
0.227107841956
0.19716873008
-0.900943954583
-1.19115963139
-2.13709287267
0.232122197269
0.409065621555
1.14332271138
0.796292777
1.29344477748
0.21648293904
-0.231805901144
2.59295329896
-0.143860543194
0.320767996244
0.950304845436
1.99118261737
1.67321685048
0.037011261152
1.92054473935
-0.33024049095
0.0540322035949
-2.10683761569
1.23697795503
-0.458702772485
2.05480290728
-0.536782075745
0.592863717469
-1.64093752224
0.757677143852
-1.61046408768
-0.449855243486
1.62560369382
-0.101947430337
-0.0512580688708
-0.0589841752788
-1.31820966285
-0.389587490232
-1.10443788901
-0.83904665023
1.09680868018
-1.30717180668
-0.905356584821
1.19080276456
0.610118866579
0.562656422322
-0.680987156419
0.29158879888
-1.15260168072
-1.9992053464
0.330814806661
0.676064385967
-0.461587607109
-0.601968393965
-1.25831247744
-2.29729299172
0.400896769118
0.478580815144
-1.3452272155
-2.54028066143
-0.309981134966
1.60911815576
-0.195567683129
-1.26927842099
-0.413718208611
-0.683153009786
0.121136553472
-1.07723096321
-0.426109583438
-0.422936450313
-0.77917271831
0.598277788961
0.201624959186
-1.6580375157
1.20001704938
0.305614504762
-0.949868917018
-0.552199628499
0.427039489079
-0.526778423264
-2.53172562504
0.943522880412
-0.276875204467
0.388751679067
0.552723736136
0.230140756372
0.960929395483
-0.0608010471555
-1.45682274321
-0.689068202229
0.895021981969
-0.999546092483
0.0752820698641
1.27862775048
0.771995446004
-0.407291823245
0.143478270073
0.293369454227
-0.593728292811
0.191284514579
1.08417240666
0.139875646684
1.12220349811
-1.09649954513
-2.10038147182
-1.76109566578
-1.338681505
-0.154174641679
-0.324801471113
-0.0809182077209
0.0337242157748
-0.511226053425
0.119028659359
-0.385477361302
1.29135517217
0.0999688129048
-1.33377730825
1.62144945255
-0.277416542635
-0.358016214734
-2.11094682914
-1.06873562219
0.361644649879
-0.417727563113
1.12187865245
-0.157261868496
0.455623787599
-0.668546318285
1.48313420724
0.933579980341
-1.51722785472
-0.514279918156
-0.91776533101
0.536321876692
-1.20535936756
-0.26294378737
0.434700245632
0.617441801978
-0.110186330855
-0.0781817791959
0.243974494739
-1.5600293826
0.0371920542152
-0.332048468423
0.213368088862
0.433953927605
-1.23509178799
1.29693695994
-1.01287647265
2.72209615927
-0.872810746768
-1.76703371412
0.207372677386
-0.0581063583011
0.0192665801136
0.715725972078
-0.315994271674
0.971668280566
-0.463820663121
0.267311474953
-0.168688296929
0.426486319158
-0.257489138474
-0.233643006402
0.360592429193
1.92781558824
2.47135631791
1.01298246108
-0.457245772316
0.329463038203
0.183401666171
0.0902401610323
-1.37106295412
-1.05413687429
0.586890177718
0.303392149358
0.832001639539
-0.424553462261
0.121219157701
-0.418471059131
-0.32678996806
1.87807428125
-0.94939878346
0.360539240525
-0.483596180429
1.07197264794
-1.45520899156
1.62928974481
0.0209537106639
-0.891137758285
-1.12483938135
1.29547128046
-2.16289951588
0.204939047677
-0.466448965524
-0.225287336627
-0.29933561646
-1.5961637104
0.655814038068
-0.301769446463
0.061267397566
1.93362902292
-1.61070909458
-0.330627721898
-0.24324283926
1.04216393557
0.917242463996
-2.41330775496
1.1586655059
0.0387121610622
-0.426188004553
-0.391265808939
0.580459781548
-1.64913977105
-0.596696648254
-0.820182464353
-0.121904717729
-0.266079559781
-0.536853247807
-1.78900597023
-0.492407707726
1.25471853467
0.490071460103
-0.492752913858
-1.36374708232
0.539278449834
-0.758312307063
0.15202297477
0.535303417362
-1.74741415583
0.0975589522294
-0.37677127374
0.675607542984
1.23527720505
0.847611491039
1.85093249099
-0.551960804682
0.905289160306
0.395811507628
1.66534710593
0.916884452433
-1.09256125556
-0.789427735343
-0.332951830726
-1.08177369901
0.629121242552
-0.579581678488
-0.287463160057
-0.038320755659
0.62162019099
-1.55756278073
1.03717619846
-0.0968429460258
1.11087421159
0.0991004975452
1.0226566144
-0.659176924922
2.13935780289
-0.550516464598
-1.27784567692
1.39333817126
0.129950683023
-0.863695911293
1.11050994163
0.712926755426
0.131623921038
-0.719019640546
1.30953976389
-0.0951953265199
-1.72076766132
-0.572312669425
-0.021131955329
-0.83587015269
0.281095171138
0.0105372692714
0.0457148089313
-1.15377995305
-0.352621888264
1.13840955815
-0.0248373432311
-0.173257537533
-0.275043963623
-1.11957161676
0.468719467587
-0.532145790085
-0.27868227429
1.17800130396
-0.29278276584
-2.0010135415
-1.40496196602
2.11327705008
-0.828355267681
1.23305947467
-2.59315771796
0.147031150681
-0.799238774526
0.00931395969896
1.51707626705
-0.152433351985
0.475085542099
-0.823503481206
0.744838187071
1.52271955002
-1.35599561989
2.19940816487
-0.579342378646
0.56499663518
0.566406129153
-0.882233169646
0.611969471286
-1.4206236121
-0.949168608554
0.0730217181198
-1.07924153026
-1.29190772316
1.23713697648
0.703574207381
-0.0898652200714
1.00452638953
-0.409806947625
-0.805123420645
Score: 13