3
44
10
3
0.089547296499
1.4963226104
-0.290865314662
-0.992494251163
-0.373815676253
-1.5425454346
0.102403960822
0.647955569759
1.53918842768
1.47471230772
-0.858691700714
0.704063901127
-0.0872748983756
-0.598017040158
-1.889377004
0.00214428897045
-0.383533598312
-0.114064907838
-1.04363756903
0.748948890409
-0.113432209471
0.72653243702
0.632800820711
-1.06192798551
0.313425842532
-0.256622837701
0.64691415403
1.38986310672
0.976359576364
0.975052724728
-1.85433596882
0.299881660851
-0.600753086105
-2.04777099606
1.29333796967
-0.222661165895
0.0879664267429
0.46238746067
-1.16575100379
-2.32676176607
-1.03629554099
-1.55291013348
0.0506820800325
-0.0769080213858
-1.2530513619
0.384654856962
-0.909741509522
-0.881977057947
2.62435411325
-0.741129633772
0.588041427224
0.374712725626
0.488803786857
0.702569145896
-0.745839116114
-0.00340554625531
0.902878928418
0.0408636183673
1.64211717024
0.34390507083
1.19138305724
-0.74859391881
0.752644199997
-1.14477666337
1.35381478853
0.390333496689
-0.0626494627579
-0.635009815615
0.28552828832
-0.553956309052
1.17981200952
-1.72580913892
-1.43305736014
-1.30505294929
-0.150694953826
2.05230063276
-0.641640174108
0.159337929493
0.460427288148
-0.391477597242
-0.52777473344
-0.506081935563
0.868403399201
-0.169739235606
0.240689641264
0.252164975578
-0.94123620468
0.527883405757
-1.06533450687
-1.84951132696
0.0266165889489
-0.690557684733
-0.162710325123
1.97814493463
0.219757470121
-0.65936014642
0.463495773283
1.4697902704
-0.323927232442
-0.125714327274
-0.473422211025
1.61504798416
-0.434444339101
-1.2903314719
-0.80892570112
0.00800107799831
-0.153702496115
-0.127639308731
0.989260497392
1.18179753892
-1.35952920583
-2.64686892802
0.435714675115
-0.867465318303
1.67982376822
0.839417016509
-1.73436684355
-0.973188891601
1.01919906844
0.173433571552
0.372678082396
-0.978985795503
-1.71671009712
1.07463657464
0.598707664238
-0.0629263741916
0.604408945749
-0.720183009669
-0.992146233538
1.38994464576
1.35032400329
-1.24521382268
1.97066803691
-0.668861067484
-0.600968436561
1.3691947104
1.45112615466
-0.528948689822
-1.7294774194
1.0878485672
-0.839877685345
-0.126019175239
0.96033149898
-0.407895243108
-1.59199141602
-1.09600379748
0.769720647259
-1.75721568854
0.641140971276
1.43347947383
0.844027574313
-0.577810260122
-0.989449196657
2.80287524576
-0.18933114827
0.907400211444
-1.67965300646
-2.27973700165
-1.16826008715
0.0684975027154
0.7979927824
0.698970030185
-1.0151472123
-0.186373241488
0.545077199217
0.186878423167
0.994568383629
-1.00580789837
-0.296429317499
-2.13035142901
-2.0261405737
-1.30940111243
-0.309747798438
-0.170697176729
-1.18198424561
0.037566098272
-1.24085463059
0.20111171648
2.04333062087
-2.60946847398
-0.654806490767
-0.0551907725966
-0.310042054083
0.820608357445
-0.206026551045
1.56375673223
-0.387572822206
0.520002157711
1.3229431381
-0.553911538125
0.522982147134
-0.0468955975061
1.08471693153
-0.991756863386
-0.263926833545
1.43234833734
1.29212741395
-0.492867864949
-2.04892411289
1.27480957383
-1.00525030628
0.0434706269088
0.158494041002
-1.07317098108
0.223792145426
-0.496724730876
0.762628454956
1.03093752568
-0.154923564857
0.548373490978
0.705295617387
-0.546989606511
0.17328171169
-1.16534396733
-1.25132646607
1.56787322597
-0.570844612939
0.768265326771
0.453702087963
-1.1579241298
0.149231674452
1.00559871637
0.416283926253
0.700408961798
0.820095106807
0.383291741996
-0.504070239327
-1.03903510418
-0.0897810241793
0.624652564993
-0.725020926961
-0.37010260647
-0.419288413058
1.9976685169
1.28575208297
-0.915159764165
-0.774934989294
0.432375615038
0.136742269236
-0.53107981591
1.28625148364
-2.94905002882
0.75897269575
1.38029696592
-1.59317175246
0.531537213187
-1.00708161935
-0.174090487449
-1.774023893
-1.08622767896
0.160739141968
-0.294917757761
0.735256142571
0.0238510988244
0.32464830702
1.08464479442
0.457912325013
-0.506610321309
-0.501214585956
-2.25251945887
1.33722124201
-0.426011979231
0.526554372044
2.42434259248
1.2694081385
0.400840167007
-0.623395375731
0.181595632083
0.166702660642
-1.54216481218
0.0230529237753
0.925522353305
-0.985102432144
0.210858306454
-1.05137552147
0.78216992394
0.324627616447
-0.471798221679
0.856880811819
0.258614905646
1.09910016029
0.642415587027
0.294237088595
1.37621520644
0.89301020519
0.251664339597
0.376385910284
0.145238024735
-2.03601101535
0.165127576849
1.04251806148
2.06021746558
0.691647001608
-1.40841820223
-2.36836959904
-0.466233446197
-0.686242051838
-0.362647123414
-0.578910490535
0.993530156173
-2.20905564871
0.938497861467
0.706711006405
0.736532183106
0.227974627298
0.54324562704
-0.347950622265
-0.950127942743
0.047526728459
1.09345192616
1.62035756197
0.858620114963
1.29735028474
-0.128540795483
0.0162145799168
-1.04636727951
-0.0212078711005
-0.435232500582
0.779619391415
1.19210307388
0.678996862306
-0.496584877838
-0.415307308703
-1.34895779213
1.13872516764
0.796156524569
0.440600092867
-0.0799371942173
1.11358922083
0.883386291657
1.4456900194
0.270598748031
-1.36524694523
-1.53146165776
-1.02390396701
0.101764299357
-1.24700432846
-0.503630350036
0.787252065589
-0.757888634223
0.132069175144
1.39338149335
-1.03089888771
-0.713339863979
-0.627978759753
0.356388822482
-0.684465545545
-0.0704911990027
-0.0708057511386
0.138650118419
0.487275487725
-0.358454778353
0.739653085849
-0.332193367604
-0.188390716949
-1.46226931886
0.0274815606005
0.663525735426
-0.242481787571
0.654890186881
0.948069319385
-0.207245934068
-1.5677954163
-1.64866759245
-0.307156047275
2.17602946173
0.00359612439403
0.686609318461
-0.727717182423
-0.613235251066
0.984212932364
0.629321633756
0.0641614198827
0.16489723183
2.30053228439
0.195617245622
0.0653066200444
1.9569770601
2.57277916214
2.79738285709
-1.2684916823
-0.156331499978
-1.94650409461
0.403348414959
0.22207562271
-0.472355333217
-0.302116341809
-1.22470564413
0.236902814749
-0.195472439145
-0.381317379037
-0.858384019762
-1.48925168171
2.08496970726
0.413438961993
0.449615228042
0.673156057597
1.12919982944
-0.148366841003
0.385984329124
-0.208050222067
1.04140152112
0.373959233904
-0.212642856076
-0.419157625243
-0.900478167375
-0.332396876577
0.551973407462
-0.291875305101
1.26121977307
-1.44103872689
1.33933935865
-0.8097471047
1.19575446213
0.32525572038
-0.532613645069
1.1743965342
0.494115458871
1.10603305787
-1.7088596114
0.576828492494
-0.951974341522
0.919716730256
-0.596796080655
0.0230807946139
-1.64487335119
-0.825485752709
0.835279339083
0.0102194243177
-0.166255272571
-1.37515542818
0.753004656559
-0.763001617849
-1.01869019147
-0.0834362311853
-0.217605404429
-0.61320652309
0.0795895183976
-0.436685606684
0.101695981799
-0.103981314875
2.17412262101
-0.93259665615
0.317840531013
0.0776322521909
0.335796415301
0.0155702190059
-1.21100805481
-0.0757259051946
-1.64572325445
-1.30767026314
-2.74251464015
-0.572027772115
-0.614904880907
1.03719966334
0.0450604855166
-0.195228609967
0.6890730651
0.397512145941
0.822824789052
1.35623724099
-0.378450638056
-1.4735148105
-0.343182469226
0.107924191993
-0.0734963526557
0.0535659041675
0.175278975896
-0.444452418883
-1.03993979245
-0.297095973715
0.898024533279
-1.08582239469
1.1283959011
2.44258405983
2.11373355282
-0.00730360112061
-0.552648062039
-0.452037994893
-1.1662818297
0.423972191378
-0.175004627901
-1.45953439292
Score: 21