3
44
10
3
0.706299022314
-1.75394319361
0.0828928594986
0.486933558062
-0.00581225613654
0.89134523542
0.397128053903
-0.437854336631
0.252763675586
-0.0174519012596
-1.02930681033
-0.538885811781
-0.930057840077
0.728271403824
-0.962041645866
0.0643772118283
0.566416662902
2.22790390385
0.619348172469
-0.0869740739049
-0.449255725913
0.0890919858944
-0.122222123873
-0.707091350874
-0.766348984622
1.26799789485
-1.67569696552
0.606603916774
1.5280482913
0.720525255542
0.281206405006
0.207876785618
-1.13931534977
0.368947899258
0.110704733342
1.56116656014
-0.285730440862
0.248565044592
-0.774774572898
0.0336630730769
-0.471023677573
-2.92849242378
1.52459465528
1.12264765729
1.13226450399
1.18029082441
-0.868045584221
-0.357490875271
0.39327925114
-1.3014613265
0.309998390501
0.786052334172
1.30754747752
0.628578473762
-0.668042534037
-1.4365925385
-0.307482298414
0.0306301487535
-0.542311628137
-1.73326626515
0.831423010498
2.10643676059
-0.0909232976022
0.576333338658
-0.363330003381
-1.09855230333
0.0312780729556
-1.13427490245
0.0956696531599
1.72853499324
-1.80769319772
1.8161034747
1.16727652669
-0.300524363714
-0.521845772061
0.310716564944
0.361540276303
-2.12050075581
-2.07840866322
-0.751555561355
-1.35133884671
-0.11248210806
0.75401575345
-1.3598642243
-0.5019563759
-1.24075192673
-0.0313357098858
0.78074388129
-0.603026647355
-0.146209957438
0.621754626485
-0.280310941866
0.206405397297
-1.61717781707
-0.617825001307
-0.0335645761601
-0.893135355644
0.245256135492
-0.12599336752
1.93909211167
-0.0820656021743
1.82738111936
-2.02899686061
0.605840879534
-1.17557520859
0.442156432744
1.0921762493
0.725921694195
0.255177971613
-0.595907942651
0.311775477218
-0.396621496721
-1.56103694037
0.486447591939
-0.5421687351
-0.864336161291
-0.611861027371
0.223654184978
-1.26755307983
1.41852722619
-0.35254200979
0.5457616533
-0.330617197651
-0.0530477409568
-0.780759646945
0.251034662463
-1.81157459121
-1.13594303902
-0.936156710412
0.0436407706301
0.502990234836
-1.98291708784
0.231307930509
0.072256783334
-0.435328872686
0.204661215675
-0.535229803989
0.443261634158
1.61954530812
1.19377701225
0.133309347375
0.812739575991
1.48968059413
0.219093800534
-0.159054719906
1.05393492726
0.178621706983
-0.147519154599
0.998813054656
-0.0628052217462
-1.09851140809
-0.580403346921
-0.749197432379
1.75070141515
1.94627674234
-0.586297967714
-0.379989460291
-0.21725856046
-1.45683633614
0.400972615375
-0.0352477298462
-0.932309331474
0.452186726083
-0.694845872865
-0.482397091716
-1.49184207624
1.68470655511
-0.774303592908
1.4988361743
-0.275536610087
0.240244897899
0.497581253835
-0.410431851052
1.08700308562
0.133787836098
-0.420842215359
1.05379490454
-0.950257947385
-0.109410596297
0.348748345262
0.11714424106
-0.467157268579
0.610096986513
-0.799159257419
-1.28276605395
1.15285986874
-1.89863130335
1.19211510675
-0.663951117319
-0.408354351948
-0.512321011595
-1.23158765298
-0.0523974040626
-1.64513462797
0.28690244344
-0.306258916259
-0.445999300308
-0.150975392616
-0.0997451258539
-1.35364072658
1.27742930259
-0.851491434631
-1.57215829137
1.51692019211
2.43231382875
0.0922829723668
-1.12105603014
0.986586469016
-0.756189220154
0.748215151644
0.205483346007
0.307081305612
1.3556651896
0.483377164788
1.23644479295
-0.711615073199
1.27757417763
-0.774877606895
-1.02609645433
-0.209247645617
-1.00434583895
1.30476589391
0.921920990094
-0.194205418217
0.408188368939
-1.36102367253
0.285503663306
1.47985620408
2.11617709685
0.106639674931
0.79350810592
-1.65567043087
2.58307839584
1.68834555753
-0.0556364538578
0.393688451714
1.44086456005
0.124991119845
0.385400316224
-1.17639930685
-0.5586075797
-0.382167119734
0.575218976406
-0.526192131443
0.957626817103
-0.434505159558
-1.68202014072
0.426471558962
0.111287793505
0.272848232412
-0.603784856584
0.424774973907
-2.27900309258
0.617479601936
0.500557816407
1.4420171095
-0.215715357835
-1.04505741911
0.883755017749
-0.055194058524
-1.33367069676
-1.39830754107
-0.0348065936573
-0.521187043759
-0.571296981876
-0.134137745164
-2.39794165332
-1.3375819746
-0.577169137704
0.433815338708
-0.310547310834
-0.130799432956
-2.46887176311
-0.747374728115
-0.56251640355
0.0988714538681
-1.11638418911
-1.53655947463
-0.173364860892
0.620693600296
0.449488875533
0.474366290841
-0.251198297197
-0.294823799381
0.383022380746
-0.371383793598
-1.85968452066
-1.32425613028
-0.0629130066382
-0.300574855463
1.11316560194
0.138445724337
-0.095611672575
-0.281044310387
-0.39453024973
-0.187240634975
0.032259986882
-0.172679844706
0.73159427493
0.639557807619
0.714529561093
1.55900036526
-0.364312916992
0.156324346913
-0.53058173379
1.17143515561
1.32934562946
-0.759250866356
-0.0444067189728
0.385369229077
-1.31447208393
-0.0145055859999
-1.250275907
0.0719377921048
1.24447362924
-0.996938371701
-1.04334820877
-0.863151124178
1.04609569819
1.0178672332
-0.328488683249
0.36258556743
0.00812535255112
-1.24141142494
-1.6753923769
0.738021627754
-1.0981755658
0.289547197463
0.487494099393
-0.40827307548
-1.10967745568
-0.380450343834
-0.211528830967
0.601259864068
-0.64269034094
1.0621552992
-0.979167172382
1.28803749461
1.90430691765
-1.69248415851
-0.805318161978
-0.606700491404
0.308071110427
-0.248769736656
0.0762779495855
1.70842354566
0.105694761901
1.04249989627
2.06470948294
0.328461062279
1.12471208433
1.81553107311
0.555931388672
-0.0177348870503
0.379738719532
-1.09062317175
0.302273908399
-1.46279522641
0.562583566937
0.466896093308
-0.747468395655
-0.438088868232
0.273669542943
-1.00847474732
0.432224592378
0.825976386723
0.41289702259
0.489936629746
1.27779192478
1.41197327218
-0.628272943083
-0.58739941068
-0.821076150141
-1.29171220043
-0.448687771989
-0.0380496721275
-0.553521740172
-1.36389276996
-0.461405479401
-0.931039117731
-0.623688618588
0.332515787061
-0.958760952434
2.08191428909
-0.960446443698
1.33367904647
-0.463202825984
-0.122974521231
2.71817389563
-0.178782468126
0.502248206054
-1.25263540687
0.0923438400267
-0.333759669511
-0.88280720996
-1.64836750523
-0.385083422536
1.24656636265
-0.331048658726
-0.81212192429
-2.0790619053
1.5096799787
-0.990162594848
0.43393755294
1.47302072262
-1.06201907961
-1.0213541925
0.0655906353705
0.703503210807
-0.747239797832
0.217675884906
0.96485339797
-0.338902877736
-0.835764469588
0.244645010607
0.598418991416
-0.712870809465
-1.66138099625
0.10150136181
-0.0772877042957
0.561789781046
-0.353331484298
2.27570793707
0.193860624542
0.51116103085
-1.00311299982
0.558188272679
-0.0501462325104
-0.248499661001
-0.224328670853
-1.26858833919
-2.11065126224
-0.291243039423
0.564632808737
0.236209291517
0.858917435413
-0.696904011722
-0.0427815171774
-1.27161427078
0.687225645972
0.592637598605
-0.27799857738
-0.812949635822
-0.215911130141
-0.698092005908
0.588146099089
-0.363770160999
-0.507567734062
0.224543395309
-1.77063341252
1.3079999891
0.311453739802
-1.23219716041
0.265125767667
-0.0340984887824
-0.219301605476
-0.278355482795
0.81998815393
-0.391212411937
-0.0899930890083
0.10188751551
-0.591994043084
-0.481430144998
-0.0932520518943
0.0735092378016
0.0203735890311
0.224908868741
-0.772143540347
-0.200497593347
-1.80722712609
0.855642449243
0.0240701868914
0.290860261567
-0.237615668978
0.147983867643
0.241210401278
0.995688544442
0.16379163769
0.418328045036
1.42006468233
0.840880752465
-0.698967952646
-0.874866902813
Score: 1