3
44
10
3
-0.823147913793
-0.721567718819
-1.63355340179
-0.783801821516
-0.0856140645807
-0.333815443245
0.911178521247
-0.183527719232
-1.09842499653
0.0541855136165
0.872680515085
0.569168905036
0.21624941677
-0.103068484549
0.0931779096659
-1.27353239489
-0.561508819547
0.534977863127
-0.653831722772
0.243678663894
-1.58698536193
-0.161428679161
-0.090746915726
0.545337350088
-0.256026348471
-2.04049777222
0.513083208351
-1.0244609578
1.23668124119
0.795179017247
1.1718440182
-2.66893435081
-0.634347086983
-0.751455527359
-0.148695349755
-1.31919542053
2.01463153865
-0.628381849777
-0.197113623333
1.63599584437
1.25927699629
-1.30746366144
-0.800730881806
0.58334402292
-0.0755044970755
0.944450589404
-0.780646638458
-1.97451860091
0.187680768637
0.91938378265
1.15164124632
0.606927418221
-0.26856594777
1.35131586037
1.60353899285
-0.857041723032
-2.76982335824
-2.34909648505
-0.374706580001
-0.151871105168
-0.109785043504
-0.345385564944
-0.944241805956
-1.18200680297
-1.03967329061
-0.367299754596
-1.72064941577
-0.213352655838
0.154628562936
-0.473370737493
-1.50981478555
1.30090811877
1.60046292413
-0.523783645136
-0.350346139956
0.293534246748
-0.716779933031
-0.603650499416
-0.0871698077226
-0.263506707649
1.7488028535
-0.236880783286
-0.455783172736
0.350946504343
-1.2025017357
-0.796122814707
-0.731380257671
-0.125088623189
-0.22002458766
-1.0541197802
0.973444065503
-0.483666670557
0.836424682993
0.533640219599
0.725283457553
-0.581145685904
1.00889684052
0.038912354741
-2.31076753901
-0.928336110717
0.995999273967
-0.355447878708
-1.96547888852
-1.44118286085
1.53140284762
0.00499400625453
1.69615744782
0.503085599904
1.53864393371
-1.3480003309
0.271057956101
0.3130981271
1.35505565104
-0.204421599218
0.335319800196
-0.477925215065
1.09220458363
-0.579288413887
1.74681389591
-0.795295727508
-0.737692733039
-0.408615850862
-0.265130051665
0.570820085566
1.00589180419
-0.658321883143
2.0339643647
0.449682085017
-1.3967912275
0.686359725174
-0.0830633651882
-0.536486740415
0.456715005382
-0.50000143866
-0.162399346758
-0.707985020859
-1.19343200282
0.846383004077
0.818907852202
1.28669781209
-0.84258311774
0.6030859566
-1.54910341746
0.661377765145
-0.300924867054
-1.14974829558
0.359817099788
0.715192454142
-0.200783877391
0.244520991042
-1.28119179321
0.592910870366
-1.83651104807
0.723393459892
-0.768865240503
1.59715904544
-1.36184541043
-0.432487457244
0.37901951347
1.88020435156
1.0983188184
0.29554361177
0.166577407399
0.229627043304
-0.731341029112
-1.03870768003
-2.21796783591
0.351543619295
0.662071709426
1.29959241202
0.753368784982
0.801041019546
-0.191664162251
-0.101199671296
2.60199753604
-0.217965729751
0.0913786538945
0.653442792088
2.09921967168
1.37309123159
0.00840161886137
1.88192511891
-0.247492391355
-0.069262611491
-2.13370098015
1.41183655596
-0.182944110714
2.11778471044
-0.265868150374
0.51753208943
-1.34519597644
1.04110985466
-1.83584138417
-0.697842629706
1.51487760226
-0.0239475742744
0.145717442085
-0.169382209385
-1.02803448771
-0.162894524786
-1.1439377384
-1.06084051084
0.722453555461
-1.541883752
-0.601316595497
0.827457343187
0.456447838718
0.624093189426
-1.12444933082
0.333589550581
-1.19370209897
-2.25792875496
0.332856011888
0.63363466146
-0.43577362649
-0.475571815192
-1.23075712325
-2.52798791308
0.565825794168
0.563922450662
-1.07502376496
-2.64773641235
-0.204269126563
1.35014705666
-0.332881820567
-1.35076370197
-0.405357741152
-0.752145316165
0.116302439571
-1.17086837833
-0.610729212969
-0.267528263055
-0.895715079551
0.329801070048
0.100054894329
-1.67901048105
1.19165496946
0.329802972558
-0.905881491605
-0.311886738717
0.509708666884
-0.45236472325
-2.95714194967
0.777597800481
-0.103057005449
0.220278534546
0.525957350029
0.0648000990392
0.809200741356
-0.251226539124
-1.41681707686
-0.756803440354
0.918090255755
-0.93221394459
0.0280261026992
1.12128775506
0.775880887923
-0.186282483917
-0.00210468693987
0.28278346932
-0.709431442204
0.129886070533
1.28493544795
-0.276166904087
1.16180674655
-1.13423370435
-2.11398486802
-1.97531095653
-1.27485124419
-0.236663665934
-0.450459371834
0.0725054786409
-0.173267001082
-0.369134492957
0.199830854887
-0.450634432081
1.27407191294
0.188867412629
-1.60092130787
1.53918265612
-0.224655795349
-0.262915226438
-1.90493431104
-1.02179928635
0.338061951198
-0.384618861174
0.823393821057
-0.164779729304
0.51238380228
-0.886614643186
1.29633772116
0.797918466727
-1.45145537819
-0.735914980903
-0.979052995773
0.749998898272
-0.974394269974
-0.281202311964
0.407775685609
0.38079741725
-0.244136346375
-0.282870515094
0.0662215282451
-1.33034880004
0.0489423387974
-0.385164696576
-0.0947174506761
0.208978524134
-1.19216952431
1.53073389894
-0.968027801938
2.47615647761
-0.617924438003
-1.89160137563
0.487014036312
-0.3568190131
0.049080342981
0.602781266506
-0.466431684097
0.796658833115
-0.412326729384
0.299484899565
-0.094791219155
0.551572394978
-0.103243149971
-0.420169307028
0.717444989791
1.8811291022
2.40180478544
1.29340796826
-0.495038619555
0.135573692373
0.212865897651
0.212044324578
-1.02464251452
-0.905846560904
0.360201763229
0.357948573818
0.902950688979
-0.348374524828
0.215822360173
-0.354855349648
-0.458435053891
1.90054141155
-1.22394154268
0.379885989643
-0.360465095312
1.0929305631
-1.18138937896
1.58681575338
0.257983630552
-1.05678231615
-1.28305954527
1.22510343366
-2.02611996754
0.125257088516
-0.590214968993
-0.295222053999
-0.666008020958
-1.62938741034
0.608683054425
-0.239147280531
-0.0926417033696
2.11711878923
-1.60899704815
-0.190289837611
-0.587136199539
1.01243009907
0.735544642003
-2.14246640564
1.04365315351
0.228510687671
-0.313405283366
-0.400223967113
0.581165229674
-1.77325235086
-0.711148238335
-0.758673549916
-0.386803157392
-0.19423134213
-0.608139203811
-1.77851102397
-0.580684695763
1.05664454689
0.349952173927
-0.522141382388
-1.17991669886
0.461350163806
-0.508052088106
0.264267902792
0.649057036711
-1.66518160715
0.0336836253643
-0.284649748153
0.693822610121
1.46134186089
0.857329769204
1.7557371036
-0.672495760648
0.895845546402
0.26697872646
1.93484125088
1.05437261894
-0.578210237048
-0.892468224951
-0.177118962995
-1.34084068129
0.699724413409
-0.477713635213
-0.0717934511255
-0.119764149236
0.458198023544
-1.75698447614
0.951634685022
0.27015489734
0.911347131926
0.0935784921424
1.17752435343
-0.800017319221
2.28522319094
-0.19938104278
-1.02420401138
1.36133460917
0.302402386237
-0.883062615093
1.11364986747
0.89193051757
0.0614739745936
-1.0103461668
1.56711950501
-0.323276351088
-1.68732586275
-0.310225093444
-0.159030056375
-0.893624650048
0.222112532671
0.21747761814
-0.00141153390267
-0.950590091518
-0.327834870484
1.17708531352
0.06726548037
-0.0922048500622
-0.0145491784692
-1.27615514972
0.280857309567
-0.440754557855
-0.471483860551
1.08964879588
-0.126902050903
-2.13576703008
-1.23089755122
1.93090887606
-0.897353827919
1.19229174648
-2.53311922279
0.0350013460456
-0.575418757382
0.178869778616
1.48346006154
-0.00758580284723
0.408170113185
-0.82747106859
0.933017612087
1.73452354575
-1.61031955826
2.17363401926
-0.730133318436
0.462563799274
0.422306466582
-0.796842305983
0.591116475407
-1.47985254445
-1.19260430287
-0.192150261965
-1.15241053476
-0.95177262099
1.09856239876
1.02775024859
-0.0735129508603
0.940282474235
-0.222551821247
-0.804032505993
Score: 13