3
44
10
3
-0.636235191143
-0.6112777765
-1.20863398891
-0.783039728403
-0.315632884239
-0.610135200603
0.715382891028
0.0440965213229
-0.910803798555
-0.0895968332875
1.14277254053
0.49269290668
0.296508521774
-0.288871574115
0.192736993884
-0.967167565579
-0.443968845811
0.484213794022
-0.852598813082
0.26026918211
-1.54400638162
-0.179905320633
0.0023749146163
0.659347517335
-0.235843281018
-1.80087230985
0.467387503727
-1.08070593377
1.42462603374
0.933380368373
1.43554190963
-2.4548741683
-0.827415257991
-0.605892135098
-0.119938194211
-1.34483354096
2.01414692352
-0.668138773786
-0.173846815725
1.61715689762
1.50137576488
-1.22384294215
-0.801182773205
0.730808407673
0.0479160186527
1.18601259481
-0.967584850571
-2.04336221808
0.320908249002
1.0378305023
1.24139206284
0.440388862874
0.0228074747998
1.22752232887
1.79540221509
-0.958284802131
-2.65015436461
-2.34063301816
-0.38724348585
-0.25087327245
-0.141384901889
-0.410501066996
-0.715646610886
-1.15499181739
-1.03955067856
-0.599590623794
-1.82073215568
-0.091241019452
0.0521404418229
-0.656592057893
-1.57028605804
1.53747512195
1.46203461513
-0.552845226316
-0.432817189387
0.338157022559
-0.721549226682
-0.53872204831
0.17155789243
-0.544439196999
1.7636926327
-0.479238212048
-0.533847096612
0.459780357665
-1.20351994351
-0.605962484455
-0.905685331837
-0.179874058678
-0.471427137234
-0.83362817434
0.768058715491
-0.507053337963
0.889593407449
0.319045224017
0.680843142586
-0.787726005519
1.05451654216
-0.00179210441057
-2.27287117454
-1.08361821859
0.923274149373
-0.420253771658
-1.70553084053
-1.46395803406
1.71828481712
-0.141512074519
1.87212038709
0.461582340277
1.33636888383
-1.08933998573
0.00826735614523
0.127537974283
1.46671543003
-0.397973251104
0.154194189062
-0.467898290262
1.1050846813
-0.753605104375
1.6009937648
-1.00335546617
-0.485970014639
-0.337852508309
-0.360444285763
0.601400305611
0.656007811181
-0.503596968433
2.34744333537
0.417169196035
-1.21437085691
0.371253027314
-0.043041938005
-0.639926302589
0.408183352541
-0.520148303533
0.103767427959
-0.569683290403
-1.1562359187
0.524150721782
0.628404516339
1.29078281223
-0.665458510837
0.405008073531
-1.45565847412
0.723702825675
-0.534708763719
-1.25805367182
0.402692894974
0.660025715024
-0.17328760623
0.372025192889
-1.46170450762
0.807565477174
-1.83762487469
0.772929599278
-0.365292651351
1.79613269763
-1.30750338163
-0.510141362275
0.500880671341
1.75608756602
1.101024435
0.410624571575
0.272318908923
0.261978825655
-1.00189433805
-1.26148118598
-2.0462242247
0.220508400826
0.612732168601
1.4217458499
0.788612766705
1.31085362857
-0.0650342639539
-0.213758597033
2.72892605222
-0.280803209612
0.155164972992
0.831827527594
1.94213173541
1.71409122004
0.0661241429849
2.07337976125
-0.137787402997
0.082747335345
-2.03094660895
1.22201113801
-0.414160729185
1.95050640626
-0.551762226925
0.622366924977
-1.85103848403
0.782952445317
-1.85802551368
-0.424382980005
1.52226667991
0.00786633967282
0.0376603487534
0.154391440536
-1.30888635172
-0.32739434889
-1.05895479748
-0.75231443499
1.03533846003
-1.53046995912
-0.895220020783
1.01113668742
0.601495113635
0.716507314111
-0.653338644527
0.318198601579
-1.12034653629
-2.06556875842
0.454868264047
0.730215368221
-0.395503886498
-0.47510460411
-1.34140303812
-2.31847579277
0.414669883983
0.464369455208
-1.25560501138
-2.68735729142
-0.294426924203
1.6283700484
-0.217332242715
-1.34905109651
-0.459406491968
-0.806491011928
0.228155490058
-1.08920826608
-0.485665717528
-0.363912406933
-0.85808882769
0.673567401732
0.219024797427
-1.67801140668
1.21945013904
0.26813211359
-1.04120289945
-0.485222942824
0.400037488273
-0.510152974465
-2.73425632348
0.859564172711
-0.234760989527
0.410800133567
0.521436713736
0.301779070419
0.875280030828
-0.222467557209
-1.39554275063
-0.538856698399
0.731071189464
-1.02368148317
-0.0846919382258
1.3410990825
0.744896513931
-0.316151348874
0.146155279043
0.391057764773
-0.48763535855
0.211003070331
1.29458544531
0.169772437175
1.11890148392
-1.18687899627
-2.12776790292
-1.70490485905
-1.20390934524
-0.214490381145
-0.508406445465
-0.0358294351538
-0.015692213536
-0.422950410473
0.175081847062
-0.402090537057
1.29203403231
-0.0590710932861
-1.35071707746
1.67073676154
-0.380702340031
-0.322136021373
-2.17580686428
-1.14826027315
0.54115497493
-0.389363759119
0.958435619801
-0.227641688613
0.459585710586
-0.685005852438
1.37198614784
0.884904769998
-1.37706917544
-0.392614718588
-0.934277057757
0.538976585686
-1.09280672322
-0.24544387214
0.505203559708
0.761280795321
-0.0938266803341
0.170296209424
0.261736113061
-1.49018808284
0.122959029789
-0.312657759674
0.182127297298
0.46748640403
-1.21491435805
1.48413938523
-0.976166972567
2.68182198383
-0.865172897328
-1.75942946236
0.112247580346
-0.226662771075
-0.0885770860821
0.546544462804
-0.328057217543
0.956217407144
-0.423650232191
0.359448913602
-0.237270837628
0.29668745687
-0.313938590201
-0.450061295418
0.410445346774
1.87543649991
2.44417926519
1.00316452053
-0.392967541719
0.269476329237
0.143526618255
0.0724291744031
-1.34452559772
-0.916488653921
0.425495616574
0.336504647392
0.637594551042
-0.400182459833
0.140166073518
-0.41955198715
-0.400807089888
1.79773137861
-0.958910363297
0.111526600655
-0.526918055641
1.12421043228
-1.20309040226
1.576664104
-0.0299786321814
-0.906477262178
-1.16512233787
1.27445964764
-2.16361186011
0.276627177425
-0.377588986279
-0.260215329242
-0.196580554308
-1.530213005
0.744815358216
-0.338914823723
0.0732456111988
1.7233856621
-1.59651958215
-0.215558820821
-0.29191856543
0.993728844746
0.926532753389
-2.36748427428
0.959732158438
0.111647349935
-0.534828720259
-0.584075401689
0.62470434305
-1.55912721183
-0.733582801337
-0.983268602276
-0.220921657871
-0.210139537748
-0.640348041191
-1.93712096558
-0.262758688603
1.32943395017
0.315932929995
-0.407731070672
-1.35537915385
0.39482252459
-0.685271114644
0.165223846964
0.480023586342
-1.92165545954
0.124375324734
-0.107162004193
0.691560522564
1.05800333333
0.680579628143
1.81122923408
-0.580518371067
0.817424153362
0.318054352237
1.60288199819
0.756351898174
-0.787908855259
-0.869406190573
-0.295925637322
-1.14683930115
0.667605605479
-0.76485289717
-0.250801366218
-0.173682162616
0.658879335047
-1.47295984001
1.07573029869
-0.0920717083849
1.05890458846
-0.024384722653
1.02423895727
-0.660495385003
2.11066880218
-0.591049566705
-1.26178433243
1.33615397075
0.315112915956
-0.986864070537
1.15494228701
0.711147802257
-0.0836249969428
-0.736598905859
1.31397573172
-0.00934494005388
-1.77260419539
-0.511909962193
-0.0676460205489
-0.796813917502
0.364150292522
0.1151696053
0.0541247899727
-1.12435012631
-0.379096105802
1.11214651379
-0.0870194018188
-0.224891812187
-0.0603157203935
-1.21828299539
0.373601246091
-0.562856238959
-0.29410809837
1.1907311422
-0.44248705284
-1.99722755383
-1.36452137834
2.09990358946
-0.821290174131
1.10164727824
-2.48832340733
0.150963617105
-0.908092906236
0.117023691809
1.54503273963
0.0469447785655
0.394299029786
-0.897856624074
0.915395854202
1.63009903926
-1.42095052174
2.05774518094
-0.617892019684
0.485919543298
0.573539414325
-0.87626216021
0.613984478503
-1.40294019593
-1.03221756778
0.0974874834698
-1.01569233863
-1.27632413878
1.27888588088
0.816878417624
0.128665676856
1.02114773835
-0.373674460443
-0.878043695805
Score: 13