3
44
10
3
0.407776796915
0.999385650022
1.54255065318
0.00466882132271
0.795267420459
-0.319065027048
-2.11259528607
0.775066905744
-1.49054374621
0.240293355924
-0.101752361005
-1.79893060673
0.0571517890387
0.518826090613
-1.46057152386
-0.268681307065
-1.62829180467
0.405900195984
0.228787690076
-2.03473386694
-0.780448566684
-1.07589089523
-1.22392025635
0.355834931154
-1.67644352807
1.09259568106
0.681199360344
-0.901692136449
1.24246993619
-1.3885574958
0.0344086473863
-0.321971597237
-0.0163653055421
1.54435597678
-0.893523930166
0.900732459745
0.936819044788
-1.19636987607
-0.894996556771
-0.333161042039
-0.866155583326
-0.128510942982
-0.587358838824
-1.84255801199
1.47956010576
0.0971654535547
0.872209172391
-1.67496417935
1.38798534478
-2.08969374107
-0.31930005079
-1.16170063682
-1.24390051088
-2.12892583632
-0.307639584438
-1.11718792322
0.185470489329
0.596018496177
1.15935042989
-0.75885823445
-0.236195574993
-0.859089194833
-1.77419986476
1.62620238179
2.22786924192
-0.0845361524621
0.063551078166
-0.737127173569
1.10736325394
0.443543620359
-0.690133203232
1.77468756113
-0.973480577111
-0.250803129649
2.25028538816
-1.02775420097
-1.55581402656
0.414491590403
-0.141762789167
-0.50490313831
0.782347060059
0.165747274463
-0.199678993241
-0.401409022534
1.77274016674
1.53104181547
-1.0461904514
-0.374292632918
2.27322540611
0.823889546519
-0.206255346798
-1.7082465955
0.225858558461
-0.444583131877
-0.841378112606
-1.66383458192
-1.19279801891
1.20119174804
0.687186658933
0.864472222399
-1.54934581904
0.0917926585233
-0.164169581373
0.910474604061
-0.82815891566
-0.0277349577913
-0.415612010044
-0.445213618623
-0.00978511227193
-1.12486150375
0.765744604172
-0.58440729438
-0.869883468797
-1.35438231831
0.539076561838
-1.12737393539
-1.05817443989
0.0290448475829
0.34742180442
0.114777578776
-1.2712231813
-0.968091730717
1.33619538394
-0.316258320197
-1.67617726261
0.276708424054
1.96889604623
-0.332718338079
-0.275821193858
-0.489621251525
-0.0250689521242
0.654775932978
0.75158530245
-0.972117421605
-0.203332775388
0.794820666859
-1.37880750233
0.849872590057
-0.248760900642
-0.272159079488
1.54011333131
-0.174123391597
-1.59222646579
0.985230449911
1.24286023007
0.952191273124
-0.161838454351
2.03235596211
-0.165301185628
-0.631447973835
0.888273149345
-0.666100567511
0.279229596536
0.724304142977
-1.48549034804
-1.37564064873
1.14328008113
-0.701493260787
-0.326742279143
-0.601599877024
-0.196044738244
1.17033296169
0.559715327365
-0.0906992698725
-0.0603549726767
-0.85784342875
0.884279012055
1.00628314129
0.177911732364
-1.05146136005
1.31077669222
-0.642568707113
-1.20272850339
-1.06512543
0.18045015509
0.574183972797
0.675273780649
-0.0597048316972
-0.23090517055
1.15416349506
-0.930088575439
0.239972437111
-0.996246585404
1.55032386647
0.683143200456
-1.30955726106
1.72432412875
-2.04262934291
0.924468542968
-0.725503213051
-0.0623620852879
-0.348109339516
-0.220199948399
0.0736250030768
1.19012624889
-0.858769726767
-0.867775735699
-0.0925787958514
0.133270046627
0.0418878757772
-0.495375843464
-0.885919494068
-0.349408585857
-0.958373866546
-2.1695419073
-0.65338816485
1.70366147843
0.397268635852
0.121423564664
1.16362196312
0.184915598547
-1.24333708593
-2.08855375386
-0.433182172775
-0.781875795318
0.652718949447
0.66807722858
-1.67892480801
1.3987453157
0.320188093419
0.633053370971
0.485102278284
1.76835178619
-0.457840053524
0.437104193278
-1.18232468267
-0.701785769058
-1.00186133985
-1.20716130307
1.35717929221
1.75289096745
-0.947801344
-0.165686973337
0.111562919526
0.641723482912
0.803257525154
2.07826220448
0.0786259480645
-0.0173378543308
-1.14700708668
-1.1903090687
-0.0556997697856
-0.868002329011
-0.962022223969
-0.190907330806
0.00493978582768
-0.755242509055
1.60171148783
0.227734725303
1.10646712466
0.5139942052
1.04481304094
-1.25742154857
0.304025217542
-0.530877512325
1.06235242646
0.725129206155
0.147285574878
0.831132989687
1.08073244461
-0.410148317112
-1.03725518652
0.0110292365388
-0.0576406975265
1.07840605493
-0.489566579795
0.854586804886
0.666350802582
-0.257445388138
0.236044239642
-1.02069791643
-0.284342735914
1.00827783032
-1.79807519962
-0.136227943855
0.497275886014
-0.220879595329
1.70845291669
0.229773773566
0.0233302371717
-0.646702005861
0.588112142611
-0.625843036503
-0.809258086932
-1.97378012228
0.322736902854
0.788268655799
-0.995861034966
1.70905228328
-0.364112275248
0.0637864102357
0.614009040579
-0.904318452362
2.50763833739
0.0369946221518
-0.876920683706
0.554674731487
0.707484556808
0.622162398689
-0.751060025888
-0.392646689436
-0.687151514887
-0.977963817582
-0.580305068563
0.893307269729
-1.45510839421
-0.0416777685339
-0.544692385187
-0.143862405216
0.0761415306722
2.05504068068
-0.898865561569
-1.19275404701
-0.245013822731
0.367461888215
-0.81199166427
-0.490878976842
2.2014458675
-0.22158692168
0.367247596446
-1.81869353569
-0.248219491514
-0.64353799222
-1.48424607348
-0.107221296218
-0.39031942759
1.30729193362
-0.707853597001
-0.313596917035
0.252674151329
-0.852947681097
-0.558691383957
0.727097085469
-0.251485433701
0.405409951795
0.531629234741
-0.699551909463
-0.41655625057
-0.960372760032
1.78930202517
-0.000921426445256
0.226026394602
0.265148166422
0.876024389512
-0.818812991793
-0.0364660136087
1.66756731099
0.153580384295
-0.0189925230476
-0.736997033647
0.0323771296539
-0.166189991073
-1.31241868998
-0.689261423132
-1.0851820744
0.482325752632
1.94090307572
0.125070104412
-0.0471537669646
-0.103690335238
-0.171208397808
-0.297489239689
-1.63083994148
0.06673170908
-0.592135887629
0.114992387154
-0.822897184502
1.06443022609
0.181420687476
0.274137335873
1.60885370945
-1.03495236399
0.524744176314
-0.534484457415
0.458718601776
0.510578169491
-0.541379718539
-0.424131979114
0.3965192847
0.272327560853
0.117424414577
0.486796535546
-0.0346591668896
-1.19411082997
-1.02708708745
0.64765107429
-0.231049687128
0.0572847004755
1.66350174156
-1.04399316476
-0.225217746339
0.942234672679
-0.902314341865
-1.54564608316
0.252216355934
1.92254805021
0.236615567712
-0.287030564148
0.549046898571
-0.20926197947
-0.39648520168
-0.304349013924
1.1725663835
0.164688367087
0.142559829366
1.09513463666
-0.762032786021
-1.7905294309
-0.661493921874
-1.58806416876
0.745205574708
-0.148379105059
0.316260551897
0.267177375728
-0.618959210583
0.272886984355
-0.60114948476
0.684482985813
0.319643904731
0.963178448625
-0.112959066983
-0.910077391206
1.63150142896
0.48129135017
-0.362281550374
1.97221530678
0.494995793824
-0.55664885428
1.35168206282
1.36848438234
-0.864124243629
-0.528382209514
-2.76328859543
0.211026515762
1.41076920124
-2.54190517041
0.196618279256
0.815297403118
1.05924226786
-0.445032921938
0.0762688631813
1.38518377976
-1.03619335992
-1.30781704419
0.0986779330095
1.61538263767
1.29583092343
1.18920381258
-1.142695512
-1.43310702675
-0.0740322980724
-0.277082162739
-0.0662661388019
0.536241497
0.345066109994
-0.969450794623
0.236190133554
-0.378465851785
1.33442082357
0.739743616772
-0.952767240695
-0.396249973352
-0.85310493652
0.271030221248
1.6502834723
-0.745554430675
-0.301298711122
-0.0332915248026
-1.2483112698
-0.0926370149072
0.964333146459
-0.669484326076
0.222369462736
0.298541546785
-0.0726249430853
-0.273244844895
0.0562343909697
-0.415483438846
-0.344953603851
0.488408990604
0.052863929749
0.501205606387
-0.187365258312
Score: 1