3
44
10
3
0.168097700313
1.26684574483
0.510534328914
0.941500567701
-0.155662012876
-0.55901327801
-1.05525404636
-0.78342266501
-1.0886997667
-1.63967977212
0.256536637644
0.707426011525
-1.9575904128
-0.792396007374
0.886576507209
-0.373634889049
0.267248162373
-0.806298311777
-0.366697321557
-1.40517011215
0.223098491949
0.197861483335
-0.925622371199
0.840000844995
0.534695816768
-0.406093770771
1.1211511704
1.36205130472
0.33799300004
-0.839760037052
-0.287526408995
-1.98647583277
-1.45196914573
0.798371889489
-0.00798019858957
0.108811510011
-2.13831754191
-0.28673535856
0.767990980212
0.338460024604
0.834686986342
-0.484234618943
-0.586393848666
0.25346365708
-1.45285477788
-0.572501009499
0.665262174825
-1.08982925195
-0.24452360878
-0.0760567987853
0.621196691396
-1.29907503651
1.03042570545
-0.324160803471
-0.914026080054
-0.647535315393
1.89064434641
-0.738574385353
-1.39142472184
-0.875403218927
0.993300409134
1.33229482855
-0.555377674087
-0.267782614281
1.0956222587
-2.76271385694
0.754987066015
-1.14758261163
0.258307705478
0.255394535182
0.257288197878
-0.685599416786
-0.839987244038
-1.83532179207
1.61001552641
-0.972473638066
-1.11446182879
-0.427434027442
0.0033005260578
0.61340085548
1.0987594013
0.250623019239
-2.61455976679
-1.29796385947
0.314161482717
1.84563929415
1.68117437362
-0.791043208979
0.783081826539
1.4417840604
0.0937741115752
-0.0885450082554
1.49694709425
-1.55333345406
-1.28655603825
0.200682316498
-0.947163889755
1.73901978439
0.0892328057543
0.357218909497
0.225710729931
-0.160793279159
-1.09792856509
-0.769810953561
0.744977668102
1.09193763078
-1.16738714454
-1.12075083286
-0.881860357711
0.618744936084
-0.879838839833
-0.791303262288
-0.0991245230903
1.08395888228
1.55710431321
-1.76957187611
1.39790822177
-1.2496041752
-0.17913891293
0.500114617784
0.0788261327919
-0.601631307065
-0.443022446639
-2.1005306941
0.932370376806
0.170085407882
-0.726699692535
1.69775595697
-0.36442549329
1.87077449408
-1.35472465885
0.408747576952
-0.631423993569
-0.87361998788
2.19952044888
-0.316503035977
1.24255221966
-2.1920789249
1.45010669148
0.353998638003
3.11391959779
1.08786476852
-0.635836527289
-0.357658827395
0.28646798124
0.903880402682
0.440209891919
-0.488365283226
0.327620768734
-1.33443465684
-0.846333307047
0.0231411757151
-0.800200660731
-0.723144450326
-1.41254126816
0.631484779292
-0.0502082248626
0.525931391943
-0.447521120691
1.16456142602
-1.50765861902
-0.857180003502
-0.414794455067
0.436985621522
2.62626688277
-0.465134922137
-0.812862362155
-1.21710099533
-0.442316717664
-0.310876994587
0.198941246212
-0.532285259177
0.562736091133
0.923361617413
-0.933586036029
0.663385987773
0.106076427555
0.414512187616
-1.58856997671
1.1699709226
-0.594673586276
-2.24984922731
2.19373699295
0.0768344727138
0.874282374434
1.59386464963
0.582624088143
0.778136665327
0.374946296037
-0.0842621674625
0.496551166456
0.292814559379
1.70241879681
-0.61701043949
1.30581450024
0.544791316005
0.960171419849
-0.814812569722
-1.08432005911
-0.510174118207
-1.72157053106
2.26280024743
0.337224068646
-2.05572062852
-0.0434417029823
-0.617808623845
1.19794251987
-0.767372795008
-0.976424463971
-0.258696436867
1.49102324327
0.16416651154
-1.7947699022
-0.595735053272
0.690491431189
0.89230834786
0.895090466435
1.1497717592
1.55453932418
0.262841097147
-0.111361173184
-1.15545783894
1.08973878921
-1.76663717968
-1.07298372262
-0.728672042186
-0.767678180145
0.181976340092
0.194600324052
1.04025093756
-0.23618242942
0.746436982151
-1.75584755677
-0.605442298734
0.0468127581272
-1.59674728165
0.502199603591
-0.83380733726
-0.437512048641
1.14161516935
-0.0765902445995
0.998149242556
1.34615944401
-0.497596851641
-1.00365126176
0.488543225462
-0.32462275681
-0.75431840002
-0.333293453598
-1.04035675566
-0.787807291439
-0.169384288773
-0.531675394775
-0.826417141518
1.493185389
0.616290061844
-0.207616579902
-0.447155388048
0.309151634754
0.929935373528
0.743453804593
0.0498393265771
-0.230038643197
2.39828033318
-0.316270505894
0.357279594703
-1.65075602829
2.52181391978
0.254053881689
-0.107687658303
1.08526679662
-0.502326527806
1.23570452024
-0.243488156642
-0.7481220739
0.267968371798
-1.39255834623
-1.27250532432
0.465429027329
-1.48152474935
-0.721495639068
0.411651194992
-0.454173309293
0.121462995807
-0.339632599387
-0.430427368971
0.904642867923
-1.33092419141
-1.30619599769
-0.888600819052
0.270794135239
0.198428499
0.562925994755
-0.548383725841
1.62758806084
-0.0596854454888
-0.614034960898
-0.31339812957
-1.43942853308
0.366592274559
1.2492274492
-0.619019982501
-0.348335025921
-0.407512144533
-0.214475296927
-0.879999136273
-0.94025287784
0.668256078533
-0.32594500601
-1.34151720705
1.24610111985
0.323460173387
1.18340288001
-1.13247324927
1.09679024322
0.299831688732
-0.271966820291
1.55676982596
1.22247189942
0.355582451122
0.644762794984
-1.534124275
-0.809765425188
-0.800182844834
0.976771798916
1.429818685
0.48364084326
0.662229951257
-1.25250989652
-0.701967196229
-0.411766707904
2.94104576324
0.501555936549
-1.07140609667
1.12854833616
-0.178679118261
-1.14068471493
0.225188609453
-1.33433372612
0.0538274050164
-0.66441644798
-0.606283410986
0.850777425486
-0.405961504189
-1.73624896689
-0.712640833215
0.151946558009
1.02395632702
0.188943222306
-0.699685696268
-1.28382215586
-1.00390351347
-0.283460240314
-1.82435667441
1.09278841692
-2.06101734224
1.35083760564
-0.851367380683
1.36443332304
-1.74916401615
0.663565184928
-0.459218127492
0.419369037608
-0.417990512155
-1.25597296759
-1.30526805132
0.276428513048
-1.08800950002
0.705864507444
-0.303353816686
-1.74617579695
-0.483528360974
0.388599310943
1.06103535538
-1.43870189927
0.34897590581
-2.4437437059
-0.787703952036
-0.337059321722
-0.22066166082
-0.134352546708
-0.918434361617
-0.267027721534
-1.26989534018
0.65930868622
-0.925187833496
-0.270284640146
-0.446210971563
-1.1380777871
-0.376877949153
0.483360144858
-0.26706569774
-1.64888502609
0.210257102216
0.0731582947765
0.514487363495
1.3086074838
-1.57215206128
-0.275792282134
-0.574721996269
0.740853820137
-0.173010794027
0.861661505823
-0.111880647356
0.671845054892
-0.341969954309
0.686013455846
-0.090558586479
-0.510875345244
-0.547996587443
-2.16391836433
2.27488570952
-0.843346122116
0.0704546559156
-1.30996089895
-0.911652904201
-0.19141741603
-0.38493182351
-0.527334025928
1.34319147949
0.559777017242
-1.62243050672
-0.059600307962
-0.963456551357
-1.2722564695
0.0967444855416
0.234286502233
-0.374328558129
-0.794230496788
0.911311570896
-0.587528706468
2.11512444059
-0.624705551781
0.669982481831
1.06861312197
1.53751478502
1.13328990692
1.22978836786
-0.102409993853
1.89015154847
-0.127400226527
0.776008433641
0.424028900356
-1.13737296226
1.5184703533
-0.641563786663
1.86174803203
-0.800755300039
-0.0277673595937
-0.380945234306
0.892435180468
-0.283106190756
1.51878772693
0.268072210905
0.722123559902
0.450984653945
1.53628123577
0.00278020808789
-1.80300320748
-0.416711163751
-1.32896903852
0.546564667994
-0.422132111099
0.0681334439706
-1.18473399406
-0.669392983499
0.204604725959
-1.36947966943
-0.937017539498
0.725974153269
-0.181587521846
-2.33241138271
1.22681138446
-2.00625560714
1.29658231018
-1.89243233067
0.401372915041
1.48028133397
1.05694693351
0.494499943856
0.889587639609
-0.717362446554
-0.642078507253
Score: 1