3
44
10
3
1.90478596994
0.497504482694
-0.0575643041467
0.741247790002
-0.22079631315
1.22332923141
1.92537437633
1.47935209297
-1.15638855752
0.806506635012
-0.869416636508
-0.418576314426
-0.546461182366
-0.0731662712906
-0.895105458645
-0.201104342595
0.975535331753
0.261693043719
-0.52981552119
0.122472881737
1.17992179532
-0.930385811685
-0.511018470372
-0.421232876389
0.0205238603707
0.36559027749
0.0107524040798
0.734479709192
-1.19203340273
-1.9891433335
-0.977138600351
-0.155336333385
0.569618209552
1.4386845454
0.443090666712
-1.58174840528
-1.3346991966
0.184438253127
-0.124513956624
0.0428198533199
0.937705952362
0.550647605972
-0.818163599036
-0.920282694343
0.868077915992
-1.99392546982
-0.0395998793194
-0.390282100968
-0.691917983052
0.544827527579
0.721212688897
1.00904080492
-0.174988291187
-0.165043838737
-0.0784173855704
0.402317672598
-0.30847695615
0.900219936775
-0.810880728613
-1.2125711491
-0.953413456188
0.723557281021
-0.224993339333
0.644262521897
0.219274842177
0.350888670844
1.63848601338
1.72287463315
0.14613469154
-0.206666982369
0.152324446927
1.11184508896
-0.377039826016
-0.993153588678
-0.577271277696
-0.599706722468
-0.401919069145
-0.0854056713895
1.29347024158
-0.350122848172
-1.4126979946
0.91727887631
0.38666607374
-0.0495595405251
-1.16677119175
0.872822497055
0.212679944372
-1.89332472719
-0.626294637465
0.648264264314
0.531774995293
0.976132227587
0.627311823239
0.266205856043
-0.87663380331
0.157370038684
-0.978778416113
-0.427633644204
-0.373471074276
0.411582225306
-1.34821129007
0.527720966513
1.44270650711
2.00521746551
0.373501573108
-0.0876984262147
0.0218085841111
-2.29261386217
0.400928442555
-0.2266977668
0.0282280338222
-0.377726268119
2.01451503636
1.28295986878
0.536821448399
-2.37210784541
-0.983341861346
1.2648802805
1.1317038912
-0.116590367889
0.128838543886
-0.601899596664
-0.453808341753
1.1739062649
0.514065723275
0.0036030751091
0.408037114141
-1.83152508393
0.0805518570189
0.0113973113274
0.831761972323
-1.61877529366
-1.20773997103
-1.41926348594
-1.44965316017
-0.0330488397363
-0.852967731803
1.29559619619
-1.80135957751
2.47361499482
0.981246463086
0.68881351275
-0.256077221069
0.266931343586
-1.22463791744
-0.802169049652
-1.8915380168
0.670216110251
0.330461391947
0.073796951083
-0.182164490067
-0.588563251532
-0.110483592803
-1.68472265647
2.11771498807
0.841977508744
0.397075871785
0.456618625515
-2.48160047399
-1.62491880583
1.48679913248
-0.680487804821
-0.252710972244
0.125517207605
0.473267387657
0.11532055919
1.62536498794
-0.879142073808
0.952989751425
0.242839256004
-0.0524211599118
-0.826823783383
0.716041539138
-0.913499219517
-0.713640034105
-1.34617867552
-1.23811326135
-0.923340485194
-0.405119159738
1.73082875403
-0.00178948472486
-0.313139567716
-0.00588082396104
0.343330482901
1.65238311698
-0.533928613245
1.21423369797
-0.317032531575
0.835124612848
1.78544714513
-0.184411865686
-0.0726183689705
-0.747098316642
-0.233686266507
0.381850681321
-0.011773065948
-1.46780896705
0.123422670008
-0.468311606743
1.86874102879
0.748648317459
1.1884227727
-1.35704959812
-1.1579040272
-0.831806348632
0.305819823968
-0.663855864868
-0.870791005677
1.67169569244
0.0354240556705
-1.10473821467
0.802056484711
-1.38826826316
-0.713588447916
0.662104949547
0.557175053575
-0.0301978626116
-0.231963304764
-0.138204487251
0.71350276214
2.18590462193
-0.705947834247
-1.65347840668
0.457827888804
-0.339334168585
0.164962197174
-0.544500008628
-0.68283544492
1.05031607227
-0.794010144296
0.610124561387
-0.202911861327
-0.138352258829
-2.64296913197
0.115313289951
-0.234685816738
0.508647248886
-0.384614845848
0.207335517922
1.45831015453
-0.543803426206
-0.995908278314
-1.59797857919
-0.67714943653
0.462792505161
-0.855302264279
1.92395568905
-0.382510113344
0.56940130708
-1.30353787293
-1.16861548365
0.814450076068
-0.32447440882
0.386962494044
-2.00991076059
-0.266463858607
1.30950382373
0.951141265808
0.145664469748
-0.981697064137
0.376036906492
-0.618231499204
0.114462330037
-0.394490125872
-0.154914678649
1.01802205346
0.001365733029
-0.503314724827
0.325731386397
0.639266741266
0.236885800127
-0.925386285008
0.341311882473
0.471381040561
0.823607767784
-0.255238806577
-0.738366979853
0.00206600527653
-0.606353097919
1.40315027293
0.955654128633
-0.56811392228
-0.788837196063
-2.10086907906
-0.544432526208
-0.923223487757
-1.42378233299
0.63935515043
0.749950447856
-0.503854729769
0.288655211474
2.28863523849
-0.0964009674709
0.0263744741583
1.10963427951
0.28286152627
-0.450107950451
-1.47554786567
0.973609928697
0.634017397341
-0.24310032065
-0.685089673062
2.22905397158
0.787417260323
1.67277346411
-0.955099544816
0.530348070957
-0.336623798602
0.877174659298
0.0584034149268
-0.31855992797
-0.831884614028
-0.00792663285854
0.576888698436
0.197304166399
0.491222354422
-1.8134251171
0.163329068072
0.229235432711
1.13956456953
-0.460403680434
0.899459329997
-0.586211559732
1.57367327456
-1.63302387212
-0.877992671949
0.196708598126
-1.58470091784
-2.11931703027
-0.161129951244
-0.888722469625
1.11959740493
-1.00550510126
0.698780872291
0.269133553275
1.09717622049
-0.952035529532
0.418275993742
0.172227638634
0.626577814454
0.560268019617
-0.551044565699
-0.473982054913
-0.434709399368
1.59193751727
1.06411831729
0.0446943461297
0.460443162537
-1.20244317345
-0.673631645381
0.380517076214
0.376451885764
-1.21807993376
-0.105999168092
-0.869311154582
-0.873557940011
1.43494285288
-0.509574708606
-0.394223505963
-1.30914066459
0.0578937928755
2.55443608409
-0.898751687291
0.28555240185
0.272036519021
-1.36670523834
-0.309239448874
0.801239068919
-0.159086143008
1.79340515383
1.01311717434
0.783096607416
1.28661503658
0.423253782746
0.515982061341
1.13460385067
0.711670954933
0.121842685908
-0.874090692164
0.881786269476
1.21934114063
-0.213708976575
1.35603924661
1.04522534388
0.700332450049
0.433020684686
-1.21639978632
-0.259220917281
-0.72873377861
0.614540194109
0.285209457976
0.0266806961686
-1.22448775897
-0.193751975968
0.0296857178756
0.0208973975358
1.77336351374
-0.237230534464
-0.0209157741774
0.92458725534
-1.04108929534
0.170261105656
-0.237783362811
-0.708264499349
-2.01436997049
-0.159805708822
1.99857538167
0.23739842713
-0.620617891794
0.729647369759
-1.04173840157
0.928851156862
-0.0599269244727
-0.119724774158
0.419798322393
0.364238314293
0.242395763897
0.567398449146
0.496897746363
0.195801172235
-0.955154316982
-1.62953893147
0.690247159202
-0.709054212225
0.38813825613
-1.17699075984
-0.471570769541
0.0623184958733
-1.3343444314
1.22831294294
-0.976499459681
0.153286502515
-0.226022693933
-1.37890029069
-0.0218720543551
-1.72289389699
-0.821324495477
0.372268034226
0.878777022387
-1.01957984933
-0.405569339441
-1.19011728189
-0.330991632693
-0.651866433845
-0.536718260689
-0.467699257628
-0.763884095223
1.58286631237
-0.790669514131
0.658139641634
0.733978436299
-0.341200613123
1.42543587388
-0.12047276971
1.03318006041
0.680206360069
-0.769024606382
0.706499971951
0.246226779756
-0.248580171041
0.0114031309996
-0.448362022873
0.295208194122
-0.908916788636
0.99163681501
0.263938169199
1.00712363591
-0.217643638526
1.72085350604
1.89983524515
0.458952753778
0.217862463965
0.932318016737
0.603618613287
-0.192827429059
0.637435164692
1.08835124691
0.575145171261
-0.541225195337
-0.716501875666
0.0622101817168
-1.76480504142
0.863548692813
Score: 10