3
44
10
3
1.6065891493
-0.226838219641
0.464655997012
1.03784930152
0.712763807776
0.0862893005229
0.168840686989
-0.701908767598
0.559563860589
0.196748804708
-0.169500299373
-0.811134403523
-0.653746330542
0.0808880955359
0.066875530177
1.28501071506
0.876328412798
-1.12535985286
0.208003657573
1.34035251554
0.563367625121
-0.328549824675
-0.161499031374
0.536344472921
-1.39080001935
-0.669358709969
-0.960292197313
-1.45925389076
-0.620580125387
-0.0854526440073
-1.66728680191
-0.33362541988
0.884807742112
3.35439254898
0.164129576014
0.809076647938
1.18281080924
0.910178855949
0.250288992757
-1.31822034273
-0.586243511079
-0.428069525587
0.501726640274
-0.274545908544
0.446737121908
0.448023452213
0.121658708395
1.32664363735
-0.481581821337
0.31169654849
0.124556566957
0.668544297037
0.620418969364
1.86331989709
-0.369302979229
-0.700644561364
-0.87163769124
-1.21727650562
-1.78883180643
-0.655768234134
-0.635400357759
-0.337255813586
-0.989948561155
1.0221750067
-0.9011543801
0.746970688966
-0.206378522086
-2.29336906891
-2.12998178882
0.195353731156
0.145460702642
-0.0476648812106
-0.368129437844
-0.191038683148
-0.109372361915
-0.679251087858
0.367514271655
-1.26044800184
0.582434702086
1.77354751073
-2.52496237721
-0.730859007506
1.97655550843
-1.1446617116
-0.940419480451
0.588558796408
0.149532859889
-1.47870087239
-0.523448664799
-0.453851729998
-1.18208860527
-0.473648657412
-0.163198299719
-0.613487138728
-0.343060000364
1.0432024201
0.913509523454
-1.26519976327
-1.20843030714
0.221284605704
-0.539367050014
0.00688707229175
-0.740910420522
0.0816030129564
-2.25466146653
-0.754197750373
0.814778378721
-1.0010848085
0.508113486181
-1.5448247297
0.917953257433
0.142689369868
0.150877202827
2.0762588495
0.204023821119
-1.36934373095
-0.0569680263437
-0.0572338944256
-0.011830311189
-1.57278060547
0.123888944996
0.370484453549
-1.53634065288
0.501420584149
-0.616303226001
-1.83515084376
-0.129230652119
0.168844001323
0.313487699313
-0.414222463604
0.399007695724
0.597191188322
1.76062048473
0.308703856034
1.32271433874
-0.777995061959
0.549242665278
-0.140314682618
0.0756466347476
-0.728697333296
-1.67904082199
1.77008575516
-2.20848331215
-1.96364324339
-1.47987597637
1.30072612652
-0.348002236616
1.55006626143
-0.819027022791
0.785683965769
0.11067460953
-0.704734529
1.01846404008
0.275557286898
-0.884840750165
1.78399464235
-0.126658328144
1.5265240517
0.562960366176
-0.613246567025
-0.338818285994
-0.85368818707
0.857537308675
1.16573328108
-0.043803472374
0.650258235957
0.627180120481
-2.39560364073
0.507591341356
-0.734188358761
-0.396847822699
2.15472804818
1.04453680813
0.254326455534
0.0795644025748
-0.207379898587
1.53959039313
-0.405871018752
0.0316595526286
0.326047174964
-0.116760293676
0.750287289778
-0.00513988334411
-1.1299513316
-0.462917775873
1.69177557876
1.21271526532
0.796491778564
0.58450064145
0.0594608013886
-0.209321068331
0.174193843408
0.466536740368
0.336255694777
0.517699477723
-1.14120438635
1.71756177497
0.469147370729
-0.692886627645
-0.579418749672
-0.639893431273
-1.59216977344
0.0706056462344
0.0358819808928
1.07388742821
-0.663696514528
0.405147479047
0.0702113256599
-0.136506066515
-1.69476228215
0.275202265909
1.56220932968
0.44288296216
-1.21059287413
1.94682481954
-0.248100021158
-0.972709670768
-0.528119762872
-0.961999804455
-0.3145187036
-0.93328582945
-0.56781951783
0.111355964191
-0.749662160046
1.69237420363
-0.475100653727
-0.670645284505
0.0268283934788
1.02742430103
-1.93891860704
1.03004257669
-1.80762272003
-1.95904603739
0.601703389314
-0.25800646222
-0.259672145408
2.73037518502
0.667318288423
-0.598588147216
2.07119180604
-0.162726932016
-0.489292877676
0.109514831361
1.10817948969
-0.884948182663
-1.8976909323
-0.458939591602
0.222266372974
1.8765695162
0.0720856060646
-0.0481336702201
1.62705697656
-0.0695897343315
0.503990721304
0.467054297359
0.14464229646
1.23994747338
1.87603104098
0.0789678457716
-0.060152911998
-0.791917981884
-0.0845778325688
0.814061638237
3.19624655549
0.396226396502
0.250221750171
0.045241207437
0.173101777714
0.795249409428
-0.488809983436
-0.520419900767
0.464590689553
-0.516176423223
0.373797592424
-0.520488826957
0.660072284245
-1.09879214702
-0.115097297194
0.57632029174
0.279628489016
-0.0239739628621
-0.622276542081
-1.10836604618
-0.338407528898
1.62002800999
-0.012896669605
0.562432682382
-0.436634592207
1.3226726947
-0.450936382559
-1.84424942089
1.02126139246
0.635131112198
-1.93122698129
-0.107907507387
-0.349539392472
-0.586061477562
-0.261748633709
-0.163121794765
-0.783404872635
1.50142829272
-0.280886723517
0.398394557554
0.74158631224
1.94256748542
-0.153525896689
2.54016761471
2.18966258749
2.36981563734
-0.545361967126
-0.0547720478485
-1.42957774132
0.0109490586316
-0.35817719048
-0.439208668829
-1.94846014227
0.304091220711
-2.97579985991
-0.74029347666
-0.0969921678785
0.691358519821
0.0536056041911
-1.49616781576
-0.257544883312
-0.246640747505
2.0634178738
1.59053851483
0.138188619819
-0.000904816825439
-1.30156754335
0.422691687981
0.0494175511444
-0.547444701594
-0.398801742264
1.03703400868
-2.00091319852
-0.338283939784
0.737373897503
2.01721967848
1.63430498538
-0.642928948838
-0.565362072963
-0.825044071594
0.73187840813
-1.95632575929
-1.02630632884
0.412533070432
0.112758527046
0.0127902598809
1.23031721442
1.9088711763
-0.217807207121
-1.32141702642
-0.579827004706
1.47051650746
-0.556513695114
-0.280914459937
0.0325782767992
-0.961919914544
1.44842157315
1.01933054945
-0.0381433068708
-0.218605410709
-0.103829182119
-0.659503124655
0.0628193636366
-1.92339756862
0.311231423656
-0.869460665601
1.26824883883
-0.540716060328
-0.764243796687
2.34902875686
0.274712242002
0.948365781177
0.267126623799
1.25639764805
-0.211000405015
-1.52504949673
-1.91467806813
0.392756831117
-0.749523344993
-1.20693079986
0.772279593732
0.0114664858226
1.03561428724
0.800541680834
-1.23600506552
-2.09672979875
-0.594185741858
-1.76843529674
-0.6779011186
-0.781527552588
0.378728199136
0.974076119376
-0.394983259721
-0.590704323532
-0.174074355796
-0.07765494715
1.64484523599
1.2580574446
1.44684534059
1.21488289856
0.995209158227
-0.329087702363
-1.16071578185
-0.68517241319
-0.301207434771
0.836955831287
-0.815683996344
-0.528667134248
-0.0153651584388
-0.324400771199
0.306150178042
0.204595713545
-0.106804652637
0.0541180278286
-1.06825600279
0.724297178353
1.51661329795
-1.52232160301
-1.47473037261
2.25978690282
0.888010860286
1.35613360755
-0.961212766678
-0.0580131292309
-0.034329149707
-2.0285007246
0.283706830659
-0.868138293954
0.371056673967
-0.423503383434
0.858032928163
0.985715291426
-0.691331682501
-1.50691048923
-0.00298073403156
-0.510613565095
0.0427750702942
-0.701970551354
-0.794080601896
0.420835185999
-0.501233210387
-0.65662452402
0.112477650031
0.615067671444
1.55881073671
0.728667052399
-0.846554665587
0.160015035351
-2.20694544721
1.17470908875
0.844811956502
-0.611477708002
0.828450842369
0.556615390951
-0.0955183244258
2.39039247823
2.00557027239
-0.272372755652
2.16762156404
-0.701889381024
0.27272082707
-0.659992947061
-0.815267099619
0.586217868141
-0.105430720595
1.2844208247
-0.189367448963
-1.05169847389
1.04440716564
0.167476452006
0.0172602309645
1.04569134397
0.21963623259
-0.169524593902
-0.276195711087
0.234682641052
1.12283156711
0.617176277851
-0.968614905217
0.352253023988
Score: 1