3
44
10
3
-0.506730783563
-0.644950516296
-1.42731518285
-0.847572026302
-0.102267690156
-0.93505833881
0.817004743778
-0.266211049258
-1.00273485594
0.183511235559
1.18908045457
0.579630703262
0.207820454866
-0.488891744225
0.18467495873
-1.10087189001
-0.267707149852
0.324579790894
-0.639686464118
-0.120976819033
-1.34553403199
-0.160187324741
0.168561870863
0.793678047572
-0.222378041367
-1.71481332177
0.629745924646
-0.938435365489
1.26863087102
0.753437753127
1.35869046634
-2.60358879763
-0.893743755505
-0.674252923362
-0.125596075593
-1.42217196623
1.84653291134
-0.589453060983
-0.00805098641064
1.83679217007
1.39341030334
-1.36298963155
-0.746021773115
0.505621275963
-0.0113545531907
1.32394362004
-0.972267627611
-2.02925685879
0.231460639874
0.930450790843
1.08335355593
0.531135581711
-0.149906586781
1.39012112519
1.98175063347
-1.11908669655
-2.96786704271
-2.20846409215
-0.42994529084
-0.340809394474
0.16377145282
-0.451030096341
-1.05324061542
-1.15624879544
-0.677114197772
-0.446716046129
-1.71403712491
0.00796692110811
0.0766426782086
-0.598717303888
-1.54658628781
1.46761335898
1.30180931858
-0.513174965105
-0.657569917377
0.304727815578
-0.523344202048
-0.604097560281
0.217596268025
-0.524952768908
1.794604039
-0.17117875094
-0.470673209229
0.468252695178
-1.11774814423
-0.590939197024
-0.72978406948
0.130384954047
-0.363140908155
-0.89616767594
0.694204583771
-0.513951569819
0.777684050745
0.580459178691
0.601634015197
-0.711561380225
0.621379038274
-0.126128420035
-2.51396535852
-0.976257199382
0.840923262759
-0.627432335861
-1.59591671785
-1.27948823687
1.46475831063
0.238407048889
1.76638123222
0.481091590429
1.17089874568
-1.31552659669
0.0839549497047
0.343252628526
1.34122906568
-0.201855685664
0.0168891216436
-0.507435865196
0.996596920426
-0.744359972449
1.56532102282
-0.992378219156
-0.822500982423
-0.439681886631
-0.337876477973
0.363962443204
0.973269482544
-0.701589199895
2.13797359846
0.453342236565
-1.23711323987
0.53215844801
-0.216814320296
-0.372292707307
0.141012037145
-0.414071263783
-0.309226625176
-0.637950461059
-1.30344167898
0.642694033372
0.668218951974
1.42809907307
-0.689644957982
0.729419070044
-1.47977343194
0.698595443592
-0.452538547969
-0.995325614906
0.352569501049
1.02717933039
-0.1793280142
0.369284713266
-1.36032959085
0.776777689594
-1.93388977349
0.88733206609
-0.431791831906
1.88491098037
-1.43386573899
-0.355648444559
0.505367163737
1.70053104888
1.41787547463
0.188022371589
-0.0332919625593
0.352773783955
-0.822474406605
-1.19479575434
-2.0944219921
0.287429024278
0.315688608381
1.19774611828
0.800507680969
1.13678796004
-0.0334833308151
-0.0280753087953
2.6960131079
-0.204831880855
0.141570449191
0.675434282022
2.06990075796
1.48046800508
0.189754035266
1.89818381536
-0.512402504548
0.159931074478
-1.91907115194
1.36401580392
-0.275112411056
2.01335705825
-0.300929304183
0.432928926843
-1.50184231863
0.813634711042
-1.35549006374
-0.654735545225
1.46070390957
0.11075776874
0.159346701151
0.118838452155
-1.16668283919
-0.52736418124
-1.27257047251
-0.638472408792
0.954886369147
-1.61143856234
-0.954579747869
0.77679770963
0.529076145035
0.660384360263
-0.824638314669
0.622301038483
-1.08978582546
-2.0200366782
0.273064784404
0.632335083928
-0.18144457452
-0.664594126294
-1.12399483232
-2.47864890614
0.576464117163
0.783846964466
-1.27499051751
-2.48522559417
-0.307556537734
1.5114092434
-0.37862670667
-1.03022634118
-0.284181776121
-1.17743001691
0.311676727206
-0.822979316301
-0.488223345127
-0.352255960626
-0.866675265268
0.580237381284
0.2165540266
-1.95705891149
1.20366762557
0.376810089206
-0.937275464863
-0.31478678091
0.297369058092
-0.613732739227
-3.01795913731
0.821913130724
-0.196113993758
0.216920114538
0.506001979131
0.436499763884
0.785878229487
-0.179308241979
-1.4831539675
-0.842535351988
0.699700317282
-0.921196037286
0.0869838956834
1.57017054248
0.666359983983
-0.242480997788
-0.126851891517
0.41982822594
-0.847631902486
0.186971992473
0.921346672016
0.0396130868822
1.21794969575
-0.938756152883
-2.32397060899
-1.68839328643
-1.47247255506
-0.033496019994
-0.389712125821
-0.131136988405
-0.0503135267674
-0.505946081635
0.36390145161
-0.380528536999
1.29188292292
-0.0524709745855
-1.5717049141
1.65357245401
-0.509968069804
-0.301065369921
-1.81105762757
-1.14676297469
0.527749248766
-0.294763096857
0.879978615763
0.136004044237
0.549520629689
-0.836911509464
1.26580274282
0.870565091266
-1.3355946952
-0.610394269276
-0.756361272036
0.457803945705
-1.04923138653
-0.28573569677
0.407829512303
0.804292747953
-0.417879023247
-0.0716262547391
-0.196146149206
-1.2680932588
0.295353905064
-0.367033422706
0.221303067824
0.329611807981
-1.41521627534
1.18810373252
-0.977078607822
2.8557493011
-0.738629367991
-1.70306848836
0.112231345407
-0.0381168898365
-0.339058216932
0.811381173042
-0.428321731663
0.853095872525
-0.401224524774
0.196627087207
-0.199243295907
0.51163262522
-0.411143906842
-0.533172777483
0.683714992862
2.20809025735
2.02630428495
1.20865838787
-0.564079305607
0.0696413906859
0.216821026222
0.36071076753
-1.05700511679
-1.24718350897
0.55384365177
0.259555227361
0.576446654298
-0.534614743114
0.257131065711
-0.336298943245
-0.0612593246316
1.98659306283
-0.965726125461
0.320621870309
-0.104525189624
1.32041853678
-1.33098909856
1.31254352037
0.249838924456
-0.768088440748
-1.10990281212
1.18700777136
-2.01218894899
0.671872863933
-0.626822187814
-0.1016560503
-0.452906251991
-1.4584713213
0.761911450714
-0.154150985193
-0.0145312929925
2.19155144478
-1.39374179345
-0.366137354377
-0.624435720474
0.927397770932
0.852736700599
-2.15422983746
1.18838959275
0.192794588353
-0.33091124106
-0.462830352532
0.540333258521
-1.42525666765
-0.439384399473
-0.899481135363
-0.190900043568
-0.323743272338
-0.786614519109
-1.69949467569
-0.720570567993
1.12332047989
0.47127985445
-0.769239759061
-0.97882900417
0.337546957777
-0.58664729303
0.240126883058
0.667565631704
-1.66614314818
0.327456404934
-0.297592297215
0.820288468649
1.35952204491
0.951415451834
1.90092099594
-0.527967411339
0.965546033095
-0.0593291143523
1.7953970356
0.978259914376
-0.928515011223
-0.614387285017
-0.418697664459
-1.02967031252
0.814585014962
-0.645889269741
-0.466714156698
-0.181367372261
0.506666356253
-1.6027695428
0.990026117207
0.217653328146
1.15486477486
-0.113223795313
0.830605099113
-0.863554650647
2.16243678546
-0.608243314068
-1.22687102284
1.27508851177
0.0572699086088
-0.841607087136
1.04565418593
0.944157527435
-0.0563515554535
-0.966959468783
1.08450310742
0.070081669146
-1.73276771696
-0.547852622049
0.0985896409169
-0.809292706711
0.1726894428
0.0348449994325
0.121067888047
-1.06392430213
-0.190470961174
1.09490748348
0.0691355498102
0.0749641902836
0.0704268259503
-1.24447072428
0.278804434824
-0.342960274927
-0.644155067068
1.13102619991
-0.207085015152
-2.32702445629
-1.49925446264
2.18941032619
-0.574198293788
0.968429408293
-2.63352792351
0.14437254727
-0.853669081543
0.0788378506094
1.40609914915
-0.246705490993
0.522349787899
-0.958989038408
0.82813630455
1.67122031812
-1.33167135726
1.92084272971
-0.695299270032
0.353299215334
0.725114371867
-0.851828760932
0.527581026964
-1.42279865685
-1.15720462157
-0.113831274577
-0.975678298255
-1.26153889184
1.22853575758
0.724243750144
0.0212858618891
1.06314070677
-0.481579369205
-0.842799214536
Score: 1