3
44
10
3
-0.785381076076
-0.76233940098
-1.32801707251
-0.802705223767
-0.318402724669
-0.642320201814
0.721763203758
-0.0565249532127
-0.892402084317
-0.138418194661
1.0284049059
0.459597315269
0.219583647803
-0.358108837536
0.051178497138
-1.04402111208
-0.650288652063
0.408944363318
-0.803796390166
0.186719950551
-1.18208720891
0.0106849199152
-0.147282732999
0.681011306857
-0.120772198755
-1.92068617408
0.523293865945
-1.20260466167
1.47607905772
0.670859973024
1.3056816316
-2.46529728875
-0.732353024071
-0.733110214399
-0.167601928103
-1.31521240158
2.0209671371
-0.68448296527
-0.34569165492
1.63413700549
1.47673744623
-1.27600739846
-0.852275830487
0.734324049631
-0.134264524714
1.20303425255
-0.70322553657
-2.08415655944
0.121627160541
1.05506176724
1.15011301238
0.478476963806
-0.19355936318
1.3111622241
1.70619496122
-0.853496789736
-2.87285170498
-2.47793043634
-0.357555568532
-0.247666608494
-0.139392356282
-0.51269824795
-0.965286965537
-1.11778223061
-0.909904741472
-0.445556050096
-1.72235281631
0.0310081644512
0.356251610859
-0.657269696849
-1.44817341986
1.17614765057
1.61963333162
-0.571919762636
-0.411517568305
0.270052301043
-0.680487003205
-0.512651034431
-0.0702292174907
-0.405153610027
1.92232899398
-0.285255280994
-0.591612671923
0.208043256091
-1.02654618105
-0.768486547224
-0.514242395949
0.120542318324
-0.33781941134
-0.805422827893
0.824563218032
-0.542688152863
0.892141896763
0.511920529916
0.508070640289
-0.531087200667
0.94286827239
-0.0136869275451
-2.33834508892
-0.970103272276
0.935648953511
-0.383272599919
-1.73869097815
-1.47980843621
1.68614311206
0.0208490702814
1.76224083001
0.332621711283
1.42129152372
-1.29506562915
0.296775671852
0.226439798976
1.58264489716
-0.393486284921
0.251253523308
-0.47295267052
1.00144093358
-0.552111744699
1.48998846576
-1.22568459696
-0.668926101425
-0.443729545577
-0.382161870787
0.262263849499
0.874533312906
-0.546960464869
1.97425251787
0.400708900794
-1.38330700426
0.432346337736
-0.100399091767
-0.443368582999
0.359170920223
-0.425787501382
-0.159732834512
-0.712673439411
-1.15789810521
0.574385453467
0.817814586384
1.30724509164
-0.683410908489
0.682559321746
-1.61466716208
0.631883255542
-0.540258956014
-1.33381913716
0.488041858038
0.790455543657
0.0201961583923
0.282047739645
-1.45624079061
0.63254674199
-1.90325741681
0.740512698581
-0.459040004179
1.77529875485
-1.35819144131
-0.352869948299
0.239194971263
1.88452602306
1.1951983601
0.37470823995
0.0871826638886
0.136164252984
-0.606923585454
-1.15986591144
-2.23336564086
0.287631797435
0.701179909785
1.15392349093
0.651450710891
0.973536249422
-0.0693520478233
0.0644980233837
2.58820266032
-0.294525725942
0.139755932109
0.74424901616
2.21935702531
1.46322086657
-0.0661808927791
2.0006108086
-0.0937108597715
0.00470918126697
-1.90979146649
1.3028997924
-0.441927956147
2.00870394738
-0.243415304406
0.542716471907
-1.40361023917
0.925816808436
-1.79678257071
-0.464222528348
1.37300306573
-0.282551686575
0.248003031981
-0.0808770850697
-1.24830911558
-0.245623226209
-1.07238934401
-0.800867729647
0.923419485419
-1.5527902312
-0.798814066553
1.05618186751
0.6768769843
0.578546670793
-0.884289838472
0.267347701439
-1.18732901033
-2.03975756134
0.346817460955
0.600188663305
-0.375968210417
-0.416973868746
-1.15223528294
-2.37884788546
0.498976921482
0.496753138224
-1.21549299141
-2.55518650035
-0.282144462615
1.43701325843
-0.480082869861
-1.46234898969
-0.271742568184
-1.02311050505
0.237957788101
-1.05058868685
-0.549931167314
-0.250349773836
-0.843469088613
0.578539294099
0.269257416736
-1.55411736156
1.43307785087
0.310710428133
-0.705718144337
-0.356188829074
0.470803209677
-0.653109805672
-2.88358299806
0.761146298189
-0.213757663027
0.324362677169
0.420938829195
0.236707479648
0.92647506561
-0.376974258787
-1.4508843221
-0.700420264669
0.667393197545
-1.12232373962
-0.0768364150031
1.32374091308
0.799428606373
-0.253380873389
0.183529636215
0.387555105626
-0.684462979774
0.111887917883
1.07649063491
-0.214346940118
1.12590645492
-0.968253471455
-2.10879653684
-1.86827048147
-1.18563821874
-0.194616185946
-0.424043678632
-0.107358789935
-0.202958214102
-0.341189916623
0.282169927192
-0.593744969315
1.18545175866
-0.0585041458799
-1.61662169167
1.61855398906
-0.283418117306
-0.259768205593
-2.13500831298
-1.23372480247
0.524520356675
-0.506432677317
0.893666115558
-0.106930784024
0.621788894156
-0.842629944042
1.44717963571
0.921248618719
-1.29294641804
-0.530197663185
-0.919651853098
0.753258952838
-0.88588208341
-0.245514810588
0.520834904993
0.521881979799
-0.264642337699
0.0391333152837
0.108810255398
-1.36727828227
0.105473631673
-0.411120643772
0.149730894308
0.524097199121
-1.44856320106
1.24862420815
-0.725504569277
2.61908334742
-0.584165315058
-1.76792111503
0.287395081701
-0.183633927974
-0.0640414694257
0.666708177167
-0.308303821682
0.806372736561
-0.378551298889
0.27495528986
-0.36742889968
0.378626362636
-0.244741368989
-0.367621279262
0.547491456067
1.88189427451
2.08869710203
1.06353042388
-0.465227934583
0.130674469712
0.0963874928825
-0.041993070257
-1.2570081107
-0.953296770184
0.565092679951
0.284668818015
0.744900133359
-0.445202143031
0.169183320316
-0.293481142072
-0.244207916006
1.90629535838
-1.04143357865
0.361804067849
-0.22762611509
1.15630310201
-1.16444687712
1.65733779584
0.140424432168
-1.0093607319
-1.34552241886
1.11366416873
-2.04112171375
0.295228765173
-0.619349712619
-0.38380499731
-0.41856494543
-1.6010848133
0.592659521439
-0.343752598009
-0.221658819784
2.18887714105
-1.50084038452
-0.196334866088
-0.411092918799
0.896245526871
0.810862402117
-2.31062714991
1.17222595098
0.286701058585
-0.279040625453
-0.501679677966
0.57381135338
-1.6356307462
-0.735541495943
-0.90242063104
-0.105696614169
-0.446316964209
-0.628516646045
-1.78564358085
-0.562436624404
1.15135051192
0.363598086711
-0.477884701501
-1.18980384784
0.4673929754
-0.599091086515
0.199110406311
0.603015860469
-1.55524796088
-0.0393633616758
-0.261789060158
0.680683340568
1.37102382192
0.927689363022
1.72127790471
-0.612699905207
0.914892704757
0.312072776177
1.54775198832
0.988162557745
-0.75424954704
-0.688147593702
-0.267576538401
-1.02982936428
0.916162612057
-0.484135315136
-0.144964846555
-0.146797939479
0.372751773226
-1.49196881041
1.05164269876
0.0363006181883
1.04373849696
0.0700400931509
0.874638153748
-0.803438213581
2.20242213669
-0.406517226239
-1.14623016451
1.10808055677
0.397016092907
-0.780815471817
1.12697435784
0.893272140124
-0.00913096981264
-0.709424917804
1.19156945859
-0.153276269156
-1.60658224299
-0.173579627534
-0.171669020624
-0.689421770947
0.235600443422
0.206524525678
-0.133195586651
-1.01984394118
-0.336229140733
1.00447140816
0.00449093618445
-0.208002880441
-0.118926752156
-1.44692792136
0.149616632232
-0.532250157816
-0.626763856562
1.00640062474
-0.309072845414
-1.89538118508
-1.21427334798
2.14296267028
-0.766506807228
1.00956580845
-2.62112929083
0.0692879868323
-0.943558359677
0.0206285561788
1.54723811515
-0.247098814645
0.173783131268
-0.827185047163
0.869661119338
1.68589486471
-1.41915823272
2.26708181858
-0.517102727005
0.55014791778
0.481738433111
-0.887998792412
0.642700779257
-1.22479706708
-1.10641986346
-0.212061558055
-1.04887421286
-1.04853657341
1.3162324065
0.981282572332
-0.106892624188
1.06159169192
-0.0877447621495
-0.866304552555
Score: 10