3
44
10
3
1.10316006093
-0.296204656933
-0.0439721966529
0.417451353631
0.922246201188
0.685984342225
0.653229389967
0.0893807867295
-0.0454410213203
-0.529943713817
0.0188904670914
0.525225522047
1.0645870773
-1.21998581839
0.925025435795
-0.673670064418
-0.706307676219
0.9035583477
-1.23686757317
0.336698398966
1.07321620834
-1.72020714534
0.116280602899
0.405595976553
0.0867245036403
0.665023570842
1.04269915879
0.186231546454
-2.14830187131
-0.782761790016
0.142904696704
0.701823911897
-0.24332742116
-0.67519908723
-0.659985818181
1.98243912542
0.462404685774
0.738462483255
-0.368982204983
1.36529305456
0.493512727356
1.64023056469
0.0664192831907
0.361032813632
-2.75715337851
-1.21775625655
-1.22264741186
-0.366144922278
0.118715309753
-0.0540105795576
0.217568970241
0.264226115522
0.807620637896
0.521060160721
-1.01837244248
0.53468795037
1.92242475278
1.33503340742
-0.126282514713
-0.203556885361
-1.09095594995
1.23401096053
-0.853399616411
-0.227476255272
-0.749136108098
0.481647441472
0.822000397061
1.00370287812
-1.18809978604
-0.461260771002
-0.83113931014
1.27597154052
0.648428646036
0.366364870508
0.685111939017
-0.198850925639
-0.614367295355
0.4009897556
-0.718606862378
0.58311353579
1.60631691075
0.185574593666
0.460033289365
-0.579336126318
-1.51120918094
-0.227130899427
0.0569764041962
-0.438241903162
1.08039196633
1.46557158933
-0.108044143186
-0.570319041817
0.155010878917
-0.27092696142
0.207458397319
-0.961851986281
-0.0349440214993
-0.513860113744
1.19081377763
0.285234810193
1.15245078076
0.369419963116
0.297265335716
-1.19912897744
-0.402514990774
0.32330200651
0.342657983776
-1.1745407284
0.894820373076
0.340221438362
-1.03731660068
-1.8630243923
-0.060035704141
0.664361409028
-0.339427609258
0.164974043638
-0.764325688685
-0.713543419124
1.44266201357
1.74750950437
1.0256112668
0.620856726069
-1.05589689467
-0.429384416911
0.681311542298
0.288655001104
0.63020191092
-1.12146513808
-1.103998363
0.984384384708
1.28652048482
-0.925103531525
0.523150724437
-0.0878103988224
-2.29751736142
-0.458147504921
1.06042439436
-0.654370381809
-1.1307779073
-0.392271884411
1.81380929286
1.27041694407
-2.58401021204
-1.92662885376
0.610746341491
-0.0720579661844
-1.0107166276
-1.28971581349
-0.589349589017
-1.05568059934
0.897671561103
0.684781776698
1.88155065788
-0.440633010911
-0.633288011743
-0.838024609392
-0.461600184862
0.421687457422
0.125716813683
-0.329896105963
0.784803687858
-1.37199337442
2.39999632529
0.346509339453
1.40552134409
1.41922667634
0.547190543096
-1.32732053723
0.411151123151
0.276402837409
0.021842956726
0.973494802309
0.355386187928
-0.178513507845
0.946917488322
-0.147266617058
-0.45761697857
0.536846208073
0.507629930137
-0.175611290809
1.66846237845
0.760882533548
0.380454393243
0.184567104536
0.929187834957
-0.162389532801
-1.05399804584
-0.171311344729
0.160115588658
-0.267897160316
-0.784211983373
0.392137285072
0.812591471056
3.26586228288
0.305139310171
-1.19915103884
-0.587705287384
-0.791032206511
1.4739296585
0.354254142149
0.265583486047
1.38081827399
0.0687573561407
0.833743549448
0.62857550261
-0.217786409464
-0.938062001488
0.301235914642
1.49606168537
0.59785532846
-0.26683466839
0.297435778257
1.59291064026
1.28222614619
0.4521198775
-2.43867904517
-1.1352057242
0.923977396146
0.109069712693
-0.584956222037
1.62083738998
0.710729089061
-0.274018073367
0.596122014678
0.803619741184
0.286419207901
-0.246651753489
0.697727945275
-1.36135739768
-1.82832740022
1.8590067706
-1.20594350545
0.396111375916
0.268623568168
0.019757729189
0.288320875335
1.40106178182
0.0828291866912
0.754407405456
1.03549675839
0.218434228835
2.2083751007
-1.44673863036
0.879503409071
-0.373494795034
0.765182211929
-2.02298869582
0.295871478612
-0.554859901958
-0.359163658351
-0.159572890715
0.848636236522
0.736447732196
1.01738448018
-0.0261349278562
-0.55923390939
-0.293964017008
0.182386061677
-1.09603234606
0.970348021706
0.771092287311
-0.874673689049
-0.263627190212
0.210757055316
0.614187037976
1.24525476616
0.0705241290101
-0.445624181473
-1.1334728371
-1.03479745389
-1.45338614659
-0.238397057238
0.226404941126
0.367558994659
-0.392769797935
-0.923226562207
-1.35129984167
0.632628741109
-1.08385741038
0.99194579877
0.123898434864
-0.526488592715
-0.217626801605
0.618728491427
-1.07447699242
0.945666003594
-0.0164148423723
0.161127350419
0.0482167836352
-0.300364200831
0.931011055636
-0.780599469291
0.318625645152
-1.51315446804
1.40673333082
-0.21174599352
1.36611217506
1.53338592385
0.859093114901
0.196850924573
-0.13078940935
0.403341386999
-0.373224702233
0.261965147793
0.291085539035
-0.390339613806
-0.199785393244
-1.64075273427
2.17723894349
1.02693333168
-0.0369160624255
0.018332232836
1.19031613026
-0.662686155323
-0.0957824653989
1.70762116221
0.527307576784
1.66565118904
1.08674293187
0.063171930157
-0.325805630638
0.279098361528
-0.653098126425
0.0682780417539
0.159303181085
0.229157801915
0.911030951699
-0.125758408507
0.10653028522
-1.69534294881
-1.44624020511
1.13414915466
1.54199617168
-0.464431846902
0.410563357913
0.106889269308
-2.88770518348
-1.60873420175
-0.122174059282
-0.530138828662
-0.0352556173913
0.408345722937
-0.36657865261
-0.741678070217
1.94914322654
-2.27978243275
0.109285401171
-1.29592951682
-1.1791060961
1.38075668
0.996738732845
-0.631199584832
0.933988212103
0.212732005996
-0.670618064109
0.431812990228
-0.463796309096
0.581590939215
-1.07613482022
-0.25143538219
0.657445312341
1.01178587111
-1.22658266254
-0.453624157005
0.494759149086
-0.557697799996
0.814929801364
-2.5793532296
0.855292319959
-0.177865800068
-0.932018903665
1.0197319966
1.32557669063
0.024892775041
0.917526589623
-0.0958339739719
-0.594463343101
1.02258673817
0.550308052068
1.80869830712
0.47395953576
1.24590994852
0.618397716935
-1.11502082457
-0.231253178365
1.85739346697
0.34404318215
0.679115307912
-0.0329221427382
1.10337258413
-0.353385013641
-0.196799002666
0.209183866782
-1.4513116279
0.73047371838
-1.09486851304
-1.76165437116
0.768114958392
0.607678293657
-0.483459161065
0.710090112182
-0.518916342016
2.02184006034
-1.56586706703
1.48269059879
1.73032952472
-0.90960754562
0.948955944066
-0.0405115235329
0.231442739434
0.184409691321
0.464121608387
-0.301917725694
-0.892467263964
0.367498660525
-0.905790605117
-0.855283829328
-0.509816265394
0.0577919296843
-1.20986711808
-0.978636133685
1.13246489901
0.540670472947
1.81607882922
1.12099694206
-2.06864273728
-0.168760905077
-0.572392289895
1.36065163824
-0.923452292396
-0.128523974449
0.582911336079
-0.194026060954
2.64052453022
1.21089649265
1.47231905251
0.129269930567
0.241925908751
0.717565847217
-1.50932188935
0.583113585476
0.88719192505
0.86877455091
1.23609212644
-0.635061791619
-0.335192578823
0.827624632206
-1.76308919295
-0.635213416457
0.448620658308
0.797796896967
0.597706919323
-0.256508266278
1.04753065507
-1.94224458838
-0.114857197563
0.928011990737
0.612511833014
-0.8128881127
0.44414229331
0.541023465395
0.184932324481
0.047299856276
0.554736298167
-0.0815350429193
-0.202988590862
1.23920192183
0.376338916598
-1.19881992052
1.41707465357
0.866018681654
0.00735842252593
0.853335290702
2.16936972019
-0.220794643877
-0.131477521396
0.843352153946
-0.656041477791
-0.216771296276
-0.973400290772
-0.428869251597
-0.353416801501
-1.89173388516
Score: 1