3
44
10
3
-0.778528689655
-0.590997268439
-1.4211381125
-0.81639588017
-0.384523577194
-0.623863667804
0.863393159811
-0.116010488026
-0.876241597939
-0.253715835906
0.798479379066
0.25980331941
0.388662669567
-0.209439966135
-0.0150747432395
-1.08286053493
-0.514632667188
0.230130561119
-0.718281978268
0.253714226236
-1.52902186463
-0.00338331488997
-0.0139841212807
0.630713446366
-0.17199376794
-1.83826414433
0.424448779838
-1.23097653918
1.53251972551
0.792585663236
1.41510887328
-2.78584297084
-0.819348249039
-0.724534732923
-0.0833152441317
-1.14192683845
2.17865159334
-0.874394874365
-0.244273278141
1.44654990907
1.56432564674
-1.4561785583
-0.719110374429
0.83443029522
0.0190011130212
0.965895281404
-1.05192537089
-1.9687795372
0.168107458071
1.22950669344
1.16850700494
0.350878408665
-0.0174492734745
1.42023109061
1.78526562108
-0.918022696834
-2.86374895488
-2.34259464026
-0.585094400509
-0.1192420548
-0.153025040545
-0.256527961861
-0.994767571866
-1.15545541532
-0.954176561104
-0.750074541329
-1.59938336061
0.112709147534
0.215264806
-0.493908279954
-1.55356704538
1.43339700198
1.32381142666
-0.558617696306
-0.606029239174
0.0752652281154
-0.693042953067
-0.502695742321
-0.0418621510633
-0.519185856374
1.81565819307
-0.269432092451
-0.609017935667
0.41650097616
-0.968785199147
-0.679451857648
-0.714754362782
-0.155971237093
-0.308538838076
-0.927949510963
0.946573206335
-0.377683787857
1.02124526444
0.320901117909
0.865275427686
-0.668434580075
1.09291398631
0.165760669294
-2.06404494972
-1.04109890651
1.0782812777
-0.528662274121
-1.80883935667
-1.48657262013
1.28674899086
-0.190378898446
1.81348687857
0.419881348524
1.50600170441
-1.11043436679
0.103012038011
0.0673461671984
1.24968301558
-0.109029668649
0.319064054251
-0.640512404066
1.02264376291
-0.77914227392
1.76323361157
-0.865457215096
-0.627201070424
-0.0761419774527
-0.491377587837
0.527418867483
0.974402232185
-0.513433826445
2.16938451431
0.380487077768
-1.22961787101
0.381599289924
-0.308792823867
-0.577235144077
0.363225407278
-0.289052205047
-0.26176826454
-0.702440549862
-1.15742719412
0.600618177059
1.15669567207
1.49223653707
-0.506844062285
0.45392414097
-1.7045717557
0.530944136937
-0.280242071461
-1.25542716298
0.401783324193
0.935370446886
-0.312611343198
0.485710992013
-1.24067727846
0.920215028313
-1.96756203933
0.885677527893
-0.0717411188325
1.81333740698
-1.45198040842
-0.480564544864
0.381356522179
2.0778026955
1.16069781153
0.22060802319
0.232488229762
0.359899572275
-0.84096126689
-1.19570372525
-1.88007420671
0.290672546068
0.612730211527
1.08448300437
0.737783270665
1.17488798834
-0.165931213252
-0.284946949056
2.63901095962
-0.323894107777
0.33512499889
0.368157258074
2.14474922669
1.4502102967
-0.0929645565746
2.08127135181
-0.138390481945
0.0407693387461
-2.04545826866
1.20769588621
-0.308491914472
2.09956843997
-0.473647484751
0.556720347989
-1.54968959266
0.872718322358
-1.70827768646
-0.655801134186
1.63441434321
-0.0511008396195
0.144333819473
-0.0202948216574
-1.2288149595
-0.116815664299
-1.10088951273
-0.824941613511
0.881577855829
-1.41036087699
-0.796164798704
1.0663553704
0.67388730729
0.454764996005
-0.628189062669
0.339950891332
-0.912371279319
-2.26614871327
0.464441865036
0.759417244428
-0.585827431056
-0.431015082877
-1.27549244874
-2.41737257991
0.562598171451
0.750335453193
-1.35652703073
-2.62249870655
-0.350319063499
1.43263256566
-0.523543807811
-1.0369819998
-0.0136841877014
-0.923774149264
0.417578783184
-0.806543136491
-0.761921411877
-0.581600313289
-0.844399089316
0.519493236668
0.192686227854
-1.66767292017
1.21673906114
0.118018549739
-0.795976109137
-0.316168388899
0.0595278703676
-0.666953302499
-2.94327735266
0.614267579551
-0.174208168163
0.403510390638
0.367880928838
0.237028380149
1.06238466128
-0.0954296790783
-1.634179565
-0.849987888336
0.52277447681
-1.14496416534
0.183974696065
1.27170959944
0.562086327627
-0.267939240889
0.250056762278
0.645199552472
-0.773672196015
0.354970910624
1.30411099748
0.129504900003
1.24717532156
-0.968427515531
-2.09357560092
-2.09396180523
-1.12124169176
-0.0474735683407
-0.525019857362
-0.298955698865
0.187866917355
-0.307773565673
0.253436160548
-0.289065049517
1.24705951149
0.012911299413
-1.68003746052
1.50551108947
-0.288491553168
-0.148806804723
-2.09069623522
-1.17293425885
0.630319961676
-0.514162828125
0.918061720784
0.184314217327
0.365139918971
-0.619082753576
1.58420173852
0.88097280427
-1.54229607686
-0.424181950458
-0.577405074304
0.646084791458
-1.06524653488
-0.169637769069
0.69042313296
0.608571459258
0.105569969011
0.237712707754
0.107126852833
-1.48680695277
0.347743386947
-0.29266007526
0.138924942408
0.457616334333
-1.27811463978
1.59534749294
-0.797429798507
2.62416168286
-0.660588412755
-1.58883549278
0.00729117404951
-0.30310579669
-0.29348069202
0.784208715633
-0.399692523022
0.875033027067
-0.191743589015
0.321769408832
-0.0653883227077
0.456801884632
-0.388215612944
-0.265705588334
0.404408870668
1.92178915449
2.43864530979
0.920727314764
-0.258684568905
0.162629807496
0.167359677987
0.0711401090814
-1.23972002853
-0.995743446447
0.368195181493
0.216731347091
0.733522571192
-0.615421059818
0.295913477517
-0.67450841405
-0.100026744723
1.97057882651
-1.05663707147
0.421654185421
-0.330783195565
1.07405734367
-1.45395561118
1.49866913516
0.104645036311
-0.584846906317
-1.44119234986
1.39565888285
-2.3329312552
0.110415122799
-0.502369667904
-0.281272086517
-0.638404780608
-1.4898937953
0.667058096579
-0.298155090524
-0.029067696172
1.86899206304
-1.43741790916
-0.253099566098
-0.379060881152
1.06592225553
0.774240159163
-2.48224113385
0.877750284348
0.200224528702
-0.368476351596
-0.441938756118
0.782478438159
-1.47272312837
-0.787363966281
-0.877751843894
-0.272072534467
-0.483701597826
-0.810674142151
-2.16447060123
-0.523085202142
1.41690975043
0.340626512213
-0.689800925784
-1.35829756867
0.410568932894
-0.632600232978
0.126101748945
0.643504449032
-1.75965588911
0.158688016457
-0.152429593122
0.785742576073
1.29185272345
0.837998320072
1.793377662
-0.534943039378
0.929293025667
0.11218484323
1.43425918861
0.973347296356
-1.02124013387
-0.946855487985
-0.248102261206
-1.20038544518
0.976185108116
-0.824885228039
-0.26184592481
-0.0588497924139
0.437609187051
-1.52888042346
1.11958966067
0.057113494219
1.12306488309
0.123080593119
1.12583051921
-0.601914570037
2.24369516446
-0.616103549555
-1.18721623656
1.33787774285
0.197404406318
-1.01979387037
1.08361766195
0.933725640702
0.167962268655
-0.94042557129
1.290767133
-0.102843598409
-1.74147351707
-0.185219308586
-0.136888333824
-0.817361271126
0.180783344785
-0.0825182207817
0.365679142203
-1.14146848421
-0.453447320258
1.03362260932
0.0155015745352
-0.155633346805
-0.178284361958
-1.23114552557
0.206389152102
-0.692256963967
-0.373840233036
1.0134808389
-0.00871806338484
-2.11734396347
-1.20265980982
1.98057950771
-0.765410131715
0.950579175621
-2.60556805947
-0.0462552451898
-0.856239624332
0.197634031417
1.74299909048
-0.0580028324547
0.200511145661
-0.907433712508
0.919053026314
1.76398944799
-1.39027138957
1.90317858936
-0.777928742978
0.124138320929
0.585240208083
-0.931653644829
0.504339818747
-1.39227463897
-0.799228645862
-0.0443221042122
-0.93127259412
-1.05130750872
1.24317097016
0.82838870697
0.0234833112822
0.965094489114
-0.369275744456
-0.678653991482
Score: 21