3
44
10
3
-0.756286325994
-0.666818987148
0.653154451356
-1.14795151349
0.503442294248
1.29876921905
-0.543952039207
0.259545661885
-0.00141748240131
-3.08297582765
0.287158849023
2.22632282188
-0.251312656034
-1.65209299062
0.849223675336
-0.307362051579
-0.740215210663
0.0324167484927
-0.131691307022
-0.0126758837985
-0.774611789761
-0.713423238498
0.409807378777
0.781299888687
1.35536503908
1.00653835396
0.488304583087
-0.914547796978
1.01327285978
-0.414143255776
-1.08684443401
0.192758490107
1.82543607627
0.238126861697
-0.981588870967
0.0772249393521
0.81980198122
-0.748343212971
-2.31969212968
-2.11834156931
0.58125493702
-0.0768447731924
0.117987597067
-0.603501944152
1.77030956653
-0.918070463751
-1.11957986624
0.215293704804
1.59234327151
-0.547504624938
-1.19961863933
0.57587524801
-1.00543518441
-0.863341932237
1.10300787674
0.704018839198
-1.56297094404
0.262075038901
-1.35002249791
1.77063458994
-0.0368598063975
0.741020076039
-0.148546250781
0.527897776437
1.03549429533
0.818463012877
0.505435524593
0.35320762129
-1.51111384069
-1.61090875177
-0.577910354161
-0.221494119899
-1.66883075922
-0.329127085998
1.02402242916
-0.760889750601
0.238218799059
-0.454338046736
0.00867297334579
-0.80415730942
-0.910039159834
1.55731928738
-1.00010312966
0.675506814952
0.0950949901264
-0.917589118523
-0.361653772994
-1.32355396285
0.680067349216
1.34539169382
-1.31464411125
-1.38063036215
1.64605213535
1.33131219298
0.126175767131
0.52497513554
-0.653743637089
-0.255471339393
0.978516333023
-0.066871847425
-0.103175732285
-1.27205578586
0.188448335345
0.264767186871
-0.738477456897
-0.154090019801
-0.0273725242319
-0.108818753384
0.801784054722
0.4705354285
-1.0745063963
0.413672450257
-0.892149671249
-0.0204534535366
1.30733536174
0.90267965434
-0.125761899185
1.94819156556
1.49570510675
0.462669105188
0.746008046555
-0.470889095731
-0.766918699812
1.00362171016
0.779215050024
-1.73686550539
-0.356707165188
1.1187681962
-0.244116662214
-1.32179515664
0.484477820844
-0.0225055462147
0.686642798984
-0.208967230632
1.73001454723
0.824960471607
-0.786644929564
-1.50636065993
2.75047888909
-0.262000167908
-0.159092747435
0.48542150925
1.55644242151
-0.621208784737
2.0242283794
-1.10680619581
0.0578245416593
-0.854475710174
-1.16453153312
1.55964530629
0.0873997168384
1.58701717403
0.465952628553
0.106025527773
-0.0822555259395
0.684495426085
1.57794795235
-1.85859307015
-0.659063589096
0.363081023763
1.2672003806
1.14707669452
0.653301529065
0.455481164091
0.0238754308172
-0.495998359727
0.0670869760201
0.497707122327
0.0451310985346
-0.250718354816
-0.685392138589
0.0807925223679
-0.816317809672
-0.726483310743
0.473852331514
0.45592885346
-0.0255497546368
-1.70530574305
-1.53113759046
0.148638956397
-1.46363589691
-0.034674685668
1.65442538594
-0.398578173788
-2.37625587158
-0.137975969902
-1.07453747848
-0.397585660584
0.912559897665
0.625298418332
-1.3319907788
0.369335486162
-0.0133906103816
-0.56224867392
0.705634591999
0.0160201263337
-0.763762271183
-0.736614225984
1.01822004565
1.52529040599
0.827217706469
-0.950144228039
-0.203098618165
1.14468564534
0.4239143569
2.16290304005
-0.616260794469
-0.504748608881
0.788565116711
0.397493941013
-0.115111656409
0.0418714743025
-0.762104483165
0.391754548801
-0.850602852509
-0.834568949996
0.749476376892
1.62170343701
0.494455758857
-1.03829823428
-0.0204410313389
-1.8678191481
-0.14967144109
-0.77758977555
-0.71153771459
-1.81158407604
-0.79641453125
1.05301213668
0.853344425787
-0.798649507478
-0.363323816953
-0.711504874221
-1.30471503457
-1.75806151131
1.17789705904
1.4498075381
-0.348412198649
-0.912934008603
0.318027879968
0.346415576756
0.927129824629
-1.06924920126
-1.37287890492
1.38149722305
-0.964684401511
-0.485396705712
-0.647689341287
-0.697982175334
-1.00019778115
0.73976048526
-0.16045879129
-0.75437578694
1.10581764052
0.771037046545
-0.32983108166
0.464489816052
-0.912197347052
1.32254191284
-0.755788914062
0.0981621332841
-0.000718001495009
1.16175229102
0.256607456292
0.631014619096
-1.33183704655
-0.883464729791
0.279296140294
1.0603539932
0.482002844583
-1.91210744093
0.520753159377
0.0567594386105
-0.866431370937
-2.2031842758
-0.147258076508
0.27585409052
-1.8794021741
-0.942965324331
-0.50086088252
-1.07997537909
-1.13887038081
1.00970402147
0.0945717279573
-1.6618346456
-2.30899190434
0.059794724614
-1.53434756065
0.0730440384686
-0.525043600623
0.0599501420585
0.207390970414
0.820028567221
2.31293806529
-0.83078286789
-1.13195237063
-0.348127717932
-3.96686930312
-0.0330297138013
0.743859968154
-0.641516945599
-1.72817988445
0.318301324803
0.211951421307
-1.40387451035
0.503853028512
0.52497151424
-1.32490744686
-0.844675678828
0.595386401612
0.0614514955727
-1.83067769726
-0.173259886545
0.247794009259
0.45262038671
-0.187546775124
-1.77855216355
-0.203081162931
1.00105886085
0.964514683946
2.47157262995
-0.481095082808
0.0327500932067
-0.280577547101
1.72154337228
-0.370343963927
1.76890005024
-0.910613939729
1.0748270528
-0.730993640755
-0.508849804824
0.253735853477
-0.331248919597
-0.11285997799
0.0329035910725
0.397279506502
2.65204388443
-0.586512705519
-0.862445055973
1.9029528504
-0.0334769231939
0.638587254547
-0.866834463813
-0.648995356908
0.723014228831
0.440782905655
0.54810138403
0.997174727381
0.151855742376
-1.7213771149
0.660185641089
2.27254241503
0.192420738249
0.894581669237
-0.309139289653
1.31573559343
1.41715945067
-0.525266757382
0.529649001468
0.498508180613
-0.0419940503471
1.71947054714
-1.38471957443
0.0862801768858
2.5492356365
-0.904498367171
0.956971001647
-1.59947311872
-0.185939672047
-0.156915147065
-1.00745653254
0.0834334219896
0.453493009277
1.17985990199
0.265451753985
0.411556361585
0.908627979031
-0.0192457735262
-1.41482265031
0.892210996614
-0.977581311955
0.881334762685
0.13386930575
-0.985465097863
1.01878155262
-0.840411909797
0.250018983328
-1.05925531899
-2.30912212671
0.122092310027
1.52379457409
-1.62557142747
-1.23452761363
0.644823669506
0.714302618626
-0.25287485165
-0.592943903998
-0.373727417918
-0.0337841158094
2.36633513363
0.757939565278
0.373989001796
-0.59921930612
1.41634263371
-1.91328930101
-0.417444173965
-1.02359046654
-1.20531291323
-0.317909773487
-1.31224579081
0.6777805069
1.16091164809
-0.256007742295
-0.750380811023
0.936757405379
-0.492658842917
-0.982531633493
-0.28101971953
1.08809280945
-0.0477474950322
-1.79983917648
0.714277091717
0.735404578883
1.67288780398
1.20613055947
-1.40628605525
1.58451369392
0.131600167487
-0.191227251765
0.15620291298
-0.876189490177
0.689592690759
0.355015619223
1.63651627262
-0.272548819771
-0.297701011239
-0.123283021415
0.561820217483
0.011705302142
-0.180941847476
-0.546849631908
1.44393731797
0.708215776093
0.8918315285
2.27087459548
-1.03092745057
-0.497132078788
1.32894432929
-0.974000778949
-0.87982961186
0.330721093702
1.31018774108
-1.60902940457
0.788718382588
-1.13838298018
0.260077318929
0.936430973931
0.461714583875
1.06005047957
-2.47848787165
-0.668486138958
-1.74764469623
0.44183578976
0.466444383298
-1.13376040537
0.840198549184
0.18113461291
-0.642894835009
0.474621829174
-0.136842893171
2.18302989576
0.316541948091
0.966915581668
-2.38294682867
0.325488795471
-0.430833319555
-0.20046357423
1.43077080787
-0.514221249374
-0.234161630571
-0.563893139093
-0.728695963002
-0.405082554731
1.41142020921
Score: 1