3
44
10
3
-0.900367155245
-0.661696273378
-1.16865831241
-0.857156319132
-0.200214178451
-0.52245071141
0.845240753176
0.199132355435
-0.976030634113
0.0987304041838
0.869196885545
0.605349772625
0.239912073603
-0.269646321581
-0.141552123525
-0.967679681389
-0.464810709986
0.587817804942
-0.807754795662
0.323241053743
-1.21746065536
-0.144164068708
-0.279667998048
0.522277422982
-0.291236546406
-2.03865993873
0.410044532925
-1.09116809495
1.48004008917
0.78392684455
1.18857415754
-2.55726444605
-0.74415732618
-0.833153732517
-0.160475670617
-1.26662827308
2.25475155409
-0.52550691151
-0.332916107906
1.5715463442
1.36658377691
-1.08767908108
-1.04606728238
0.728339720361
-0.281318776385
1.04845276603
-0.919558598906
-1.82315138475
0.209183045189
1.0641206918
1.15293157322
0.634154018582
-0.289626236711
1.23735353786
1.74371283944
-0.867467219072
-2.84532120591
-2.21553852611
-0.590333439141
-0.185179792298
-0.147502218531
-0.523998724445
-1.01697025382
-1.06200347518
-1.00057106177
-0.501120311896
-1.68859297223
0.184060437908
0.0320805656313
-0.658253934542
-1.42318036824
1.2051238044
1.55394378518
-0.409517520334
-0.390463583801
0.386965795661
-0.658446808103
-0.536008445785
0.0941885892607
-0.534740458237
1.66387407765
-0.295574677176
-0.4957591102
0.388427052281
-1.12806956454
-0.888574867998
-0.525439186979
0.294621856945
-0.0420403712042
-0.780499512191
0.949474724677
-0.467967301948
1.00803780669
0.321134461543
0.684580099786
-0.71218171017
0.86235222563
0.2632381311
-2.09761692664
-1.18968968275
1.07097725585
-0.381518814418
-1.57209641173
-1.29297365622
1.37255973617
-0.0588841301383
1.89923257476
0.377397788863
1.55254816979
-1.3419818667
0.0692263276052
0.377159496906
1.43652882987
-0.237443697672
0.331751331426
-0.492378570803
1.13653818194
-0.770229095218
1.65343335506
-0.98738110136
-0.835144002955
-0.45528747144
-0.294380737052
0.43220673401
0.984174709503
-0.502730973638
1.95340298477
0.383836699125
-1.28485682405
0.609866101312
-0.127537371516
-0.609115051932
0.32690188421
-0.472342040778
-0.456176740548
-0.593358065015
-1.32420374959
0.647492228913
0.790314941624
1.14864568467
-0.752320435648
0.793048345275
-1.67138162594
0.696366534388
-0.304823560323
-1.09657864841
0.373169692993
0.668406647201
-0.246721522225
0.345810929852
-1.56900075163
0.814313248154
-1.88112961035
0.663840190933
-0.443747831436
1.68918659697
-1.49327150748
-0.489371586258
0.368977068117
1.67036125987
1.09496784612
0.408433947396
0.0954896108195
0.228245878141
-0.744478897973
-1.37127213488
-2.30761694889
0.19004388405
0.540527179553
1.2137139573
0.717961508692
0.718412104799
-0.124942789838
0.0377477298827
2.53899666679
-0.230282808826
0.124763016243
0.73709050718
2.29568706024
1.48321137937
-0.0758417823611
1.95754641457
-0.235860930547
0.206715913971
-2.06669717017
1.36818191865
-0.383547232349
2.01681584857
-0.316667071998
0.545063431854
-1.47441850339
1.02110701047
-1.60990518975
-0.647991193466
1.51568997316
0.00367757605218
0.335304887271
-0.230972431548
-1.05772381704
-0.372656725956
-1.05781242139
-0.863973692775
0.996147355982
-1.65761768654
-0.896672467714
0.773915945998
0.599288011254
0.766751567376
-0.907426715341
0.251707001058
-1.03099765129
-2.30375215637
0.420856158232
0.500318628841
-0.277334465968
-0.548641497501
-1.25735217748
-2.44569023665
0.562202823414
0.724717208351
-1.27542395781
-2.60755307879
-0.265716126039
1.49801173868
-0.434622038284
-1.44555517611
-0.470173564591
-0.780850272964
0.232158774027
-1.06080205923
-0.721510289541
-0.326506481762
-0.858643004162
0.403484789912
0.29998578517
-1.74033896432
1.44614908627
0.175060574625
-0.983636595282
-0.444336703069
0.484114186097
-0.627359024141
-2.88606980954
0.920467399758
-0.319218157822
0.321972134989
0.471365114885
0.329847156571
0.811035919369
-0.41084451916
-1.68149839926
-0.906803258667
0.570137559408
-1.20096631863
-0.000201998758812
1.03098794013
0.917812925874
-0.260261447571
0.222969363464
0.29257856892
-0.648520947881
0.125785239318
1.25209730811
-0.2731266328
1.0152917737
-1.0428765448
-1.99910481682
-1.88764519488
-1.42220228438
-0.159716423925
-0.390731901811
-0.394471849096
-0.0345887836417
-0.466833551324
0.126856835368
-0.506033224107
1.26172164091
-0.142921657836
-1.74008530001
1.64170188685
-0.397825764574
-0.331796112597
-2.1518750204
-1.03363859014
0.671135180546
-0.52810601333
0.920266609298
0.0608721393747
0.670756954111
-0.867111371112
1.36091210496
0.684585062947
-1.33877389268
-0.763103613375
-0.957164918686
0.644880908512
-1.03392899217
-0.361944355286
0.580783949554
0.465475309141
-0.352343672749
-0.0733517535796
0.206482418534
-1.3995314658
0.0863416168276
-0.190074928144
0.0888007673492
0.364077635945
-1.29561113757
1.49270529292
-0.893061674344
2.66408016558
-0.63650747766
-1.68492468132
0.131543179971
-0.357020721073
-0.116980453946
0.644967300043
-0.264594944054
0.868992133078
-0.485057914867
0.26585155029
-0.16532404128
0.579290403533
-0.328740218503
-0.517147339066
0.462926197996
1.68107622987
2.10565134826
1.11482923006
-0.338033482671
0.305244411518
0.147814309076
0.119637460915
-1.25243071063
-0.828165144551
0.563646957299
0.344239025825
1.06422640702
-0.361862976523
0.212570274439
-0.634051463022
-0.362634763096
1.78020140731
-1.30643044073
0.293431769202
-0.285633192138
1.15048983102
-1.13704257788
1.59422666409
0.209515732124
-0.945591793675
-1.41352921968
1.03386138066
-2.08130806185
0.26884533413
-0.568805211035
-0.125532897559
-0.608394521239
-1.75757624645
0.502967119727
-0.301690505942
-0.161634854902
2.11894667472
-1.43616309365
-0.190728227023
-0.442581897936
0.946169990553
0.688594307263
-2.12135827152
1.09965548447
0.335321299826
-0.555035731719
-0.302519830269
0.399110069863
-1.67861645806
-0.725296786797
-0.81538169926
-0.46207343116
-0.124596303594
-0.551991373922
-1.81976687717
-0.772027845877
1.04445792299
0.262126885421
-0.499985677663
-1.24144436708
0.291321491719
-0.268562469974
0.0955889656935
0.551169914619
-1.76096469093
0.134069897946
-0.191327273414
0.718912932455
1.25435512949
0.935132114603
1.88923186688
-0.553324548529
0.741473075395
0.546588680181
1.52619764685
1.00153672095
-0.745218010335
-0.973404763922
-0.20083039796
-0.993380420144
0.794617455377
-0.582857707929
-0.29972166193
0.141474655246
0.453127523079
-1.45801810492
1.00929300886
0.107885170172
0.942622143948
0.0779921891936
0.993360659636
-0.954416480358
2.13533089757
-0.218451246249
-1.06924032421
1.4021912287
0.473356813717
-0.924784663477
1.35670719693
0.965754603947
0.0739511649109
-0.995241571245
1.32234540946
-0.240323639111
-1.35404164595
-0.351807419328
-0.244204936152
-0.523525829363
0.360807035013
0.0320205747825
-0.118399596868
-1.14615256565
-0.256023173587
1.04910646666
0.14177189864
-0.153124240257
-0.0288221482686
-1.32607762711
0.140348828728
-0.755579875339
-0.598869171619
1.07419861338
-0.230456859847
-1.91330368349
-1.17238439493
1.89524917358
-0.789721672455
1.13004323543
-2.60399439511
0.0334799777563
-0.729418599793
0.0336733588257
1.52454644969
-0.139437945953
0.370441569532
-0.828971309511
0.752128161137
1.93797728639
-1.510506882
2.04646051554
-0.823039335087
0.548184337875
0.589881652322
-1.06755586247
0.635441766681
-1.34123820893
-1.00543285559
-0.188158917168
-1.05112817021
-0.940193085195
1.18695600741
0.824660783257
-0.12625499419
0.979002518297
-0.302055256199
-0.836312764739
Score: 13