3
44
10
3
-0.841296936578
-0.475523675842
-1.3452875179
-0.774171985735
-0.123310691863
-0.531098132429
0.720173988439
0.183026004426
-0.969779566795
0.0707750887778
0.782791890651
0.58703577233
0.347818656019
-0.203009118843
-0.116261318966
-1.17080340599
-0.609774598506
0.43328074861
-0.7491657636
0.189940954601
-1.49335512265
-0.239122229718
-0.295082754576
0.378222779489
-0.273320601876
-1.99383217453
0.335227271486
-0.964668848712
1.35147064839
0.621189160076
1.19197953568
-2.43219149316
-0.67321905597
-0.964887472779
-0.168007304525
-1.27254255731
2.07820456821
-0.595736438152
-0.231032774178
1.79851400179
1.22769393287
-1.19444011565
-0.796662659004
0.660612469436
0.000206676186304
0.958784648301
-0.913406317277
-1.88674277688
0.0397802914843
1.06689824083
1.2972023643
0.529654370284
-0.510349602687
1.21716733988
1.47707436791
-0.77818211951
-3.01939629169
-2.14423362864
-0.341511482552
-0.104904346417
-0.138726226279
-0.504036198365
-1.01492869853
-1.2074554942
-0.922465049351
-0.565419690216
-1.67521539416
-0.0890783653705
0.142766264456
-0.607821224223
-1.37222941385
1.34730657775
1.32864269635
-0.403000778139
-0.441891563708
0.255674430122
-0.527851200312
-0.533731376265
0.117405332264
-0.557708489248
1.87990043365
-0.446345639956
-0.636853266504
0.330756335336
-1.09323368089
-0.851208029824
-0.465061088404
0.0200370141478
-0.0415974711918
-0.916548938478
0.790498166915
-0.417823726687
0.965766556177
0.429734746564
0.619285419481
-0.515700317288
1.03968378678
0.296423463086
-1.93301342568
-1.16593166551
1.00174667618
-0.33543160207
-1.54199170837
-1.31367128281
1.41832778592
0.249742977331
1.80614171288
0.439041860277
1.67212135061
-1.2714530434
0.177794162919
0.39269517579
1.46540276387
-0.248376602551
0.0418426731272
-0.371791807772
1.12028356234
-0.723760855841
1.80301549071
-1.14703432002
-0.732918268274
-0.366064181045
-0.278522836815
0.288325857549
0.832190149723
-0.721604924283
1.82849597552
0.378422329411
-1.23567443114
0.513851640022
-0.202485333025
-0.490524176736
0.406675318157
-0.470227711654
-0.329933382247
-0.575213411628
-1.08987918859
0.564592165473
0.759728898614
1.18366759458
-0.651962471626
0.610701930168
-1.56769901052
0.857251483717
-0.178429602805
-1.27016383326
0.245364375942
0.664842599731
-0.0797585085408
0.256215945452
-1.52368525569
0.700034976105
-1.89367889209
0.677288388489
-0.580136163883
1.74597901137
-1.0672157002
-0.541840438601
0.273761959505
1.77775252448
1.21563359427
0.518921109255
0.069077070557
0.0470903215714
-0.649243810669
-1.15185444777
-2.22836781095
0.276323663025
0.384446319398
1.19556406274
0.761388209518
0.747374830836
-0.235907357187
-0.0428857440787
2.5515855389
-0.366409734064
0.133803562551
0.850669220019
2.06741176002
1.34064131884
-0.136478638484
1.90264994706
-0.254375094844
0.0566033746982
-2.1610740037
1.53743830555
-0.414922897879
2.01295860039
-0.259025124501
0.511927938305
-1.48938330267
1.07468092246
-1.64727160762
-0.591635363613
1.57241023062
0.00332979320098
0.120550626424
-0.225886724169
-1.18873433749
-0.338064899882
-1.02347728762
-0.824921277584
0.956798729708
-1.49792236911
-0.87449777246
0.769260465103
0.643028337178
0.535951762548
-0.842430717807
0.321450404873
-0.965537096702
-2.22649540206
0.392008094584
0.61423367542
-0.333214358398
-0.417669214514
-1.0564530008
-2.07448946864
0.576571246493
0.523280449857
-1.34992025058
-2.38040735498
-0.426100705059
1.54760929089
-0.392334770608
-1.36819336823
-0.278974625745
-0.943862246497
0.366550261319
-0.847669392887
-0.655766044233
-0.51231598587
-0.744958895514
0.479373380446
0.278826848033
-1.75422363336
1.43392846089
-0.00595098584337
-0.903281476101
-0.444993762203
0.533893971915
-0.502497257187
-2.89350498775
0.900983954659
-0.208123688596
0.347244380036
0.636278798268
0.162254914889
1.11458084502
-0.271264957042
-1.62572893019
-0.852171846306
0.700209716946
-1.14366458003
-0.0725032299609
1.23603719855
0.806650447127
-0.212409208268
0.349739033749
0.465902145507
-0.84647858503
0.0379784462692
1.35580147789
-0.333299411789
0.976315716013
-1.02541284104
-2.34386586257
-1.83846360665
-1.2427337303
0.0908517121381
-0.668773620624
-0.18749593405
0.0448618950556
-0.458408124958
0.268104203034
-0.53092666589
1.42014485044
-0.110325822802
-1.67620381554
1.55502106129
-0.0724248648509
-0.293680499639
-2.18159842995
-1.11127031574
0.48168561208
-0.551532543107
0.829722534837
0.115070899671
0.629569453439
-0.664976523195
1.56405833824
0.907572810811
-1.33579871608
-0.692724665656
-0.756021205282
0.68665603691
-0.825556995874
-0.163241824212
0.572555680187
0.447820472458
-0.400742790727
-0.255786328274
0.0993318021656
-1.35496929876
0.0734695287468
-0.264016991074
0.218748649072
0.415400282837
-1.35508936972
1.50184107528
-0.842675856573
2.62662604993
-0.656804531148
-1.75374513636
0.322425821397
-0.315764705798
0.0207114480772
0.676589291958
-0.415953254047
0.994336838656
-0.514227805497
0.160999203416
-0.137298953384
0.492678602012
-0.215514236444
-0.496867336971
0.67455932996
1.52156506911
1.96293924551
0.941109741262
-0.228461491692
0.166207407702
-0.0348711004966
-0.0821927140339
-0.975979187922
-0.971780529921
0.721199886141
0.357698379538
0.7647648423
-0.423389707568
0.0438433683742
-0.439947109547
-0.393465039343
1.81319877038
-1.3157602991
0.201062735362
-0.516583365717
0.977565968402
-1.13664400706
1.39591881578
0.220530860593
-1.1080006885
-1.39621776257
1.12537177202
-2.05016599095
0.234271797531
-0.611188818697
0.0477804992368
-0.728519779423
-1.69084435078
0.570059017056
-0.364583383674
-0.198586640106
2.02849949764
-1.65366167092
-0.264472361438
-0.513055256936
1.07065322948
0.823943612831
-2.08155176713
0.974389746549
0.414571449521
-0.651570959446
-0.452226255708
0.609812246092
-1.65390210215
-0.427663283346
-0.656127961929
-0.582035951569
-0.16309157308
-0.502457413111
-1.83948210941
-0.653985211113
1.0693294471
0.159570918405
-0.307709705089
-1.29669950664
0.405431700028
-0.279769380426
0.151962814021
0.468662547231
-1.76201489088
0.0390467770229
-0.22495165068
0.80808519
1.40787896027
0.913244372643
1.89971312279
-0.505480154017
0.922005945354
0.179465236963
1.52775309263
1.04551004238
-0.584867003778
-1.05058745015
-0.349854080563
-1.22140711675
0.849478300931
-0.492262759874
-0.362199394291
-0.155267470474
0.391130933772
-1.63068398545
1.00932966852
0.0498905710766
0.748228864694
0.0571791136157
0.787641304476
-0.731893476958
2.32699905957
-0.202531588805
-0.99536710389
1.29975000226
0.379689650053
-0.793156835139
1.18026090574
1.10627404115
0.0245021662272
-0.886986569273
1.29644078762
-0.421037303451
-1.53082078643
-0.0979431154986
-0.232464553596
-0.527175622344
0.37355677869
0.0254818948683
-0.201408490471
-1.00069003202
-0.222639406683
0.924236897608
0.169322418177
-0.396743183829
0.00580215714559
-1.22555061397
0.198809951023
-0.808822885096
-0.600257696107
1.05552950323
-0.317364882701
-1.85671998061
-1.06959755346
1.9680569057
-0.804813385061
1.11157850302
-2.42541614389
-0.0672864060672
-0.719506394604
0.21776945157
1.71120621628
0.0885586133644
0.341607580322
-0.721758104685
0.715595065555
1.79742708846
-1.32369647371
1.97263364445
-0.649868033363
0.607980325235
0.617047995648
-0.928444083398
0.746614230739
-1.26534866529
-1.2031194383
-0.153146003763
-1.04611872082
-0.645619015707
1.18681142193
0.855749807251
-0.195764700999
0.892546288013
-0.320410226125
-0.886659115605
Score: 1