3
44
10
3
-0.55494951787
-0.745425469315
-1.28254330882
-0.706545869637
-0.0891253328501
-0.543883207291
0.814856898993
0.0493211928615
-0.973548483197
0.132717778279
1.09783104581
0.573016885801
0.26588613384
-0.348166018688
0.355140851154
-0.722884042804
-0.222612542513
0.314480938617
-0.748943696578
-0.29581581813
-1.31857388085
0.0141723024331
-0.10316344778
0.821158339223
0.0224119423596
-1.72144264163
0.516413382351
-1.25724027747
1.3783507142
0.827354158043
1.51533133865
-2.4965942647
-0.983651218814
-0.850996915025
-0.473205202207
-1.27678144982
1.93641297576
-0.606436261217
-0.227020331232
1.62977337193
1.30862247881
-1.3673288249
-0.862102783588
0.572929960025
-0.0914526036737
1.20197853513
-0.920037537733
-2.15679935448
0.287206737584
1.18427126588
1.14105891151
0.399777489913
-0.295851494419
1.24270607127
1.82176004526
-0.899200339567
-2.98831771447
-2.28900104147
-0.475327080799
-0.272727019712
-0.0356576943423
-0.488504567417
-0.987062208941
-1.13812238027
-1.07259233555
-0.367540785062
-1.62653188668
0.00731294016085
0.301010461672
-0.495277857694
-1.6717159206
1.38395957505
1.59150062245
-0.492216163773
-0.376191912054
0.141103691596
-0.525240001101
-0.767801832763
0.156732875251
-0.499865103786
1.69435903138
-0.494116769768
-0.48512808702
0.424387824414
-1.12365088277
-0.579222306183
-0.608561904046
0.146554147476
-0.192036946023
-0.816736378324
0.579267246924
-0.443263009812
1.05831161574
0.592978574973
0.696341809736
-0.68463665178
0.747719260697
-0.0507894297305
-2.29597305182
-1.07119186891
0.957653868872
-0.29559997803
-1.82955154177
-1.3892443376
1.50841263275
0.167973187442
1.82881320751
0.298446458948
1.28664946041
-1.12591248036
0.178536023485
0.174687505548
1.29360257334
-0.385782867392
0.0447372952623
-0.580539747654
1.05721079259
-0.893386112744
1.54199977426
-1.00749085976
-0.823451973229
-0.378678593737
-0.0628644565467
0.348715669856
1.00283368555
-0.563380222039
2.03160861192
0.590000994108
-1.40039903492
0.655550589575
-0.352341595394
-0.392654810211
0.258667769148
-0.328943035623
-0.0966958124683
-0.732897793585
-1.10867821695
0.691285642014
0.919607338669
1.44924338426
-0.754475095502
0.687700875979
-1.57892731313
0.712644166162
-0.416581674278
-0.945231190024
0.320488267044
0.967313692891
-0.304334526743
0.29426903304
-1.40055047392
0.813333490604
-1.67786267329
0.788689747779
-0.430137698862
1.94159966271
-1.26965168473
-0.475463792406
-0.00116656058385
1.70891681451
1.20332468011
0.120495849609
0.0678001225495
0.143665974407
-0.944900018347
-1.37884775274
-2.17708003825
0.312674726099
0.452216449359
1.33939666788
0.813656059915
0.947686974331
-0.0334982697795
0.0160695146723
2.64311310052
0.00446414820987
0.237597807297
0.580121651357
2.15294101124
1.4572081706
0.0749263697702
2.17501227762
-0.41344288474
0.131683627792
-1.88364121183
1.23504038517
-0.184247924721
2.06505429872
-0.375326630975
0.511712733643
-1.51578362409
0.842292868187
-1.2454050533
-0.493560167801
1.61203699911
-0.0297709816607
0.0697498528036
-0.0384108899745
-1.09755574237
-0.466969662773
-1.07992450563
-0.719012467606
0.805002088515
-1.59725962303
-0.898110539176
1.00817236395
0.532278898502
0.65515501531
-0.932216671872
0.500778160056
-1.0369803625
-2.12792754492
0.553921824202
0.568234946312
-0.293843514568
-0.654666939159
-1.43674827671
-2.40291495367
0.587530487355
0.724029759942
-1.3693199379
-2.69241885518
-0.265680889897
1.77649748603
-0.396407032704
-1.3519802378
-0.338298472877
-1.08769122858
0.311438193378
-0.961350408813
-0.588702625775
-0.375832830418
-0.851571344656
0.785710702179
0.30166152132
-1.69946406617
1.28823898607
0.287031155791
-0.704652595004
-0.354760511884
0.453768025683
-0.55004983451
-2.95051025849
0.740166291493
0.0159386382328
0.0261548370012
0.550214833997
0.238927032227
0.927134898618
0.0322556322928
-1.23267241447
-0.676884461911
0.787398241042
-1.25080593844
0.0402126584544
1.4724221748
0.7930963684
-0.245599125027
0.0903001854708
0.342997411722
-0.552386602347
0.23517579613
0.862524891654
-0.0170976889002
1.36967510307
-1.10874556263
-2.21981313305
-1.84429960077
-1.55574146102
-0.220273983136
-0.417054959869
-0.319933501612
-0.0455979058969
-0.356066262558
0.426919209694
-0.532408733418
1.12918125095
0.00331745399249
-1.43682141731
1.39231033482
-0.295682886803
-0.127724606371
-2.02774368827
-1.27472326632
0.755212909784
-0.457672942388
0.958681774108
0.0542662807129
0.406468640322
-0.812201265927
1.24179651765
0.950597513211
-1.52095861836
-0.699776202058
-0.930105494724
0.645893060204
-1.16995649537
-0.150343124332
0.516718032993
0.650151391207
-0.143631857339
-0.0761599941845
-0.0215814391832
-1.46174428603
0.223653208114
-0.631952945433
0.230764462623
0.202449573331
-1.30913763044
1.17941073072
-0.862412468992
2.83365002524
-0.495195321879
-1.62054242438
0.442199827807
-0.108481038488
-0.190697107519
0.87157020827
-0.259954293087
0.973352156209
-0.264189001857
0.366346580039
-0.286183562237
0.637264658384
-0.375433081134
-0.35548630164
0.566395776803
2.13854708132
2.36132653181
1.19063226788
-0.642344814024
0.0961522049465
0.190980781659
0.149323892129
-1.13514076159
-1.05254780014
0.578385525137
0.289824904481
0.741598028025
-0.64196493477
0.110288205624
-0.290523719632
-0.187743578148
1.93367491573
-1.15074396262
0.44222020799
-0.329829120718
1.09140856483
-1.4125713018
1.33832295376
0.29459752201
-0.731613513742
-1.27996779509
1.29175506162
-2.0354193168
0.449416622741
-0.656356996285
-0.0262190344145
-0.353799143412
-1.68675807238
0.518132486226
-0.194209480885
0.0683121614279
1.90917674241
-1.39663028285
-0.334179771362
-0.60242654547
1.08119238223
0.659089691951
-2.19464032278
1.27518548942
0.383870960456
-0.36651959411
-0.307850909736
0.322622636818
-1.33124375729
-0.494697759236
-0.986731052228
-0.101193378797
-0.384579588547
-0.687727631378
-1.9880323817
-0.760647886353
1.24382701526
0.404072968903
-0.862020484905
-1.22607668541
0.441464524693
-0.5556242809
0.294265061338
0.324141415986
-1.74254399489
0.158000088482
-0.375694978002
0.604517261454
1.4219418008
0.856036732697
1.96154597979
-0.43096320905
1.09516151707
0.00813126170527
1.747467311
0.937084447123
-1.11073716243
-0.733462620123
-0.380395004657
-1.16563661892
0.578866649174
-0.873342604871
-0.366605006642
-0.167147155833
0.819171254721
-1.59811424403
0.957970361699
0.081531354802
1.25829571052
0.0254892235514
1.05034844195
-0.868749946658
2.05549161615
-0.536051901745
-1.19544572579
1.28937449599
0.0945025346399
-0.919921403156
1.03644924314
1.08952482719
0.173840956122
-0.987419718487
1.07877530959
-0.00378329843539
-1.73657620777
-0.425648968429
-0.0196563637977
-0.819515640143
0.246249228632
-0.0400978810062
-0.0168214627747
-0.869407753173
-0.148034535019
1.26237850607
0.415902175725
-0.118223098603
-0.15666925464
-1.28195021272
-0.0532103916195
-0.474470468913
-0.478604861589
1.33114641144
-0.143448176005
-2.26308103531
-1.33343308416
2.15758000426
-0.59626859331
0.950602292197
-2.38564913427
-0.0134684181123
-0.80594131488
-0.0234385234522
1.57614621581
-0.21360698231
0.396585081979
-1.01296753186
0.965659518527
1.95576813568
-1.3781656583
1.93204104397
-0.642839256579
0.276569047476
0.656701772509
-1.00706138959
0.675104873327
-1.43315597029
-1.27711656489
-0.133536438582
-1.0633756594
-1.16546231477
1.08378216849
1.00190783784
0.151340033962
0.990647219103
-0.479592798795
-1.06803108628
Score: 1