3
44
10
3
-0.917979232837
-0.515388264767
-1.36097008804
-0.749605519551
-0.0943939477551
-0.574789003078
0.790330737782
-0.007484481548
-1.15549702817
-0.00131696589484
1.05337094775
0.313568296181
0.518968887932
-0.183766559298
0.0841802706494
-1.17658333922
-0.475167225649
0.467995599364
-0.828585078136
0.0876308540806
-1.2210850622
-0.0239326483443
-0.148231590424
0.817819771079
-0.259481006111
-1.78754979649
0.703230599377
-0.916949661644
1.13135251299
0.664631332069
1.28393868926
-2.47848482132
-0.891095630675
-0.771852698088
-0.310310163961
-1.41944817454
2.23918245402
-0.824725181063
-0.190046951327
1.74889943889
1.54093528869
-1.33126040137
-0.861237385553
0.559870778704
-0.173949379235
1.11287769235
-1.02746618106
-2.14064068445
0.38954093874
1.07014317785
1.31810767959
0.572046961987
-0.116298994803
1.30131286335
1.69244597701
-0.903984229942
-2.80638696372
-2.07115651428
-0.376237709949
-0.215109307575
-0.16478305267
-0.478227222855
-1.10283111382
-1.21001741566
-1.10381967362
-0.652899300588
-1.60317741662
0.134582636536
0.370245374457
-0.719316962778
-1.38167686445
1.21750413496
1.70916255333
-0.538601560083
-0.590289534239
0.41676188461
-0.540097860633
-0.639851374808
0.103001924106
-0.498550023256
1.66586687592
-0.341498460537
-0.668456315713
0.307466957948
-1.02959413988
-0.631683974275
-0.676022922476
-0.103655598546
-0.167415779836
-0.6926551522
0.766915565822
-0.440054425422
0.900475451022
0.46930349205
0.62549519282
-0.606353364885
1.09632358839
0.173648586368
-2.15127981585
-1.05613915669
1.02641509821
-0.356738329192
-1.69486956024
-1.5209280528
1.38234899013
-0.131237066421
2.0225678966
0.315936882434
1.1919912416
-1.22102158386
0.192246283195
0.231341070161
1.33373657932
-0.222185990756
0.4236912909
-0.46620135194
1.4087569253
-0.636190355836
1.5920972134
-0.867082473517
-0.942030486451
-0.361560816086
-0.319640964926
0.295831114269
0.719785453105
-0.71396018788
1.98392554295
0.262663823485
-1.22799948829
0.468932263919
0.0681160034119
-0.371787397285
0.145789373976
-0.407216330254
-0.203045423601
-0.414970541985
-1.24810775946
0.56385697497
0.813625066584
1.44277750237
-0.908635833515
0.739484166194
-1.56944134175
0.483893748121
-0.357074353597
-1.20806864781
0.323624001242
0.74018450238
-0.260583720332
0.501953502397
-1.44982644046
0.952038581907
-1.82738232914
0.726500815195
-0.40932137431
1.69879616778
-1.08661249178
-0.15476037878
0.205199904569
1.82978637056
1.27368787158
0.131455831633
0.29153645403
0.577525505889
-0.707426162383
-1.26390116736
-2.24998360647
0.37076564848
0.672229171311
1.02992254047
0.780330257214
1.00762177752
-0.151382590408
-0.151605687976
2.60683526364
-0.521441035248
0.0337189816915
0.826816547269
2.03950954174
1.52798476492
-0.02422734253
2.10963694629
-0.224412978139
0.0234138853605
-2.18876450111
1.25869531721
-0.49277191108
2.146425438
-0.385230058232
0.493692307069
-1.59451203332
0.723650870746
-1.72409963212
-0.481696076512
1.5988700917
-0.0916165610531
0.0979514379075
-0.207208748641
-0.915178516431
-0.424542432926
-1.14176867433
-0.751417821055
0.975025898466
-1.57435298531
-0.967757850531
0.921006186597
0.733179601197
0.492125849138
-0.83756872957
0.253311942331
-1.07910385573
-2.07028472475
0.366652906972
0.569380504888
-0.422534546591
-0.30181735018
-1.31870943872
-2.34594193365
0.482101694757
0.58657861456
-1.21313269687
-2.73121127882
-0.254106260526
1.41633963641
-0.508211596278
-1.35894104256
-0.366516586608
-0.913649438159
0.0784081144573
-1.15071830507
-0.619496249248
-0.296084171992
-0.560201083702
0.577061184758
0.212649810375
-1.72117685262
1.19480480286
0.0580920657867
-0.653308430804
-0.405265100112
0.492203328067
-0.702102112359
-2.8910357468
0.952866686478
-0.232811785795
0.382793949093
0.350065847229
0.162666185759
0.690600801462
-0.301071114717
-1.54825555213
-0.747694660008
0.693917962097
-1.09284323644
0.0212204852938
1.38995047926
0.968093141486
-0.362023890147
0.140261770105
0.353225983907
-0.472402540993
0.0617962372638
1.04871198325
0.107141219925
1.21065487278
-1.19361190966
-2.11303473139
-1.98054887562
-1.23809760385
-0.132609552466
-0.27867732793
-0.0196930772648
-0.218663747964
-0.539964684863
0.0976630111027
-0.586047435752
1.32286712052
0.0959690094146
-1.79098900627
1.7628873461
-0.390227632412
-0.232166426488
-2.27591280657
-1.22727401409
0.283566510049
-0.250349104753
1.07799337338
-0.0616510472261
0.66166933714
-0.936778908827
1.59144750148
0.749689199054
-1.2037193424
-0.713297337787
-0.820117161022
0.774726623263
-0.874243005572
-0.122757046626
0.553388282071
0.730054060746
-0.097799418459
0.00695571088844
0.170293027398
-1.36112180826
0.25333384998
-0.299992506245
-0.0571010202924
0.275502067898
-1.44279977975
1.1982969228
-0.673318192816
2.51776691274
-0.452855550901
-1.65998984015
0.440803633173
-0.191705263445
0.239365230002
0.537958018882
-0.270250276393
0.889963473485
-0.210764272126
0.279788267469
-0.423738012908
0.233078406777
-0.385615614206
-0.604578532809
0.40574648797
1.56698982864
2.1703145977
1.06195457944
-0.344190908232
0.203919587079
0.0977242514
0.116013981691
-1.24041321489
-1.09940541659
0.32118915406
0.364206010203
0.763918068701
-0.475466456122
0.0940242204099
-0.396978512585
-0.32921647361
1.66238472081
-1.23864126473
0.293969115673
-0.250112986875
1.06865015717
-1.1374828662
1.41043408673
0.246088351549
-0.943050356034
-1.37169079083
1.07313778219
-2.01149452322
0.382115952965
-0.42097191648
-0.0285948275958
-0.251639496532
-1.77254396672
0.528404283376
-0.199205021617
-0.192177112271
1.90040148122
-1.60515581637
-0.485505371158
-0.381888450143
0.953792622578
1.02672133979
-2.21165509659
0.975685060359
0.206168713522
-0.227750084651
-0.363886434906
0.676182441645
-1.54846899753
-0.64905730151
-0.817950714777
-0.198959845878
-0.204798402625
-0.573504858027
-1.85512593291
-0.50074984959
1.26053684776
0.405011597909
-0.499911549453
-1.25349264088
0.34947518686
-0.565790139866
0.140911541784
0.773399003354
-1.90331084421
0.0678513666549
-0.214712913275
0.693840343834
1.03580310051
0.848978417235
1.7608595347
-0.507996252823
0.88824402122
0.17464248486
1.65390257302
1.06459629551
-0.72921984413
-0.851756617937
-0.434375783507
-1.05313306243
0.556932991884
-0.490361037069
-0.143413083464
-0.120927313391
0.34764177909
-1.58592218023
0.828969874433
0.162746258783
1.11517068701
-0.0362211554778
0.850567271623
-0.753170537941
2.16480075544
-0.599308701045
-1.23794823786
1.08751042296
0.488114724941
-0.932082962591
1.14625750593
1.05471175388
0.105680716224
-0.688593368751
1.2791003042
-0.0902415462496
-1.85723641631
-0.383159325445
-0.229897096416
-0.738375612614
0.444188055947
0.260180844042
0.111484853486
-0.993362407289
-0.403219443165
1.07899121976
0.215758311529
-0.165371020759
-0.171717712693
-1.18373539895
0.312918044697
-0.666893111526
-0.622128243068
0.88038161245
-0.0606466464046
-2.09121372609
-1.15907091076
2.18601248283
-0.654514069989
1.16947143578
-2.61567967609
0.0816092952369
-0.635619321071
0.191587568249
1.39682138559
0.166180707905
0.246584900579
-0.978728523669
0.88751697475
1.37278237664
-1.60531690713
2.1020895043
-0.683870459694
0.394180528355
0.438296849148
-1.00821881438
0.5728470829
-1.28535836281
-1.10991514727
-0.108748651019
-0.999118816396
-0.995871407756
1.00395539086
0.840266426687
-0.169204591823
0.911883780976
-0.226038341287
-0.90729722699
Score: 13