3
44
10
3
0.191873424061
1.39908712168
-0.460526584643
-1.11523814308
-0.322936937051
-1.63830916943
0.123298226421
0.595337328777
1.55520801815
1.35008197346
-0.776844092465
0.702072578517
-0.106553770265
-0.797671703827
-1.93928995102
-0.0691447094342
-0.320282390404
-0.0647175113808
-1.05692826365
0.633354057309
-0.239689250994
0.716153057774
0.675905232522
-1.01338578379
0.260047507457
-0.134988523875
0.581984643784
1.26769181653
0.900703649066
0.961185154252
-1.8898761463
0.299679824404
-0.58012351538
-2.00649072604
1.28227815004
-0.319364791634
0.128426494024
0.496639627547
-1.05318852968
-2.34726233713
-1.0686468061
-1.59480948987
0.044004897256
-0.0234801418895
-1.19476286572
0.335869482761
-0.889648483861
-0.895602688297
2.51904960242
-0.726957387267
0.505951805835
0.296244173834
0.472430736826
0.630381490204
-0.842408844664
-0.0673393998562
0.875248732119
0.183605583687
1.70824140251
0.516522556562
1.15249863306
-0.730043471887
0.694101672617
-1.27773732849
1.2142323305
0.394838147045
-0.0969659298357
-0.604185546875
0.347278201817
-0.673521581079
1.15197627197
-1.63876821931
-1.49025872683
-1.1810924401
-0.229577102858
2.07715298323
-0.591484464404
-0.0139994969187
0.38016421619
-0.406573839403
-0.659206176012
-0.445979108972
0.776170026553
-0.0867329539354
0.116899620431
0.247070497786
-1.039628204
0.478329912004
-1.08285924453
-1.70063435022
-0.0105682823845
-0.782576148639
-0.159722035153
1.89119030416
0.164456785745
-0.549545366629
0.434027507284
1.49671936665
-0.489083025795
-0.0599830904946
-0.460108778972
1.69891403369
-0.406302383288
-1.29336530104
-0.850127733621
0.0477967664194
-0.358188102112
-0.272276961314
0.852764724373
1.19078547578
-1.39050635226
-2.57797699072
0.425980342213
-0.97955020199
1.64449846931
0.878030875138
-1.47836479905
-0.947856966076
1.11559738223
0.165204387176
0.334074225366
-0.984379818598
-1.59287378965
1.07457382544
0.556232237074
-0.025065110083
0.594977560816
-0.684346545678
-1.0468087174
1.5328189667
1.36484832512
-1.19732105504
2.06202661769
-0.531861624757
-0.497899383915
1.44176840183
1.30887351707
-0.549264712306
-1.76260722746
1.00873116137
-0.587279343254
-0.215542063941
0.819234576135
-0.251055125006
-1.56341604554
-1.05285312645
0.893501901779
-1.730359203
0.587746757987
1.41706118193
0.814284034789
-0.569073408268
-0.931312745364
2.81001821942
-0.112595318083
0.87621864877
-1.54217291674
-2.27150973178
-1.17534989921
0.1344246313
0.810052075226
0.673968387758
-0.953597536922
-0.142903009559
0.53360612454
0.174625101314
0.940303189794
-0.93029017942
-0.30762067112
-2.19792941832
-2.0610526533
-1.28108909601
-0.391618693254
-0.0804695066807
-1.18383720842
-0.0841880866562
-1.11895178305
0.109264262203
2.1699703355
-2.59411127967
-0.652963775231
0.00521037943588
-0.350234765575
0.687339709305
-0.204076475783
1.56905061361
-0.343688717188
0.537893394165
1.39361908407
-0.547850075707
0.505674000491
-0.0854519662306
1.20615078384
-1.03697252445
-0.376757835667
1.42149827069
1.27067004221
-0.47954176207
-2.00011066987
1.23165502534
-0.948433144651
-0.00484893371208
0.0919636014688
-1.03958813415
0.265947404002
-0.535401039046
0.869760510854
1.096535373
-0.18186183649
0.502287011439
0.507277123433
-0.495099146446
0.206466708268
-1.1441990959
-1.36774961569
1.60437968382
-0.677283278109
0.760169396251
0.334032397197
-1.17118901225
0.160066120373
1.03761350371
0.428794936275
0.654887375065
0.721405996303
0.286225935042
-0.471117866489
-1.07557972073
-0.140196534263
0.642136004072
-0.879435215868
-0.409336579235
-0.424967291131
2.04795453074
1.31829659383
-0.943076482672
-0.821598198981
0.476371593989
0.271047956962
-0.411935080889
1.35674211542
-3.02234053895
0.724674422179
1.52135425607
-1.60706878816
0.536608841487
-1.03769091827
-0.316549844102
-1.75464532551
-1.06987638158
0.0896301226849
-0.259546376605
0.60085641812
0.0205109011031
0.305270698401
1.14039227222
0.444804841606
-0.518026414986
-0.590106362009
-2.13504801219
1.40268574956
-0.566992084427
0.605097822428
2.42132603727
1.25936567988
0.27238692472
-0.773981736301
0.243223602698
0.160009414057
-1.76813888542
0.11227715502
0.881213991849
-1.04292802845
0.0616443636028
-0.969372466146
0.840151693603
0.394933942489
-0.559880220418
0.884167334293
0.185230657171
1.00615905997
0.527825044141
0.220572963132
1.28858467717
0.881146776434
0.05875711123
0.315979897139
0.0199834475924
-2.02575986391
0.131516769541
0.956653594677
2.17355801045
0.74446615127
-1.45706979093
-2.36478842888
-0.483199997545
-0.606612205729
-0.415206243648
-0.576638239634
0.936168536938
-2.17018761307
1.05250547883
0.591446306068
0.858398264397
0.118077894772
0.705515232372
-0.377626453897
-1.07177505174
-0.0449234625876
1.04962051314
1.45639505066
0.913404654965
1.18376068649
-0.0218897927708
-0.0592178870357
-0.963127319726
0.107066581474
-0.410860755947
0.69330656572
1.13775423609
0.59778326177
-0.283766281747
-0.50991702992
-1.41106089993
1.19234075852
0.628651378659
0.487947365192
-0.0971149792932
1.18728698708
0.843002784837
1.24374616906
0.264502191094
-1.53028287907
-1.5150754433
-1.04285778608
-0.0256987721604
-1.32077612713
-0.42946042725
0.701019684304
-0.757288519908
0.0687639428332
1.31934324223
-0.989190852883
-0.963728749323
-0.608290385603
0.413906759384
-0.89678034187
-0.109059613532
-0.0307582451016
0.00564821060321
0.354215301607
-0.342007221454
0.637242378549
-0.405778140888
-0.284779900907
-1.3634833719
0.0782827846842
0.731142942631
-0.30162786254
0.530429677659
1.05452167072
-0.304127467267
-1.5843199945
-1.64788076393
-0.328724265205
2.15777502268
0.292427323353
0.617432500172
-0.76984685491
-0.585446866135
1.00827622563
0.724336279064
0.13704209981
0.11950824967
2.38412845622
0.215820382974
0.0339322181233
1.93701032443
2.50580254186
2.82860924445
-1.24090810493
-0.0976699782892
-1.92723770461
0.514666952104
0.255916394322
-0.5161544779
-0.170979563611
-1.18846297009
0.116978419626
-0.0846680232498
-0.55757655964
-0.89100326701
-1.42006195369
1.93502151314
0.490341875631
0.707593942082
0.580637210518
0.996789375008
-0.00698653404069
0.305209264193
-0.178426794118
1.02545752564
0.412813221707
-0.217598640411
-0.244256736986
-0.832816489352
-0.19556535043
0.553095956569
-0.206651031956
1.24597905524
-1.53875044138
1.31219629841
-0.754257054554
1.21223582382
0.234708639863
-0.55068175992
1.08372099518
0.620529681296
1.13839965014
-1.76009713844
0.599075972529
-0.874066353798
0.985287492463
-0.754828026592
0.0164314960184
-1.57155738644
-0.628592784576
0.620740446669
0.0752193562745
-0.164001989904
-1.38093081816
0.766796201772
-0.714581351197
-1.16637102222
-0.0511659979499
-0.181310875201
-0.508928825621
0.22150755094
-0.270978436411
0.067125606104
0.0565673196638
2.27487506029
-0.901825240032
0.0732190486591
-0.013433630838
0.187178812772
0.0372933168013
-1.21385034262
-0.145298348402
-1.78154996805
-1.2662206392
-2.78396623946
-0.528949198375
-0.521348947658
0.945255229796
0.0697524137739
-0.162389373458
0.692962165138
0.413965356569
0.694187135868
1.25425130091
-0.336562739218
-1.49381650558
-0.208323681642
0.282282718216
-0.1876703405
-0.108643318149
0.305086338113
-0.551436351923
-1.02163993265
-0.272585668726
0.937682236392
-1.19929230358
1.12708869724
2.42296818573
1.94992952053
0.00662124170905
-0.434111597026
-0.446243544499
-1.05939370778
0.305500866968
-0.255231484897
-1.46595992272
Score: 13