3
44
10
3
-0.071351878691
-0.917436523925
-0.764712616247
-0.68861599344
0.0879525906785
-0.139353053565
-0.705245035644
-1.64339873037
0.135203835046
-0.0956368717815
-2.20909873347
1.30096527117
-0.473187682333
0.83358655233
-0.0457583378987
-0.625438064016
-0.550048782798
0.0750994924609
0.357871022495
-0.299630161682
2.74144936752
1.35466846106
0.676492523213
-0.958021414844
-1.2191790494
-0.181185461901
0.709956266627
-1.48776761021
0.450407006913
0.173432378767
1.42793214947
1.13494588822
0.0891721066941
-1.26446511686
-0.0612930335004
-0.87067705178
0.863970297816
-2.84848645469
-0.0831532448202
0.183107917223
0.34989776181
-0.164153641295
0.649758438118
1.31693169774
-1.10089461136
0.542562227382
-0.733898424736
-0.521420618412
0.747463404324
-0.544784369458
-1.0086868771
0.761528880839
-0.224064140308
0.766570200004
0.417185007092
-0.266121112324
-0.0990350906532
0.454805530221
0.16416038458
0.485775514991
-0.020056497592
0.476275509718
-0.530291123618
-0.402272056586
-0.3868764578
0.174749769886
-1.93229319309
1.92321812202
0.481417922632
-0.0641355837612
0.066236841578
1.50141907462
-0.451101127871
-0.1895980347
0.72311333572
0.64794796279
-0.424596308941
0.969229134979
-0.599271667147
-1.7395139354
0.353571356055
-1.12447955417
1.14572327033
0.63489581369
0.554923908694
-1.41442262717
0.262940558941
-0.936955094743
0.490667255342
-0.530541389101
-2.13794526923
0.0444608359616
-1.87540458322
-0.38603142337
0.588361569617
1.94326856452
-0.0619585582627
0.465192764293
0.181963563664
-2.28468115317
-2.00810724703
0.0875213583033
-1.09722329963
0.13841039361
-0.0754954570897
-0.632536626574
0.471767633642
0.650182046638
-1.00226297422
0.23768211759
0.449863756746
-0.081548980808
0.663358305591
-0.618935221579
0.71767327322
-0.323855072094
-0.56798368784
0.0595072844469
-1.94276240868
-0.850366655033
-0.572887735663
2.6113409202
0.469862841627
-0.00220157772263
-1.42593524046
1.52888414659
1.96445388309
0.606870163773
1.52782744991
1.04036814537
0.273661467948
1.08754245101
-0.0578721179785
1.99235269368
0.157072882654
0.935986999983
1.97175870682
1.60627519313
-0.705681026049
0.538825175645
1.84293012118
0.299924832269
1.02573744947
-0.290673360834
0.258571371964
-1.8929102581
-0.240964495875
1.48900787662
-0.547127999137
-0.47954992518
-0.572133572456
0.451309818967
1.01193542843
-0.0685737943334
0.724679117282
0.591300891274
0.347163251963
0.910575211308
0.878641483873
0.330085592425
1.37834655585
1.56563958686
0.676165126655
0.662791538433
-0.350524103412
1.01934013672
0.240152146009
-0.376951263212
0.00572136362383
-0.6886633403
-0.398862238966
-0.744113296877
0.0801887887275
0.266199634286
0.92889794872
0.438775752214
0.183664306603
0.407852941174
-0.656203014263
-0.532724807034
-0.194908362843
-1.00791776405
1.10019500367
-0.623659080544
0.466778747483
-1.35928127984
-0.45014899995
1.00343333407
1.37900442406
2.86635172809
-1.07730505333
-0.921492983701
0.601402313779
-0.163587152164
0.245729528277
0.875374477739
0.0370399379472
-0.17193113274
-0.819701334351
1.00002347853
0.532807393402
-0.72803349322
0.0423009947568
-0.9174055668
0.521928313796
-0.346311535565
-0.976546699422
1.61984861196
-1.40191422092
-1.11237952925
-0.799489677757
-0.10864918491
-1.73973902683
-2.89181313049
-0.890443411857
0.871039638215
-0.767561584026
-0.298944618744
1.1562357055
-0.596218839253
0.414243388794
-1.44058537555
0.766370358821
0.337912703656
0.35815791945
0.425648615678
-1.16664309232
0.621958119147
0.910420422811
-0.601674770222
1.6408354095
0.103997683293
0.860878078015
0.375514697337
0.95719121843
0.676768588051
1.30689739027
0.513059789168
-2.41058387425
-0.978613285422
0.119259256144
-0.277296202157
0.141981974514
-0.400529560561
-0.119923872295
0.738380390394
-2.28454841303
-0.60968573161
-0.535389817298
0.904899083673
-0.128086594184
-2.59074992874
0.854256711989
-0.714515538746
-1.2743293885
-1.90693010537
0.329595719003
0.299092447011
1.04566373147
-0.76929528775
1.51126443428
0.418630734515
-0.644659729383
0.932753386607
-1.67004427482
-0.454736286317
-1.03839576416
0.592935899634
-0.559913209085
-0.442622665743
0.450237050481
0.440711126146
0.71997626699
0.342814082784
1.01889524978
-0.45352235499
0.98371324206
-0.130915570338
-0.61966692646
0.639690325476
-0.231245715113
0.704214429431
0.394835205166
0.646678086467
-0.305851426963
0.162024796053
0.411836786649
-0.755597416435
0.188718874454
-0.746050933087
0.838750071435
-1.53651519674
-0.177877922852
-0.678070842994
0.644778400574
1.19379406166
-0.236841568384
0.00696863821774
-0.919839543488
-1.84800511928
1.00183454636
0.507926397108
-0.30998831254
-0.779266307211
-0.73985341752
1.64710684073
1.38232050161
-1.08737765411
0.669761264543
-1.57294070141
-0.42290945602
0.757351448247
-0.513884474012
-1.4331774489
-0.977487885514
2.26135854667
1.33305168357
1.8569339961
-1.18424082647
1.29066118095
-0.615705133707
0.994366117703
0.785082652514
1.08184908333
-0.455235665045
-1.47763424784
-1.36248988381
-1.39410884775
-0.0986182582209
-0.38030015425
-1.02549360707
-0.803689749893
0.152526205585
0.0149977405032
-1.08573356732
0.198142153296
-0.482237046342
-2.04875252516
0.504522238713
1.15211510739
-1.30557544078
-0.983902570049
0.0513803123771
0.099005650156
-0.540089784961
1.23027638461
0.550793845874
-0.748626730634
0.211868020316
0.927249525544
-0.446877652332
1.71278394324
0.237236895929
-0.639265066348
1.16495759345
-0.0157746959321
0.848405987105
-1.02980726873
0.623306196712
-0.108947315212
-0.0629998842939
0.0622607713292
-0.416119288517
-2.57309483543
1.36702231971
-0.692175843734
-0.311420025113
-2.1117959701
-1.96877528185
-0.108370288774
-0.401628724429
0.573387255266
0.441502996634
0.707386471738
0.700664662901
-0.22393093828
-0.347582195081
1.65000329933
1.91436776816
0.689433486908
0.551543876637
-1.39557847341
1.09153296912
-0.195618813708
-1.15857901821
0.13467701297
-0.775229604859
0.786535494043
0.313447815014
-1.30395639442
-1.05621844072
-0.918388253721
-1.35789601574
-0.80033691376
-3.07334166439
0.444517914407
-0.795617248296
0.330910432905
0.771519467814
-0.601371711383
0.484966716438
0.210432793169
-0.707466274962
-1.02114441451
-1.35359729729
-0.681005724304
-0.348451521266
-1.97001719332
-1.0597167148
0.356583723647
-1.38609793134
-0.119241478186
0.284467190297
-0.229969318239
-0.244052009933
1.22337498745
-1.02761030805
-0.00721463509293
0.480253996809
-0.332425451668
0.346968838326
-0.399153993475
0.182369258405
-3.54530321709
0.558626503038
1.79780599695
-1.88761106608
0.697197177698
-0.172904950167
-1.51482772742
1.50574896233
-0.369804346838
-0.124714172781
-0.0354391685701
1.5275312623
-0.556085926943
0.253735260314
-0.402169319393
0.473844846184
0.157399546777
-1.04597677617
0.991635073521
-1.49427070964
-0.0425072921537
0.55547186419
0.526355448024
1.17549756659
-0.90337932802
1.33576592614
-0.724978818182
1.73360164381
1.05087752944
1.71763981008
-0.118534459055
0.21689958383
0.251675417022
0.104258365895
-1.05865520913
0.889077152452
-0.681142856462
-0.0867439283979
0.34900923689
-2.56957382332
0.167908500634
0.695726245505
-0.437682216343
0.643910418452
1.43245705389
1.10643967072
0.230011810937
-1.93393939477
0.0912930171014
-0.582641570499
0.396137076065
-0.741927323469
-0.383976589359
-2.04618579471
1.2253715845
-1.35923084349
0.242375769798
-0.549591108406
-0.205624509218
-0.0238323609039
Score: 1