3
44
10
3
-2.00147707333
0.497524685652
0.0950219284936
-0.918458086697
-0.223545013106
-0.805673638153
-0.923083717336
0.699340412036
-0.107975221774
-0.296023347298
-1.74479007378
1.94076817499
-0.267039198735
-2.08096363105
-2.11457671075
1.2923782139
0.179287393714
0.243092652308
1.5770233246
0.33198867986
0.706387310775
1.46319189172
-0.587556247418
1.33188248877
-0.329837741033
-2.72916508555
0.288400722081
1.37389923987
0.543237270895
1.39112734965
-0.637816597595
-0.625743935279
1.68615433807
-1.71850314445
0.392296093029
0.30375379037
0.226048652929
-0.0130973306006
0.556349512875
1.38601926425
-0.324166470472
0.975468935564
-1.42624265484
-0.810187742054
-0.665604123435
0.166863503736
0.527281330423
1.39106305772
-0.164984541843
1.4070370837
-0.605610662793
0.728791790685
-0.00359290445307
-0.735078869859
1.17102178034
2.14551359618
-0.209474233537
0.481627809609
0.192268125696
-1.11530130876
0.3131128644
1.54587550331
-0.450951677417
0.0818229738603
-0.527778259246
1.16879166503
0.255500976512
-1.06687168154
2.13110702557
-0.50926862989
-0.0530464828311
-1.66458425411
-0.527405998234
-0.610397928102
0.291887222926
0.0164888120654
-0.674776436062
0.257449389575
-0.909788677217
1.95961129994
1.0108195009
-0.44850771186
-1.88329854921
0.620863641972
0.690431428167
-1.06915368025
-0.491491579123
-0.165070182085
-0.302591220362
1.4255996995
-0.402824662422
-0.100778926019
0.610648789081
-0.217891044487
0.074082671447
2.24499019653
-0.976974824972
0.827523550669
0.32740876443
-0.680520563949
1.56527613362
0.35910582665
0.469212072362
-1.37132602796
0.896536750082
0.883719242754
0.262469215513
-1.47865730361
2.46333421789
-1.06965798988
-0.623388381139
0.00554179031041
-1.07748354133
-1.21513892878
-0.450912201526
1.8946594341
0.454369688177
-0.405515842438
-2.05498391213
-0.663180324376
-0.212821904682
1.81324029961
0.498824829816
0.567320327202
-0.893689665505
-0.477060011152
-0.907785671239
1.10662876553
-0.820218115248
1.16222179922
-0.557971096529
0.298351565959
0.539444539378
-0.246944024182
0.0827913481794
0.426907684921
-2.06503816241
1.38654655507
-1.06702743127
0.014240589566
-0.613424101737
1.05166342623
-0.710673157702
-0.159065954099
-0.0806925084088
-1.05658295321
1.37440074308
-0.186412280139
-1.20247436375
1.20808897984
-0.539190368415
-0.314632064667
-0.937157960464
-0.565833462794
2.51064776045
-1.64158322877
0.209922012064
-2.21040972295
-1.81305263453
0.580516002826
-1.24098876151
-0.693762054663
-1.62827237965
-0.103586985134
-0.668610731259
-0.270767164777
0.271380032708
0.962068070518
-1.19087094742
-1.24603273221
-0.513808560099
0.864781663047
-0.110279551899
-1.34849627404
-0.992894975845
0.0604281507939
2.12201949884
1.0235207532
0.68088067001
-1.10533293101
0.259612928463
0.822071682409
0.645633594322
-0.192290044564
-1.41337855962
-0.246938767711
-0.360857649521
0.167300335299
-0.743615748012
-1.33223028851
0.50328547417
-0.0526956697041
-0.0510977679679
0.784925810646
0.916604913369
-0.280437827583
-0.828919594633
0.370865975447
-0.777925413201
-2.0828137753
1.43037393933
-1.20908078514
-0.562097221051
-0.370160874735
0.859544093773
-0.0439559664301
0.173715088416
0.990319914797
-0.802909051049
-1.00231140946
1.43509901255
0.296213024982
-2.3086680046
0.31428743577
0.0604783217578
-1.19247757534
-1.17976469204
-0.247420886481
0.596280470184
-1.42557410809
0.324703409882
-0.329755716352
0.317110578444
0.456500332456
-0.78507385144
1.80682996318
-0.360250089711
-0.946242763903
-1.34822465858
-0.377723908202
0.122027213848
-2.09481807802
-0.889710337454
1.99381507008
-0.832039144395
-0.71352234401
0.0437198235539
-1.5336140917
0.554361534808
0.170579686283
0.910471460544
1.14470878737
1.19561529985
1.14569382432
-1.16950249487
-1.01388860211
-1.9931804316
-1.36811424132
-0.451099664491
1.2640207199
-0.81614148746
-0.0485898052085
0.26314889237
-0.881994448332
-0.303385800295
-0.0787089452242
0.620554757412
0.614172892741
1.13391138528
-0.232734818083
0.938055285898
0.333116983155
0.859969673921
-0.278466779965
-0.439774567848
-1.48280550943
-1.34436684286
-0.283501224756
-0.0254414526495
1.38152550501
1.37511946124
-1.38063773485
-0.671889163538
-1.37690784336
-0.813978959583
-0.98338689035
-0.250453726951
-0.923673474437
1.27111829501
0.844523174846
-0.736861453429
-1.21819640894
-0.981829751686
0.96306138476
-1.12240439933
-1.51990184161
-0.716333248313
-0.775192247419
0.274825995156
-0.488514011286
1.62629410478
-0.805858465321
-0.618159139793
-0.426416910232
-2.48872700977
-0.347013515876
-1.46731254405
0.689075913151
-0.34923580633
-1.87460150964
-0.483700849088
-0.668921249238
0.134588270576
0.161571831083
-0.569949530152
0.800800340952
-0.234193972166
-0.307057895736
-0.856212007579
-0.716785359509
0.363936500281
0.13771091818
1.78236237732
0.329343098507
0.564473363997
-0.43647416298
-0.17192435187
-0.526252269557
-0.834531818818
-0.107101800795
0.580983225673
0.0596158117792
0.61582100598
0.604367023798
-2.06534961476
-1.76655890117
-1.68410003913
0.974119171847
0.445992249874
-0.345594526388
0.86457787523
0.347297628074
1.5001528649
0.311720369663
-0.618947958163
-0.293709317853
1.01892767718
0.43168864626
-0.511171740891
0.87076937904
-0.203910102438
-0.893793895645
0.430108709874
-1.19664768507
1.34451479728
-0.491401756888
0.426801618061
-0.0375216200539
0.726341664328
0.64712530616
0.203641609919
0.511374246419
-0.43313440927
-1.38678488534
-1.10898494875
-1.26564539517
0.0596421236109
-1.00055081041
0.347693969261
0.0357278983824
-0.480263438401
-0.312271295242
0.50232366157
-1.80237201743
0.333206988857
0.921254737588
-1.29779408457
-1.86589234417
-0.280991411126
-1.12154993241
1.10664405377
-0.964460722858
0.72548235186
-0.227747028357
-1.42972483963
1.45858613795
-1.52416665568
0.22404210982
-0.0525211995379
0.32144829083
0.31158543178
-1.6297993721
0.15657903467
-0.732513212739
-0.633977179158
-0.715463373565
0.595045311326
-0.637145492735
1.13470182085
-0.831771774573
0.00908501197847
-0.884043267105
-1.24116228698
0.0140644245529
-0.851035942328
0.579774826941
0.916850180903
-0.465490305153
0.867873008596
-0.556497373226
1.9064878764
1.3852186878
0.696273188919
0.505069799989
1.32010734753
0.342296643314
-0.181640049781
0.712530017292
-0.867462441001
0.391658927721
-0.31102048347
-0.14326708864
1.59955178478
1.49665621078
1.13523390216
-0.548928719868
1.04074644336
-0.435812632379
-1.56323989072
-0.767149783733
1.0664957408
-0.144608954362
-0.531027191213
-0.16333930625
0.266850961983
-0.738783145156
1.85334322535
2.19734370069
0.189838148384
0.0285006981874
-0.779536598764
0.417828192198
-1.1552065312
2.45359151092
-0.183067260754
0.0639817748246
0.688442254128
0.19944232996
2.36951539527
-0.436024464215
-0.342177214177
0.427329954853
-0.157085876184
1.27707391409
0.197348757864
-0.10913391513
-0.460561149724
1.47305504373
1.56194662008
0.261046183179
-0.629272724819
1.01205626683
-0.973868263046
-0.727922263616
-0.911294351077
-2.11467226936
0.103906858205
-0.242656124585
1.69039444943
0.33695517815
0.375841517104
1.32909738898
-1.18868236007
-2.3779946063
-0.720356647314
0.605830258263
-1.15331314946
-0.869925271642
1.13386743565
-0.706117635777
1.15934353495
0.175091012851
1.02463516284
-0.113723325839
1.18863770581
-0.697003985638
0.871133338348
0.44112457309
-0.0137126273628
-0.379354322094
1.24661685316
-0.0911073119381
-0.0333425433956
Score: 1