3
44
10
3
-0.198946038713
2.42056496532
0.383035711956
-0.7202296678
-0.19447574538
-0.113704611713
1.50295158408
-0.61352622966
0.492560366521
0.932018215471
0.133902914112
0.739306157754
0.513601251381
-0.396203230614
-0.0465775529212
-0.687690596725
0.312802663709
-1.10064601154
0.798820926063
1.5114987454
1.48336737274
-0.179284575143
0.17343966361
1.33202003261
2.17891801448
0.243254522231
-1.59479713325
-0.741394359987
-2.85840016991
0.683588176169
-0.59649442898
0.60142213859
-0.302880955891
-1.31985613362
-0.0312539463158
-0.0236992399343
-0.882508784795
0.274760799164
-0.263005612315
-0.935172575359
0.184779433757
0.427961451731
-1.30521379084
0.619857154689
0.661960522102
0.597117280564
1.22553660197
-0.884718284998
0.168605295823
-0.253694784792
0.637695534057
-0.617921754502
1.64318903699
-1.37799053801
-0.547411444883
1.23438451718
0.248190429619
-2.20811666334
-0.552005916025
-0.0520022999316
0.283222031528
0.387212063853
0.721073175003
0.147234106474
1.38494783783
-0.427333939905
-0.0718452032502
1.20742045806
-0.990650290683
0.356551039344
-0.381035664462
0.0531977389627
1.49199282856
-1.31589268065
-0.429140757377
0.35368984413
-0.278499813088
0.892555835987
0.786402299102
0.804233760202
1.29701679184
-1.40567839062
-0.264509129455
0.297321278904
0.363993630679
-0.324451135827
0.415126629957
1.20653546469
-1.48954192512
-1.92480287313
-0.681382211542
-1.31946196002
-0.570811691854
0.932298154611
-1.40743570892
2.3635016897
0.103908711598
-0.45467055035
-1.32795482428
1.00978746454
-1.16466876331
-1.42423000602
0.202116817422
1.66700659587
-1.40651603673
-1.65505848044
-0.16243631455
0.765287674655
-0.961055980085
-0.0353286467735
-1.75330362532
1.56758265758
-0.260001725578
0.209680402856
0.21014386822
-0.56954579112
1.56956308578
0.800615891435
0.828442042896
0.69495078739
0.136047631807
0.145803423366
0.51421039462
1.13273244246
1.43638768529
0.255621033966
2.20010021463
0.205302729268
0.285128203247
-0.856809803826
0.493077829103
-0.611017922929
-1.71711096705
0.579552854957
-0.137563788047
-0.413766942794
0.167251020681
-1.01175863777
-0.942384842001
1.41103899467
-0.618892578802
-0.158562268286
-0.588554075231
0.840066039169
2.08688623821
1.29249184309
-0.202566976137
-1.16838842363
0.226235056482
-1.99919497757
1.25892487365
0.591268555013
0.861698639105
0.926913445767
-0.265596291381
-0.0875862870036
1.01126201635
-1.00844521783
2.55107460477
1.5101577342
0.414850561035
0.0684305221243
-0.764209035366
-0.860963615161
-0.979794661846
-0.441688339936
2.06641222381
0.0250284247135
-1.29688164718
0.242213193874
-2.46430023964
-1.8452817272
0.869646623475
0.60746673582
-1.16592714385
0.574889845268
-1.08988727129
-1.49671533716
0.305673996907
-1.24438762591
-0.763326821975
2.85997931462
0.535983612671
0.547022162089
-0.434695976459
-0.415909800461
-0.290761730408
-1.43176335592
-0.97174500913
0.50787592852
-1.42515791535
0.849526393025
-0.743350513945
1.87688605839
0.292356827263
1.1473462696
-0.0344088566115
0.461916876809
1.36934425291
-0.834514759163
-0.0205010781444
1.75446930338
-1.6589881687
1.63150454955
-0.678617923887
0.873271882694
-0.446922068052
0.37694969073
1.98186837607
-0.234263297334
1.50860573057
-0.300115008052
-1.35294281811
-0.101296379444
0.772696571015
0.133580453896
1.62462682304
0.387124835763
-0.755635847442
0.289232184743
-0.0355445129636
-0.0186767427273
1.00037115132
-1.17540767053
-1.28321575651
1.66876735631
-0.757993771937
-0.0148018314909
2.30416766096
-1.14646252976
-0.570713807994
-0.121963014474
0.267600115138
-0.300442177087
0.0687704657771
0.67844140268
-1.0341350785
0.849358396248
-0.055895459723
-0.51608716648
1.05409133728
-0.345786273275
0.382169393412
-2.37643101389
0.866993890068
0.30719161105
-1.59316035164
-0.639254890978
-1.48576605577
2.02092706244
-0.00639561600051
-1.5054130499
-0.570910615996
1.74496463057
-1.85614354226
-0.0407940423416
1.04129268077
0.70351852186
-0.225127152601
-0.647348459558
0.318436078935
0.162240236455
0.0702890865511
-0.751509293884
1.60368525802
0.934892838179
0.0466544684455
-0.972089085048
1.29560101795
1.2940264478
0.24118038872
-0.0641919586372
0.633612372124
-1.95035904564
0.252583485336
1.52488366799
1.24761890412
-0.124077698933
-1.70846153068
0.752781182112
0.0915698283588
-0.899520710058
0.631054396717
1.28315042425
0.519270572079
0.988632664903
-0.391589458106
0.782992622851
0.701718792684
-0.585185443013
1.17800037583
0.0992378599822
-1.51514436208
1.76562334173
-1.12890834737
1.23666999449
1.43604474818
0.984335010391
-0.130303455763
1.06801012668
1.06674356181
0.362735601487
0.138337623481
0.0262282273439
-0.637823339637
0.902096322345
-0.727396601344
0.0375194902672
-0.0322934229344
0.858843445863
0.942344238376
-1.67981207919
-0.700830610632
0.83021554555
0.630668467902
-1.66959989917
0.41479451802
-0.936156886256
-0.193935092934
0.125349486042
1.03873491473
-0.21976277586
0.639962530471
0.661048342969
-0.488811844429
-0.0757723636567
-0.109457874558
0.0324234852317
0.433636947422
-0.791382008802
-0.411652278008
0.706225568619
0.63712785261
-1.19294192033
0.316488409983
0.264040306956
-0.677040497676
1.61707333924
1.70523541875
0.899668161374
-0.514463282199
1.33885267577
-0.165068725273
-0.857446974293
0.643580080839
-0.248340196577
-0.0801602550643
1.71194852899
-0.913096953722
-0.574323717558
-1.17936089575
0.178793826622
0.790507337563
2.97487179439
1.12319941742
1.44550115473
-0.701596285499
0.0596326039408
-0.429406813686
-0.176581685423
0.748261292177
0.0558496555571
1.15845287473
-0.0163743344531
0.965769131765
0.858209688782
-1.2910071864
0.509868483969
-0.130359058991
1.33644731276
0.569870187179
0.76662401187
0.823735805085
-0.312347344182
0.68207080756
0.288837645641
0.937470271549
-1.21940626584
-0.361971277292
-0.703215649556
-1.26705664919
0.512046867759
1.46972003668
-0.345421271907
-1.04373835901
-1.4771339349
-0.138375011732
0.837077477138
-1.79899083204
-0.0202311376476
-1.0421140569
0.8309000802
-0.366459297254
-0.563096472944
-2.07450785588
0.311733988752
0.75012741678
-0.174957787608
-0.969016921964
-1.44988886239
0.653801991741
1.18495569697
-1.5888592091
0.421781078734
0.243699737287
1.51368879192
0.00693549288408
-0.104575272242
0.541925315935
-1.32549074642
0.0412578839167
0.171789065203
0.614864591648
-0.770861972425
-1.89176947383
0.021875888216
1.68127125105
-0.363738598323
0.5829052784
-0.590328147296
1.01803468689
0.962445557722
1.42007537577
-1.19899517172
0.192681527665
-0.360200744753
-0.212396375127
1.48394516248
0.711610562088
-1.29680034344
2.28119190643
0.715065886664
0.335024680922
0.587227250651
-0.441511282958
2.09112302362
-1.75843482381
-0.617025081921
-2.81641539567
-1.9062011709
-1.76790394621
-0.867269180921
-2.47287924094
-0.153474663848
0.00573013354293
-1.38628690385
-0.294602054955
-0.295171473192
0.35779262931
-0.177128312744
2.28405969273
-1.52589927053
-0.678196122578
-1.23226878588
0.490852408279
-1.244655302
0.806979927274
0.264708898354
1.20330417059
0.186927905297
-2.22356250421
0.088317066901
-0.889329784436
1.68253100412
0.106128942182
1.04295881191
-1.13777393074
0.692097465276
-0.616689758102
0.370160494115
-1.36703394953
0.41254501296
0.583235298363
0.416902545046
1.64843227065
-0.175097855816
0.835826790136
-1.33547395112
-1.07924234062
0.642613578759
0.024882292098
-2.33614810278
0.0608085611067
Score: 10