3
44
10
3
0.494029549692
-0.77578323123
0.783095472488
-0.198303235583
-1.39115378102
-0.52241938191
-2.135294818
1.71686263242
-0.616676370093
-0.570341347986
0.751761201217
-0.0922615180026
0.656318169271
-1.01639630371
-0.311924597466
-0.474058552133
-0.235538265969
0.396446748321
-1.57254658644
-1.13929003231
-1.50919155631
-0.62366197682
0.048185869105
0.143016310003
0.155019197345
-0.314727296604
-1.59180070614
0.614000926995
0.129398624558
-0.541648184527
0.204729310733
-0.917412988734
0.999772338664
-0.54158189375
-0.38487229346
0.0120266170812
1.18805577142
-0.360980646489
-1.40940078838
0.111879933386
0.0665687483959
0.0990637280094
0.012133857436
0.189874526658
-0.344288412333
1.52255607346
0.590162042075
-0.589626161087
-2.06513528157
-0.478026896542
0.0152807841187
-0.145361787952
-0.148806384831
0.89168665365
-0.804036519135
-1.1407692985
0.376396433324
0.234118311764
-0.75998844938
0.897613630619
-0.449689809696
0.147768939305
-0.211418458927
-1.19287966693
-0.387700412272
0.838604532612
-0.137290026624
1.03156206082
-1.40998116686
-1.5720510044
1.31847623467
-0.134158067031
0.818346857659
1.34688833601
-0.68338954883
-0.598510719767
1.15333487238
-0.646808017195
0.834834320287
-0.206891079934
-0.346008699606
0.305941616782
1.02241955465
0.799264193372
-1.02000666198
-0.266593162891
0.831760240105
0.927310861674
-0.582674617194
1.90318223463
0.393338962672
-0.745313410888
-1.56033428689
2.31514041983
-0.669486175008
-0.507360129055
0.331404709998
0.0481764497126
-0.736708318363
1.20884426024
0.980813477158
-0.109468931769
-0.20833064771
-1.3161500977
0.0598559674202
-0.406796350881
0.0616703327711
1.02513835909
-1.05889832288
0.461791851645
0.422491496176
1.71083171799
0.945669152733
-0.5653702462
-0.223033332005
1.064597404
-0.784322847259
-0.149819409656
-0.526665047854
-1.20824249235
-0.265661743867
0.0755721290953
2.39221514035
-1.46515277304
-0.966193813486
-0.791817948156
-0.0695750783585
1.57891267892
-1.0885211056
-0.00496164276612
0.00631272037596
-0.0589595333681
0.859736005551
-0.0359918409663
1.32967653559
1.34653451168
1.3916665119
1.86450628569
1.06872306022
-0.212805498971
0.998382935563
-1.76111142757
-0.518133592758
0.663324936599
0.322126249898
1.13391538703
-0.490312114603
-0.590287299174
-0.674952378734
-0.0854804377643
-0.344526145503
-1.40976012628
1.49202853318
0.835304132154
3.02497591461
0.00119941158371
1.91799750578
-0.549815188942
-1.66314846842
-0.0384977766235
0.346146842597
-1.17859940039
-1.53790794252
-0.723084352721
0.530560154133
-0.573017010438
0.504364871883
1.44342482406
1.49885746851
0.616660465307
-0.475903262922
0.136983432994
1.53301300585
0.390805135727
0.410098152492
-1.22902824041
0.0180198756244
-0.96129817166
-2.40721801703
-0.565423283814
-0.0326646035628
-1.44638174056
-0.941649023228
0.236086446956
-0.439865360886
-0.330887851869
-1.32450334435
-0.216407792054
1.78744669663
0.144613098583
0.289992567659
-2.76840248295
-1.6940702093
-0.253860495101
0.995486438085
-0.395407865717
0.938947802438
-0.83539948711
1.03565841132
0.4708798781
-2.78483024951
-1.44860236194
0.585536505892
0.296944970876
-0.678471602246
-0.97043150772
-1.29782647826
0.759487405981
0.614446898729
-0.775293215953
-0.378857464125
-0.322098655563
1.75485645624
-1.36456917356
1.29050393738
-2.91808090958
0.787436761696
-0.462408266405
-0.547499773581
0.601996656688
0.360407082819
0.412684258908
0.101716510931
-0.30755987912
-1.29080649288
2.92915710935
-0.271872706751
0.833546045967
1.8042243241
-0.653198916991
0.261989125477
1.09475818242
-0.249336750977
-0.304618714009
1.02710226614
-1.38524670805
-1.6320523588
0.623114883184
0.187889232039
0.710087246759
1.14659703304
1.14841403301
1.71871070269
1.29733325999
0.572763305436
-0.134782371068
-0.417340912921
0.856274082958
0.375419640187
-0.442870414683
1.32400258367
1.1845891914
-0.774055291558
-0.0340975184612
-0.362399298039
-0.564520349296
-1.11733300253
1.1192457313
0.0774789064477
0.10022323547
1.74934496352
-0.734608998873
0.39498658111
0.861659578358
-1.53516915122
0.944964776242
-0.578300241534
0.77098499326
-1.15041207512
2.53648691863
0.872949099151
2.53625090951
-1.02543256031
-0.162333848992
0.473369803377
0.530401604818
1.84194901025
-0.995104106816
-0.532747982572
1.05357132487
0.67185396872
-1.88519540212
-0.135961347596
1.82686545776
-0.625855079905
-0.0646142046921
0.696822256552
-0.589851785244
-1.31597402747
-0.456451475894
0.351596783076
1.60268840372
-0.0702342032526
0.452899857264
-0.103398431492
0.633056578609
-1.30557838257
-1.29193836935
1.06813300577
-0.959430134015
-0.155329756422
-0.0744000561957
0.238933075161
-1.38824659569
0.810841045723
-0.667500553299
2.1757425982
0.993367508634
0.0532021067371
0.214548956282
1.14308357927
0.620718247184
0.095847281125
-0.689927149586
-0.348711813295
-0.066715467136
1.79833959996
0.519834845482
0.827921378608
-1.39608689686
-1.0016534204
0.143031613819
1.46131531315
-0.168589915762
0.0125120501364
-0.305757965852
-0.966191026019
-1.66641003828
3.19737676009
-1.30699745447
-0.666801017676
-0.542955578476
0.233585156064
-1.87391110531
1.58941101986
-0.336281204872
-0.99902198394
-0.536112742191
-0.366112691904
0.0859976317448
1.28953724629
-0.915592255052
-1.52329994945
-0.206952841789
0.898822079609
-0.119694157673
0.408995664381
-0.832134570699
0.130098159951
-0.957542745205
-0.337768072228
1.27058358675
-0.693645557873
-0.455843262927
0.181087605429
0.404016925887
1.98797425379
-0.359756150392
-0.265828169892
1.86950592059
0.655424335389
-0.0507442163059
2.76064729037
-0.48273513926
0.362294237667
-0.581667714325
0.219630859761
-0.2397592655
0.666401432199
0.0489652565354
-0.444677270589
1.73901280446
-1.62303911845
0.58612498704
-0.00190858778902
-1.54117601196
-0.51492701036
1.1651850053
0.909387775083
0.984618697661
0.901433797577
-0.327264695072
-1.12590397817
-0.69521872182
-0.579526756207
1.45190227662
0.143461747555
0.917060543521
-1.06640950452
0.0782986543625
-2.00701731555
2.05301332983
-0.488990987808
0.766107605767
-0.528348494824
0.836091067302
-0.435888140461
-0.196383448356
-0.545391620184
-0.258572867529
2.16589033293
0.754087271145
-1.46433621756
0.332998853914
0.682918110616
-0.0926819844806
0.932894630671
0.298320779928
-1.20161347642
-0.667877912083
-0.254629586652
1.96561728506
1.05014286259
-0.998948738107
0.285710046146
-0.610071544265
0.3204439514
-0.180465799862
0.711905909663
-1.49855440656
-0.660925347955
1.12769938001
0.958807430095
0.49295111537
0.754032696393
-0.136478267342
-0.28347724115
0.233006103265
-0.907454974327
0.905426976686
1.44172994488
0.612533164717
-0.474017317013
-1.2970985849
-0.494383246204
0.229593242351
0.921509260275
-1.01216434141
0.500715209166
-1.6256633297
0.660080577272
-2.88598378345
0.325915379245
0.107137475821
0.68114070537
-0.446679591723
0.239334029849
-0.0899342636649
-0.199355861546
-0.575530776598
1.2355066227
0.365662615869
-1.96470241317
0.949393108606
0.742050596921
0.784727983372
0.505022503
0.11791647317
-0.2096242159
-1.35263063483
-1.88638605278
0.621697887392
-0.789700619932
-0.465346350566
0.571218007606
0.801131147147
2.40987210941
-0.828199101518
-0.130684664689
0.0973334858515
-0.991393733419
0.134135306298
-0.505613072475
0.00977820308964
-0.0070566699348
-0.45081037755
1.79826829452
-0.729216881597
2.24701619396
0.070857835974
-2.42897520856
-1.80517687004
-1.04032163716
Score: 1