3
44
10
3
-2.2893901724
0.456831060491
1.4797934584
-0.384597474947
1.20497371259
0.148246435454
-0.969560542137
-1.18234790495
-0.383740163468
0.0511946964382
0.196063144634
1.57710678033
1.04634164325
0.641553951243
-0.173586888566
1.35765195607
-0.745804748569
0.905491387562
-0.0424371443405
-1.34113755949
-0.474018480823
0.0541737792207
0.116781774349
-1.28682937673
-1.73348471804
1.55530514137
0.350927110398
-0.55267844102
-2.77018587738
-0.767129002001
0.395742101222
-2.17355794282
-1.26328086108
-1.81404763308
0.37346504787
0.370989507175
3.37376319697
0.531500130443
-0.504129886427
0.00523445992148
0.0791530142497
0.072181126521
-0.575422596334
-0.0882542023216
-0.598022420607
1.23017577438
-0.310339170259
-0.0938404266883
-0.40650926346
1.52989524647
0.48533444774
1.50432337425
0.152723148899
1.18074570221
-1.46358581774
-0.201032045205
-0.442705235413
-1.06038423468
-0.932067182091
-0.250586208077
-1.47118540404
-1.85454799459
0.395908406494
1.34406021286
0.786316318186
-0.339822478111
-0.587721235074
0.625794162158
0.941532812266
0.434767981684
0.24810297772
0.178380484117
2.13242353541
1.27646495724
-1.15212425183
0.0665850459754
-0.2234269589
1.20968098536
0.595820655789
-1.60549287798
-0.941833530017
1.04184766884
-0.313612819846
0.956351984278
-1.8065123592
-0.466013997277
-0.420700000777
-0.184463123639
1.39108993473
1.19082371488
-0.0302093129216
0.0774899515032
-0.902354943488
-0.519450402255
2.59345597477
0.87517574153
0.842332839326
-2.20917257744
1.84607434743
0.797858262562
0.990954675725
-0.172436750536
-0.0658803429027
0.227122196703
0.0184430822977
-0.422503223903
-0.0216405997656
0.00284185464115
-0.986696123207
-0.608849376977
0.0405091786292
0.558640115665
-0.0752119581055
0.0665301744052
-0.382327746257
-0.687873821931
-0.233507021639
0.520111939053
1.36837543742
2.77033159708
0.834342762248
1.14360752968
0.533740208076
0.0754960281892
0.0926662084917
-0.660187559643
0.696035044595
0.57425147647
-1.9996429577
0.43405708653
-0.536873047987
1.96684830221
-0.536204696993
-0.636887641493
1.28305415921
0.913395190418
0.347277079016
-0.413505435567
-1.07705767297
-0.452092614321
0.246212742187
1.0101412149
1.41183873088
-0.885477429836
-1.28075316788
-0.870118618842
1.96158158375
0.528293053266
-0.32709863578
0.83570687925
0.303532037995
-0.483230488483
-0.148135515385
1.15138882443
0.00694591316852
1.22676906705
-1.81183473297
-0.5741449857
-0.0784574770473
0.687376203617
-2.25035906323
1.43511908877
-0.108995340747
0.601865936945
0.578802761865
-2.14860217053
-0.325692294606
0.6926180486
0.874358251606
0.293407618327
1.3628789277
-0.499260153534
1.10283321873
-0.833481661368
2.45464133286
1.05132957453
-0.109414847546
1.38469191263
0.39560611526
-0.966885764732
0.839266168312
-0.35923756714
-1.18050614687
0.833923029477
1.08651236061
1.18060188369
-1.05679761552
0.202885922192
-0.056728413114
0.428359284212
-1.86698786768
-0.959074905219
-0.15285573055
-0.337335739852
-0.297172179261
1.49766404197
1.74479478635
-0.987283549307
-1.34127808901
0.381151042009
0.365348458084
0.722280072642
-0.451760227785
1.05505115953
0.450777335781
0.070132254313
-0.881805984751
-0.691256683423
0.551880958491
0.998869503663
-0.164041487943
-0.460145514151
0.597613894165
-1.42011671348
0.459461538356
0.184303058638
-1.06372736585
-1.33966849676
-0.917668099909
0.819981435444
0.501478881843
0.372366755269
-1.47017574599
-0.350360563044
0.29763878735
-0.429462749483
-0.262754201998
-1.11465853132
0.796354343686
-1.01639771504
0.244892140565
-0.419928203118
-0.355415279119
0.573249717907
-0.509793651889
-0.932965992379
-0.0490930079202
0.673537536187
-1.39191178739
-1.57478517124
-0.781547267042
-0.746692994248
-1.17448185762
0.634438095387
-1.26433821701
-0.276001319613
-0.441222883079
1.05653885329
0.916032456086
0.707398063828
0.469015074744
1.11499149901
1.33220713899
-0.442582962411
0.0979986651005
-0.594813316725
-0.0369634902978
1.1179494433
1.25231581686
-1.30854388787
-1.73559404389
0.568829215861
-0.244830563435
-0.484349634442
1.52201449108
-1.10990311557
1.69871074427
0.0390885492943
-1.1974245323
1.40610125824
-0.936227040995
-0.0773912302917
0.255903977028
1.21390426353
2.50828957837
1.17421094426
1.89663485337
0.185143243033
-0.238669351893
0.227111195484
1.22417000734
0.190238722028
0.691444384903
-0.0094470171488
-0.459906365169
-1.19818922963
0.890452385032
0.996713828799
0.207409282801
0.798601187326
0.840770100516
-0.374006343026
1.7985791645
2.1621689971
-1.98583537442
1.07863851762
0.103138806368
0.17042552793
-0.762247357012
-1.69540883866
0.228670389466
2.37872509247
1.05416008599
-0.421259959404
0.486647104644
-0.50568645372
1.47221222193
-0.38686670693
1.69379523272
-0.281839159377
-0.0193603575396
0.919053272494
-0.130732679879
0.567511266022
0.068577253541
-1.15624604169
-0.0279262951337
-0.0782065369559
0.762837458616
-0.941664205854
0.631905460237
-0.414657699128
-1.73458225587
0.653713779521
0.636144345626
2.35699437727
0.21266120472
0.947303467623
-0.342036619935
-0.481409348403
0.207220787535
-0.733890617093
0.539901188108
-0.320866191148
0.117496567471
-0.923680758043
1.04301906574
0.457990834211
-0.136038128599
-1.39512863565
-0.00361539945472
0.215627488746
-0.377388055588
0.991516246863
-0.451883285411
0.49700054895
-0.20996436787
-0.333163677517
1.33645260533
-0.391218668921
0.429759877373
-0.41665325852
0.472460212853
-1.25645672069
1.08559607999
0.29681372958
-0.0940326012392
0.484208449834
0.187891186979
0.588759616505
-0.244987075139
-0.243506569458
2.30320410526
-0.321710294683
-1.33878658165
0.953351549648
0.371482706026
-0.589691616706
0.729416363517
0.311777001797
-0.267728776013
0.604906214484
-0.588303620241
-2.05921015603
-0.49151069888
0.0378359409697
-1.04960177769
0.087908907088
0.0215957822116
-1.14248224534
0.323398292409
-0.712293415944
0.44048361001
-0.884639055335
0.312613514023
0.641458960391
-0.781275441549
-0.918779612608
0.497725358751
0.964977585409
-0.502127708789
-1.49166961735
-0.0518773203219
-1.08845278736
-0.91635704668
2.04830675115
0.375175031827
-0.249304450765
-0.964649436035
-1.26061580878
-0.16846799174
-0.208376783109
-0.860607675324
-0.237287066493
0.684956754595
0.340692344179
0.788472426782
-1.67929337611
1.7111565333
0.129519310257
-1.28860171
-0.411162662673
0.064537570203
0.269411974667
-0.381565398183
-1.97864393181
-0.326597645053
0.341062547915
-0.638466020682
1.34702340251
0.440071730411
-0.201801621245
0.421795685582
0.708139948997
-1.24913088386
1.34511575641
-0.0553943870326
-1.00533815507
0.865915816426
0.70282007824
0.854948533606
-0.32202304877
-2.22697593467
-0.549990094144
-1.10051999538
-1.28479970603
-1.56337347754
-0.952440634089
0.717955648739
-2.7512127093
0.323822802987
-0.694316107555
0.560930655635
1.32257137394
1.88125067837
-1.34464934054
0.382280616037
-0.16904476141
-0.673395112138
2.54834838158
1.72089479541
-0.197603889251
-0.203672599517
0.921875877579
0.135409909494
3.13400235527
0.616325438206
-0.808821587843
-0.164274332626
0.770132319895
1.13432141603
0.987224678957
-1.65201885641
-1.31134080376
-1.7197898774
1.01648874428
-0.419310842717
2.02230442784
0.0208474818219
-0.732504157177
-0.570297313674
-1.13070841426
0.77043537531
-0.59744147869
-0.302170081337
0.217174106767
1.27552678661
-0.163720854046
0.0277446020287
-0.357615584982
2.05356577566
2.18879623452
-0.10251909457
Score: 1