3
44
10
3
0.142555555706
1.59061363471
-0.573679803732
-1.1219435038
-0.430080277713
-1.67859776021
0.0214527964844
0.61221266614
1.54360394619
1.43380193156
-0.721732347567
0.817688974525
-0.159768673332
-0.864938954934
-1.80968041233
0.134279987388
-0.361450199445
-0.0659111168845
-1.25184830082
0.812837707251
-0.316380563449
0.904887105351
0.806244040325
-0.97758270844
0.356558905023
-0.155485636983
0.439494193653
1.28298751347
0.831864363126
1.00274148307
-1.52481945295
0.438645687974
-0.586930285548
-1.94099651624
1.25950075048
-0.236140071753
0.179593865463
0.706503648366
-1.37966911213
-2.38614310107
-0.966927049742
-1.42506635468
0.217101279898
-0.00460343645749
-1.42122772331
0.473250833227
-0.862512013578
-0.666846172341
2.60819881598
-0.863091672941
0.671737193535
0.330058447791
0.495463085925
0.685243296514
-0.684880575979
-0.0535493354431
1.0514882178
0.214822714918
1.60643287331
0.331856050012
1.04126884638
-0.969319009035
0.740520339853
-0.982052888117
1.14074502544
0.442343701155
-0.143137417412
-0.692753118673
0.217257603162
-0.412815648127
1.12437922562
-1.60490361219
-1.28378414552
-1.23987358055
-0.352635107799
2.17232906309
-0.688632196074
0.118172465077
0.339994020046
-0.357719750596
-0.533342496323
-0.427454842905
0.73303272067
-0.10813863256
0.231245139204
0.424828682191
-0.76766981345
0.648640818476
-1.20724256609
-1.65938145146
0.0531590360796
-0.769509738344
-0.0243271954512
1.91430095805
0.300606382247
-0.771479571609
0.488756502174
1.76133679708
-0.385438824177
-0.225684907845
-0.484629195264
1.60216423068
-0.266247992149
-1.33656642091
-0.868673254267
-0.162189554368
-0.0983444152099
-0.158382435485
0.845402607026
1.14422804895
-1.42015895979
-2.7864509024
0.498322254416
-1.06318245273
1.63019951281
0.882115287683
-1.70634040626
-0.925691204439
0.978224250366
-0.176697024808
0.513661217671
-0.881728467044
-1.39030715957
1.12979508368
0.251997347417
-0.282567192221
0.60929870446
-0.66812139715
-0.906320048416
1.28518306226
1.63308663791
-1.28823962735
2.01269850727
-0.77489981562
-0.356349980154
1.36310821533
1.47002020778
-0.569013901071
-1.57402007248
1.29332945467
-0.927418769743
-0.204603600623
0.779252261181
-0.160301295798
-1.5205298405
-1.02174141177
0.846716738518
-1.88705774228
0.509478621589
1.68447020212
0.728776717687
-0.355393271464
-0.816768493987
2.82278981935
-0.254164834844
0.899002821875
-1.61048377882
-2.33918508422
-1.41876087511
0.316721074618
0.807809089304
0.663598586077
-1.19967994986
-0.200238365938
0.541456501152
0.354074960411
0.685800968615
-0.839782019395
-0.439689687538
-2.19902597653
-1.90117313571
-0.973736411155
-0.349012552006
0.0311658394323
-1.16126720687
0.0620055954735
-1.18304002948
0.16826050312
1.85485100397
-2.7518623548
-0.557912153968
-0.0409000865236
-0.241405399014
0.769733024547
-0.110635279375
1.42941078519
-0.279381616821
0.55411606763
1.46436989904
-0.838418609918
0.639819992727
0.119232968002
1.23555880283
-0.944335376709
-0.341075211903
1.47745758653
1.37440665983
-0.566568847965
-2.10091940927
1.23737772082
-1.09024812457
-0.224197465777
-0.0538600816167
-0.867602640451
0.274820980795
-0.612590037344
0.618337287137
1.17936784877
-0.0450328592246
0.595860365143
0.450029965392
-0.438467694553
0.311557617566
-0.840248300586
-1.41807348732
1.74472023643
-0.744512214632
0.844673587548
0.320340382746
-1.1685333877
-0.0284398405442
0.944908768938
0.504164910381
0.743399247859
0.598210589383
0.300663300894
-0.509324088115
-0.989938976589
0.0702592107619
0.402933115605
-0.747319206499
-0.459897672709
-0.39620548334
2.16005109356
1.53589622208
-1.04364130955
-0.868886418855
0.341814911479
0.0793120993358
-0.492281022534
1.4670733844
-3.2031043508
0.721696788582
1.44559301617
-1.76080999167
0.487100176909
-1.14428214191
-0.295461530667
-1.83323598008
-1.21459698875
0.134026491958
-0.548766647444
0.635227508325
-0.11750573831
0.492298884806
1.04211827328
0.52834129487
-0.570909006733
-0.861869877601
-2.23654084155
1.37024069457
-0.402552482638
0.483164266609
2.3323010674
1.26954741946
0.354381248889
-0.386403508453
0.231711429694
0.0343163803763
-1.44459303633
-0.0815321358114
0.957283784327
-0.757285032428
0.0957709261862
-0.850104914531
1.02376506584
0.252556966501
-0.557763159472
0.929616295992
0.334656864022
1.22047566833
0.644287598891
0.181013550042
1.33009287978
1.08165254811
0.171735511786
0.293215829539
-0.0248280988386
-2.08883228572
0.246313731586
0.887018739922
2.29650350507
0.705146215401
-1.2815734739
-2.22017286273
-0.574419905316
-0.708109381131
-0.245833453485
-0.552730384807
1.00696812442
-2.05556446997
1.0829707456
0.625750881061
0.838158662268
0.165680431825
0.491306925339
-0.25536361507
-1.23076799324
0.295551929991
0.961433665621
1.48999345008
1.09856857824
1.27525532646
-0.243396585648
0.0629299921607
-1.10946108763
0.053718044435
-0.432318647393
0.836101481721
1.24593567788
0.619922685543
-0.292083211056
-0.240113759188
-1.2432823303
1.04543357628
0.540317950725
0.522901717646
-0.175004060836
1.23051224414
0.963139982856
1.36409180952
0.190582350538
-1.31411254324
-1.56387929793
-1.35222690476
-0.00287255275716
-1.25152414673
-0.455627876443
0.903092234563
-0.827546221764
-0.0623702220384
1.17328181191
-0.777625901135
-0.908765247598
-0.620133551142
0.14650415212
-0.747680709766
-0.00132648010068
-0.122101880727
0.19879033607
0.56726894605
-0.603769944337
0.526497145754
-0.490164080613
-0.113263035879
-1.50402587514
-0.0682271894832
0.780789717738
-0.503406289677
0.665158581946
1.13380702164
-0.140142589076
-1.77650564422
-1.45424627169
-0.252987772705
2.22085528049
0.116552760849
0.696732770383
-0.670208728864
-0.742997100128
0.859426747059
0.478417414066
-0.0359404299987
0.172558558145
2.42056147281
-0.0869621245217
0.0576261929924
1.90630654147
2.68768216955
2.81764744974
-1.09170347335
-0.00651595520967
-1.97577537857
0.557940876356
0.125231231363
-0.65819760935
-0.0766988891849
-1.16211636919
-0.0555822271505
-0.351559491127
-0.308440561212
-0.661652759781
-1.23155293064
1.87581135021
0.371279864282
0.547702828339
0.700856375063
1.35413717226
0.0147811735714
0.397435239501
-0.0991728113638
0.939308705427
0.291013641702
-0.1222683079
-0.467769044875
-1.03438637643
-0.0656281687009
0.593633769572
0.0760785693597
1.37312906106
-1.44654939667
1.55005350725
-0.810413996302
1.33332187343
0.514619566569
-0.446997995564
1.2285757124
0.520284884697
1.25378426721
-1.80150413213
1.00086364314
-1.10441162205
1.08795788268
-0.611222560809
-0.365531556325
-1.64154593062
-0.68647434253
0.88655519542
0.103101995737
-0.0749485326562
-1.21522355724
0.454046400527
-0.808812696316
-1.12562701113
-0.151809698858
-0.135586531784
-0.596182171736
0.222798516347
-0.390050590008
0.185775218881
-0.285049660795
2.12616844587
-0.905828637226
0.17755378929
-0.0723242630875
0.306660586706
0.205286364675
-1.33996514759
-0.0428672523968
-1.61128259395
-0.967033100826
-2.59453988057
-0.69845802309
-0.579785376417
1.01537027388
0.257783786062
-0.0950717712085
0.535374761385
0.407142103441
0.838332616653
1.47367013848
-0.181318298368
-1.57522190585
-0.342645928968
0.151163190595
-0.100587894474
0.0314262474491
0.284346395873
-0.501881405429
-0.881210444017
-0.428219289714
0.781020765872
-1.26304741869
1.30369331511
2.5760375514
1.99713132958
-0.0376989543397
-0.612478117861
-0.258568426674
-0.999373661102
0.300564742852
-0.0864452577157
-1.67095263558
Score: 13