3
44
10
3
-2.18922173446
0.392494648075
1.56990454426
-0.441668147674
1.25696532165
0.180110802965
-0.976442624939
-1.16219012662
-0.486269402815
0.0783301170555
0.172411081564
1.5610675242
0.893464843879
0.495315703419
0.122909793348
1.23427725921
-0.924775814683
0.880643473107
-0.201930455963
-1.40328649582
-0.473745046346
0.138732776314
0.24142522434
-1.17592900049
-1.87284085095
1.59597433393
0.496231529835
-0.464147048797
-2.89540779154
-0.422036824984
0.234847577767
-1.94969571917
-1.00337480498
-2.03723227418
0.522784764987
0.269614829719
3.29086095814
0.592660891772
-0.721132322303
0.356923190952
0.0893029662297
-0.0182317741621
-0.777509940035
-0.0229494757331
-0.385636070932
1.21298535293
-0.362860113032
0.00287508871887
-0.4326783862
1.57637877731
0.493344297741
1.44963417182
0.201502361847
0.913276911578
-1.71165198587
-0.0929503453001
-0.172120503003
-1.17920609838
-1.09540218063
-0.562054566857
-1.34509871323
-1.68934395037
0.259308533988
1.1669183069
0.596784407483
-0.304285902959
-0.673044446808
0.707367205585
0.985445943685
0.446682990072
0.175918508538
0.207585172328
2.19755553421
1.32465844455
-1.12122946864
0.0660008107306
-0.192748268433
1.37237827615
0.497322356563
-1.76040286745
-0.853238658025
1.08737727541
-0.521936803679
0.812897859081
-1.74819553496
-0.432619320529
-0.255009561553
-0.0311683007617
1.59057616627
1.3179891701
-0.0126241854099
0.146919303856
-1.09184937288
-0.588468439723
2.84359910753
0.791224065238
0.921687428004
-2.00607936846
1.607954195
0.692600170214
0.798311474053
-0.215165370204
0.0996562578744
0.135981616897
-0.0343185213356
-0.435719199612
-0.165319731731
0.166504439703
-0.840416978767
-0.700929057439
-0.00802374525108
0.659051448665
-0.0238646453526
0.0252448440883
-0.363833314998
-0.647666678025
-0.241618187446
0.541242897927
1.47530527931
2.62861316299
0.699360496026
1.11521695972
0.774726287363
-0.0313046371491
0.174804014816
-0.990956319312
0.756140663596
0.760369841009
-2.03000427276
0.226768614137
-0.539390164618
2.13457921494
-0.542680458619
-0.620711761059
1.26808417927
1.12392292364
0.364605388298
-0.330520194525
-1.04212991475
-0.614094621425
0.306183812979
0.95378590042
1.23278068484
-1.00810809099
-1.39869585023
-0.958111763885
2.01385830308
0.434288902219
-0.105422924112
0.856108544009
0.394088743269
-0.450178800677
-0.310158295568
1.23625725121
-0.0815291472145
1.41255117524
-1.65674082056
-0.500117413935
-0.188654743078
0.729788704312
-2.21056063769
1.40603056495
-0.12503371243
0.681404041003
0.602368182393
-2.15586638149
-0.375639383463
0.785954661282
0.831838457166
0.368466460319
1.25494676706
-0.729737099006
0.833529639303
-0.892222341018
2.34254809328
1.00699423236
0.0427325027329
1.56663443868
0.484091783625
-0.77979509267
0.67456131376
-0.359651007729
-1.05201679682
0.936013388778
0.979968934588
1.1470624551
-0.9648285686
0.0910745930181
-0.00791947781089
0.414501800416
-1.74085234498
-0.8934744149
-0.0310413427118
-0.344521285616
-0.204774100364
1.60202945943
1.63079498099
-0.778619390364
-1.36821477155
0.0809597895828
0.447232104371
0.68817059374
-0.308648555278
1.22616410096
0.340935009908
-0.0271735440558
-0.644073731161
-0.667744659428
0.519750927852
0.8992098599
0.147209148907
-0.423222991561
0.738208400201
-1.37394021372
0.590275902567
0.552800544972
-1.13713672642
-1.45764417121
-0.777749732198
0.900565642062
0.721110529237
0.349961803672
-1.34436006952
-0.446418583724
0.430854175592
-0.517045834121
-0.339767957361
-1.2099810786
0.748142688723
-0.764784399084
0.383402194462
-0.426866470116
-0.358039839053
0.683378563325
-0.326434611542
-1.11447083161
-0.0600648551423
0.831178637724
-1.57449637261
-1.6089253799
-0.70883543517
-0.85374221863
-1.41829762853
0.858839483531
-1.48913292421
-0.0797325987621
-0.431896007894
1.28644984687
0.846473985318
0.773253003543
0.617698726785
1.06658329215
1.16648524639
-0.224968998707
0.142482549315
-0.692818040481
-0.29155983189
1.11358737498
1.21762572669
-1.4466425526
-1.72419377152
0.760307544564
-0.18808626242
-0.397370777084
1.50162361121
-1.18524498356
1.79945125718
0.114211103984
-1.02008502432
1.29057384994
-1.06918431528
-0.155980416032
0.157541895689
1.25095598435
2.39326429586
1.14624306365
1.74770551398
0.234361717212
-0.110869220447
0.141415436694
1.33833867605
0.17529841358
0.674392543771
0.107945803237
-0.237674245323
-1.01403822869
0.728054951034
0.957378608737
0.151435067309
0.768602489247
0.888463737019
-0.128040904874
1.83805875319
2.18908748988
-2.04701291403
1.11155747001
0.257451336447
-0.0897115292693
-0.748355275186
-1.79653751842
0.0842037445083
2.30451447407
0.98489011908
-0.164371149219
0.475159249376
-0.432563304124
1.42589718699
-0.436381939783
1.49598864364
-0.34025319564
-0.140767800077
0.882487053726
-0.236713178617
0.451439180954
0.160942966256
-1.23245342702
-0.0125874354663
-0.0100444160758
0.845275319638
-1.00759438455
0.68484898157
-0.467194783056
-1.9224474555
0.60675607149
0.401073439518
2.33107839391
0.193529469616
0.606982898267
-0.364375599194
-0.0130920533385
0.0478976832122
-0.687151648914
0.914544401595
-0.339933610457
0.100993531586
-0.882986689053
0.788692722981
0.368389335769
-0.220269710522
-1.61826685093
-0.178046476749
0.379359916276
-0.152286030433
0.877141634042
-0.552484791518
0.272497207905
-0.0644746083102
-0.36981741555
1.33738051113
-0.396837714636
0.216560108459
-0.424078487637
0.331306928021
-1.27115471931
0.984537350055
0.338835431524
-0.220539617646
0.524525406019
0.124246733086
0.421301304092
-0.270047948648
-0.284343307373
2.40027052526
-0.478330273577
-1.52066804813
1.11584083511
0.433275300482
-0.685884101919
0.673632120281
0.394429012878
-0.23862116412
0.515893604919
-0.452120124295
-2.30213447095
-0.449694786619
0.0360028151992
-0.795175252875
0.0749172018373
0.0844723654078
-1.14925769349
0.300401034672
-0.762732324898
0.267357631244
-0.766884184131
0.492792705422
0.503944919125
-0.924710602935
-0.898234283067
0.355350287833
0.847106420824
-0.446179747692
-1.37102743752
-0.0163714214774
-0.944943577048
-0.812942039691
2.11094784334
0.357624399957
-0.342464759631
-0.867858850647
-1.18182313984
-0.212115229912
-0.12065498861
-1.0307183327
-0.16935618221
0.550441640344
0.34014833612
0.876245481256
-1.61151674641
1.54342351034
0.233682208179
-1.31264196668
-0.230353717148
0.0834463204587
0.339033609724
-0.327451115159
-2.0210228427
-0.297606842912
0.34389656653
-0.769010716722
1.312470327
0.532793407806
-0.328944205585
0.487574309404
0.695283809719
-0.988420794594
1.33873324734
-0.0215036355522
-1.10481470897
0.806147976341
0.908997208006
0.75946796044
-0.237911664705
-2.15969504679
-0.745772586105
-0.968300931832
-1.32789588912
-1.41112407813
-0.870179980913
0.768773523299
-2.76766523442
0.273141710326
-0.751416951947
0.574778696452
1.12976124002
1.73797414622
-1.51929560632
0.343884086881
-0.149335589828
-0.413647674609
2.4135650455
1.70152294986
-0.229651285582
-0.406603348676
0.796532256086
0.244033393661
2.93075300108
0.582678071607
-0.830171021163
-0.119436615358
0.672509840378
1.12360203378
1.05906322781
-1.61598078124
-1.33827727309
-1.76558700402
1.08498024775
-0.441973308497
2.12481913889
0.329285248217
-0.824145999087
-0.714191260024
-1.09713933631
0.946863977241
-0.555233365012
-0.35611929299
0.163841837556
1.16645471036
-0.240904983864
-0.221241214198
-0.351773336516
2.05324730986
2.14275649325
-0.210584539021
Score: 1