3
44
10
3
0.0606012601632
1.59753589539
-0.600788564042
-0.970359485945
-0.496887485437
-1.53329605015
0.127853093989
0.501800841841
1.35588132641
1.44008620138
-0.65032647627
0.857546719265
-0.244893597297
-0.904876882881
-1.7181797961
0.151791590928
-0.165717991167
-0.0578360436387
-1.01603118678
0.749293283879
-0.271209264415
0.993930002295
0.64167585302
-1.16945447736
0.472571160361
-0.298000967335
0.243461422842
1.40263427017
1.16411844216
1.04625548671
-1.53849807478
0.472971846982
-0.79388793889
-1.90468743525
1.23556419279
-0.517845007269
0.119215323226
0.593895951632
-1.31227836707
-2.37926309586
-0.545518557458
-1.76172468067
-0.0263335735233
0.00962784777237
-1.20942496178
0.615470681585
-0.907245623955
-0.772458289352
2.56152682696
-0.764575452724
0.711021465561
0.256867804846
0.355502088033
0.981051505333
-0.963760561944
0.0358311523924
1.01386167325
-0.0189126125351
1.54714349317
0.663943521654
0.786928095075
-0.797719949856
0.542755287146
-1.25520494698
1.5313021262
0.258796558978
0.078766227664
-0.77342856813
0.308043915753
-0.391330564633
1.34262289111
-1.68396121408
-1.31183186894
-1.18593725484
-0.49410886767
1.89727161707
-0.768364956461
-0.011928774851
0.227539532414
-0.0380864563651
-0.603534487634
-0.521436188584
0.628794409967
-0.200082734355
0.182599689125
0.328485683784
-1.09115271827
0.805941882296
-1.13977916709
-1.74692032099
-0.0587514940405
-0.71704613484
-0.0591199640324
2.00504625538
0.164906380816
-0.766361537213
0.421531120573
1.70766543523
-0.116516773436
-0.199200526917
-0.42384378868
1.43604462085
-0.386582339967
-1.19594981691
-0.945770962583
0.139615270129
-0.256651182141
-0.519447234428
1.02848275065
1.3227218276
-1.34321283718
-2.53383716132
0.391685572206
-0.943773379508
1.79061582526
0.556972474788
-1.53041405231
-0.64222976368
1.02786898503
0.107334361819
0.485741452445
-0.856211041226
-1.65681678331
1.16379889442
0.533882934764
-0.253599137956
0.727162838035
-0.552103753618
-0.947665984927
1.51422344566
1.2882021255
-1.3522752501
1.94108224647
-0.969716843344
-0.714634486671
1.09351489842
1.61145453633
-0.502975727655
-1.49743656109
1.22011133655
-0.772630047659
-0.180042100876
1.04766900855
-0.334941419541
-1.51998425561
-1.04892841068
0.928984423397
-1.80835617527
0.376410660503
1.4101095514
0.556047466211
-0.461001617557
-0.693836429487
2.81590069052
-0.038336604877
1.08371354069
-1.50056383595
-2.26412702618
-1.26010374853
0.13360805575
0.723866974985
0.71651674711
-1.0897992672
-0.115176272891
0.62143800992
0.108010044088
0.914514917445
-0.898766376259
-0.307357990523
-2.2745889786
-1.93902679056
-0.789004702742
-0.469173726459
-0.257282580137
-1.16634888106
0.201283599669
-1.15628092728
-0.17005412111
1.7765207339
-2.45726775117
-0.471821665746
0.100866231898
-0.367368894493
0.610957921268
-0.1040186596
1.4394137941
-0.300890831024
0.307541747007
1.34664217435
-0.721930124355
0.428459451422
0.0810025012747
1.45843309538
-1.04191162913
-0.114729290357
1.45361163748
1.14319590224
-0.652455669244
-1.90930521179
1.26962596311
-0.982615309478
0.106417711527
-0.161183574586
-0.836477489701
-0.0398492056556
-0.607158313116
0.50750758062
1.20894381175
-0.0839714484886
0.453608328783
0.439712139287
-0.579489628275
0.179852843741
-1.11233576827
-1.39611357284
1.51561202119
-0.845838856237
0.826065254458
0.310050988074
-1.11368194111
0.157726992282
0.839263617585
0.369917646688
0.784427384171
0.780927348536
0.487609967763
-0.533674395836
-1.00535866793
0.101888654857
0.52685525048
-0.992602283754
-0.438527200975
-0.601768080827
2.37450208061
1.62297518761
-0.885328374919
-0.830830676816
0.422816066421
0.39097643009
-0.24394136175
1.32047287963
-3.31822691519
0.545762132158
1.13280266471
-1.73640568232
0.446105540598
-1.00905369788
-0.103511308745
-1.96074469829
-1.12023568874
-0.0966610361788
-0.254647108416
0.827416476966
0.155271967677
0.482446996332
1.03172218222
0.43476303635
-0.608542241171
-0.588708597709
-2.20402657999
1.11242171661
-0.220584481095
0.568252796347
2.54318031398
1.40180000871
0.19770749553
-0.683944052546
-0.165647324809
0.140434220675
-1.38364234628
0.0912507786618
0.712856688883
-0.860969242701
0.538524642457
-1.33408490168
0.851013490477
0.287782203225
-0.638175408461
0.519791767623
0.0689028292565
0.955591754534
0.270134888233
0.259113717254
1.41928641686
1.19612783347
0.223274980564
0.290503015295
-0.0828551387339
-1.96025084238
0.477704602167
0.74119484663
2.49637815165
0.530866037165
-1.06475969472
-2.08326420678
-0.219781599951
-0.86344852527
-0.294494535384
-0.446881463534
1.05449850553
-2.2285057829
0.883441847457
0.586423562775
0.704830340607
0.282833074145
0.801497409796
-0.398374869587
-1.06691074683
-0.0134104274673
0.810666073812
1.43684239221
1.05818463932
1.30766027635
-0.211649239459
0.377266016725
-0.926142130453
0.212394168477
-0.428195593138
0.93446551106
1.14370803089
0.520110336165
-0.720799994997
-0.222784856065
-1.33620020032
1.03052815408
0.474276108228
0.268660348723
-0.179351947704
1.33579875676
0.84769773424
1.42360341811
0.191449074146
-1.53852355236
-1.50186587606
-1.27891105443
-0.0627748833059
-1.50325871165
-0.503324955905
0.801234712744
-0.887498697247
-0.235739456949
1.52459715913
-0.980780103272
-0.94204220545
-0.677987623858
0.447419799893
-0.437344475641
-0.0463169684128
-0.171074717481
0.372162210923
0.499216166404
-0.380675218797
0.760872709886
-0.381056161753
-0.132121618944
-1.388459245
0.206863664055
0.758176938334
-0.325424282855
0.36511401326
0.884211314872
-0.0640523576264
-1.47839417384
-1.66832463951
-0.721760192416
2.12484347492
0.295358508922
0.56486745135
-0.704132407375
-0.49087204516
1.00551962903
0.776631468949
0.0734507935252
-0.0206578422011
2.42654984378
0.379603430357
0.198772195263
2.05514984069
2.39766347516
2.99655869558
-1.07151410991
-0.270407190791
-1.85282073785
0.484913999157
0.143055159518
-0.586138751174
-0.298760566002
-1.35557660478
0.129915015921
-0.072980239623
-0.251410964673
-1.00588775182
-1.4174151785
1.97511933402
0.701832963644
0.487007202307
0.261227276798
1.16836745312
-0.110789238411
0.385127243889
-0.279447977872
0.997463297583
0.620055562437
-0.0807413484077
-0.332789907575
-0.952912371767
-0.300067014539
0.500520797364
-0.0800281922975
1.24607041471
-1.37977281155
1.59589526645
-0.737804330674
1.24307970825
0.356533388099
-0.353286289895
1.26961016205
0.618635676241
1.19278057662
-1.63567742938
0.781432345828
-0.919146631097
1.32775787958
-0.720855043955
-0.106538440862
-1.46057159915
-0.53504155279
0.785982156283
-0.0405711249859
-0.180811416672
-1.54831962873
0.594199507601
-0.877692714768
-0.997589131263
-0.0916947787421
-0.327659154147
-0.295678974193
0.3439226846
-0.492395118353
-0.186518803671
-0.0263615646618
2.23249510034
-0.989912934712
0.160936650749
-0.0808874440553
0.462806583984
0.0571486258978
-1.25687178659
-0.119062571295
-1.5551930637
-1.30922338187
-2.5453837347
-0.651806901331
-0.59456223497
0.848030402211
0.0671300917202
-0.0473314249662
0.606473865898
0.221827367788
0.776989679694
1.32425518404
-0.0949908750344
-1.31837336572
-0.583346766565
0.211478030897
0.136065321277
0.290871454872
0.165777146722
-0.430943443797
-0.951136834947
-0.496675284336
0.664144293889
-1.03078528155
1.38947615191
2.23258031556
2.05974671886
-0.0885366700311
-0.704723589219
-0.412552475154
-1.12946885716
0.323853824239
0.0110139347522
-1.61660133258
Score: 10