3
44
10
3
0.0963976514517
1.60754874989
-0.466680085917
-0.965098761065
-0.484653895219
-1.61736720391
-0.0101673871541
0.540277537751
1.60860836808
1.47753895908
-0.851650650104
0.664081737605
-0.0301134790221
-0.693002894457
-1.99424221357
0.0900296151928
-0.27503160553
0.0499965528437
-1.04365208183
0.727786313636
-0.0968531160185
0.769064925304
0.477340870073
-1.00509653874
0.255446080647
-0.381884869786
0.457638288014
1.34256599897
1.13319154875
1.0161718029
-1.91309105892
0.334826720477
-0.381813288231
-1.99983931179
1.27818297956
-0.265372562746
0.0955117737823
0.519286229192
-1.16372821632
-2.29184925711
-1.05880133177
-1.54763130835
0.0669047174069
-0.0199394371643
-1.20773059633
0.364117532808
-0.97973132692
-0.752310799137
2.73830443546
-0.809873666489
0.499880186425
0.179313392629
0.625701571722
0.689659732682
-0.739809558078
-0.124116081474
0.880783975272
0.0591112943364
1.60885713353
0.519349163356
1.03528618531
-0.664033273886
0.598576758868
-1.13276383549
1.16228234926
0.311032556727
-0.101990886261
-0.720464683308
0.423369217605
-0.321974032472
1.20784481242
-1.65866749555
-1.35066758887
-1.20022477648
-0.129182839958
2.05294240011
-0.56531889397
0.108531838262
0.385391217307
-0.355339481181
-0.689227502812
-0.325830423339
0.799350609955
-0.141441507726
-0.102395502664
0.226993039179
-0.914988132027
0.591017143994
-1.02731237573
-1.65785896014
0.0633790799515
-0.753955127493
-0.0590815214235
1.77445688352
0.187735996201
-0.542858877034
0.453142249878
1.4249194921
-0.287156081118
-0.214053742013
-0.388383340558
1.56834823462
-0.314575347992
-1.39124888481
-0.763888850132
0.108747632016
-0.165071937365
-0.260477489644
0.721563688606
1.13904609196
-1.55874123324
-2.62226500011
0.494262949685
-1.08487798319
1.64246843232
0.786806660236
-1.68760535959
-1.00367602124
0.964270113764
-0.0682600814612
0.523702025583
-0.777031678
-1.71117065746
1.23123733418
0.398365991531
-0.302772798036
0.492617305819
-0.591678442948
-1.09433693612
1.31179348286
1.41139876262
-1.2962119547
1.80656752696
-0.681546339184
-0.453451494065
1.49782195313
1.47967100501
-0.427634372514
-1.59904452401
1.21788460144
-0.793629839525
-0.203683870475
0.752341925278
-0.471384678625
-1.39799575737
-0.942019156762
0.836193684595
-1.57852681042
0.516165226985
1.31404984095
0.818529457125
-0.561244336107
-1.01506130078
2.83645495512
-0.108149273932
0.735095438891
-1.69408811667
-2.16158750411
-1.27714912951
0.0857702844631
0.703730603033
0.666403946019
-1.09149773683
-0.205995522181
0.591237651153
0.241882347907
0.807664804622
-0.995668212185
-0.321371532789
-2.1317994942
-2.10178144216
-1.10698114189
-0.379212397633
-0.067746204872
-1.20142378052
0.148562849304
-1.2430081586
0.158433570476
1.89254512477
-2.56582869874
-0.826752365497
-0.0334124902861
-0.388474349899
0.632864022167
-0.108369353825
1.45808973746
-0.297970071092
0.571930558853
1.26013940096
-0.715625905292
0.411719180601
-0.074472105915
1.17261034403
-1.05118502593
-0.337705015584
1.32059863355
1.13391676685
-0.562034332664
-2.03767926169
1.26376309109
-1.17763521627
0.00482449211829
0.203774280379
-0.799203097541
0.277812229489
-0.583885058318
0.61173243751
1.15549836377
-0.24010206162
0.505895313625
0.526425523637
-0.53171517348
0.221949956217
-1.09415396187
-1.31341769319
1.65133012483
-0.560032198096
0.766422953042
0.283557963693
-1.25415893151
0.154132965328
1.06330153678
0.437877400458
0.60183829982
0.709795065534
0.595033779439
-0.369689892572
-0.925814356111
0.0413225361285
0.627682286609
-0.708733550037
-0.236992336618
-0.414974000643
2.06760309314
1.41904693673
-0.836929450337
-0.715566174806
0.418372466817
0.244151574681
-0.441860944243
1.31366381849
-3.08541936412
0.656909729727
1.20768598879
-1.59450055658
0.570857039849
-0.987061346875
-0.244468534738
-1.81725001315
-1.07205079371
0.260582457791
-0.462297423748
0.487203830965
0.0206782487519
0.339635880811
0.981297417906
0.56122545645
-0.425692953724
-0.604963078615
-2.20789798206
1.43818356791
-0.46679468053
0.484689179888
2.32409541906
1.24628137823
0.172964887495
-0.545474389629
0.38962979754
0.244516949199
-1.64418368186
-0.0970291202767
0.906558623435
-0.722834796964
-0.0100250426683
-1.08178549282
0.956454608469
0.378238709364
-0.562425473011
0.997069365878
0.343715549615
1.2079974968
0.518101598599
0.287079054094
1.41749074233
0.981917421033
0.0207836632767
0.315735815203
0.100810838871
-2.15794501917
0.153584819006
0.878862435805
2.14523113457
0.540387986421
-1.29702305297
-2.21976229323
-0.479438075371
-0.611204708873
-0.40128042188
-0.737918312001
0.952464407078
-2.16470285039
1.0337158301
0.407033202775
0.721257198049
0.154055772133
0.585682331306
-0.259803241672
-0.862314514081
0.288895156298
1.03162648672
1.60230209089
0.869913948568
1.22075705002
-0.0337412640249
-0.0123296053535
-0.924007999306
0.113809061868
-0.363795208505
0.69005011315
1.02122201924
0.566061962575
-0.56104342499
-0.580196743273
-1.43737984292
1.06216130329
0.509088317195
0.434374798493
-0.105007548923
1.12469819353
0.746596805334
1.42850147837
0.264072128713
-1.3432856172
-1.50395013128
-1.13483464774
0.121223220897
-1.21103562844
-0.398274430185
0.906859628875
-0.826342863124
0.245224618339
1.35445249829
-0.909416087236
-0.807609188996
-0.619564190062
0.383570932016
-0.613456402435
0.149272693025
0.0505983885638
0.104339080929
0.617908729824
-0.409074888198
0.611004581506
-0.513164761
-0.179154756702
-1.34591860285
0.0897978502186
0.660794034
-0.24019053323
0.73110905552
0.905904874591
-0.167911661867
-1.62192073447
-1.59613157114
-0.191543090118
2.1822319709
0.173056220803
0.581048844815
-0.77739905875
-0.558973371023
1.05548869155
0.639901854572
0.00582095294409
0.237112236984
2.50401094487
-0.029336562678
0.126381031978
1.90920207088
2.56560429369
2.80984172871
-1.29375109403
-0.121454014799
-1.95965788128
0.424631512859
0.224459280825
-0.622883173031
-0.232356157656
-1.15828001951
0.140561932477
-0.165405994569
-0.356870931736
-0.935514663896
-1.44919452373
1.85246687774
0.497622079802
0.435785705768
0.635618352984
1.09891579651
-0.174185460871
0.23827710041
-0.219675209355
0.911236371708
0.511565045035
-0.396010096406
-0.472612294721
-0.989550015443
-0.210072598301
0.621273383073
-0.244814635412
1.3410867029
-1.3627510453
1.49979209892
-0.785005451424
1.34249342058
0.25035574319
-0.593219289475
1.28739072064
0.718580438402
1.1655256174
-1.71952633963
0.671331533078
-1.03007552658
0.980692932717
-0.733810764123
-0.0320941372422
-1.81853773863
-0.87658968867
0.694748279838
0.0041055419287
-0.205126540083
-1.46012590555
0.572845402343
-0.730775329801
-1.16776566924
-0.202497412988
-0.170015632384
-0.442419457811
0.184312930989
-0.442390920903
0.135635607441
-0.103055012663
2.13138062832
-0.870482123155
0.329874972513
-0.192148888125
0.329705580631
0.103639365182
-1.06614100507
0.107241127504
-1.7714134371
-1.19621125407
-2.67442535662
-0.615629612908
-0.532051424981
1.06377246209
-0.0792004126781
-0.118433291122
0.634417728732
0.461160928636
0.92636947205
1.44482501853
-0.206865683343
-1.51889629336
-0.547076376943
0.0973086597385
-0.109401999607
0.0777937335481
0.25015555126
-0.51098233671
-1.02080928945
-0.226961560375
0.791407782273
-1.15829437369
1.29135225934
2.35860315285
1.991775953
-0.00637603801809
-0.522028958972
-0.56102315297
-1.08304210389
0.380177415256
-0.120400955544
-1.58591836912
Score: 21