3
44
10
3
-0.905499232026
-0.509941367004
-1.38329826082
-0.949605831093
-0.294158684208
-0.448446674684
0.831185304805
0.116244508366
-1.07952509299
0.0423497547737
0.803091767731
0.451119803177
0.341277712725
-0.254069820354
-0.113454999063
-1.17846283813
-0.416206669404
0.682761888402
-0.629146130623
0.0748228579681
-1.35538027966
-0.0899577067053
-0.168944611941
0.465607628582
-0.34028229228
-1.87748265968
0.361148207459
-1.16739611373
1.51690403479
0.567851301059
1.17658003376
-2.73336215866
-0.785833225034
-0.854126958154
-0.27801120083
-1.13649072058
2.072718532
-0.539307725144
-0.243470175596
1.74692436323
1.49881116047
-1.27407549061
-0.923201447864
0.727508790687
-0.152857776473
0.901206423261
-0.792018964159
-1.84654681464
0.135105907264
0.987712608726
1.18819780435
0.684089276657
-0.289852025877
1.20657332677
1.63372821594
-0.718917538807
-2.8102969788
-2.25957825753
-0.499492479327
-0.343389576065
-0.16249967532
-0.519399847539
-0.810179152947
-1.12577016498
-0.927057256885
-0.404746849918
-1.77682884933
0.0733788359943
0.213367936641
-0.650574000211
-1.4767888247
1.24151424811
1.65450060609
-0.718563948451
-0.492603325032
0.30655805451
-0.402014926423
-0.615363086861
0.0766837756593
-0.375487560208
1.79794710598
-0.521647537183
-0.516512480761
0.560169398453
-1.0451133296
-0.827283054293
-0.503277706381
0.0857929321519
-0.25347169223
-0.821031868687
0.856798879295
-0.431584972177
0.920290409037
0.413354603742
0.536400014052
-0.586379626463
1.03996518228
0.161624097203
-2.13432776184
-0.961758091065
1.05240301663
-0.338254979466
-1.55032035231
-1.50069397632
1.46409068444
0.0755735446487
1.6702499852
0.286058206404
1.55844625954
-1.3276580676
0.0598858031416
0.312227602315
1.38346062785
-0.33942852379
0.384883464204
-0.530392791205
1.15042811977
-0.778587344348
1.74661160149
-0.953753901689
-0.660958553567
-0.497653873157
-0.364710410297
0.380077485467
1.01784147188
-0.679562169088
2.12936691283
0.452253660382
-1.45381991259
0.508300137489
0.0282468410306
-0.576176086763
0.420877074227
-0.503354265534
-0.209968896796
-0.525265238872
-1.07603402198
0.687234137312
0.84858129617
1.29269479118
-0.790319030116
0.819394819994
-1.522825029
0.751844881331
-0.230470439617
-1.14106821062
0.487705713136
0.724347822607
-0.264076734052
0.422571747774
-1.3212500615
0.886560423224
-1.87562199767
0.643981545178
-0.536817849208
1.49285536964
-1.48756370301
-0.597459838523
0.234195249084
1.65207299005
1.1345017402
0.406392070232
0.204504546472
0.240039244552
-0.750555947727
-1.34283211617
-2.18597316782
0.303054969472
0.50434531909
1.10988322642
0.707617883589
0.703601640651
0.0639989910952
0.0713809650429
2.52415399691
-0.289867734074
0.18791463643
0.479171879274
2.24825759608
1.42536383065
0.032709987054
1.91900503129
-0.158013645885
-0.0603909774348
-2.08544495027
1.36210778798
-0.424780592898
2.07849782587
-0.40186169443
0.607271802443
-1.3972890556
1.07314680537
-1.71177116555
-0.530375935967
1.55009151219
0.0826831411088
0.167131505698
-0.325385720186
-0.901943426197
-0.322418928294
-1.24082122247
-0.930832802758
0.919327126249
-1.51376898111
-0.846960952627
0.684084424845
0.708723200644
0.611533608186
-0.82893975023
0.147914349702
-0.880794074555
-2.21802095141
0.666636385192
0.630008852416
-0.161531914441
-0.568809866584
-1.26369083792
-2.34306117117
0.549594801812
0.710260315452
-1.50690904964
-2.49691040494
-0.233747793363
1.55873924333
-0.435822334968
-1.30122504897
-0.279431505562
-0.777124850691
0.435724752207
-1.08274867218
-0.7170105255
-0.343714647814
-0.625175820926
0.464155682879
0.109700505683
-1.68254140639
1.30400730846
0.170961910531
-0.873780325383
-0.380833399912
0.52656745311
-0.67918075125
-2.89819561148
1.05444786321
-0.062103710239
0.381578986959
0.547063483634
0.348720337905
0.706112310401
-0.45570287977
-1.6560066785
-0.755430786961
0.782664160948
-0.89390493305
0.063234695001
1.13687058714
0.94970093871
-0.202953439846
0.0762721280615
0.104723494265
-0.688139863303
-2.79768315315e-05
1.20875417322
-0.365188048255
0.910826846543
-0.981347739644
-2.15005735381
-1.7048533823
-1.30868513323
-0.336946478723
-0.246792841098
-0.240158477063
-0.0601094413283
-0.5389636843
0.17656532305
-0.478621548822
1.20907228758
-0.0566060047243
-1.63780775518
1.7085967501
-0.118027834568
-0.336470840646
-1.97394450874
-0.874025852872
0.318325873677
-0.470312996447
1.00855286993
0.237875255386
0.483188850738
-0.839051701245
1.41502168463
0.894895249434
-1.41809119428
-0.791852401968
-0.96668888791
0.731553923684
-0.943609597314
-0.245162298173
0.391268706358
0.521854358576
-0.339979679798
-0.142175996286
0.118840350119
-1.30442972997
0.195266476703
-0.223459844081
0.10687525351
0.482794993981
-1.14087237659
1.34221077664
-0.697424632659
2.45799588957
-0.538064117807
-1.86418796453
0.0823219809464
-0.282718480586
0.0716559188678
0.42961592852
-0.398182469339
0.945138943009
-0.414073533675
0.479576066163
-0.165256857505
0.542126141474
-0.117720059948
-0.47320468279
0.591680143731
1.87709875194
2.03365785283
1.12867704468
-0.465955559529
0.294612461481
0.236152257517
0.207221257452
-1.09636590544
-0.944103628417
0.612585772216
0.391090778176
0.944473390795
-0.484763552727
0.123907636538
-0.398090504508
-0.484903063914
1.69888750599
-1.30449996007
0.150594413424
-0.357509258391
1.07157805401
-1.1499928569
1.71054780456
0.31161397556
-0.936221705061
-1.34498285887
0.975103215506
-2.10454911477
0.211349142111
-0.645866692827
-0.0437981363533
-0.658246867411
-1.66954810066
0.721300365507
-0.456493929188
-0.291564665858
2.06197673738
-1.3123461607
-0.136826813567
-0.625929763828
1.02586703408
0.81199876582
-2.17165858316
1.1338711132
0.328791880687
-0.528024358463
-0.293272018639
0.382154125723
-1.67675380035
-0.76230470837
-0.793706403684
-0.448590972197
-0.154711656254
-0.553335518486
-1.78869138709
-0.426306556534
1.15242604833
0.183590727376
-0.452813849831
-1.14214584834
0.280804660078
-0.396768941533
0.0478331517351
0.423311730139
-1.82330293643
-0.130392382961
-0.295879045099
0.75371216586
1.38492315153
1.05507106884
1.79890282544
-0.625149725909
0.792111662019
0.317669854234
1.53732565545
1.06708572597
-0.90097212479
-1.00392867565
-0.487365365368
-1.10441881938
0.804109077198
-0.684260331884
-0.265318229624
0.0639095907812
0.31781274325
-1.54715544025
0.906586210965
-0.206938086283
1.14091429109
0.0930328444993
0.876951301088
-0.963700982965
2.23360760664
-0.391293677902
-1.07362235757
1.25667386897
0.225201924542
-0.880517466221
1.10354562594
0.978492554507
-0.00467172735721
-0.772925351265
1.39029217806
-0.168837378781
-1.56153889955
-0.382031914351
-0.256599795799
-0.685478992811
0.462071986783
0.0196256312261
-0.299211143667
-1.06802225849
-0.492778149938
0.998879931058
-0.0569012897821
-0.056109087192
-0.108198477212
-1.32260259019
-0.00444618520423
-0.827219285357
-0.540767867153
1.05102964227
-0.110463362899
-2.04244299604
-1.12274035484
1.92993930139
-0.824922530305
1.13241896607
-2.52776495343
0.187712804692
-0.843096453174
0.129455472164
1.52804983467
-0.0616553127301
0.389816357531
-0.839758167501
0.933127015335
1.77304090614
-1.38396531583
2.21327182216
-0.712866466475
0.472974879341
0.553857204782
-0.867121951292
0.582587139139
-1.14611164566
-1.07255235295
-0.313086322421
-0.929581933289
-0.886499953576
1.19027199022
1.09161073922
-0.174158378165
1.03628727388
-0.339813070049
-0.966565588627
Score: 13