3
44
10
3
-0.0416329675551
-0.939981353836
-0.972685979798
-0.498748909419
0.226039073981
-0.0679672445678
-0.871893851986
-1.62397582734
0.219080555075
0.0611799503942
-2.19903359652
1.40777832748
-0.505562621534
0.784952583494
-0.15751362929
-0.68674448418
-0.614853027116
0.287922660533
0.394315883488
-0.354911034606
2.7309560246
1.27907917032
0.615044597754
-0.823618045393
-1.29724845339
-0.288951908029
0.68605766515
-1.47917580545
0.413614522062
0.0557530786273
1.60547388476
1.25325286963
0.00593071468419
-1.23615189538
-0.176497772525
-0.838100433342
0.825476928184
-2.84031035401
-0.0961696258424
0.129625895395
0.464680759634
-0.204255711692
0.792032785322
1.22713933008
-1.10457039711
0.585508544859
-0.655044420048
-0.669814681124
0.856037489398
-0.535210890681
-1.05763057808
0.80777000391
-0.188831630145
0.743830561153
0.523983200208
-0.20469442672
-0.213183041365
0.327127821055
0.26976267246
0.537089559267
-0.0071421285298
0.602217158281
-0.536882920921
-0.208587387707
-0.441229285147
0.180640303786
-2.138305171
2.14815085684
0.693119040889
-0.00457200067978
-0.100308683888
1.50968000918
-0.664832425777
0.0608849424312
0.720419268153
0.674912725913
-0.478116498856
0.987099477918
-0.406447311675
-1.91554555234
0.38447439378
-1.06535476318
1.27367756486
0.722866906289
0.499214193957
-1.4964249798
0.342005477145
-0.913829708733
0.421133088868
-0.392568427716
-2.1665391938
0.150385582496
-1.87344156248
-0.436694710657
0.618356459241
1.83518209646
-0.224200400771
0.411206954251
0.172073095201
-2.44550140022
-1.93275712505
-0.133445383773
-1.06949926497
0.159202387473
-0.117637535712
-0.866667083167
0.536735118058
0.584192577993
-1.01539262037
0.383575409012
0.417751653006
-0.189211757582
0.625870832654
-0.584889505484
0.826095317733
-0.239419850977
-0.51418760325
0.0339272149443
-1.89406749189
-0.797862120955
-0.522617991598
2.52147760719
0.343402885294
0.0133170716426
-1.33510120626
1.53549910044
1.90217785278
0.595898089596
1.29791473675
1.12291794047
0.157869158575
1.08336078832
-0.209488939959
1.92656731352
0.205873898644
0.980171837444
1.98175286879
1.5661350396
-0.813297649623
0.612162151777
1.63879856383
0.306467985743
0.997538663869
-0.303476082176
0.24363758363
-1.87376968443
-0.0941977628596
1.57457906622
-0.564711920995
-0.554468008047
-0.503212544918
0.393111745952
0.986263351341
0.08273740688
0.555377696027
0.642890423537
0.44957593253
0.797433463706
0.850532697626
0.263565940923
1.4039618026
1.6067437214
0.672946146575
0.865909511409
-0.519532654821
1.09693903927
0.155154937797
-0.461802451059
-0.0191790042407
-0.624599165523
-0.557543293226
-0.767000390076
0.0181562725416
0.358228981566
0.984634787633
0.399876081331
0.159302369114
0.248188789479
-0.682735021714
-0.576225187341
-0.100060892303
-1.03861525988
1.02097717728
-0.812281061205
0.306816303247
-1.24790206072
-0.452719797672
1.21186647295
1.35043663051
2.90627919358
-1.03072503575
-0.94473532949
0.572881651248
-0.261577849927
0.0335762756147
0.724096605732
0.153725481932
-0.286146104488
-0.623502368475
1.04049203282
0.618401850293
-0.638100230019
-0.0462817408546
-1.00775119196
0.539484511152
-0.238966504718
-1.08638995588
1.61037065045
-1.41856020991
-1.1766720654
-0.966828490071
-0.226876012666
-1.82029582076
-2.77845235687
-0.913620537571
0.7435263872
-0.602999572335
-0.27949855443
1.21483910953
-0.560334383258
0.56873495485
-1.53192220552
0.671945369137
0.317549738151
0.438461819231
0.311542816525
-1.10345618346
0.486497429291
1.04004682879
-0.580714079327
1.64250458616
0.00122972962406
0.895050419829
0.302059844688
0.918719282437
0.727267979
1.34809731201
0.355843861822
-2.44816501486
-0.974640419229
0.010824243207
-0.245625570516
0.228283440603
-0.295566301898
-0.12446456449
0.898256809884
-2.33766884532
-0.561697040861
-0.720533851152
0.817591448367
-0.160647670149
-2.46922949325
0.843675267931
-0.669926268891
-1.31023838812
-1.91031243364
0.438313044817
0.284264543113
0.968338447965
-0.771364985217
1.56098284805
0.352905221677
-0.558590407313
0.827259881597
-1.61789794646
-0.463080821553
-1.04301158725
0.669152138524
-0.473139796672
-0.427202571239
0.531487487306
0.413893720995
0.6883707101
0.298331868436
0.86403009399
-0.365321371023
1.19077270463
-0.242281817064
-0.768670190554
0.558651703532
-0.233249448624
0.813588200728
0.461871855219
0.621390680227
-0.121090291233
0.315289360631
0.394206201795
-0.744939049672
0.0479968906406
-0.594504640852
0.85947597462
-1.61703667977
-0.253973907957
-0.69470112352
0.546174404729
1.28251624266
-0.177684487821
-0.0200230784627
-0.947158685464
-1.77024218094
1.17531222331
0.606406041483
-0.252141069882
-0.60347369769
-0.768177297991
1.53523785044
1.31600639986
-1.30983472898
0.696513103451
-1.65724194345
-0.496203742478
0.679986452133
-0.568437415727
-1.46210509048
-1.04800376435
2.24008956988
1.35761386582
1.9596098847
-0.979242756908
1.28960149519
-0.822710151757
1.18971529273
0.882784573292
1.12187227719
-0.33184042967
-1.55622529711
-1.19728735749
-1.32505038084
-0.0973515375892
-0.301611786564
-0.792568613794
-0.674069507126
0.160212538098
0.016607658765
-1.10187086932
0.0944366502035
-0.512707218759
-1.90902247634
0.645981377205
1.09317224817
-1.31372351422
-1.07138155639
0.0687251665884
0.199045766454
-0.583283783249
1.247806578
0.594099887099
-0.612464117322
0.253942721809
0.849731191184
-0.572917042639
1.53686692168
0.484350452094
-0.733469453453
1.18590171564
0.0212505882375
0.969930473266
-0.989515523888
0.740985118492
-0.24154701063
-0.021158821103
0.0674095264263
-0.396918321624
-2.6272976426
1.33910152806
-0.48076837211
-0.338777876408
-1.89010643942
-1.99715376162
-0.123888507756
-0.238732309618
0.53995198133
0.454120637506
0.723830382203
0.621324016776
-0.079463890501
-0.453457693752
1.5940984395
1.8721365229
0.675014181682
0.780078541817
-1.58056837994
1.14936666597
-0.207471640296
-1.17746704269
0.227219929101
-0.808697270693
0.778813640311
0.336385432725
-1.228213642
-1.05458204622
-0.891699483801
-1.40027324566
-0.841709389954
-3.20230049038
0.393076559553
-0.719621108993
0.249592992832
0.639280147258
-0.581753198553
0.420619755901
0.128809509343
-0.699516830768
-0.770309019431
-1.25957635859
-0.440628535852
-0.278492122815
-1.88496612552
-1.09683940327
0.183620018414
-1.45863765711
-0.181668724688
0.175273691512
-0.218001382257
-0.264049334742
1.13344424284
-0.967959896277
0.0340148987287
0.566169150331
-0.331156779492
0.430904027571
-0.382546087648
0.226432829714
-3.54365973098
0.583262770197
1.80172204972
-2.00810448308
0.864586009256
-0.334222983305
-1.44932383969
1.4479694746
-0.298730335266
-0.107987935373
-0.0959997215429
1.59666402608
-0.5169743023
0.0238912400441
-0.389932460553
0.20280689297
0.251656502569
-1.0254864386
0.918891046883
-1.47966038501
0.127780887511
0.458215516577
0.507161379957
1.14663774945
-0.841740503923
1.26049451831
-0.739723586322
1.87350937961
1.03603813298
1.85213914917
-0.176018120407
0.340288061276
0.0394580693838
0.0212540035531
-0.863899655158
0.925126454459
-0.741918380387
-0.0128104234551
0.39688202887
-2.66764501264
0.258083978698
0.712336170562
-0.504172292069
0.725488242377
1.28536127214
1.14781327992
0.349549024973
-1.80809524965
0.203359424781
-0.418604048364
0.482274336023
-0.662301057676
-0.319077397673
-1.92001192668
1.15021152745
-1.36940343638
0.187059353785
-0.41506356485
-0.0835948285166
0.0596996988027
Score: 1