3
44
10
3
0.153304104053
1.64732909121
-0.494143618717
-0.894058321795
-0.564212654404
-1.60329867986
0.112055534404
0.558833638348
1.46365296852
1.5583785229
-0.765900121703
0.714227831188
-0.132012311624
-0.727737856074
-1.88922680157
-0.0380926263143
-0.345911200719
0.146673259343
-0.779764917338
0.906257535206
-0.282098273778
0.88232172372
0.433206271118
-1.16480079875
0.385741543696
-0.311293340219
0.40970814449
1.40540654574
1.07155811422
1.05591546227
-1.64804266171
0.642534331525
-0.528171622045
-1.93033148033
1.32794189806
-0.428665497435
0.176065629053
0.691024032082
-1.28058309494
-2.34429124846
-0.857766881541
-1.64214475379
0.133442972268
0.045316857537
-1.23263481394
0.407551390488
-0.886258345129
-0.839735252326
2.4838394215
-0.790454965116
0.646624490249
0.207486364085
0.344012172556
0.805917285557
-0.961676817609
0.0730596771376
0.978041091514
-0.0847117913724
1.47743219363
0.466201305462
1.0057908869
-0.860601247989
0.610718077852
-1.25902852533
1.24967491112
0.600277669131
-0.318282073077
-0.627247214587
0.339547533957
-0.418812104419
1.2178076552
-1.76745095894
-1.5359323719
-1.2308544725
-0.366773080708
2.00748047895
-0.604151541194
0.209328551697
0.214210598796
-0.304059151099
-0.510341627444
-0.312340935998
0.840660455992
-0.0236119931037
0.100343256093
0.243582307695
-0.829507848895
0.77085429709
-1.18803689698
-1.60508490227
-0.0475997518759
-0.634085287654
0.0460144701857
2.05225950402
0.263343485945
-0.845966358511
0.415504462017
1.45289670322
-0.109622316838
-0.230409109104
-0.377308874325
1.46669061582
-0.496678567579
-1.16139437236
-0.856577256253
0.122046403523
-0.0103865305007
-0.463509106149
1.0790140967
1.33922453252
-1.35443913421
-2.66284654891
0.371187091392
-0.982282335246
1.70708786942
0.643825684028
-1.63903422982
-0.720246011846
1.074988999
0.0492863642942
0.331665955295
-0.841318669531
-1.62937067257
1.14292648277
0.389446510006
-0.125493860598
0.817165914012
-0.711199196278
-1.12280115353
1.52629282251
1.69694382872
-1.07877231753
1.98217557817
-0.871796671203
-0.587468881894
1.30605029365
1.34572932474
-0.587479563248
-1.79433270423
1.15209201078
-0.810632060932
-0.0600483743214
0.989690334565
-0.372137556889
-1.34093298766
-0.944238585867
1.01937471429
-1.74913615181
0.821690576107
1.51347715721
0.771738984932
-0.624188837467
-1.04341595853
2.88748188217
-0.0943183575717
1.05733670274
-1.37853858367
-2.25237423196
-1.16742534293
0.29023063586
0.644808192404
0.537672832972
-0.99192857827
-0.382703466531
0.63585821897
0.230907841939
0.854228595255
-1.13089968179
-0.386881955595
-2.14031502335
-1.95398477379
-1.02285406323
-0.407801332896
-0.236689631576
-1.12425884318
0.100678193942
-1.10465336589
-0.0207163837392
1.78121825484
-2.60418838644
-0.565954856126
-0.0309687349874
-0.272478215404
0.75287010052
-0.197513636895
1.55644199425
-0.53397694324
0.498255679702
1.26147932438
-0.891434261745
0.382950925904
0.267386579899
1.25333933628
-1.12056548311
-0.394754364834
1.32475962081
1.13606749664
-0.469767157714
-1.91392765972
1.19247557449
-0.80731372095
-0.255892723577
0.0222053882591
-0.827101694884
0.0841340221952
-0.741618104309
0.60603512128
1.03929858071
-0.127878764137
0.630577303227
0.770037765614
-0.621079014233
0.139766741482
-1.11631862849
-1.33383689541
1.47277736742
-0.849932862376
0.809161428177
0.314748465501
-1.24094241677
0.159669620782
0.918710834001
0.254722299145
0.668444341767
0.817910596505
0.435674362664
-0.407089160633
-1.12744548231
0.00831985947496
0.434855165752
-0.80491359203
-0.368895845903
-0.59470238107
2.25595078257
1.48809995852
-0.816483626885
-1.00535941636
0.333678080671
0.174654012612
-0.46156303844
1.37471045014
-3.15112018851
0.570985316085
1.4159197742
-1.76923995308
0.623614094574
-0.935105885848
-0.104883554776
-1.71841087448
-1.02678219851
0.177961014909
-0.374343220008
0.70732933517
0.229450779155
0.467164881389
0.837148511746
0.419458379336
-0.467455419842
-0.778534839367
-1.98237756617
1.25994912904
-0.356439960739
0.585842352436
2.54611560736
1.2888587462
0.0979705646575
-0.507043561274
-0.101348424176
0.205514532449
-1.42394457256
0.0369166823971
0.821288297514
-0.751339719036
0.267772390674
-1.17465025419
0.834789522004
0.44785313543
-0.588498736891
0.85511834161
0.186412122481
1.34228627505
0.483147226346
0.35049890101
1.28829468304
1.20812347523
0.0802967257163
0.262523581855
0.0548354137121
-2.00306896979
0.248277489709
0.797882293111
2.10650656802
0.587380302078
-1.23753900626
-2.18032289929
-0.496755145739
-0.7810923212
-0.520338084556
-0.497876317249
1.2632538243
-2.22117748669
1.15304522327
0.487002463736
0.847264829737
0.322329911658
0.602883626878
-0.398628409417
-0.872479219277
0.26247758285
1.06805281505
1.48687716223
0.920080767538
1.27406769403
-0.151037931134
0.167489723637
-1.00704611643
0.0937079170277
-0.538211647259
0.680690513945
1.22870897947
0.514974549449
-0.364393733875
-0.155106310251
-1.1397489085
0.994917746813
0.560112565524
0.23789930981
0.0243442930274
1.33131987969
0.783094655725
1.44311417831
0.257694364794
-1.4391191493
-1.3804059854
-1.20898529176
-0.00891875762457
-1.3188777812
-0.273400489443
0.863899772608
-0.798609236856
0.0531567934232
1.36446442766
-0.845859339085
-0.93125808521
-0.815478135429
0.307567710063
-0.688561059966
-0.0728775693225
-0.219307151461
0.385398746136
0.644720408997
-0.404932719672
0.556902315514
-0.613444998069
-0.120555773728
-1.22028862477
0.00335223689579
0.739772898602
-0.399543165163
0.439567774249
0.926619406375
-0.364065016828
-1.51868615739
-1.68852988451
-0.325638302238
2.25602831034
0.236251374713
0.421883861468
-0.688801436586
-0.48946401411
0.83181016783
0.662291238816
0.138743679156
0.165394706025
2.47344069141
0.058934984341
-0.0522163451268
2.02142503877
2.51672971552
2.87346123115
-1.35604835109
-0.296318884579
-1.62248397055
0.4007785652
0.218338666359
-0.533354512069
-0.292147176958
-1.18659866546
0.0865521418105
-0.147552623003
-0.327922437738
-1.02866733278
-1.46959753039
2.04606885691
0.536140236198
0.493234562727
0.571514089443
1.3907230256
-0.00445641007181
0.329586534141
-0.393173712259
0.922975129365
0.651557976348
-0.167321187823
-0.471945382113
-0.888123431122
-0.202261749687
0.620804713752
-0.224793738369
1.3391577813
-1.49714976908
1.47889700772
-0.678426687401
1.48230848013
0.413484339949
-0.371799512042
1.24464864611
0.814488651148
1.40178476638
-1.85376214289
0.783290868213
-0.978872574294
1.22932866245
-0.610686048917
0.0366029297592
-1.72280777175
-0.772989209746
0.750318984154
-0.0176775773216
-0.0327049924087
-1.46564521734
0.671315600191
-0.747129836578
-1.17053198535
-0.179394585156
-0.141049454466
-0.421087611825
0.447862490873
-0.377890528081
-0.00904884304412
-0.145621020174
2.37186776535
-0.871318737471
0.207383001955
-0.249151056716
0.536481158787
0.117329461845
-1.18415414543
-0.120003787458
-1.64333677982
-1.18467110659
-2.72106037139
-0.88279635109
-0.824222364023
0.961972459129
0.112752083749
-0.0457923948892
0.680631272033
0.344948392092
0.740979342458
1.391513123
-0.169152998909
-1.48157084965
-0.476800898603
0.119389519167
0.118233080099
0.270192781006
0.215269758487
-0.148288051814
-1.13550120848
-0.453063878855
0.72006661494
-1.06834676501
1.39242564978
2.57765282303
2.03701305219
-0.0164248035406
-0.656630678154
-0.214324767742
-1.02899543501
0.138164775785
-0.17762858017
-1.24518310937
Score: 1