3
44
10
3
0.397431999682
1.05427363658
1.41169262418
1.6071342779
-0.206018775152
-0.915090379239
-0.765186538144
0.0529912669459
0.529989669307
-1.29412937839
0.674754199785
1.45681798723
1.72257498758
-0.744644515963
0.298548721585
0.377252116009
0.158694687069
-1.6098546248
-0.543707412061
-0.732601352309
-0.439055546502
-0.965748393288
0.0423780464542
-2.18817050594
-0.839132452327
0.639348381803
-0.41321629544
-1.13936961534
-0.00865135653896
-1.31735800505
-1.21481290045
-1.57908846058
-0.317222237315
0.133465673376
-0.243884002294
0.19084706352
0.0230769838974
-1.02458570607
0.357435735593
0.652829916512
-0.120750776728
0.435578085237
-0.0763666212892
-0.391620111946
-0.780464652374
-1.27559237484
-0.633973123687
-0.496893179
-1.33610254003
-0.634411971831
0.490297010178
-1.2129530022
0.616827475871
-0.503731432539
0.434402430266
-1.41476160445
-0.0363052791658
-0.620726275943
-0.232054627469
-0.142022627051
-1.35331861367
-1.58300807402
-0.528334312301
0.273713857026
0.988025225388
-0.611418586526
0.399531423506
0.786919675012
-0.0897626929843
0.306738371072
-1.50857000013
-1.72054217086
-0.343452715179
-0.736822969033
1.53313507828
2.11070537939
1.05227301594
-0.459974667277
0.553608322669
-0.439996591297
2.68184213752
-0.770488838791
-2.04956068622
-1.20345550677
0.145864107892
-0.318939963232
-1.37832946411
0.184513989897
-0.971889596846
-0.583217637607
0.31376889747
-0.220238408712
0.118640763481
-1.56149843529
-0.189829530842
-1.19328686964
0.77673716699
-0.433987799062
-0.289575423658
0.290294546907
-0.374320505023
1.14213562966
-0.0481293929178
-1.31888679981
1.67135737176
0.742870860723
0.94554989077
0.902628578268
-0.714363453341
0.953250299964
0.974824034691
1.69426799005
-0.278802905062
-0.556907276414
0.246812393493
-1.46601378885
0.049280001612
0.94448451468
0.270618408014
-1.29120326403
-1.86744203407
-0.529519102245
1.020032878
-0.394103429154
0.84024679861
1.57911591294
0.580853316449
0.33763952351
-1.10917387278
0.0774383562764
-0.508765439489
-1.0994045862
-0.372456208081
-1.35498126436
0.630982801954
0.80471093406
0.0592408879134
1.06233315751
-0.693665568103
-0.146109754803
-0.0376827238756
-1.22125247321
0.787458891757
-0.382610816038
1.03239611303
1.02865849142
0.542899342371
1.02315653218
-0.946052561456
-2.37090461837
0.699428559607
-0.260095497364
1.27705292074
-0.600517733111
-0.583035725485
0.1150970862
0.338800474441
1.91793223742
-1.23852431454
0.2928429334
-0.813879598502
-1.21599518744
-0.834571468965
0.388868938854
0.69183519022
0.315686777239
1.68492294452
-0.190837559238
0.0296905321573
0.10074896809
-0.481014404018
0.764344357916
0.00675529200924
1.36877206429
1.48887395102
0.341942383882
2.06543441757
-0.468060855811
0.247772278597
2.09046004553
0.477698523512
1.34048399707
-0.678402989404
-0.436207523025
0.743425123231
-1.25148762981
0.569320943092
-0.42992767961
-1.49928516085
1.17072553711
0.952101568289
-1.01679420185
-1.49502271612
0.964286911133
1.17367964824
-1.33513940334
0.395582993912
0.70679864918
-0.876053323311
-1.8824466938
-0.326870392753
1.7766128128
0.0742313081118
0.878169924211
0.706028259052
0.415004421673
-0.381683736284
-1.67562412852
0.117913410895
1.1013609196
-0.726736403785
1.27030771425
-1.58738309703
1.9186188473
0.114192073303
0.192547920629
0.0543594379014
-1.7981478386
1.23032742976
-0.316486192134
-0.491409708042
-0.949878180899
-1.26956110661
0.188208751325
-0.299465581643
0.441523275476
-1.44228972708
-0.186648687287
-0.615977866177
0.175152006985
0.908375490512
-0.739236522007
1.4833906438
-0.281033032391
0.0971080113413
1.0865493149
-0.930649949451
-0.456578813953
0.143724584476
-0.85568921388
-0.225964433205
-0.549323842959
-0.145323197071
-1.00200154169
0.256765807627
-1.43779341787
0.221705027375
-0.300657875912
0.719900141962
-1.03511825889
0.668527570061
1.98213825826
-2.55637386089
0.448457798436
-0.773296268729
-0.13041657711
0.411862065065
-0.53273087867
0.709779433975
0.333945026732
-1.95066256399
0.0602425795037
0.729023154109
-0.0557103869079
-0.966583747023
-0.550051005064
2.92724664417
-0.692799681363
-0.219580365952
0.0562384645124
0.54339025057
-0.924042202213
-0.570976169163
-1.28266889572
-0.594627922964
0.948031895992
0.596749693079
-1.05881894806
-0.206161328989
1.94858641445
-0.954138872778
0.760485415941
-0.94121935285
-1.98924274291
1.33617491801
1.44998615378
-0.0292710074099
-0.271539167973
-0.764486853388
1.18186844876
1.14056750327
-1.20209497674
0.107190483018
-1.56843894059
1.41242767986
1.6635198636
0.159867580858
-1.31501508921
0.0248977539631
-0.960963348879
0.0748860343055
-0.260397975566
0.175521948427
1.08340077283
1.39008848938
2.38886367984
-1.03452316491
-1.04532021365
0.311702518563
-1.01401269436
0.0605457764503
0.305309290557
1.15490069075
0.696009959781
0.00134777607557
0.771336920792
-0.636496548451
0.432217214593
0.554869424563
-1.46166801768
1.38686319234
0.316788950131
2.07206825453
-0.400996243713
-0.722065751462
0.133251088749
-2.37153012418
-0.459499535142
-0.417862042179
-0.695137341967
-0.0975849403033
0.85284620067
-0.369565903738
0.891281066322
1.99622195196
0.522457604579
-0.208706610341
-0.0672373554486
-0.678377207694
-0.386300402288
0.522072588962
0.434741891014
-0.705837534152
1.79526309382
-0.947860188331
0.418580887813
-0.778795511057
-1.34426661041
-1.53156930803
-0.164295063787
0.240184136998
0.597668612416
1.22437362742
0.406037781093
-0.627944260757
1.15142489462
-0.677048036204
-0.60523433459
0.326052686239
-0.116741841233
0.832531425576
-2.78037813353
0.247613535367
-0.417130436557
0.535191814028
-0.563072012602
0.335747383156
-0.434903100336
-0.442078010711
0.337541992907
1.48338479724
0.310139485664
-0.0871329216026
-0.94111880773
-0.351332007656
1.30109427538
2.03129108121
-0.898683010007
1.49121657091
-0.304496559989
0.000811968724821
0.547677245639
1.70423414867
0.262659613743
-0.432393327936
-1.74019474785
-0.776384880664
0.254502594651
0.00794511165147
0.016677974352
-0.440263453137
0.454518532709
-0.872139444742
-0.22425521207
-0.0785499314972
0.601813458343
0.932758314551
-1.63906044783
0.754002478361
-0.565303813393
0.700811030014
1.76986525975
1.30273379139
0.733375339121
0.421039291533
1.98504691052
-2.7681184147
-0.428874213787
1.07671759507
-1.00727039807
-0.751787442461
-0.0682769597707
1.56168855311
1.03429301901
-0.0195116941795
1.33780537548
0.931285757376
0.308734627397
0.154314796524
-1.13190634738
-1.49677630504
-0.331325588763
-0.166122571191
-0.564882716881
0.395857233727
0.0958078054123
0.814352717141
-1.25697812494
-1.17702201972
0.0830593505803
-2.1527753374
-0.885155990041
1.5984672578
-1.1877035668
-1.03773366245
0.398483843979
-0.27008854022
-0.422604465439
0.33077795697
-0.0729529574027
0.213143064957
-1.42513584323
1.42984993956
-0.0678625702537
-1.35428330899
0.357391203782
0.259378178371
2.37720032175
-0.281922813155
0.74155033451
0.9973960421
-0.612815692151
0.490640622612
1.56956677293
0.58239852865
0.696235542155
0.0989154123252
-0.283033990744
-0.641673643256
1.2872260292
0.406733634125
1.36988518779
1.22578913408
0.743206123106
-0.0950546304518
-0.775161301109
1.32724360065
0.742456692506
0.20232532534
0.172411754427
1.34808513931
0.773326190899
0.209241216348
0.374159578041
-0.82453507702
-2.1742166752
-0.615929318188
3.02766559916
-0.476808893122
-2.80557617942
-0.56437760223
-0.161976312846
-0.510793570203
Score: 1