3
44
10
3
0.439909462468
-0.96742385369
2.0717171184
-0.798451989274
1.55367715158
-0.0107350343868
1.40998636211
-0.373007597642
0.129544194029
-2.99128062623
1.35003818834
-2.98040272596
-0.350149171592
-0.668741026111
-0.563831010249
0.0880104720566
-1.61959181091
1.10111564558
-1.03662806486
1.20406013471
0.110786047142
0.763300684079
0.543436436528
0.033543957894
1.21961931362
0.565230760027
-0.379554505241
0.0889377399843
-0.0875384756088
-0.71870583837
1.83638977901
1.76011893614
-0.474314224934
-0.0269146667096
-1.27331197421
-0.197518791697
0.840284990737
-0.38440935452
0.0499821952649
-1.15434022479
-0.372072370842
-0.58649047456
0.173778444831
0.80487574422
-1.29865640311
1.36891311681
-0.210656547008
1.15483588257
-0.353896038319
-1.22462364206
0.791092358061
-1.62084693717
1.00689580617
-0.824452385696
1.24933703884
2.22427000357
-0.106667035852
-0.694653010908
-0.253825196968
0.181039859372
-1.39678847593
0.599348804219
-0.449304122198
-2.15223012863
-0.0396516637397
-0.62293381235
0.0506942389503
0.369539890363
-1.14484071189
-0.996893261217
-2.49282469219
0.699802113508
-2.8215087419
-2.15649589778
0.580051770393
-3.56921729518
1.46121155654
0.442471121673
0.934564323791
-1.34461027056
-0.914734222347
-1.70103241727
0.473651325159
0.680789773579
0.0264730739799
-0.200563239261
0.110413081565
-1.45117115359
1.54049026228
0.589443142234
-1.86204053314
0.744892482426
-0.683087225834
0.325393647372
0.501400578687
-0.433136531687
0.075753050505
-1.71331867074
1.22526696923
-0.768380731339
-1.56219017049
1.5389030312
-1.08723315096
0.763315560133
-0.829875543087
-0.952819437972
1.03417516229
-1.70224821477
0.0356714535565
1.35426207706
1.06329253236
0.116705694737
-1.17304384782
0.158788992597
-1.49253155887
-0.177885871986
0.529165174949
-1.72949587137
-1.47481535235
-0.192982145582
0.167566997414
-0.658865831587
-0.235473624162
1.04370938148
0.814039497594
0.704387408014
-1.55843222207
-0.614964442717
-1.98251359065
0.186441720172
0.475062184614
0.0272004578598
1.80449859936
2.51524067233
0.203666050609
0.258010343403
1.23589085495
0.742287462624
0.827574282986
0.582770114345
0.0374520725284
1.18748834994
-1.07703225541
-0.636618056089
0.462727773439
-1.20315529568
-0.200162543963
0.454093954832
0.580854078478
-1.77865382295
0.718394998296
1.39025898165
0.228615750112
0.395549690728
-0.925399814872
-1.41963272781
0.926408856833
-0.65621560225
1.28358542253
0.129381349185
-0.157861288508
1.48567262235
-0.0912943334221
0.236330344359
1.71464161275
-2.61213192886
-0.431205595948
0.256235521602
0.363594330374
1.01073898398
0.536452674464
0.689472169993
1.44382412101
0.128235895611
-0.686480274999
-1.23779302305
-0.173351299284
0.25428538446
2.05307913205
1.50290096846
0.214689506587
-0.445726825846
-0.539139821705
0.709288345385
0.405295178973
-0.313189706405
1.15028389433
-0.0800582070264
-1.23966409325
0.472273915999
-0.146889832753
-0.582226193864
-0.234035823519
-0.747846164674
-1.32296683067
0.668300575014
0.000481580556946
-0.779311216515
0.258053276568
1.10969755429
0.675579859039
-1.07962297858
-0.501520132716
0.412893275459
0.827191262341
0.158501100837
-2.25475695458
-1.16706255651
0.714784674432
0.499588565214
0.812062978266
0.174237677421
1.10058637436
0.38095490796
-0.689956783666
-1.02196796585
1.69686979307
0.263596761334
0.964735118263
-0.948537127157
0.209272633421
0.119969616098
-2.04448509148
-0.842557583514
0.575749273126
1.34459976532
0.419385951384
-0.433176644089
-0.358646009032
1.30373852937
0.343243073863
-0.705739585386
-0.832552432403
-2.25158221506
-0.670440737285
2.03124885935
-1.1259582944
1.27132709652
0.65062080274
0.0612048133018
-0.846543875487
-0.970564382184
0.741263826843
-0.0245631326476
0.163779384275
-0.470477051363
-0.382899889841
-1.51258484817
-0.638931151772
0.0237987177653
-0.524719759142
0.426752564974
0.112335395219
-1.28340420021
-0.117321456156
-0.642740278891
0.969814195855
-1.45119789443
-0.00880699015593
0.104619484235
0.701453941489
0.351608670887
1.18507589244
0.489178070537
0.965667093785
1.10575182763
0.341778754988
0.0781808441043
-1.26959836749
0.317707138913
0.529212343235
0.475487051533
-1.06023744693
0.470652387723
-0.4006800284
0.985469857807
-0.187258728618
-1.87422950665
0.0536367748297
0.729541666437
-1.50835698969
1.60908170556
0.207725655206
0.952449133473
0.716834883165
0.758484401287
-1.00193939239
-0.887010818165
-1.21590054385
-0.220925319705
0.611094615925
0.708683748784
0.805614666192
-0.22443111201
-0.964188457902
-0.787303524788
0.841125988936
0.372831916017
-0.709029453946
-1.01777245271
0.978829003849
-1.90159696701
-0.755451391189
0.884491098296
1.08564421998
-0.226216254759
0.141488437281
-0.00757769633623
0.145053207166
0.307583159979
-1.2077130651
-0.599596254542
0.201979567735
0.900655802103
-0.955388727926
1.09633577756
-1.10735287215
-0.131489148599
-1.41256172086
0.200667805473
0.129469410084
0.295316673467
1.07727011627
-0.334131414117
-0.955896896093
-0.812296656648
1.06839485974
-1.2259520485
1.55420450213
-1.29936506266
-0.953658663226
0.285513802632
-0.164294658826
1.24803443324
0.302360172163
-0.0816347095705
0.37774365355
0.932410239233
-0.554350141704
-1.20917104677
1.92219491213
-0.703316658339
-0.130520154541
1.27541299185
-0.844901960529
-1.87821335953
0.683397269591
-1.50107712101
1.28067388857
0.451954371198
0.517263281952
-0.938652365561
1.09948664449
0.490571982944
0.914694184597
-0.729859831403
1.95622748076
1.18537523127
-0.0667748646363
0.734303657975
0.766595660388
-0.43245253555
0.712281033161
-1.1980965304
0.6329271292
-0.00990398778868
0.895147701349
1.11340923498
0.47533761657
-0.642100841926
0.482366458693
0.502933941442
0.269202000948
0.45692949442
0.828912710468
2.01697474073
0.410800874909
-0.0519467028644
-1.2921831577
1.45042374871
-1.03538225193
-1.93494022665
-0.502852950473
-2.00615470954
-0.0388779216237
-0.371964290758
-0.950672801265
0.010142734057
-0.555528155914
1.76632607454
-0.311123500543
-0.073068448123
-1.12411135216
1.75856990532
-1.23552261158
0.295961514441
0.054079665745
0.468706498116
0.160662370029
-0.836436530643
-1.57103277973
-1.61793920317
-0.637272967648
-0.051773532931
1.950554542
0.469696863181
1.70829154719
-0.784511362699
-1.57777011537
0.215327701445
-2.04670232946
-0.581558890378
-0.665711379053
0.41418058437
0.283815531102
0.996691851063
-1.12897386375
-0.328914217546
-0.458793655476
1.41647322546
-0.016225679511
0.869324562102
-0.757350418906
-1.23348949636
0.311497757713
1.12943785288
0.100987893717
-0.416311685811
-1.28403637924
-0.194033781305
0.76664908242
-1.99752978183
-0.901650880177
0.0761258319201
0.307356009852
-0.709200406803
-1.12148316315
-0.202095743315
-1.31733841337
0.61796403843
-1.18468223283
0.243757430394
0.986449565359
-1.35908776399
-1.15348681118
-1.91388445748
-1.04339052006
-1.36645610211
-0.94668353798
-0.609103435632
-0.68642908786
-1.22576340344
-1.04076866597
0.187399575462
-0.848121978191
-0.23480547847
1.09122970452
-0.690154099777
0.550235669472
-0.219214612513
2.43218395574
0.0961092528031
0.990668837805
0.0954217323753
-0.853761292958
2.05174169477
0.663218860107
0.626272448334
-0.155503013245
0.511682848491
-0.460471533325
0.119150704956
-0.214486015556
-0.798301061809
0.0852299544326
-1.27794909124
-0.229003062357
0.981798074853
-0.22766169427
0.988479522592
3.02306620632
2.8156754172
-0.276217083992
Score: 1