3
44
10
3
0.171737897081
1.54474302581
-0.498265426078
-0.978020017438
-0.440050993634
-1.58251253218
0.117916544963
0.518216344624
1.41339777331
1.50514462391
-0.725154822214
0.647990196118
-0.0222866152149
-0.455460158722
-1.66844219949
0.154056808092
-0.169994729254
0.142106521398
-1.18907977069
0.672499079284
-0.202751195062
0.693742265914
0.580942641355
-1.2465664748
0.410656219061
-0.432090913805
0.338128643859
1.37801574525
1.04958402194
1.01911715804
-1.68038626936
0.339265643566
-0.610159271247
-1.86315873832
1.12887284177
-0.415826012046
0.286564976087
0.38422555306
-1.48492720247
-2.4618443838
-0.933895175534
-1.59144923139
0.195384626422
-0.0801935232301
-1.59438737449
0.538558354837
-0.903966215625
-0.773089973882
2.49711324649
-0.834344858962
0.486889684021
0.458927047091
0.483985350939
0.650385097098
-0.991057106927
-0.0673744258298
0.942804898164
0.0890018444644
1.61550238217
0.608823091775
0.908905338297
-0.838335574754
0.537784896815
-1.20534729947
1.36202274785
0.402810444793
-0.0102922595746
-0.845515675595
0.0370299135482
-0.317414062612
1.47300465605
-1.88558414739
-1.66582953525
-1.22383080894
-0.54344754928
2.26584846551
-0.568024725378
-0.130762722943
0.520516348748
-0.395951181535
-0.334583307902
-0.451468145137
0.74846658925
-0.216032322457
0.0861439399388
0.440766482409
-0.96461179235
0.611292677584
-1.08726668926
-1.91073985516
-0.218699816335
-0.696830516048
0.0659557738434
1.96327895574
0.223990492535
-0.739094958536
0.204243509417
1.60315968373
-0.292980142376
-0.223742853108
-0.352775226818
1.4646090605
-0.216319120867
-1.3974400759
-0.844938013112
-0.0610902771945
-0.109884276276
-0.292900517136
1.02046998191
1.2263297794
-1.3978163194
-2.7024015862
0.177157987146
-1.01692744628
1.64864220509
0.820255782616
-1.61164739045
-0.735920103826
0.915561026531
0.147598181706
0.423122908816
-0.947344251946
-1.70264173642
1.10609323834
0.393264280448
-0.225367573948
0.586249333048
-0.664589401691
-1.20338767269
1.18981859588
1.31584700201
-1.28871179077
2.01902835842
-0.739118472477
-0.554402630881
1.397272269
1.45713379167
-0.539707700709
-1.68444289686
1.17835952339
-0.778926538821
-0.145233767023
0.984991147252
-0.418585259803
-1.46265086006
-0.930907029069
1.059383578
-1.64023747843
0.628224483296
1.45069415212
0.830268293317
-0.343741470854
-1.10683856903
2.67249914163
-0.277225080093
0.879772664598
-1.58143661681
-2.26868911828
-1.18519984382
0.499406862841
0.696110596306
0.780329773367
-1.33910752929
-0.317631760678
0.520674373872
0.247801154692
0.667522497008
-1.1274928584
-0.0557798532764
-2.01175347909
-1.981781321
-1.05463933742
-0.417077888466
-0.488306628095
-1.3501467688
-0.0202724583763
-1.18712479761
0.0574634223403
2.06974496388
-2.50316750536
-0.634510203893
-0.0979660669603
-0.219543993614
0.786569863146
-0.286643502749
1.26606194572
-0.304351791434
0.714244547996
1.31883574183
-0.661271541287
0.248145090243
0.156088627392
1.25456377335
-1.13919571475
-0.516135578907
1.51842663797
1.10255028442
-0.549563100607
-1.70004522133
1.39881690562
-1.13464308726
-0.327251301583
0.0758828932998
-0.845490677953
-0.0729247186586
-0.665898079003
0.654775324768
1.05743979676
0.062598230761
0.637751447659
0.671217614357
-0.538983973288
0.433878805274
-1.26920169587
-1.46871252569
1.53888484386
-0.761074238284
0.995193346202
0.333400153692
-0.973961543814
0.16063067567
1.05625370921
0.281826234784
0.671388044112
0.869109217346
0.508676302896
-0.420210919233
-0.896342075257
0.0117378506773
0.388255366051
-0.817248107033
-0.323488604487
-0.578502969615
2.06556195145
1.47964529548
-0.853753467983
-0.880793207056
0.305213201223
0.306202295198
-0.414358967615
1.37237797447
-2.9896853575
0.598007710958
1.20849635901
-1.53237620086
0.68146313511
-1.03369163665
-0.544525894152
-1.83445527809
-1.11769285158
0.192319496354
-0.587518511733
0.863005149465
0.0859853783876
0.432816382549
0.801806491307
0.384417490446
-0.664750410277
-0.696558742419
-2.3139791205
1.33511780038
-0.402933950608
0.560473127737
2.49303495651
1.17384999807
0.332961453506
-0.445169948156
-0.0451167791346
0.268593785606
-1.67175125226
-0.0217401997032
0.902178070189
-0.615703934472
0.12615752292
-1.1692906016
1.04938837016
0.552582811872
-0.68060838357
0.730593403063
0.284250007927
1.13844943884
0.489081753966
0.272875761854
1.33806156034
1.12526616613
0.0640275530536
0.0958630728132
0.359197504603
-2.05644911788
0.253055410171
0.894378463292
2.25856889516
0.567440836583
-1.30520819369
-2.49594557287
-0.539966935894
-0.768019708923
-0.562815059369
-0.454307318703
0.969201936144
-2.16576821297
0.935180125181
0.654042862549
0.678241261161
0.26550410962
0.742312335155
-0.320130340706
-0.786737949249
0.171731525456
1.09703039835
1.56349899448
1.21561481839
1.31793617764
-0.229495971427
0.240489312211
-0.844660150899
0.0204986305061
-0.483284760498
0.683699458864
0.907405267457
0.635974089642
-0.120424842714
-0.19856459883
-1.40322966469
0.979469030923
0.548399792665
0.345630126881
-0.00841505461079
1.01675772503
0.77072967149
1.24252904924
0.409870711849
-1.4527172837
-1.42536470876
-1.07508372709
-0.00549428312908
-1.37392320651
-0.412762530681
1.06147545415
-0.85340402008
-0.014157715629
1.39696996915
-0.879537571094
-0.686500672751
-0.506716324886
0.461831097151
-0.544917822187
-0.0952045885038
-0.130098654238
0.40763775738
0.647554007165
-0.368169940799
0.769144876619
-0.739138435078
0.124415911026
-1.27584081941
-0.0160454803389
0.761016201022
-0.237777052476
0.416777267189
0.934510183082
-0.226254202255
-1.47166915095
-1.43496673543
-0.299194238599
2.29894773874
0.126706520318
0.581728493143
-0.761454531224
-0.471054785046
0.84965785262
0.564987500606
0.00348710993524
0.328840855188
2.52470598759
0.275852148302
0.0892583102027
2.0857693984
2.63953314418
2.87633196795
-1.25453270818
-0.274620569806
-2.03121715347
0.515802900364
0.145664236849
-0.498639186513
-0.00444997436246
-1.25147505116
0.0754882079831
-0.0643338444197
-0.444365317917
-0.953532430628
-1.56463578773
1.87115300539
0.641391662498
0.688116930236
0.483164088219
0.988405608521
-0.0944513826104
0.252997262891
-0.328968912885
0.750974850034
0.258235783778
-0.272574573496
-0.752838589959
-0.990021720364
-0.486661215227
0.486584245354
-0.254841813465
1.42120933966
-1.41533373454
1.70364706203
-0.725390603715
1.41816299549
0.455763250831
-0.617292317803
1.12936182482
0.847184180794
1.40554361468
-1.63888380537
0.837706553735
-0.863207493372
0.942975242464
-0.724129879417
0.0611695638596
-1.61722535839
-0.871196052309
0.706103560891
-0.0507570638973
-0.093753832197
-1.48858907763
0.603624641519
-0.462670480277
-0.918532604789
-0.0497689336729
-0.271826172699
-0.48654848159
0.175428502121
-0.621856363357
0.0251507188853
0.0539004918048
2.36105113169
-0.737775931422
-0.00439889973959
-0.0850643069945
0.323004282007
-0.0395853784703
-1.20944369546
-0.0950343989762
-1.74458671583
-0.976646628461
-2.62963708649
-0.726463173541
-0.732282927336
1.08512508133
0.204107593592
-0.0154154693035
0.804875728765
0.198787998328
0.900586020448
1.55807608248
-0.310886640572
-1.42906827111
-0.547058853729
0.0648910190608
0.00241829531655
0.14181044825
0.285875606643
-0.280048023878
-0.965893501585
-0.0390785887172
0.673537612348
-1.27454917626
1.37059463375
2.3011093325
2.13852227764
-0.0465866430838
-0.508639504872
-0.455184892886
-0.952492918096
0.256320291644
-0.143351598192
-1.36466705481
Score: 231