3
44
10
3
-0.784650178038
-2.32705874676
0.272262566025
0.724633347492
1.88286416884
-0.683638190496
-0.408938871722
1.35624685155
0.00476635942622
1.53708589923
-0.705998182006
1.27896934189
0.138583316618
0.279984505167
-0.00534947316012
1.03083624197
-0.131538750313
1.50830558443
0.684513702334
0.0187736739812
-0.0274617132143
0.790295760141
-0.360089593981
-0.110567531685
-0.357544506871
0.440115571612
-1.50262167442
0.666440950419
-1.69348618131
0.890780549518
0.638932312708
0.612764927178
1.35116279276
1.28672731274
0.222270030221
0.127054239807
-1.90799858357
0.18855908408
-0.898346646983
0.0513071322166
2.35178116262
0.691034535812
0.737302001701
-1.58632145073
0.179795487013
0.118992854168
-1.76874404571
0.831005575261
0.0961568724846
-1.37295665164
0.112857187355
1.20992077375
-0.417020683545
0.892419806565
0.349967730841
-0.655772225637
-1.89946491105
0.13728765308
-1.08031124996
-0.122318384347
0.929278671642
0.571109981477
-0.406184916377
0.846283239844
0.360158752113
-0.593563509287
0.962777152819
0.464826788114
0.517744226898
1.0447439968
1.12504997083
-0.904179117348
3.84841350741
-0.0829825209599
-2.01847007896
0.887079618685
-0.776940758158
0.283378072596
-1.32216145561
0.409093336954
-0.204431818746
2.60587437321
1.56240603691
1.11834457884
1.07565778562
-0.533637232147
0.789948212905
1.12172680324
-0.322337773291
0.166566798774
-0.544541108537
0.419228066115
-0.139682599997
0.687714546394
0.293816281398
0.108725527607
0.0552999032161
1.4685037147
-2.78325185225
-0.862316913036
-1.45263482163
2.39046099628
-0.451785948912
2.55529118452
0.751168594149
1.05334484558
1.0524806652
2.67093515631
1.0401265988
-0.744053123647
-1.48087150763
1.38451682094
0.704318999126
0.0366597894312
0.316485579944
1.04908930846
1.60468039724
1.25863722005
-0.780662247454
0.790117995634
-0.427956249
0.474988143528
1.54088154181
0.396343997944
-0.802777188986
1.13343482947
0.182237175401
0.459172395586
0.0478777492691
1.76756553189
-0.234957974462
-0.226969001784
-0.115230655618
0.462322241062
-0.121078378138
-1.15906929229
0.223226161255
1.01278418013
0.351555774971
0.505993083985
0.409511840658
1.30039166049
1.24422379003
-0.485138544793
-0.364509180509
-1.04287652177
-1.7099838631
-1.03394970652
-0.423283210725
-0.0286370574358
1.49315422668
0.397792452534
-0.904264202003
-1.10658905719
1.00479727026
0.628010396204
-1.50477947289
0.115701613341
-0.453076514066
-1.83780293841
2.29250014842
-1.62498128122
0.0635248608858
-1.05450354704
0.477473483058
0.129080788906
1.16500901815
-0.23897191178
-0.742109361018
-1.01289292984
0.0622749519667
-0.885056123697
0.261672108373
-1.6251156649
-0.596954725358
-0.301683691199
0.846367789178
-0.131973142194
-0.762345980232
-0.112778167862
2.28436906219
-0.0484026076871
-1.03845726273
-1.42414415595
0.0685259838446
0.645113643111
0.483630184329
0.81309500264
0.663783708149
-2.16394970469
-0.522739246834
-1.27406611207
2.01294107642
1.16213262861
-2.00307985465
1.45355013751
-0.419862462133
0.367568948359
-0.126375152635
1.23878946755
0.00318524412522
0.0264353017022
-0.603559150674
-1.24486307752
1.38226102469
0.589986394094
-0.068323190974
0.00893092324911
0.356464906814
-0.626197227963
-0.168258199543
-1.37395481831
-0.751535584613
-0.0814479848289
-1.15360965187
-0.937645006001
0.209672736437
-0.315132681598
-0.737021770098
0.605996642267
0.47538617549
-0.270435771104
-0.618116486475
1.3119661428
-0.107905645144
0.573080206877
-1.39318186418
-0.681073955909
0.443446190589
-0.269005606289
1.04894168586
0.256794681561
-0.224166425842
-2.01501853389
-0.721944538517
-0.0741419831915
0.0214694225953
-1.15369114325
-0.873510503757
-1.07854581307
0.497439866832
-0.0537203159684
-0.121616273538
0.823976797212
1.84550060629
-0.0608675826011
0.881918598896
2.02688564355
0.788604736228
1.24279105305
1.10013175286
1.23119376165
0.921171463592
0.13232630547
-2.1031530279
-0.061081869207
-0.300319046515
0.95452545147
0.04900227984
-1.84726446318
-2.29136229205
0.790724070674
-0.403170614681
-2.04516959597
-1.61214680241
-0.0459906317305
0.321147104145
0.763710354677
-1.00248807009
1.58470618437
-1.10858904751
-0.183566463255
0.293529788578
1.23360986152
0.58396376636
-0.450078948012
-0.919729819847
0.115214326275
-0.860416702571
-0.442854615123
0.269922330462
2.06896448033
0.253660465382
-1.20048879222
0.564267326123
1.31511814374
-1.6655518641
-0.46005144259
1.53947370672
-1.22583508161
-1.52157413032
1.30492153228
-0.571354003873
-0.381118667424
-1.11060122604
-0.967005426126
1.90717469043
0.240943249147
-0.533614603785
0.876321798306
-1.01178542255
-1.68516276723
0.916672628947
-0.419833541621
-0.370287815021
0.88932243605
2.00709071392
-2.14018109043
-1.37107707205
0.583736053993
1.18313571764
0.695506551925
0.64784791056
0.0822252221578
1.01002713013
1.26351490283
0.650886389432
0.185286824747
0.0935641391277
-0.482403156397
-0.752390754158
-1.41111907685
0.250838223425
0.252227745844
-0.24976501552
0.708867357553
1.10603286667
-0.435379958514
0.376514205161
0.0555673727194
0.115372486406
-0.838081403249
-1.01896340994
-0.283995057806
-0.553247880821
-0.945488191594
1.36549144903
-1.43612952169
-0.583226321715
-1.32304408244
0.98254190955
1.46905989334
0.101483415829
0.239945494157
-0.330149059762
-0.322666681237
0.100839223001
-2.50281673766
-1.90390550913
-0.081892437916
-0.702017326273
-0.184347837851
-0.394783120827
1.58486718582
0.436769080844
-1.09529573179
0.969964430435
0.460635765436
-0.969416803922
0.364766045832
0.999872609718
-0.941967258363
0.547760659137
1.28408769813
0.776020476618
-0.114363010046
-0.224472285434
0.639059428434
0.713548277104
-2.70184754744
0.417915936031
1.34197849579
-0.237542596225
0.300592374969
0.165551133614
-1.26797859561
-0.706172703405
0.144243494673
1.26959191016
-1.43402855265
-0.747876894298
0.281351893784
1.07176710196
-1.03808248217
1.25390897062
0.262483892189
1.33734943593
1.10394887883
-0.642073559317
-0.59268393664
0.890029460765
-0.743509462091
-0.621879452452
0.848849741151
0.696435341478
0.0355405885874
0.205802828812
0.959010712007
1.21574293404
0.318272655604
-1.67477269298
-0.174815264704
-1.40788267572
-0.408569386195
-0.338123836944
0.107187695218
0.597978344621
-0.888177498219
0.888734389067
0.695576234098
0.472027008097
0.583845770749
0.052037412729
-0.838204279808
-0.0615018622551
0.195003541526
-0.700759365324
-0.171363287521
1.0282564301
-1.01480675321
-0.185601739834
1.6742943604
-2.52026649734
0.101629944766
1.34874007959
0.652530647257
1.31185597812
-0.219208725297
0.703733789493
1.2663573064
0.799802686718
1.61778220064
-0.490054706285
-0.0913197863437
1.78680282124
-0.0199267543045
-1.11461694573
-0.532181747225
0.360862910378
-0.6205614098
1.4352943666
0.635821612994
0.967898710195
-0.585334744145
-1.80198682178
-0.68041350562
-0.345745403383
-1.15593916979
1.19749545522
-0.18160025099
1.58809749312
-0.471156662132
-2.84778194021
-1.42398564844
-0.572072301696
0.751773097504
0.208956019451
-0.926052848951
-1.08887292414
-0.250722710308
0.0927235974196
1.1168608703
-0.17572142876
-1.5342575609
0.349317519261
1.32595036082
-0.268382499702
1.00094292439
-1.99119246894
-1.77120150544
0.0957135263517
0.812573383599
-1.13848390911
-1.41970667698
-2.06478733428
-3.14310048567
0.841293053024
2.7156797544
-0.775070857805
-1.23854991027
-0.825185945296
-1.08197001068
0.355686245163
Score: 1