3
44
10
3
-0.0971463508735
2.31620978429
0.369722750563
-0.674004611531
-0.163308608861
-0.200556405488
1.33841144871
-0.666690030403
0.497809619157
0.841979258033
0.190586281089
0.776632602014
0.493680176915
-0.417768555714
-0.0920666074331
-0.579265799017
0.335939445929
-1.03545326951
0.692245579345
1.49621576378
1.48528456103
-0.0980093636481
0.180976897136
1.4315625867
2.23122080143
0.219734803947
-1.63317288818
-0.710684087412
-2.78596011109
0.761673590191
-0.580133038085
0.589620685146
-0.155433847396
-1.31536768682
-0.0724814246739
-0.0941706390699
-0.830229881759
0.28339889915
-0.291724794439
-0.900053717568
0.0230059898722
0.514773284566
-1.45808294865
0.733784969334
0.624990499994
0.54334403351
1.07603272904
-0.812121235694
0.218671068292
-0.208464588128
0.59748973399
-0.580179808442
1.61506409894
-1.43897469964
-0.593105939386
1.21192993923
0.0757770941004
-2.31758324272
-0.613391028349
-0.0640339038678
0.281060831751
0.192823556371
0.693372018529
0.0847828754918
1.36956478334
-0.398212620076
0.0221094856132
1.20949151751
-0.999340438137
0.581499420285
-0.344167097881
0.078122721476
1.30064152793
-1.30157258066
-0.447309405253
0.40297639165
-0.235545559456
0.859998605826
0.694478846942
0.794286547408
1.34409267185
-1.51029409303
-0.292652247259
0.248041810697
0.300938997296
-0.46995659679
0.337689524315
1.20910428941
-1.43352918244
-1.89419670522
-0.736264194539
-1.38421606833
-0.593682911899
0.934777109391
-1.4449452007
2.35101088657
0.0324553271146
-0.408206431144
-1.41296053529
0.921204673356
-1.08404909135
-1.47571638846
0.226171091579
1.59214211637
-1.32139920094
-1.67173787837
-0.0838957820124
0.657093044329
-0.956051891468
0.0259043575336
-1.72080922913
1.65116008433
-0.177395980566
0.252150167021
0.18788431395
-0.633096527032
1.57824829762
0.893908919766
0.83964926062
0.817344429472
0.0990754768638
0.275164020592
0.5567575309
1.03371537518
1.32616157422
0.120658331574
2.23807515588
0.181890144534
0.260477679623
-0.969781755298
0.471037555155
-0.58037921662
-1.69929850909
0.672960868701
-0.175768852583
-0.463740525616
0.0816296581243
-1.01535556464
-0.826308755616
1.35120488428
-0.641473066068
-0.172109770441
-0.544328740066
0.802189605632
2.02380021798
1.2558399223
-0.330194648076
-1.18865409956
0.224182138769
-1.92146833405
1.19751282093
0.602833934111
0.878969564612
0.831855994204
-0.229768229047
-0.122975126698
1.0577152203
-1.18964008951
2.53732146619
1.42527804829
0.31934736712
0.0751009077151
-0.735121736775
-0.764701568364
-0.929215537766
-0.379189662857
2.12538671037
-0.0654930417567
-1.26463370553
0.267307267227
-2.51486029292
-1.7865869324
0.815813048882
0.56370745046
-1.16502888155
0.541067696479
-1.04807871749
-1.61317184632
0.226334696056
-1.20473402942
-0.786271905233
2.77372558944
0.574120311776
0.409356114165
-0.439220632934
-0.496136801656
-0.279124193291
-1.33140272879
-0.937934093739
0.546829535618
-1.34347808471
0.801207015704
-0.70819573166
1.88860761657
0.337926670436
1.20258351833
-0.0509765847003
0.422563504085
1.29864319566
-0.6968879404
-0.119153750018
1.77396700749
-1.64710246017
1.70312512189
-0.692480645057
0.821085130807
-0.585499258066
0.510825840009
1.93221132729
-0.175089751589
1.45161339488
-0.288834546524
-1.28752467298
-0.0918543674388
0.853794655481
0.16291363867
1.54825329057
0.327980885539
-0.772342845547
0.380363607988
0.0432058966598
-0.130721254061
0.951418584614
-1.21843518604
-1.25249422216
1.7275786181
-0.756727609244
-0.0826124716132
2.22832654332
-1.20793652005
-0.595650181178
-0.140126418636
0.156213966952
-0.333024073842
0.127147069736
0.607248507503
-0.984183774812
0.847302002364
-0.0370636763943
-0.451034207956
1.13337192844
-0.44177508796
0.480879748391
-2.384356346
0.860845694369
0.31268521533
-1.5435591034
-0.677003841888
-1.4619809825
1.97978977623
-0.0179390237514
-1.45568797474
-0.572621489904
1.63750195372
-1.85335519173
-0.0916679104024
1.05483594679
0.58264496156
-0.284133459921
-0.698696784036
0.422072961644
0.150546105147
-0.0395018325463
-0.70353825683
1.51528275196
0.918948597813
0.0866825929973
-1.14976581834
1.29711835838
1.35151764384
0.227674639504
0.032483924036
0.640427391596
-1.90095004701
0.2864282199
1.54635339387
1.27572705363
-0.0352651036688
-1.70960267742
0.779062962162
0.168576489922
-0.738776567844
0.568980009469
1.29488739525
0.532552337647
0.982285037542
-0.43199755033
0.746001075259
0.756866692453
-0.628261805739
1.19699722936
0.100982357638
-1.6007397224
1.77061309564
-1.06817210735
1.25309395251
1.38168836665
1.11473435136
-0.209474817469
1.03565401931
0.995955553455
0.293831183653
0.126446995739
-0.0129299013367
-0.655044816051
0.907402112039
-0.681427890275
-0.0704394066774
0.0630778755129
0.752061977428
0.971814239557
-1.67568649714
-0.689296884715
0.826274884492
0.608889778847
-1.62636032458
0.495238558131
-0.927966235326
-0.245499394544
0.105777436243
1.15365232826
-0.17666067795
0.690198426966
0.671577560491
-0.412864452101
-0.104246554612
-0.0390348424992
0.0659096131509
0.529635154493
-0.897807176505
-0.448778753079
0.715099134181
0.653016715257
-1.23795487462
0.251645388926
0.366302910025
-0.743929481225
1.63728229247
1.65413219993
0.781594380225
-0.546181062824
1.38710681761
0.0346563856762
-0.893098693683
0.615440751848
-0.242699471691
-0.13876405326
1.68591496137
-0.7795201865
-0.499272680347
-1.21046362939
0.025875087537
0.8839337134
2.94691020501
1.18281991055
1.42541542146
-0.628565622735
0.178966234535
-0.315633127023
-0.122058359879
0.660892468955
0.0485583150068
1.11629457913
-0.113172370057
0.996960391455
0.852579296477
-1.18746421205
0.503885604757
-0.153089889509
1.23695800705
0.505098666533
0.836113175418
0.807289942377
-0.371790759683
0.674209507272
0.287582685541
1.02590403705
-1.29551914108
-0.345794857029
-0.695369052186
-1.32891742124
0.582417831199
1.31124008343
-0.383187382067
-1.01035383558
-1.46632059237
-0.10707786726
0.958942391563
-1.83768958676
-0.00717212404227
-1.04005908021
0.802914010181
-0.280961796525
-0.555565862488
-2.06377464857
0.454470505527
0.696816373842
-0.220560919585
-0.938030560362
-1.48993088612
0.695936479078
1.13940594298
-1.5414460792
0.619887800774
0.109406924371
1.49961345277
0.0224807883813
-0.0570656175725
0.47928865081
-1.37364819022
0.0166606013108
0.131064415994
0.523811858188
-0.84274863394
-1.85542486894
0.0176491214394
1.57915536008
-0.391452885061
0.693105107929
-0.474438153335
1.09645408725
0.969064165317
1.52788818845
-1.23921492797
0.177322005393
-0.313492345578
-0.304168981948
1.40637548742
0.79773910866
-1.36401764702
2.25849303987
0.720560319295
0.197322789799
0.687563101486
-0.476251169706
2.06230503597
-1.71309986319
-0.623976588635
-2.7939720502
-1.78116998439
-1.71688071498
-0.88181160384
-2.48982657616
-0.211088447627
0.0260959918567
-1.30579320477
-0.330878360744
-0.317220681716
0.345526586915
-0.289272769627
2.2939896982
-1.54584864453
-0.667908655201
-1.05325494581
0.524105496184
-1.1829075744
0.876444965923
0.230283595221
1.14522292809
0.163875809547
-2.2498119807
0.193308886138
-1.00416392459
1.7101333542
0.07723830981
1.07929657709
-1.15842749133
0.618376543393
-0.754695703132
0.581068014151
-1.39310105534
0.460156459195
0.59906561478
0.424183272323
1.57428774585
-0.22429285604
0.761375746326
-1.25573354712
-1.06645457834
0.831423622254
0.118240797891
-2.30136072008
0.153263808443
Score: 11