3
44
10
3
-0.852874947949
-1.72463098168
-0.873173972491
0.971656883441
-0.501555144308
0.384341666782
0.62061075879
-2.19673998974
0.211737698476
-1.10339829016
0.626753264221
-0.210638750163
0.4809227904
0.661690458217
0.43091997139
-0.169578799703
0.140067220117
0.351656557763
-1.1721889924
0.365915528476
1.27956084805
0.528357120634
-0.0821147729714
0.536839131583
-0.77867899835
0.423972768174
-1.22471754864
-0.0388365046701
-1.31431133729
0.0130675962976
-0.688498917169
0.284763911999
1.17863768194
0.534751655804
1.17183862148
1.28021993512
0.956322349988
-0.95542821619
-0.848996488587
-1.99471935304
-1.754648671
-1.27495827722
-0.425618303526
0.0675117572784
0.0694609036003
-0.866024217822
-0.367971117766
1.50237284652
-0.494407487848
0.344796263252
1.65064016551
-0.220180368294
-0.725329137164
0.768272426738
-0.230821652152
1.11997853121
-1.76007527634
-0.740557035862
0.675264836145
0.900603627672
0.123793620537
-0.52872181551
0.0349248845111
-0.00377189761399
-0.0251516809076
-0.289488071369
1.0352055441
1.0071914037
1.05987130407
-0.0870622329679
1.01966140363
-1.34817093166
-0.239444921385
1.63248440661
2.21676196913
1.38086956448
0.38898953044
0.494820588844
-2.24395504564
0.398936606461
1.59808543948
-1.30322205869
2.51335172059
-0.982916024827
-0.96667483674
1.65157701529
0.252301411773
2.12254150331
0.215609416637
-0.431200364094
-0.408601807197
0.066807417317
0.737236690987
-0.0954858499443
1.21707779863
1.6496622817
-0.229686491992
-0.286590280192
-1.00784827678
0.290634286158
0.948052204163
0.397331478195
0.672919491032
-0.237030431934
2.0930667873
-0.604020746407
0.336300809992
0.840050424691
0.692346656494
-0.692471794033
0.858380279627
-0.89340219212
-0.927054964365
0.408917267295
-0.378400209841
0.0968646626497
-1.53457081221
1.82748866985
0.71938280009
1.11889219873
0.613052842435
0.0591585802625
-2.26610862403
0.913277907988
-0.612371201678
-0.316997398145
-1.17655001063
-0.497676954366
0.498103192028
0.0853105215918
-0.342645957214
0.449999306975
0.344036580472
-0.240470938036
-0.221249162123
-0.437339745373
-1.42826900525
-0.186037705536
0.549880825928
-1.51480461652
0.0647472659426
-0.169357391807
0.26377759005
-0.749786420487
-0.936474336749
0.63342118309
-0.311687782803
-2.25069236083
0.281717722995
-1.84871610688
1.14740611305
0.206668938249
-0.985096544508
-1.1272964168
-1.47840129899
1.19086528261
0.419875734277
0.524690612325
-0.726417772972
0.49305187897
-0.0327478013165
-0.41833641301
0.471543786823
0.161553658827
1.21310938685
0.127317006781
1.6040575295
0.2339435223
1.819310672
0.785013047746
1.49680551738
-1.11658537848
1.35646579639
0.259528085348
-1.62094699192
1.68445765209
-0.0813226438444
0.0833547859544
-0.106691457594
1.2163289718
0.992806741462
-0.0828014482244
-0.545491418428
-1.00068377808
-0.651789795868
-0.853865705117
0.422884849583
0.563441396358
-1.01979529346
-0.784521889194
0.10629731158
0.362685140395
-0.447362765576
0.768926451904
-0.935540222973
-0.876054933946
-0.462247643461
0.510245786948
1.26421581128
0.777057737154
0.662687458135
-2.72198262185
2.12648336165
0.0928095655536
-0.900800433058
-1.59782555267
-1.9278688247
-0.646022996233
-0.791796232957
-0.0794448721984
-0.950057326474
0.0636479549861
-0.646395079197
-0.0423392806847
-0.153174569065
-0.0727859514851
-0.606649936009
-0.2666556148
-0.719053400677
1.96368793286
-0.544296804186
-2.28223092209
-1.25690119253
0.247502668412
2.49616058741
-0.396974630601
1.87146212346
-0.36188100861
0.905809513853
0.957006782053
-0.78214765683
0.258644355084
-1.47979384866
-0.467102753558
0.958251566418
-1.20180963654
0.397490364745
-1.46810557361
0.864806721157
0.134488723697
-0.81622634064
0.361520418871
-0.957698334051
-0.147538386228
-1.86670596866
-0.205728081188
0.49075194008
1.59800568007
-2.52676002921
-0.731126094975
-0.257001154036
1.40741575274
0.85583505806
-0.258169257502
0.0623303574965
0.209039348614
-0.950162393894
-1.24689987674
2.49270516966
0.282663176694
-0.118114890636
-0.813298638403
-0.118663100441
-1.38106747849
-0.398088267634
0.798744034404
1.22998427306
0.767029016607
0.891677282366
0.659250271422
-2.12775431485
0.185576399449
1.18580251059
1.6658713151
-0.122506081089
-0.525090666884
0.18959717993
0.302398476149
-0.115854035165
-0.786016627633
2.35678145608
-1.01709926361
0.541833789783
1.5418661964
0.575762412101
1.82843709493
0.745516205969
-0.000339565240914
0.787982972488
-0.372714058282
-0.000233553733458
0.190515547261
1.13284198807
-1.33741534628
0.382214714175
0.418709705752
-0.660101796964
-0.90389164912
-1.64642585217
0.0242721574931
-1.33825031946
0.0719413377474
1.19478580573
-0.083504957666
-0.509490746206
0.251142335203
-0.561126259689
-1.21688694622
1.2085197345
-0.245379051263
-0.825723034925
0.214389458054
0.924935964203
1.57702626455
0.952408452353
0.415607722846
0.40851539785
1.26182336655
0.102702000641
0.345945786689
-1.00260205874
0.633355596469
0.311014600947
-0.131463798271
-0.807446787433
-0.16836900037
0.539423033374
-1.20522019669
-1.25243649782
1.0328630135
0.687981256577
-0.425581882356
-0.56739596681
-0.0260676400353
-0.621741982392
-0.0603662181634
1.83566978364
-0.110739863102
0.998859702736
0.286157438003
-1.15961603656
0.730742883007
0.512199989724
0.548596926606
-1.51853973116
0.186067352122
-0.242387507255
0.264146201081
-1.85091367628
0.66825613607
0.733194057068
-0.353832276436
0.635356005724
-1.03504250698
-0.929051031112
0.114330701386
-0.0657267204674
-0.086366098691
-0.325485475958
-2.07388287936
0.044007505229
0.375303082784
0.421725629812
1.61348879921
0.893324594468
-0.476140207645
1.77188469942
-0.0662231279395
-0.812408306435
-0.0966480122894
-0.736442725288
-2.36510305793
-0.716339978495
0.0938972237603
-0.148307636727
-1.57030698662
0.93316655898
-2.00717430118
-0.621721448132
0.412900057586
-0.706355154372
-0.353337443561
0.498678451335
0.0572564452156
-0.508115471198
0.512271981274
0.0563661452627
0.0504191806676
0.888473421484
-0.793896404989
-0.702272185114
0.926424218819
0.137119909364
0.79584090983
-0.0141404849799
-1.34100258151
-0.339606174817
-0.558782335773
1.12440620713
0.671448917746
-0.104937607458
-1.29763500917
0.62161941928
-1.03008098518
0.163287671145
-0.19664515148
0.517834304334
1.31909453134
1.11073171171
-0.280903265533
-0.693408564553
0.375456159869
1.25949004002
-0.347174775487
-0.356125474695
-0.448273353794
1.2962892801
1.90907715353
-0.884676977457
0.996633313886
0.854536810356
-0.544485760118
0.0408255848845
0.787796074578
-2.22779278607
-0.532599139452
-0.78895038363
-0.526789080583
-0.304726562326
0.475953227265
-0.116828776129
-2.6103546953
0.287822037095
-1.78986592173
-2.21335413776
0.235870901436
-0.461530774919
0.0238636381429
-0.928129747102
0.200916775115
-0.129243772734
-1.67711467246
-0.954124449156
-0.996289279156
-0.00559188908457
-0.280863067791
0.457386183975
0.67455532824
0.293754079323
-0.305253471597
-1.18275018617
-0.063154313199
1.48592305855
-0.263292532553
1.32543607173
-0.456529736321
0.231819672965
0.781312078572
1.94889893922
0.518374893325
-0.686335573078
-0.403862745013
0.228785353694
0.0457708093923
-1.76241157023
0.212999193786
0.236593811971
1.54821458165
-0.436857159605
0.453583381418
0.994778536027
1.64310285917
-1.07489489426
0.0359471106113
0.686964960975
0.0845501440809
-2.44620556947
-0.980722361758
1.31387307112
-0.690682638859
0.876216514342
0.475920020923
-1.52370274036
Score: 1