3
44
10
3
-0.673335535714
-0.558202162296
-1.44595984423
-0.861735166282
-0.147391006589
-0.595655810064
0.724061344967
-0.00809694270967
-0.793080552014
-0.0797627494238
1.08354137157
0.57319962081
0.261283627219
-0.350438798238
0.15329496844
-0.935748080152
-0.64795622864
0.643329581115
-0.879494794988
0.0675451061625
-1.56641809508
0.0987965189883
-0.287238325973
0.280992194593
-0.0976300815465
-1.79028330993
0.530536661654
-1.09625121284
1.3607296972
0.615431197737
1.38798033736
-2.40181171649
-1.00388523857
-0.698585740281
-0.259906236102
-1.22425506137
2.05887607617
-0.727071603574
-0.148769935798
1.64820163671
1.3215091327
-1.28548522558
-0.976878389044
0.898824231834
-0.201233232739
1.14535216244
-0.933009575039
-2.06609652631
0.291117607101
1.15976660133
1.10433996749
0.363776674649
0.0579564337515
1.27123572301
1.79185205299
-1.03390963737
-2.674288871
-2.54042142157
-0.538069394324
-0.201808224767
-0.0475012191005
-0.397224383873
-0.858654261317
-1.12267803982
-1.00026483818
-0.560569494285
-1.64543795133
0.0588720723084
0.0174073993463
-0.592370298961
-1.56601820553
1.38771212904
1.50889938068
-0.288872786426
-0.34645244995
0.1261288177
-0.714913355747
-0.491197089877
0.04310852386
-0.758323012008
1.57938267396
-0.403827224044
-0.714353344191
0.449686149767
-1.17973389237
-0.527507228835
-0.778164413117
-0.083361899984
-0.199424935629
-0.604924938459
1.02991367397
-0.591980225374
0.931756023843
0.497288569389
0.691036310468
-0.751914807934
1.02929957213
0.122088491303
-2.14819816297
-0.93959780487
0.920512538135
-0.477705051881
-1.77803222123
-1.43458708736
1.59851876899
0.096027433987
2.0052393456
0.565872654291
1.24213398138
-1.34222126583
0.0172962644599
0.230920398526
1.43195795493
-0.48019712538
0.172594178279
-0.490727692083
0.986209251272
-0.721542187002
1.67308690052
-1.03142509153
-0.653372834928
-0.479541651407
-0.230524330682
0.570081046804
0.774101408191
-0.411056496734
2.13191974579
0.313638248426
-1.12635247771
0.499400684686
-0.08541066486
-0.565775449641
0.298486091109
-0.559750433455
-0.30165529912
-0.561678993076
-1.11480853682
0.6090564048
0.801389919305
1.36404815812
-0.66697161134
0.617578864145
-1.32249716825
0.629160776565
-0.489136522316
-1.10975490535
0.260917845707
0.661338102217
-0.294591075436
0.149582778906
-1.3542786108
0.738248810787
-2.0201381186
0.948086163582
-0.327115641417
1.69028204295
-1.21898045681
-0.303827767483
0.375546805983
1.76773024794
1.24313796015
0.301922177682
0.148265322346
0.365899052461
-0.771799761381
-1.05194313065
-2.12690390532
0.245372658167
0.374941869705
1.35009755348
0.742554577371
1.13527240866
0.0852102421089
-0.0681831094287
2.74449995175
-0.141353369295
0.401589850704
0.727838222283
1.93480092641
1.46524454723
0.136860471588
1.95975491956
-0.219040468317
0.0266646318808
-2.03698422884
1.1498376338
-0.426572258115
1.99858516407
-0.378043813152
0.668302742304
-1.57617151321
0.792468740166
-1.89092872191
-0.466994673317
1.54939263689
-0.0183518876237
0.25460694404
-0.0695592686315
-1.32474392932
-0.616991374349
-1.04195857872
-0.801813529629
0.836557255719
-1.58224514029
-0.894315630387
0.933406560034
0.401871096208
0.48898529109
-0.619933400328
0.255898797705
-1.07384578105
-2.14957456434
0.404432792596
0.518057430284
-0.384139293273
-0.624076625157
-1.40345589098
-2.13062321719
0.363607526612
0.591920833349
-1.27543650116
-2.70384672832
-0.493986931016
1.53886197475
-0.207560417415
-1.2160500437
-0.453614334706
-0.96824687803
0.356182628042
-1.04002348878
-0.595779597881
-0.40639594464
-0.815493123759
0.511272671858
0.121147932901
-1.60921291659
1.09361456605
0.204000546913
-0.7613435793
-0.624202775576
0.298689520805
-0.415515855818
-2.7399153305
0.693371544211
-0.202004376879
0.159325917383
0.602953574377
0.327137222467
0.820654013603
-0.220771183388
-1.42283343569
-0.841360011673
0.677524133861
-1.28153540581
0.0863414732792
1.38953450078
0.699091852746
-0.508590880696
0.109278556921
0.179293728763
-0.609002862276
0.139894939278
1.18899800351
-0.110718636854
1.22973403983
-1.27454388251
-2.13366248096
-1.87422839936
-1.10662716961
-0.246966296088
-0.397253890884
-0.0508439122309
-0.0281548085657
-0.555861260524
0.244531759259
-0.23809574947
1.23210215496
0.0498089259946
-1.43706526768
1.6402147367
-0.172328987877
-0.293198704954
-2.18488062015
-1.04285325234
0.532875094665
-0.113328565461
0.822687905159
-0.214742495212
0.390769228024
-0.719481487403
1.37861339793
0.807582480385
-1.46999947641
-0.42289169502
-0.802218634672
0.546278106542
-1.24600311084
-0.227300678368
0.692760706888
0.725890131346
-0.0783927861347
0.148240888651
0.096939253353
-1.33135901625
0.225296849415
-0.276016525605
0.108321849725
0.376018823355
-1.24251761104
1.50466887971
-1.08732338616
2.69365803155
-0.704994482529
-1.58354547669
0.280677762755
-0.284308831858
-0.284908078481
0.632472961773
-0.384514033968
0.908856493971
-0.308663256848
0.358595653146
-0.162477180169
0.322238150724
-0.282763070596
-0.292042320466
0.496351049099
1.94238391638
2.22768516977
0.95265363804
-0.415064626847
0.388188809714
0.200807213621
0.0866018376237
-1.22372503534
-0.805857364162
0.458100691057
0.385832021196
0.838987601794
-0.420191252884
0.406485742522
-0.656014081378
-0.415534645842
1.87442601114
-1.14336203511
0.318991472487
-0.450923954242
1.16595536093
-1.35410539181
1.31297342402
-0.0706250846317
-0.962297102003
-1.33206108847
1.25710783503
-2.16802644378
0.307314611024
-0.601531621851
-0.270491553534
-0.276706125786
-1.69560611843
0.615085032655
-0.359832237412
-0.0821777625141
1.84043644461
-1.36247960517
-0.209582556423
-0.385834811285
1.05929899995
0.974312956247
-2.37230312738
0.992124806688
0.162133355729
-0.354308230298
-0.515640320533
0.717548976282
-1.38100378121
-0.667405404401
-0.902030490467
-0.0593984909703
-0.383506462411
-0.542265061319
-1.86396340013
-0.584616596881
1.13015614195
0.208317787373
-0.304236579671
-1.30792831696
0.448497205838
-0.589239494307
0.206183070656
0.560129243643
-1.88994020931
0.0805240893808
-0.199211918373
0.654122628895
1.06952245862
0.983337402835
1.85252283001
-0.560498856462
0.879695709548
0.414607876199
1.66560553608
0.718960977183
-0.809935676989
-0.7262087864
-0.478586402745
-1.0988453329
0.56792590139
-0.691187126007
-0.290152070151
-0.105871794336
0.460488656297
-1.6985104602
1.10288049293
-0.190984242864
1.07488627257
0.0509938889267
0.966712900077
-0.604948818196
2.13452525091
-0.474353627782
-1.25083424554
1.28399933005
0.393446329139
-0.79689558815
1.18574008821
0.951966736343
-0.042580491505
-0.916324598911
1.30328059609
-0.0308855584025
-1.83456421746
-0.359936118018
-0.110983622945
-0.792346382545
0.15332999346
0.0528601535738
0.201974604107
-1.27829568148
-0.415672943759
0.996781196649
0.0750900746538
-0.105241930947
0.139109752243
-1.25528037181
0.27984541227
-0.650833359172
-0.436378475654
1.0516647757
-0.309954972074
-2.02207559076
-1.30973837677
2.17079468323
-0.65814763942
1.14316845238
-2.55129594811
0.215956571938
-0.782983997937
0.192205743452
1.69756366973
-0.0672648925878
0.277869660819
-0.850757179465
0.923082278337
1.64657189441
-1.39607008184
2.05330925303
-0.409044721113
0.599653673416
0.463577074351
-0.770027966035
0.427736620839
-1.53577035263
-0.918431182042
-0.0832915309299
-0.909147530213
-1.25681563976
1.2134559511
0.920194396079
-0.0625780354616
1.11993476029
-0.130743198257
-0.597607561808
Score: 13