3
44
10
3
0.180459986519
0.883293270608
-0.16386197712
-0.376600170683
1.6634439336
-0.762325162804
0.308289834583
-1.2667511296
0.762947623975
-0.291571356636
0.657103849014
-0.731429796737
0.615391900906
-2.08791776593
-0.208766770667
-0.157763844872
-0.18520340351
-0.121276499004
-0.389443855671
-0.37326374273
2.10318784455
0.77262299551
-1.57974246665
0.567469107831
-1.07175584612
1.37121690459
0.729049471727
-0.149456229734
1.31124737214
-0.0595328843375
0.613721379864
-0.696144079116
-0.60564735716
-1.98205580341
0.644745214411
-0.842754877856
0.37901929782
0.471482840336
-0.121657942818
-0.317045691169
-0.382413625464
0.153396220807
0.378225809207
-1.26429989121
-0.633260872715
1.41910483395
-0.270212112732
0.230184359535
0.476361767803
-1.94203194804
-1.17860439079
-0.61751628507
1.05865733061
-0.569030498657
1.24088973494
-1.26942123087
0.912596244947
-0.543539433898
-1.11464492804
0.991632608952
-1.64592493759
0.778986060159
0.112217546925
-1.22853121361
0.652662389963
1.75242242743
-1.00651998842
1.75720409278
0.785148089961
-1.35442033535
-0.0365145841216
-1.09399827041
1.22011336666
1.22376094378
-0.243701376643
1.35974611658
0.196154332755
-0.856237185847
2.93656095059
-1.81693320394
0.013772899699
0.884738631907
-0.501874462012
1.50898111753
-0.0618942218412
-1.2109614066
-0.949149629889
-0.536125255239
-0.215101857467
-0.275090216594
-0.00770963985192
0.479433267047
0.857578299215
-1.27651225677
0.897974096928
1.46660122139
-0.782939403582
-1.59671803037
0.677497997854
-0.120955071129
1.42516497937
0.488291928255
-0.861179248721
-0.990033339385
-1.25780586071
1.91136328795
-0.347860421608
1.26135033123
-0.0431654795467
1.20889599724
-1.46840575992
0.898096639333
1.68516227571
-0.79715820244
1.44910134025
1.71575829867
-0.432241284805
0.839862068965
1.81146577906
0.475208469255
0.221223773354
-1.46268282988
-0.912920348541
0.0249716159571
-1.44727624548
-1.06677531041
-1.0137596767
0.241183281307
0.255134797133
-1.71478194659
-0.662072098017
0.55560011618
-0.940416718859
-0.818925768902
0.702982299204
1.40688052037
0.406787570058
-2.29885585931
0.622519290045
-0.466390615016
-1.57879564935
0.781863195917
-0.212723329317
0.242700409397
0.840824150342
0.285692708212
0.586820132168
0.668909188809
1.82654571259
-0.771648817486
-0.52615560308
1.12685019474
0.146829187793
0.441988370068
1.57866253331
0.257595555566
-0.0909743312332
0.635886931862
-2.03262358758
1.00956691262
-0.337384328826
-0.177901316135
-0.225635525843
-0.474884990793
-1.33584038411
1.2660884838
-0.424808165291
0.474145143273
0.458697389642
-0.484940659041
0.927439388139
-0.937896830312
1.22652658382
-0.225504736681
-1.52856577227
-0.550377499116
-0.525499884056
-1.74220629915
-0.844516192989
0.552342888519
0.97568637543
-1.06933365328
-0.904715912688
0.70876707336
-0.111737681497
-0.470449727083
0.680520730804
-0.425508583477
-0.317748071484
-1.0036531172
0.48253822288
-0.25706274322
0.682067078099
1.4344099173
-1.67002746119
1.3952425017
0.280459159223
-0.919081661009
0.857378051494
-0.018894418827
-3.06094250013
-0.833780251611
1.63321069312
0.191607285728
1.18536393013
-0.0843710015295
-0.837898773977
1.43351209942
0.899268775663
0.801464275412
-0.965359065948
-1.74841463528
-0.427484408285
-0.564290212345
-0.468285347518
0.561464999547
-0.158093179104
1.93941669451
1.48225736754
-0.236410498724
-1.52055963214
0.443430833484
0.0200148493873
-0.734084675292
0.168700014119
2.32295162553
-0.440967040008
-2.4960354206
0.877163024363
2.25164729233
0.0612675768715
-0.138146503491
0.267525312395
-0.359169229088
-0.304611171749
-1.29404586684
-0.687893169589
0.185311098927
-1.10461471308
0.510402066637
-1.22531462451
-0.779154206436
-1.87344204484
0.117621802224
0.480737360363
-0.509682002245
0.623940834389
-0.60111736326
0.99197591119
0.668624279821
-1.86228588445
0.878844590515
0.200134316822
0.845734282441
-1.34296670162
-0.186001964083
0.00539720273145
0.618371105884
-1.78167036548
-0.889134771519
-1.26855016001
0.0786616643553
1.62114520983
0.997357706555
-0.653812185033
-0.526050789241
1.25192424809
0.464785988123
-0.779084135119
-0.257123548736
0.44742046493
0.125589607018
-0.332469314855
-0.127394178461
-0.692618382528
-0.734669630041
0.676025708088
0.920749378451
0.390061844099
0.33664360726
0.745422045329
0.743069153189
-0.464204299132
0.804845684045
-1.01897361629
-0.359084388767
-1.88458200479
0.0350791818382
-0.564464374925
0.415783950275
-0.127805317069
-0.888937490799
-0.0996435870129
-0.254739235785
-0.843074670533
-0.52138250351
-2.21111281674
1.45216239675
-1.67129304232
0.201823757814
-0.341576076047
-1.95262662272
0.739441070412
1.25697193009
-1.5560672939
1.68401554518
1.39710517013
0.437641289827
0.443307945495
0.0880705681249
2.43498126439
1.95635610955
-0.650520770621
1.22506160341
-0.385075931494
1.51834851844
-0.959930971695
-0.55466593307
0.375459064413
-1.8774626237
0.955091145604
-1.20623582014
0.0915442453576
0.783394358971
-1.03992122663
-1.3764671323
-0.748929758002
1.4962539335
0.744863229252
0.483248474011
0.396319524738
0.858844174051
0.729602516754
-0.424142517731
0.950144791398
0.3738334228
-0.0769216694525
0.758997812547
0.331139303019
-0.685107654623
-0.559093631467
-0.817498474721
0.139659948107
1.37935535631
-1.20482519785
0.736696660673
0.354376508916
-0.425878176455
-1.59458806756
-0.799618300974
0.610092546484
1.44983883906
1.02142810534
1.17919439559
2.07503116139
-0.224974838338
0.871647907536
-0.608599689946
-0.870356966802
0.822261521453
-0.0274740343679
-1.16461826596
-0.200758230564
0.915606278134
-0.974466394715
0.672553820466
-1.13315899985
-0.105538238416
-0.649790583687
0.0101780799825
0.427120088624
-0.3941048458
-0.124313817855
-0.573247612563
-0.275349816527
0.781664607054
-0.202343550949
2.48876561193
0.695917411713
-0.642335280423
0.916117611325
-0.848078415594
1.71582725049
-0.933238224156
0.662577634705
-0.178087425626
0.343289718589
0.617925494885
-0.578708305487
0.22891651842
1.00259717505
0.956759346325
-0.659339046577
0.278087358738
-0.0713552492899
1.06652167353
0.134513450463
-1.08538470374
-1.00581933703
0.0403510370483
2.59999397471
1.23206051985
0.378573447113
-0.949896653887
0.453111194295
0.568238640008
-0.564378051915
-0.529174342528
0.624411746827
0.841850724385
0.668583845564
1.51572227375
0.455764070984
-0.549621914607
-1.54974011077
0.251724871605
2.0528145827
-1.06781118643
-0.799416823592
-1.02290803407
-0.870898019018
-0.675802567186
0.317845598856
-1.24055122312
-1.14703127519
-0.46067997781
-1.74480883682
1.52002613838
-0.458554243157
0.296114489154
0.522844037626
-0.337733274215
-1.50646061685
-1.46297108468
0.216643686045
0.388660450053
0.0218026971024
1.75032238109
-0.866988304455
0.0684859318195
-0.303685804629
0.42688482032
0.217211524366
0.217403979017
-0.568831332313
0.877727346899
0.864934814716
1.37865298658
0.0965307038
-0.335634719292
-0.525751575532
0.030545832201
0.649852309945
0.386600346078
0.0510833360941
-1.03637610024
-1.43451091828
0.232911836836
-0.718705242353
-1.29889818763
-1.04763186941
-0.198923431477
0.445361438435
-0.413998576561
-1.50196514513
0.744111479707
-0.447762887169
0.310278287196
-1.39596155811
-0.226356816951
0.279515457479
1.0221817125
0.589966910599
0.920759128134
-0.0111719393593
1.1075842621
-0.534962910794
-0.590325299714
-0.873573830998
-0.586243731009
-0.758085957556
1.88571328734
0.155444079243
Score: 1