3
44
10
3
0.0751087181014
1.75045936043
-0.67115078427
-0.851743707619
-0.493722582124
-1.85611556632
0.0258568443357
0.68693209181
1.67408525145
1.43455182132
-0.819188512786
0.876091200813
-0.17894398467
-0.788870297205
-1.90526697003
0.186765988258
-0.415614226229
-0.0167680500215
-1.01433264889
0.716286772625
-0.228955978722
1.10665478584
0.515320405259
-0.930380504464
0.44913771565
-0.385819501682
0.495557414261
1.40892720511
1.02881061706
0.853487371465
-1.41692722639
0.430395328687
-0.567571692138
-1.96385968643
1.50534135839
-0.310598966243
0.0488837226037
0.479102686222
-1.41414241374
-2.46609572039
-0.929378175523
-1.49483914613
0.169930229176
0.00579813220072
-1.52122839882
0.603003875951
-0.791127259615
-0.749499236407
2.55621323026
-0.788364553707
0.548247112436
0.321628882155
0.543843828238
0.647133970233
-0.592818225617
-0.398347706405
0.862592168829
0.155060176592
1.59811657938
0.500354674556
1.00987394222
-0.768925312765
0.630587802986
-1.30413011026
1.15255415375
0.514548477601
-0.0814086929779
-0.680307749795
0.250118437337
-0.352711523218
1.31570363233
-1.69961805918
-1.62126926181
-1.30725731009
-0.21580471783
2.11859857209
-0.682511049323
0.140938897738
0.420664869736
-0.453445446834
-0.502779371892
-0.447613307378
0.588037695605
-0.0546790243933
0.268723968817
0.254097179323
-0.872800226392
0.782595864931
-1.24424929689
-1.80346251506
-0.00586306855473
-0.696495057281
-0.174724061277
1.90514152224
0.281681828749
-0.754232140079
0.581450695717
1.75062458718
-0.336984513063
-0.226249178347
-0.461163414926
1.52213321599
-0.406094198542
-1.23402641481
-0.720850113713
-0.157099691757
-0.139738429294
-0.190628324353
0.822810098704
1.29590727268
-1.44055740438
-2.72088607149
0.419764147483
-1.02538805253
1.54569008787
0.766877979202
-1.56888483515
-0.816697583927
1.16539503234
0.217837718214
0.480687383006
-0.868614309604
-1.55558406261
1.28920039816
0.456335336928
-0.295136948756
0.507973371037
-0.726148420643
-0.899327132126
1.27538333429
1.54863032923
-1.05226579442
1.92109797355
-0.641519439775
-0.588871296868
1.37187051245
1.39766001982
-0.469981038429
-1.55528338093
1.32090951805
-0.791934589466
-0.284895688455
0.666525376918
-0.212865786639
-1.5798230719
-0.937172703558
0.785591301839
-1.86942618614
0.579242500158
1.49402973925
0.673205275675
-0.497150923922
-1.00860103183
2.92385799793
-0.0650311931725
0.85393074894
-1.62944219113
-2.51164324923
-1.38401536512
0.261502128701
0.76730469811
0.649797603537
-1.31929454609
-0.206951493476
0.53300866462
0.277970273375
0.872783782697
-0.736909124354
-0.268733231894
-2.25161223736
-2.04740132899
-1.10285000961
-0.34198666247
0.0353849309423
-1.27662068952
0.0508947086355
-1.13504305665
0.180425840771
1.89427245416
-2.67531205829
-0.598174589524
0.000643682101098
-0.199141158687
0.486134031539
-0.124518584362
1.43988395438
-0.462636076741
0.358966940949
1.37391950607
-0.599596047653
0.569293374572
0.0958734930125
1.24705729777
-0.828618646634
-0.336716915963
1.16386222523
1.43631385495
-0.520918249688
-2.12130464899
1.31970618389
-1.0788623332
-0.0731145307797
0.0223721499088
-0.921076126325
0.213222725334
-0.797733476284
0.60983290034
1.20954631058
0.018060418532
0.64526845183
0.675868937858
-0.568228202385
0.274269468633
-0.957688982705
-1.404903485
1.66621256632
-0.627358896676
0.686952653533
0.333945139929
-1.2333128423
0.0880378798268
1.0152318859
0.465814818412
0.82768530799
0.785182025062
0.498079732207
-0.307431296306
-0.890627849587
0.034280772364
0.442902937342
-0.748815769265
-0.413961144071
-0.400162747474
2.03160779652
1.44399630851
-0.971346467915
-0.931077190776
0.302032862853
0.111996250124
-0.345748845011
1.47193924554
-3.16739611431
0.484073184355
1.27328257741
-1.59733760723
0.413348676321
-1.04211068223
-0.302264959249
-1.70679993051
-1.18805564609
0.18199519462
-0.415233638876
0.717158159427
-0.0113931145587
0.401374425657
1.05080804301
0.384216252512
-0.248516049038
-0.708983592212
-2.20504248471
1.36852502666
-0.284086730402
0.574463110596
2.5645281339
1.27931758807
0.186857332177
-0.359577087669
-0.000399902510766
0.0324512401238
-1.60874712927
-0.148220565983
0.785947941113
-0.893423151766
0.016472309826
-0.984087866576
1.05051096799
0.280177037799
-0.702242047728
0.897215149528
0.301381376974
1.08009944727
0.525912487341
0.208437977064
1.36287993304
0.90135698267
0.0728116268866
0.170604906292
0.145977897837
-1.93834323156
0.409991140145
0.726972775488
2.19088906392
0.660397734548
-1.31165732185
-2.25431865483
-0.386024289028
-0.532008381262
-0.389140033591
-0.52360769657
0.93374251512
-1.98654491046
0.946030441
0.558536882382
0.912566581669
0.106197939923
0.652646602972
-0.4171656578
-1.04866887653
0.200301672424
0.950155285675
1.66663189201
1.05854554776
1.21049345063
-0.313900903392
0.123604857222
-1.12699947073
-0.0119547450283
-0.364238942525
0.785069462679
1.15064945602
0.524959789201
-0.406308887309
-0.285338151539
-1.2323624562
1.00551757258
0.745600317588
0.383370647849
-0.185015434038
1.31530534686
0.903793403281
1.45816796662
0.241570031402
-1.29086273157
-1.56324060354
-1.05844831667
0.0077255010101
-1.32145225102
-0.559205598513
0.746965910102
-0.982854735961
-0.0288341006349
1.2946528272
-0.724289375985
-0.796280714254
-0.562927259412
0.455245689748
-0.618646840015
-0.0156593772355
-0.186608045023
0.272913650017
0.554580453785
-0.466532122585
0.681233322313
-0.497488352522
-0.0933426870891
-1.46722656172
-0.0474543837884
0.742905481048
-0.309324188982
0.757703566104
1.00927625115
-0.00957019613657
-1.6164976318
-1.57184643063
-0.360859954908
2.33542077123
-0.00407230192729
0.705012711937
-0.672082528282
-0.5193018889
1.0499319919
0.794349071312
-0.151881250083
0.190040810409
2.36955253678
0.0537564763362
0.062401429294
1.84640066597
2.7873768192
2.82020006112
-1.12588110324
-0.0987761062345
-2.00792200515
0.693077537361
0.19196948997
-0.516596692589
-0.120378175361
-1.32887903432
0.187156379286
-0.149872157412
-0.347263144374
-0.859840928466
-1.55501129979
2.06624687965
0.534448048251
0.460683972708
0.660597636633
1.19877835968
0.00527592702873
0.309643783071
-0.123086156593
0.889910749811
0.495768060815
-0.268173980733
-0.524131276964
-1.05295063093
-0.25102712413
0.620223991235
-0.196412138394
1.31098317032
-1.52296424132
1.58641984202
-1.06169220307
1.34737367274
0.416360419806
-0.507051763476
1.20713044871
0.660448628202
1.26207364438
-1.81783685447
0.835819106912
-0.936409887445
0.983817113568
-0.692755838017
-0.206892061705
-1.56356241994
-0.780118581215
0.719503268133
-0.202561143284
-0.192298405138
-1.33839713186
0.636838469304
-0.844128657091
-1.11217997142
-0.158413507727
-0.106289132456
-0.499391187693
0.141864140212
-0.469702926382
0.129647131196
-0.0477892124131
2.0690268572
-0.991004640603
0.114690590157
0.0230480368463
0.13494758643
0.147589661618
-1.22126839944
-0.151293414545
-1.75413170792
-1.27071267254
-2.62802567352
-0.764828057107
-0.52499245901
1.08040643052
0.240708195787
-0.192447341782
0.801872611363
0.294306907399
0.838434573105
1.47340668309
-0.220302638341
-1.40941173468
-0.419349769363
0.129150475411
-0.00453157601419
0.215536913593
0.308081827401
-0.559390139515
-1.06773036684
-0.561961752378
0.973200825342
-1.13340227928
1.33497033237
2.57595619853
1.99018123622
-0.0939711432327
-0.485999356813
-0.391020131806
-1.06532110933
0.31382564821
-0.154613539064
-1.60397428506
Score: 21