3
44
10
3
-0.778315644247
-0.728436339586
-1.59393228957
-0.88345070965
-1.38627138094
-0.670302466639
0.84325767384
0.752078165385
-0.490104030463
0.80935913108
0.31304639237
0.00160641115206
0.919833168062
-0.256915642463
-1.07092738988
1.43591298294
-0.910236436089
1.88258813644
-0.935872611485
-0.546905767012
-1.05261542516
-1.04305242757
0.270807270615
1.71727862679
0.250061100776
-0.0651179583928
1.30202151701
-0.680800894592
0.669241909523
1.35141458239
-0.31496578542
0.0378327339179
0.719153011122
-0.76397581565
-1.40868155945
-0.346836373978
-0.837063220655
-0.275561433354
-0.29436000195
-0.792947138494
-2.09950262866
0.0812118016093
-0.597471378459
-0.706415788809
-0.29295052456
1.17227332189
-0.909732864946
-0.208124136385
0.948372756203
0.176744621682
-0.39164261168
0.345273504965
-0.451950439501
-0.584674949666
0.511835295214
0.12976414015
1.52931321208
-0.0746548477117
-0.22897421932
-0.36013517791
-0.582168800568
-0.883469283459
-0.937063247182
-0.177223727048
0.275851922671
0.827886344599
-0.0646796558203
2.18267023805
1.80590858684
1.79888343519
0.631639655557
-0.18497733324
-0.0488618831058
-1.8050219048
1.01605983171
-1.40571728533
-0.793631920593
1.02866257318
0.273264456067
-1.05102025008
0.401102418231
0.542092248324
1.339383638
0.670390835725
0.314297613327
-0.458471000604
-0.247581674892
0.086296516754
-0.860594511172
-0.777998935237
0.702646361244
0.697991626453
1.51101177876
-0.0937277153892
-1.05609027116
0.187162153843
0.329222506867
-0.834529057953
-0.924683995398
1.74024094203
-0.679447028898
0.807748536101
-1.37731838882
-0.328568011541
-0.411191256069
0.328280276149
-0.83745470954
0.90312404945
-0.781849189626
-1.24983654579
2.09935674649
0.0765496041129
0.431713140631
1.06135240144
0.209784752353
0.354308621543
-0.0511779321083
-2.39836434755
0.309026324468
0.585211263122
-1.74021361986
1.19039987996
0.798138091061
0.2980315417
-1.53283158378
1.62738798681
-1.18363519418
1.74579582662
-0.794037082937
-1.37212528058
0.369425555179
-0.385978292424
-0.803279563502
0.606640807848
-0.437670675148
-0.268333674712
-0.086377621893
0.881288065953
-1.0589925521
-0.567246416204
0.476641131649
-0.138122960641
-0.290369207783
0.079619476942
1.94004813762
0.626627077104
-1.12799860635
0.833973390258
0.0438973002671
-0.974930200669
-0.622852036053
0.298174818297
-1.40277567432
1.19214135002
0.331547774262
-0.971618174194
-1.46956231381
-0.33718748259
0.298877383411
-0.876608026877
-2.04699682341
0.192414509571
-0.553151004547
-0.192046738711
-0.831103624831
-0.416933499632
1.26461020152
0.270876525884
2.64291476223
1.13981033684
-0.233460223185
-1.84284446619
2.07859245835
-1.48617772374
0.930600633623
0.206470426475
-0.0159547247855
0.774934178371
2.47620676041
1.52124177043
0.254170573263
-0.125618024561
-0.924249827744
0.292315473098
-0.469449440037
-0.793664406706
-1.19795254523
-0.103125227919
-2.39231369196
-1.15925774449
0.997291167683
0.496640018724
-0.343546084545
-0.311722101087
-1.38913230332
1.00980211751
0.711756140482
-2.20801544949
-2.06751200712
-0.0374196541432
-0.395204127378
-1.36095842308
-0.443170473033
1.34979539687
0.934288565122
-0.07425433263
1.19519890659
0.0510874730908
-0.334087874571
0.441508522128
0.17649771342
-0.310231090321
-0.0501578955388
1.30610950715
1.6905546145
-0.240090010521
-1.00009974895
-0.991431837417
0.755679573849
-0.179288998614
0.450296425194
-0.0756767737347
0.80445989917
1.1915041277
-1.83444939412
0.316020254372
0.528054325998
-1.74477428694
0.49688290707
-2.31755534496
0.232349073803
-1.29926436172
-0.920295674667
-2.44143289537
-0.596361187748
0.386587140221
2.25018111775
0.412647782107
-0.520670676494
-1.86178491165
-0.246419245993
0.78941915769
-0.664364575603
-0.621514303005
-0.389930016245
1.09739106283
0.72641088721
-0.948159379185
0.311333853153
0.845724666652
-0.583773391034
0.566102488601
0.845449935885
0.797875742619
-1.01518884285
0.906189257447
-0.699490092675
-0.693044987739
0.903751537173
0.648820676314
-0.347664261772
-0.075200187112
0.495254284465
0.0392149682596
0.506457805782
1.25463032653
1.3015215761
0.82986920794
-0.393746854041
0.251765423653
-0.142844420979
-0.927738478932
1.40315440258
-0.842974168748
-0.261890657405
0.12891449571
0.126110015715
0.205338849354
-0.365554347724
-0.315440340072
1.16712408209
1.89390000589
-0.131569594238
1.73957003211
-0.644804824431
0.464119958987
1.41578571694
-2.27220640394
-0.891379460531
-0.469184348028
0.057777815285
1.0990470716
-0.422197322362
-0.0792023802874
0.040408106323
-0.413106527506
0.64276820045
-0.640425541319
-0.0506556918399
1.51237002422
-1.60495925195
-0.644016908506
2.09767937158
1.84980452067
-0.976780408126
-0.00163638068134
1.08227160204
1.47540543468
0.12343726695
0.0238259304201
0.181676290952
0.727805075088
0.262538709088
2.22004909084
-0.666412669011
1.34006922379
0.284739455608
-0.691572515377
2.14201362656
-0.230586874617
-1.71642615269
-1.05977182824
-0.126966613815
-0.129857897714
-0.892198033499
-0.390777837468
-0.885816569075
-1.55340819176
-1.23552954805
0.424841000135
-0.0676435729946
-1.60360508435
-0.666820741906
-0.329913831788
0.34422314323
-0.0470589382611
-1.38313832027
0.635906729471
1.15782755224
-1.14714096142
0.487203621597
-1.10598173281
-0.167609765963
1.02906676284
-1.32405420041
-0.706666948555
-1.31981019579
-1.12252296805
0.156490103513
1.36580279838
-0.123899649111
0.0136231060665
1.36533346751
0.943028812967
0.393680134116
0.752065901215
-0.0264996586418
-0.390754774665
-0.604066568589
-1.53986387012
1.96797462098
-0.165894867913
-1.00353312739
-0.789188836796
0.149958173824
-0.417385542147
-0.289552842699
1.53254612926
-0.139660688753
-1.54055607775
0.607172604894
2.32888849387
-1.62463797527
1.93891104266
1.59360044209
0.0324638819392
0.349615319023
-1.67275957619
-1.64866946063
-0.74881285139
-1.90886928559
0.925962854213
0.651967889734
0.375038126461
-0.747188018643
-0.657737634765
-1.23212044393
-1.50013285671
0.336267620293
1.45650948418
-0.544674806742
0.961281506094
-0.238916004851
-1.0756147496
-0.278023028331
-1.26038509463
0.0449085111126
-0.800340897768
1.7802545413
0.734008936522
0.422588279138
-1.91568310622
0.704237393903
-0.222680941778
0.196526263832
0.731601042888
0.0306720017861
0.405682272488
0.148205693284
-0.815509085478
-0.34255579963
-0.660796820438
0.912960450061
-1.28115757378
0.197938624372
0.221831897693
1.03490898877
0.535029379624
-2.27317283146
-0.657736287516
0.217888037552
0.178555609427
-0.567163870237
0.627652610269
-0.795064565909
-0.907548522197
0.602177921805
1.26657960147
0.330860308211
-1.77471954888
-0.212348196125
0.649253306077
-1.58308482081
0.624924520837
-1.3013798058
0.206251627183
-0.156603129601
-2.14984697467
-1.50875788032
-0.372402297916
-1.38728589198
0.814566221662
1.07595958687
-0.313918765078
-0.693952462116
0.908337700515
1.88078909992
0.00239424880631
-0.208637085711
1.21613509351
0.127156844979
2.3139428636
2.50533724261
-1.57297211756
0.620545545006
-1.44971700051
1.13948034037
1.01270911089
-0.0672579949243
-0.0255730303387
0.545940926478
0.725196141795
0.507476939555
0.0530797656904
-2.09491605518
2.2239250572
-0.192012521062
-0.371316964612
-0.573882104977
0.598324089712
-0.752533649199
-0.224669621244
0.00734639706204
-0.120581507311
-1.82896495861
1.85696646458
-1.64555877857
0.886624137904
0.109008591401
0.478630251733
0.188019442141
-0.601423643878
-0.683712836256
Score: 13