3
44
10
3
1.22239350163
-0.868772697369
1.79878239101
-0.99234973067
0.668138404587
0.0209266871072
-0.76670158
-0.568621548318
-1.31933474352
1.6843362808
0.713236246149
0.33406850271
0.229331023839
-0.138255809751
0.805615403185
1.34380441216
0.615166418589
1.11159552139
-0.447919427283
0.380385431465
-0.0220879229298
-1.59172612944
-1.34052411662
1.47857577363
1.38520131533
0.690812907248
-0.195421928511
1.00152011933
-0.542056497964
-0.999581911859
-1.78788890041
-0.805627945489
-0.69545239255
-0.479843192444
0.378042573293
-0.334099829848
-0.312196871868
-0.429294371502
-2.17168941665
0.37448209389
0.433404671434
0.868343158998
-0.150207316809
0.840875931087
1.85938650343
-0.927130840082
0.192323919241
0.982237843629
-0.915443965615
-0.98842712091
0.122453340007
0.737810498313
-0.372754665551
0.517353926898
0.134223806082
-1.0384876827
1.00593731389
0.116503574491
2.07788668422
0.339295862476
0.0498054448149
-0.247118499522
1.84254713157
0.162913971233
1.19061322317
0.782421659644
-0.16592549776
-0.730915484808
-1.1958620041
-1.25603967898
2.36098501729
0.28273436323
-0.53806434529
-1.92900223245
0.836394075703
0.379454241844
0.248738781887
-1.38676381275
0.184161923157
-0.353718260903
-0.023146071845
-0.832213819147
0.168496750734
-0.391977184699
-0.564900244197
-1.22161828556
1.04606231537
0.55242366417
1.19858547494
-0.0991452716811
-0.570987100029
-0.598160295061
-0.693999390868
0.0355057756325
-0.386681721798
1.02552614238
-0.019596663153
1.5495139345
-1.02974436544
-2.45249103675
0.705168476046
0.522589052747
0.860107500586
0.303521894863
-1.80666062231
0.337158371881
0.317919645154
0.877526137096
0.422945151638
1.00549863489
0.337250392701
1.69345744695
-1.24085977964
-0.130474970692
-1.37165803496
1.2668242885
0.928102694279
0.766835172487
-0.262231101942
-1.11446946638
1.23048384277
1.22809090832
2.83620372383
-0.172240951605
-1.89369746076
0.227658880244
-0.915246706434
1.89290230775
-0.622838000126
-1.39330296049
0.320593104584
-1.49583603341
-1.03337083678
-0.732934533974
0.869975569945
-1.36040817067
-0.371918410723
1.84189949468
0.952282234782
-0.963848024828
-0.48001052426
-0.00695620129809
-1.09520432181
-0.131240234354
1.49221146316
-0.278330554772
-1.07409960854
-0.493071739116
-0.0273423478732
-0.746743220508
0.556500589399
0.445821826277
0.211744559956
-0.743850034784
-1.28281178679
0.943042557928
-0.854372992078
-0.586794177562
-1.11543422971
1.08004582164
-0.242443707846
0.295534274138
-1.40149347207
-0.886315828744
0.530365873554
0.280905820579
-2.14839980712
1.43209011938
-0.17769785498
0.675751883745
0.173423831369
-0.0199092685673
0.758238723901
-0.163974995197
-0.142741955908
1.21474274439
1.60887520551
-2.26440632977
-3.42026080687
0.415750154197
-2.31879047573
0.0589433456668
1.96173147226
-0.00152671631372
-0.17784247071
-0.025627815962
0.661756996451
1.84568777692
-1.53635133519
-0.827210209436
-1.58637461084
0.595899178649
-1.77529815436
-0.128251282745
-0.0851810599985
0.729381991196
-0.072492177201
-0.516904899829
-1.09480583938
0.0635554948188
-0.0119810356561
0.807224058471
-1.62578886462
0.689804523992
0.379995330928
-1.29570268659
-0.0750256766249
-0.296141562616
0.728570535161
0.533290729949
-1.81140983351
0.223604533339
0.210184889804
1.60169803631
0.0774715670237
-0.0644609987965
-1.19134713404
0.557973606252
0.698358239972
1.84104782107
-0.774020828775
0.658340390463
-1.00051062499
0.896425949622
-0.180963013372
0.082888269539
-0.497230696055
-1.14714776295
-0.493751664723
0.00304570582197
-1.24850389832
-0.655960129336
-2.0956697485
0.390803410193
1.91176843331
2.64694900572
2.23057751055
-0.155062091355
0.410759373139
0.928781493205
1.19290572194
-0.345849532224
1.19886039198
-0.884721702933
0.175720598768
-0.271571706636
0.460586677121
0.497450817481
-0.519803977095
0.933350330998
-0.755136666716
1.88511086197
0.665294051753
1.64474354224
-0.0220158766706
-0.514898881248
-0.482823568404
-1.14657795628
1.79915769916
0.0766650602485
1.01619737407
2.28719584552
1.27233639943
0.656225062636
-0.632547141749
-0.27212573604
-0.184247134173
0.829992495868
1.33980405887
1.44877546069
-0.529378507077
0.373612619065
1.61786381935
-0.95228616913
-1.76634953906
1.36357768918
-0.046635588784
1.5399469468
0.53664272008
-0.684119963451
-0.577627325739
1.46623558727
1.61920478006
-0.829012863809
-1.15257174505
0.26326562366
-1.14667211617
0.114313372874
1.05935596641
0.443498631913
-0.396722012709
0.476331295163
0.153594641927
-0.773239773151
-0.462400983826
-0.718579975486
0.570670563788
0.485396645216
-0.579066211975
0.8539798385
-0.282047443857
0.698353078576
-0.895731818102
-0.105706793749
-1.13474218606
1.03775426633
0.802045727505
-0.780134357145
0.163448115978
-0.583458359422
-0.82379797417
-1.43867130838
1.4056157449
0.700404732718
-0.166991497611
-1.23644966911
-1.02417268927
-1.81718050548
-0.556659161256
-0.181362858191
0.524867456342
-0.131513572077
0.976862264254
-0.186878237643
-2.15516304911
0.0281925044295
0.536206179527
1.10919585061
1.17372332196
0.122106621868
1.49768895726
-1.73785509811
0.564549786449
-0.298317733568
-0.648463594109
0.209322991316
1.47071051305
1.56648893809
-0.340959451376
1.08972459625
0.0525296319976
0.263124604644
0.225614802266
-1.12463352443
-0.712832946303
-0.594207981008
-1.28924130789
0.678916149593
0.586873411065
1.19518238626
-0.681736898267
-1.62043394827
0.69144930619
-1.45130728718
0.148572152888
0.395224529508
-1.87281576807
-1.28214324548
-0.508538079905
1.85220353091
-0.448443031127
0.654452738796
-0.844135568607
0.0469057526241
0.668124188126
0.0247609867549
-1.77073725173
0.177867249485
0.141865013204
0.279742985773
0.0600713580976
0.567657202088
-1.45491031833
0.380878958986
0.579285948544
0.235745024984
-0.995575487968
0.663988715075
1.98309777642
-0.0738507021137
-0.477747819371
0.133828440242
-0.00827837179742
1.235025713
-1.96769112606
0.898488909965
-1.10040490921
0.13799203306
1.50350342898
-0.678611589462
1.63635696967
-0.879158554104
-0.649634094299
-0.72338292933
-0.975399903655
-1.13990531692
1.59767891094
-1.14585548008
-2.58157967098
-1.00091976596
1.38352830124
-0.14733293109
-1.65509314541
-1.78212307078
-1.11651079317
-0.0237604975045
0.762987817876
0.0443406547663
-0.878526532496
1.62613044963
0.091492503387
0.88666908363
-1.13286703926
-0.552934434327
0.766400877029
-0.557184162338
0.276931640644
0.507473006947
-0.49204993367
1.22494678467
-0.240612647262
0.197932194235
-1.23872887511
0.774763063747
0.921101458492
0.0649809983144
1.09369492804
-1.10144617407
0.0133125691998
-0.0852187779248
0.327839535546
0.521773255275
-0.543316081366
-0.706826386715
-0.314679229259
-0.297275152267
-1.89567574611
-0.0714205915139
0.415389237246
0.954346533798
0.811174744541
-0.693550110316
0.746965312702
-1.050942305
0.274370278418
0.00179237800874
-1.12117758707
0.529235902749
0.145900560077
-0.197023754309
2.15602056662
-1.65624375698
-0.175099779264
-0.384779317361
-0.333217033409
0.474107133504
0.245884085009
1.09900874933
-0.141729307861
-0.846254594744
-1.87664537315
-1.66060965935
1.49081787651
-0.382517033211
1.31855233777
-0.434380001511
0.465367160698
-1.05817019296
1.0290160411
-0.470517359878
-0.000462700001824
-0.237523933
-0.39885146528
0.207722595453
0.223910728976
-1.67595958819
-0.338987145503
1.00157418355
-0.27362585885
-1.07493199222
-2.03989565038
-0.99749851422
1.05863601078
Score: 1