3
44
10
3
-0.788213276056
-0.775834301619
-0.306295918976
-1.00225607877
0.011517561457
0.551020421784
1.47340462654
-0.190273262629
-0.371017832965
1.10003038111
-1.85066575334
-0.103818209856
-0.80243548565
-0.706842493943
1.6977193795
-0.689187939977
-1.57776016575
-0.677645038346
0.651826815044
-1.00103041485
-1.62977264599
0.963158823564
-1.16618639888
-0.531144139782
1.51490363197
0.809303251888
0.583224090611
0.202426843673
0.82625455316
0.667333103891
0.910443893408
-0.365768339353
-0.531625522392
0.285648999255
-0.802171504843
1.84088002098
0.0675086282083
0.227337437481
-0.0478816229418
0.071857963358
-1.06417224297
0.194966275793
0.853727825554
-0.0502489824672
0.116018600925
-1.16507410808
0.456511422712
-1.19665898265
-0.188392287158
0.566510576436
0.196713109076
1.84949905265
-0.744618130559
-0.919835139896
-1.60174961386
-0.97131845015
-0.0951973067235
-0.0253456921827
0.468769328305
-0.0130685962433
-0.0838814340024
-0.970620249698
0.0264101057867
-0.813561600099
-1.4346462441
0.190629036496
-0.134481576998
-1.0854114898
-0.301521395598
0.162893032419
-0.322054975712
-0.294497510345
-0.486115316216
0.418470248911
0.249347730079
-0.953640102524
0.327033446958
-1.3448652976
1.6441265161
-0.653480388053
0.27179637535
0.982389876317
-0.290174056871
-1.19390573276
-0.675119769509
0.554075044735
-2.32438730753
-1.08752248619
-1.26385241018
0.248857381268
-0.48267544554
-1.34038412866
0.0745659323396
0.0753900357408
1.35822493203
0.36803144953
1.5784096173
-1.52216318224
0.263159354415
-0.488166944729
1.89272631654
2.72824772135
-1.14549368608
-0.851313115264
0.297125586976
-0.314650456573
-0.445223825485
0.210232894945
0.392084690236
-0.497431874194
0.523660472479
1.710186468
1.44885712125
-0.544960346074
-2.43161315854
-0.0966665199376
2.17073913789
0.520322953659
-0.237584261913
-1.31304988637
0.827272241648
1.24286687793
2.10243494679
0.233900022657
-0.550921444618
0.401478094002
-0.164696018596
-0.82043434144
0.406344249778
-1.54585189542
-0.46273227558
0.320861109687
0.390083140113
1.35733204592
-1.47645335357
-0.787059188314
-0.823635384006
2.88588651979
-0.0316932261254
0.511608984448
0.490284796277
-0.0111418950174
0.0417173588723
-0.147764293489
0.686393728867
-1.00889404269
0.366278807807
0.143886234176
0.325904029755
-1.51161359539
-0.480575319964
0.295802369843
-3.70170872743
-0.079421942398
0.982095075446
-0.189368900523
-1.37227810414
0.602506168091
0.674883453663
-1.37069714151
1.73531893447
0.852897508351
1.2228264288
0.743025826952
1.62109338934
-0.0506835450278
-1.19722631592
-0.658558931859
0.619729797608
-1.90564284699
0.909944623045
-0.397644510934
-0.209616680664
-0.105992500251
-0.190488363092
-0.574498543464
-0.196749513719
-1.45046564988
0.373148282089
0.614169411501
1.56549495344
-0.342287531409
-0.61561495084
2.21176169924
0.113038976207
1.99266461879
0.561293364009
0.421953018979
-1.48140174758
-0.655054868275
-1.70211889609
0.912969119468
-1.36882744882
0.00842745026627
-0.6933190222
-0.0388925679946
-0.304092801351
-0.506107083744
-1.53864020999
-1.28433384137
-0.832182276344
-1.04611314349
-0.779709061982
-0.216275290186
-0.0258300163157
0.955605502387
-0.612329898713
-0.690962332478
-0.409595444565
0.850654907955
0.473642712702
0.214213692308
-1.81292329896
1.39199040328
0.256728462208
0.942381560575
-0.11575962427
-0.526943726203
0.24362201379
-0.580857611062
0.932797116252
-0.372677747566
0.0539613890585
0.889465538798
0.00167936485468
-0.230378206
-0.73887703011
-1.2561590332
0.672162415292
1.54318715898
-1.24675916355
-1.5097169029
-0.952875915047
0.190299756997
0.341387121097
0.559974019754
-0.479383999797
0.828022162944
-1.00792393123
-1.20259577217
-1.09438792499
1.33662441528
0.935920555159
-0.353895478567
0.242925366999
0.356073137015
-0.17531247662
0.608029361851
0.050603395245
0.245362842236
-0.481077092441
0.735228402607
0.593189839259
-0.300824904988
-0.490120461057
0.424760072156
0.919947128269
-2.28656825883
-0.9650169456
-0.023873491515
-2.20802700408
0.44512505233
1.26995556103
-0.340756558323
0.311035821983
-0.914565001445
2.11493712093
-0.157051148853
-1.57271351426
0.925066197933
-0.362760399133
0.0859651467503
0.595701483925
0.937793383976
-0.116696462517
1.71032667645
-0.391735382735
-0.066251867368
-0.639097016955
-1.39048322753
-0.238667492005
-1.3092888007
-0.202473209135
-0.362135026916
-1.5613354104
0.462471957064
-0.312909915514
-0.228102509864
-0.321857350362
1.29780794597
1.19765608713
-0.0375331468715
-0.516162775567
-1.59903504437
0.472665783194
1.13217230891
-0.517101410514
-0.149402495324
0.357124424281
0.320205277339
-1.74466723666
-0.121172321021
-2.17352064425
-0.604302423118
1.02697953176
0.230781873367
0.20861717943
-0.964651450116
0.0520701513814
-1.52790847844
0.0424071419753
0.767354962553
-1.28749863721
0.590851574732
-0.870297444182
-0.33220635364
-0.596003780924
0.571013122472
2.38294814416
-0.225638639428
1.08825248089
0.336072470475
1.6891601398
1.02018424534
0.352328062098
1.08365258151
1.61209341924
0.549985163283
0.105605428118
-0.97087583455
-2.12405213491
-1.23624240323
-0.336882835915
0.296763329594
0.355722784028
1.13580029455
-0.22740226779
0.495405802838
-3.16965515595
-0.261810146485
0.36918331885
0.879916808454
0.966851964275
0.349933837999
1.19816103529
0.38990938467
-0.0720992691597
0.929792472419
1.05226178559
0.490717456783
-0.0420566224623
2.06196983548
0.907444491985
0.0931304824683
0.862149396739
1.09444269596
0.76156173548
0.817706367117
1.1626487055
-1.16433281653
-0.30039635952
1.60933444082
-0.820420238413
0.828851048065
-0.880286568557
-0.775021886445
-0.485246980815
1.65646664318
0.160997196736
0.829938387554
-0.0109757643301
-0.807038410095
0.495588508453
-0.229996064023
0.223168315819
1.08486895311
0.53556784907
1.80639861643
-0.728062742074
-0.616436514401
-1.44865363845
0.0369373939526
0.443275638735
0.763336226314
0.436840604241
1.96795540712
1.6835250457
1.01843885483
0.228662430767
-0.65225682967
-0.317339878146
0.745088705969
0.621420649581
-0.783795415951
0.0726446345836
-1.96530303303
-0.303054721503
-0.646879399314
0.636637919044
1.86871185828
1.25397555147
1.03980540389
-0.602002415541
1.08266228391
-0.151193423188
-0.0779520475594
-1.17294333212
0.0403972765928
0.516734706947
0.335358165182
-0.909654980691
-1.59899979507
0.448284632312
-0.0682394421978
0.553367866987
1.61165874765
-0.105959172663
0.849517654494
0.00850337341655
0.825457125097
1.19005231668
-0.98019591293
0.490799636404
0.921977502113
0.284595025087
-0.494291280691
-1.93479927594
0.726956271721
0.63050536562
-0.844803980937
0.520119154376
-1.00645467488
0.206533013531
0.715878328547
0.636498706886
0.277985580301
-0.132836496027
-1.35834509327
0.0821054943419
0.183393363548
0.292808418012
1.11697345334
1.07785967891
0.939510661347
-0.908245310088
1.6585145102
-0.950733853088
0.729905843001
-0.382253469148
-0.226869006431
1.70683052343
-0.283635695907
-0.191060277712
-0.930492411313
0.632945894575
1.07621784826
-1.08653910155
-1.18255176307
0.598150384979
-0.532951692441
-0.279788148869
0.30291130225
-0.803277091068
0.855674128279
-0.420617410684
-0.0384015100776
-0.349581323381
0.847469111711
-0.893244437503
-1.44018455372
0.212549607988
2.19580705561
-1.58435406889
1.15255301384
-0.325685508906
-0.0504119721696
-0.699802719474
-0.279226441464
0.188509432606
-0.733654086297
0.759581449299
-0.603221270368
-1.30449843459
Score: 11