3
44
10
3
-0.661998327323
-0.598044832544
-1.3501807401
-0.714756004878
-0.180819121596
-0.557737815547
0.998494828649
-0.0677622160546
-0.857892274342
0.0473724638416
1.03996807792
0.340260388672
0.231114795763
-0.0516258168976
0.2430457995
-0.719381607949
-0.117020823763
0.444886940864
-0.648425354953
-0.196431156417
-1.35265570975
-0.0842693244153
0.0094266126775
0.934039598466
-0.0554147460722
-1.81856212199
0.434455574496
-0.97695399989
1.49124571972
0.646788368333
1.26120005733
-2.62366514506
-1.0213338338
-0.782879246523
-0.237169735585
-1.35175643693
1.89652139204
-0.754628093517
-0.19166505523
1.46984962182
1.43043929844
-1.41826342253
-0.809045666954
0.778431444357
0.0229395643927
1.34553174172
-0.887609307676
-2.03766977245
0.39485321295
1.05405130697
1.11713905342
0.488668132349
-0.261640130005
1.33474375876
1.74503805411
-1.14361425655
-3.02957184332
-2.13935300192
-0.404360825207
-0.309020818116
-0.0924978312535
-0.515798810056
-0.923508850467
-1.1805939446
-0.88453673159
-0.739318443865
-1.72028546044
-0.152287638376
0.108156169636
-0.446148908434
-1.65631548479
1.62251702327
1.58666858168
-0.488397788328
-0.359137685969
0.308862502941
-0.397213639564
-0.593564782438
0.125614205889
-0.456678142542
1.69869060095
-0.296826513191
-0.500786509296
0.309112469595
-1.15620649662
-0.650291413115
-0.755003263171
-0.0722899489977
-0.11652633517
-0.596506950398
0.849582716093
-0.465153561674
0.810456213009
0.528239733593
0.435046205822
-0.866493778037
0.891708858288
-0.330858154343
-2.42024198234
-0.871984269088
0.773232872465
-0.509920391766
-1.57650132011
-1.40548365288
1.84463706878
0.0487544179364
1.77720791359
0.445973350748
1.17166994339
-1.48590768426
0.199046089084
0.418796976657
1.2867552347
-0.269000624623
0.0365294717282
-0.538318508288
0.989041190718
-0.764927344028
1.61326566023
-0.994740080734
-0.817495019324
-0.471067219499
-0.0336199137457
0.639526781906
0.785842085601
-0.683093570598
2.08861232403
0.428678157301
-1.18173010383
0.497033709126
-0.178018546472
-0.558359708733
0.19713814238
-0.353746166127
-0.212534963202
-0.680975908508
-1.27274729097
0.643817655149
0.840956548322
1.08314062461
-0.743880462121
0.637853595634
-1.50867734291
0.89810010425
-0.189027520512
-1.18466035534
0.403565474356
0.926244149773
-0.188561343969
0.383054642444
-1.30110398673
0.75747875222
-1.82112265327
0.686227212193
-0.562461889641
1.62513476294
-1.24411754468
-0.18619635939
0.174522863021
1.59423779723
1.34646673665
0.268777610452
-0.0240764532615
0.162863873769
-0.756704679739
-1.25437969979
-2.25022033837
0.346713772386
0.615378388139
1.3118219901
0.952421942173
1.13508843621
0.0715744419284
0.0994412210377
2.64868330316
-0.096414559165
0.142328551056
0.781651973247
2.11651112558
1.49187796485
0.0677175198711
1.95677285879
-0.246656516072
0.13522785597
-1.93526743732
1.29989530688
-0.0443397722845
2.1377737328
-0.336708020691
0.378587256258
-1.52416771549
0.94688186378
-1.65047814487
-0.720149810712
1.28752273312
-0.149564024492
0.183534064847
-0.134048311305
-1.18354997459
-0.759784891754
-1.29168833766
-0.612485291499
1.11871423453
-1.40933171129
-0.732810418062
0.7149304622
0.354757456089
0.55012179803
-0.835325369656
0.395204161948
-0.840996803529
-2.16249764817
0.373372892694
0.669226161796
-0.1237727072
-0.642046016548
-1.1565570949
-2.41569360227
0.639985170834
0.706575076654
-1.54589353418
-2.51838837164
-0.246551119846
1.78290221345
-0.389212064496
-1.06788073053
-0.420320133591
-1.01824437356
0.234486082408
-1.05684983481
-0.707636330865
-0.367624541235
-0.647503022602
0.74764404844
0.0948680829626
-1.70447760845
1.11425385073
0.395499947005
-0.961877371377
-0.0991657451156
0.662667584996
-0.800420117574
-2.94216850169
0.568662595415
-0.0162020063905
0.289990365119
0.73939694835
0.32609545597
0.944718680314
-0.0260396130235
-1.46456881229
-0.886771592067
0.706917810977
-1.03607849295
0.0892699839815
1.38328772323
0.829145364302
-0.294158374057
0.0286963749128
0.355696417304
-0.596238086278
0.0806647480606
0.925607233297
-0.0559803694359
0.965443596185
-1.15314055689
-2.11407105672
-1.79547280278
-1.33931700523
0.0308898114211
-0.388514725581
-0.298919089781
-0.144304024517
-0.426650132537
0.44273514702
-0.484563369714
1.36942744085
-0.198166573817
-1.54766147596
1.75920858217
-0.458336029598
-0.275057511724
-2.17478343193
-1.29321709447
0.434845476185
-0.358252967345
0.780527313471
-0.0409359067901
0.600143288968
-0.964402914919
1.14693654682
0.811713554922
-1.3284717679
-0.642603315664
-0.811005673925
0.295094891104
-1.04796161246
-0.249998191257
0.557650130963
0.641480446576
-0.40160681395
-0.0448206298872
0.0255096573165
-1.37094556832
0.414698968125
-0.404865637969
0.157425023151
0.212009756582
-1.44897920996
1.40041487735
-0.670516144514
2.65847686945
-0.535469037747
-1.6119390329
0.234495338386
-0.160849857605
-0.110842657196
0.718546613628
-0.32609077957
0.788910546872
-0.296550046451
0.359530372543
-0.126112525907
0.678908877159
-0.207536836061
-0.496452349193
0.445838819577
2.04860648961
2.16143875146
1.2957670982
-0.712137132734
0.181755441622
0.235907107033
0.332062812122
-1.05219430747
-1.16153337068
0.527759132577
0.280861300936
0.898642165958
-0.59993041205
0.325033507938
-0.468033160739
-0.135848886825
1.77396838777
-1.010472859
0.128868720536
-0.255802839533
1.25755196643
-1.28667541826
1.34822686799
0.181636631595
-0.724221047114
-1.31480435336
1.26880305569
-2.25467067595
0.568168619178
-0.643961564969
-0.349825984362
-0.17441434546
-1.71025902058
0.504640623587
-0.162740288982
0.194637095426
2.02450080005
-1.42681341629
-0.405092092154
-0.666630202878
0.871290347793
0.802040051904
-2.29291702341
1.29663332078
0.244715352485
-0.410874658709
-0.275338793803
0.259730848175
-1.36673770205
-0.523579279347
-0.874238638458
-0.0843278920562
-0.347788961954
-0.585800446466
-1.97441494869
-0.819313657029
1.32999930263
0.35670704212
-0.849787620013
-0.996272696591
0.452733668522
-0.395185873549
0.208463556373
0.467447240648
-1.79985151159
0.0146786276702
-0.396173054844
0.813318166037
1.47059352648
0.942197824591
1.88498211455
-0.281608890404
0.674905929873
0.0237331625287
1.90273432838
0.658055133311
-0.955870601622
-0.742279982699
-0.411552400538
-1.19142227089
0.633962232251
-0.82413613884
-0.150910639276
-0.19227515635
0.544748414615
-1.45375280304
0.760627552349
0.0106315289853
1.35816571342
0.0588764603896
0.932493067866
-0.832616984903
2.2306185678
-0.358935974105
-1.20800296686
1.1656728835
0.136120346656
-0.778107072519
1.09930096983
1.07818935323
-0.134084948568
-0.985425690159
1.11588500295
-0.0351063808416
-1.81521232425
-0.518458858849
-0.0660920770228
-0.784542948204
-0.147966678894
0.016021571324
0.101098727855
-1.14682556317
-0.387529505381
1.24180494483
0.0335865530327
-0.0456896222072
-0.247398044196
-1.0783029246
0.085334623484
-0.708787119034
-0.559582463529
1.14607027868
-0.123290027093
-2.04909558022
-1.38743338024
2.09748198599
-0.49233104249
0.935128252036
-2.3902230574
0.15795292384
-0.87985321061
0.127920249988
1.43231220943
-0.31472632514
0.538596238077
-0.849354092348
1.10749570759
1.8245671406
-1.49765807672
2.0662552563
-0.687257540686
0.426828932259
0.712445383928
-0.928604888872
0.495904548047
-1.53095973611
-1.13336811228
-0.246761224146
-1.01283203347
-0.874576565421
1.27077406539
0.816489845037
0.14736559792
1.03748688862
-0.449995442331
-1.00290845992
Score: 13