3
44
10
3
-0.60273715841
0.836035632183
0.507560202246
1.43343160546
-0.38642868819
-1.05568364889
-2.27659201109
0.96503702183
0.0719453899083
-1.08732757227
0.0831699389517
0.984916582189
-0.533111867926
0.230781325852
-1.30050783439
0.548518232334
0.916076009903
0.789001679456
-0.590018379246
-1.07870084372
-0.513632174403
-0.915391358851
1.0596894419
0.869023921486
-0.22844582601
0.335442215858
-1.58030955808
1.45811720124
0.554641441055
0.177661392735
-1.73925558015
0.531550710459
0.878783946179
-0.353611026657
0.0737043350013
-1.09061017394
-0.0527164404721
-0.450113930188
-0.361323459362
-0.644510934546
0.605182552907
-0.252626565542
-0.113612526214
-1.27591667346
-1.3405967668
0.556652956024
1.32759878958
-0.0193183115173
-0.327915197621
0.470036591499
-1.04869538232
1.17224629982
-0.527781441689
0.912167772704
-1.25962518032
-0.121813571409
-1.33222564918
0.261647322297
0.340357095654
-0.902282992781
-0.969832031778
-1.4279722138
-0.702499413107
0.591655017636
-1.0115707659
-0.218768389674
0.614870642454
0.730177719318
0.886637948993
-0.820866948743
-0.714483742707
1.01030275589
0.074471733665
-0.259190017564
-0.814671421794
-0.724158064648
0.476672088331
-0.189090526254
-0.292422609233
0.58738751542
1.61136013159
-0.337493153519
1.2690534626
1.08566342058
1.5106122567
0.897867619329
1.90907651808
-1.97775970579
0.0435723780826
-0.303283132093
-0.947227958162
-1.07874754553
-0.0116414298906
0.0787382885399
-0.367122681658
0.501595167523
-0.837861877179
-0.37036682609
-1.01886007201
-0.130693944779
-0.146263087359
-0.785213682136
-0.144480930812
-0.920212532536
-0.142116514341
1.27251615955
-0.337132151534
0.419689429649
0.678724402554
0.172581915801
-0.842274253318
1.59519124398
-1.42384376512
-1.37317929945
-0.490916611207
-1.41106675197
0.031624944974
0.238742428321
-1.54748189519
-0.647750167204
1.74990631382
1.22465691003
0.0264605521884
0.015938220786
1.14327214441
-0.337670024232
0.489374737865
-2.02787549578
-0.559769289468
-0.624459655056
-0.921798129993
-0.553838910924
-1.2230559668
0.840706245504
0.607880789321
-0.210973213969
-1.71358564963
1.05001805899
0.832897861762
-0.0626121927312
-0.23412885117
0.267613807704
1.13094961448
-0.957706855928
-0.47104278048
-0.498608609156
0.350633340814
0.228571748579
0.359473368419
1.57389434511
0.0581836586152
0.187878824973
0.122305827597
-1.39009337337
0.111222567185
-1.06961678142
0.739572145393
-0.110122883045
0.89112420625
0.66535129401
-0.164382399815
-1.15647792603
-2.02193572647
0.241378414893
-0.333185571124
0.714054292847
-0.234233642931
-1.99190473363
-2.18306818484
0.0964903741993
-0.553493358491
0.667217182169
-0.284826437899
1.30373495082
-0.872725257238
-1.09694844406
0.270068287415
-0.402469313302
-0.779088822902
0.561772548188
0.71828111927
-0.262357046681
-0.693617715094
1.27474261817
0.619301384454
0.440494544687
-1.14998406105
0.0175572615929
-0.059763502803
-0.0697843035557
0.0307209717325
0.117622044005
2.00667518058
-0.404481090322
0.922727884616
0.0234260461804
-0.654684407266
0.394183763847
-0.281401375232
1.92069911993
-0.703431630615
-0.175137433795
-0.769875031733
0.45271957124
-1.00570737802
-0.00683699340887
-0.506376606414
-0.13680484874
0.136210025129
1.67139693455
0.776073011488
-3.18390323723
-2.04763475245
1.26103213267
-1.66602910796
-0.532572350434
1.53368828555
0.187397091338
0.829535066735
-0.151526893408
1.28224185134
0.0382244841496
-0.353785389812
0.270498966641
1.11694897395
-0.553703127423
-0.540323847992
-0.299026555005
0.533594228793
-0.0135806865689
1.23527595925
0.15890551627
0.728655540709
1.13091931596
1.46389294666
0.49238251296
0.349069384274
-0.0290021659623
-0.225240048156
-2.01376248827
-0.0273943736516
0.78613504898
2.44734521342
-0.719809289829
-0.680416796574
0.000351168553615
0.664052901178
1.23112324684
-0.648027296087
-2.11771400702
-2.57293381989
-0.394170276211
-0.208263775775
0.567450948463
2.00409921321
-0.116205008311
0.750440397731
0.301650775367
-0.31568023955
-0.43675791556
0.404016572625
-0.30443615581
1.72887023977
-0.0934653879699
0.318201075171
-0.541339696445
0.0725591659187
1.27061655639
0.946450770551
-0.271681468289
0.66108276427
0.13500804516
-0.140756987807
0.978839389041
1.32955629273
-0.319816477735
0.677122518283
1.47324730416
0.116192791245
-0.0979636987155
-0.999302465835
0.535585356211
0.46932095837
1.47845484802
0.312865824336
-0.936268434685
-0.336970265389
0.0925136180385
0.152822353979
-0.879335114472
-0.869525570362
-0.922856407954
1.55565654392
1.23293867301
-0.371087782205
0.947095650883
-0.857141530859
-0.468526418778
2.3389411919
0.151888105635
0.226486242544
1.16439816939
-0.328324650333
-1.6425399212
-0.218660725025
0.37716115481
-0.236178416346
0.138628067546
1.11840637848
-0.0272491526262
-0.131550981591
0.717333853138
1.34066246589
-0.269174115868
0.74922306154
0.977155150077
0.0134773393386
-0.291324521293
0.98639001312
-0.461821608994
-0.215388040443
-0.722409377477
0.205336678963
1.25961125015
-0.826183680362
1.46408328457
-0.563992979669
1.55800125396
-0.47672236815
0.507968680484
-1.77569651011
0.134264122251
0.873025923839
1.08019909454
-1.61536304003
1.02024626155
-0.619392189182
0.0795372372678
1.59293328736
-0.862393884989
1.31572422604
0.402917717374
-1.290954203
0.862507059168
-0.164707555202
0.805037632527
1.90124576025
1.19176835107
-1.73329171845
-0.0773463361758
0.0997629831845
0.60391847733
-0.272506821657
0.371880528152
0.237620613775
1.6248024838
0.547213572006
-0.575474800817
-1.67925685727
-1.04964585871
-0.547736566562
-0.564679951609
-0.0341593653475
1.78606534909
1.12118945705
-2.19861938765
0.599542965653
-0.37017034707
-0.289597990987
-0.803512152166
0.263146845885
-0.928653410949
0.183075839556
-0.483359418483
-0.638676818561
0.873033483247
-0.171729640396
-0.00857791262534
-0.0315606507021
0.906499293421
0.765396989623
-0.483604074403
1.15357745903
-0.19993291056
-0.395157751282
-0.111949602254
-0.388386598442
-0.590472116102
1.01871429333
-0.49542191555
0.385365295617
-0.0884975005603
1.45800385657
0.517677956294
0.345828867385
-1.16871359595
0.589683996974
-1.47680948023
-0.527890321945
-0.190633207666
0.730297781163
-0.228237817882
-0.495404760104
-2.26050347535
0.12756831918
0.608018545842
0.829154360198
-0.145732433114
-1.08558726113
-2.21653456911
0.143314615082
-0.543110142953
0.252287986492
0.179290437467
0.470792264407
-1.11367544178
0.3383707309
0.88864335879
1.43634842116
-0.612394678539
-1.61274444594
1.25178482887
1.21041643489
-0.00674234763553
-1.715745209
-0.20555660752
0.372674175794
0.964314034975
-0.00263056884893
-0.0660940132777
-0.0891877110913
0.412758334843
0.628747393096
-0.0216962304863
0.376266594018
-0.188988418593
0.798053319268
-0.0942289449977
-0.525200970926
-0.397714114375
-0.161892886815
-0.258469517952
1.10936867659
2.08926738
0.799047108296
0.0829010884015
1.09420262264
0.957973988112
1.13097887743
-1.0001480242
-0.475841191128
0.337486301184
-1.80767792642
0.188583392562
-0.302967168373
0.38509538554
-0.828895258455
1.15812886555
1.12670954209
-0.527017226329
0.946793745972
0.907893789567
0.473771428449
2.30873284561
-0.320361213764
-1.1402278811
0.59737845584
-0.518799241588
0.110540534767
-0.937340261611
0.438167152353
1.14182089139
0.639758136382
-1.28566749401
1.1432709745
-0.579236097404
0.351736740963
-0.700930979482
1.47552801399
0.0706011095474
-1.00082124168
-0.260179356914
0.0673618489363
Score: 1