3
44
10
3
-0.0566784907788
1.53243227812
-0.298643343615
-1.01721542119
-0.492376221645
-1.70487516234
0.0230178236877
0.639417895911
1.31272807539
1.50067230024
-0.880991066157
0.909771661776
-0.180538276143
-0.656038539537
-1.63360459226
0.0678667253742
-0.415712414723
-0.0273381755301
-0.854097819555
0.892441550742
-0.269893907528
0.82101953115
0.422382040092
-1.05374872831
0.42096812655
-0.360611164529
0.352423126287
1.35595872358
0.935122121629
1.05366330539
-1.7304847148
0.563474180999
-0.446512850772
-1.97405666956
1.45283055032
-0.340961229041
-0.00663571436171
0.426398557514
-1.08808226685
-2.2980282704
-0.821331612127
-1.52378601897
0.037454787815
0.200864863787
-1.45217344917
0.379548179483
-0.999353636737
-0.900408936657
2.4341573381
-0.708506211331
0.531715615207
0.34985863321
0.337507179812
0.857181474489
-0.706649548802
-0.161618866193
0.952411132224
0.14959161635
1.62229105399
0.488844057934
0.894753278571
-0.823902246782
0.58118550296
-1.19730701942
1.41859356952
0.675354475281
-0.00823512863147
-0.743598651737
0.496897596677
-0.238382961364
1.20970138641
-1.76424872137
-1.51026251239
-1.22202661713
-0.484620297034
1.99123244469
-0.641087777279
0.00144791745249
0.440577554889
-0.38337029807
-0.502437473688
-0.549090332104
0.862739543055
-0.141227686132
-0.0284353527677
0.17058526531
-0.843970902639
0.643855418187
-1.04553948087
-1.80000725882
-0.207597994906
-0.700026080038
-0.0610004684387
2.05686486256
0.141513495617
-0.814944290979
0.479626764703
1.64633773276
-0.327333265859
-0.248815810639
-0.581752325975
1.61296644902
-0.348543431304
-1.08311262155
-0.828835031594
-0.0705895589994
-0.14895729941
-0.26633312103
0.893970288082
1.39124635021
-1.48594471092
-2.69815582013
0.383131603798
-1.21275347014
1.86612996785
0.720790309124
-1.70024763747
-0.899609350847
1.0235517167
-0.0620649252851
0.424084812858
-0.655440223792
-1.67791640657
1.18532257824
0.491061244891
-0.297924393966
0.630766518857
-0.49709351636
-0.885094316586
1.44026418169
1.54989477811
-1.38359944696
1.88635497678
-0.832793572104
-0.376373825989
1.43285901235
1.38064863893
-0.53340109198
-1.47773128517
0.887651973435
-0.879166547361
-0.063569436208
1.12476360302
-0.321956222812
-1.33138170326
-0.957711735472
1.03320508788
-1.81452139322
0.763893487363
1.55273899524
0.66133482967
-0.627383251831
-1.01732238136
2.79790416029
-0.377848922841
1.04710628239
-1.6175588848
-2.50380435101
-1.35985178163
0.366182460986
0.726479866778
0.478480380314
-1.15786009647
-0.125286081767
0.737349466569
0.0408235767921
0.756862111231
-1.18395352125
-0.191594201656
-2.04790402986
-2.06929502443
-0.857070401902
-0.658039083666
-0.0598095327225
-1.16015771186
-0.0518221066349
-1.08534884632
0.0837868734763
1.85764856735
-2.48815650096
-0.731527432364
-0.0370964753296
-0.336724346005
0.945250944092
-0.27716943819
1.59222170429
-0.406204642485
0.399259160339
1.43872208577
-0.717776916431
0.700923279879
0.161074960065
1.23988302178
-1.11886355096
-0.415095829115
1.37810456111
1.19974260254
-0.49792317341
-2.01792845758
1.20546178645
-0.918440218652
0.0434225233824
0.0111248755016
-0.777289800357
0.189991449188
-0.476229637587
0.501695840437
1.32061173095
-0.0409322262873
0.564703472656
0.675974690437
-0.469049683644
0.0819485466976
-1.07119009474
-1.35004840811
1.46893844163
-0.715389373385
1.00230773547
0.232664607705
-1.03506131118
0.21557561452
0.806928889799
0.456672228978
0.61862935633
0.981149631258
0.460965323429
-0.436368621116
-1.05732499656
0.342647437029
0.351906003388
-0.912585291465
-0.504733637161
-0.344438057906
2.22654366949
1.67903041269
-0.935149808612
-0.905044931433
0.584355508524
0.345698093736
-0.214909700845
1.47882431362
-3.16877557284
0.72166995906
1.4617279929
-1.70130970282
0.597374386617
-0.97118669862
-0.0634856657947
-1.57970517408
-1.2514456091
0.0966085288227
-0.264954341846
0.812514476687
0.0347733669186
0.465705554576
1.01283300769
0.446722409151
-0.610741145587
-0.773450903835
-2.21209943519
1.50577952288
-0.240193398873
0.456958330521
2.595445673
1.2902748548
0.232560100672
-0.590862640121
-0.000200009255196
0.272040555395
-1.63029794403
0.0240337316333
0.704924244634
-0.760487665904
0.177962548098
-1.0022167406
0.953611779154
0.407866757787
-0.510624462338
0.686638980133
0.281573073343
1.20811783038
0.55031942391
0.356496600652
1.1471838469
1.00106935504
-0.0383596531355
0.184636811549
-0.0241064546285
-2.26101133454
0.276035867982
0.83076307035
2.17113184965
0.632731686128
-1.21188750933
-2.36350351196
-0.401502493449
-0.633857440073
-0.267002865685
-0.548301377905
1.06755174092
-2.27109751065
1.06307388074
0.566086760601
0.816100397057
0.316054422496
0.443909881201
-0.121846488809
-0.992024053305
0.200009290318
0.985824474175
1.45988011427
0.734319204028
1.10238252208
-0.268374751481
0.182376838537
-1.00419424566
0.191103866581
-0.588980813058
0.863456510328
1.20364051704
0.387061848921
-0.417873264518
-0.413588081601
-1.48978275389
1.05416106975
0.475563116007
0.38115813939
-0.256143863922
1.36398705149
0.908954066884
1.42766069785
0.380887197818
-1.38628523557
-1.51958875521
-1.40545802842
-0.0353557466119
-1.45212663559
-0.494218032303
0.89021211277
-0.898664084256
-0.0148155259595
1.38812763032
-0.817409125571
-0.807993123636
-0.678562984307
0.451469623933
-0.553402925825
-0.0521169732341
-0.0134740264021
0.0861848091213
0.684628620537
-0.505694871014
0.583382519665
-0.361944474893
-0.118061575091
-1.48011465607
-0.04389446113
0.690778564065
-0.378647693021
0.321224474214
0.910137094877
-0.20461272769
-1.4660507686
-1.30852513194
-0.367300247456
2.34761676283
0.26554231382
0.342696809998
-0.845687397132
-0.489785301389
0.905470729138
0.605404426811
0.206132334286
0.150037389309
2.20431390256
0.195969374375
0.0163547774375
1.9575217331
2.67855256134
2.80778899396
-1.27519955807
-0.234648377418
-1.78557750869
0.460173607222
0.104296533221
-0.689145611953
-0.127879174514
-1.2888465454
0.185354773856
0.0757212767847
-0.565299698576
-0.917092068768
-1.53724483286
1.92589257021
0.33842003361
0.611765241849
0.18914290592
1.2947930635
0.100002019409
0.193168784432
-0.298143353882
1.012217847
0.458222453475
-0.287736080257
-0.372025827152
-0.84742081079
-0.0367445772941
0.651362619411
0.0589000834051
1.26575706906
-1.40873613792
1.76862903269
-0.862266158797
1.39640308328
0.40137300915
-0.457619529732
1.17190189608
0.795875162397
1.17340414536
-1.84563707901
0.783496382612
-0.91810203698
1.25288764691
-0.703784676685
0.117922198092
-1.60064442521
-0.708401429546
0.735930151337
0.118845777106
0.0817457035303
-1.38939412665
0.753636353628
-0.542890556962
-1.15631979731
-0.1990965529
-0.0444997994476
-0.483933918633
0.345958711439
-0.489717782241
0.00740105801512
-0.100279191107
2.20488176232
-0.863395841015
0.146064300259
-0.140957836124
0.449227060977
0.111549327722
-1.15425768966
-0.229040007615
-1.72098532047
-1.18591186734
-2.70552060396
-0.429826320126
-0.585044644934
0.93753289139
0.26187575823
-0.0456865164131
0.773593612888
0.328981241325
0.826833864355
1.34722433684
-0.298135725334
-1.48572356451
-0.284200043966
0.255545596462
0.206257008489
0.122266599437
0.427176577399
-0.31053494324
-0.766820884791
-0.41840627371
0.795738815526
-1.10217473976
1.33265048064
2.46444697644
2.0218716642
-0.020874580765
-0.561573385384
-0.239337626077
-0.901535988372
0.393403284271
-0.20283412713
-1.3830344692
Score: 1