3
44
10
3
-2.20885532856
0.457666615136
1.43717080163
-0.37489788625
1.14932330902
0.15481814545
-0.953326209153
-1.06584615249
-0.467282577923
0.0919358943261
0.149618529006
1.53094582111
1.0305452897
0.701173303129
-0.178754892875
1.30693294527
-0.920796842874
0.957984440353
-0.181759589154
-1.30878237046
-0.421708648737
0.219419990741
0.201203775126
-1.0722235801
-1.82815822586
1.56343473008
0.346914935166
-0.435119471146
-2.99380852898
-0.446970167606
0.260315315922
-2.05865359838
-1.08222497046
-1.73536093
0.355189945186
0.367828751558
3.16598329413
0.494080101532
-0.689082055355
0.0700536525408
0.0459512515095
0.0258838975485
-0.633253024931
-0.100966315455
-0.574349268488
1.09285121246
-0.294643598709
0.0320659324836
-0.47423456512
1.6315145713
0.374495390707
1.6079583542
0.211668062407
0.864884527514
-1.58413204838
-0.114796037539
-0.336761900399
-1.12550232392
-1.01921250903
-0.331560189726
-1.47497115898
-1.88618095471
0.601501328756
1.20570723371
0.700802403694
-0.337448718498
-0.543227879019
0.635653682576
1.08313355239
0.471852694629
0.283975330732
0.259215044884
2.09771623315
1.191755413
-1.02658664252
-0.0997897319386
-0.146968858459
1.21687741249
0.52248199957
-1.67982526896
-0.863579662067
1.03336265457
-0.437877455102
1.00485076481
-1.81476249583
-0.521747190345
-0.363153914329
-0.090414267812
1.39152472223
1.21614048964
0.00159642810318
-0.00947462172836
-0.932795037838
-0.59437155767
2.53739465585
0.979116273035
0.883308023665
-2.19690246565
1.77063345609
0.829167770709
0.972048448715
-0.221697557665
0.0436308417589
0.154558389838
0.0991363263096
-0.418026077858
-0.137393198831
0.0753822617151
-0.974113744278
-0.660988355094
-0.0601166284522
0.597197784415
-0.106518008324
0.00623593480038
-0.532145809412
-0.808830052455
-0.100508896217
0.730261633247
1.40473371418
2.68774354227
0.721662530783
1.14245125441
0.51888046606
0.317065291834
0.146334126608
-0.719747366246
0.818149222102
0.647434688284
-1.96752545804
0.449818189849
-0.475362008678
2.01593533939
-0.551943158925
-0.637535370395
1.2392708551
1.11427916416
0.39955662013
-0.488029695394
-0.99972765674
-0.603143333036
0.324028700031
1.10907351061
1.33614349985
-0.865313540571
-1.39312513705
-1.12196053343
2.02972557108
0.506210015636
-0.201018125433
0.913209599652
0.33817760855
-0.542367692397
-0.183892141506
1.16662105576
0.145034523834
1.10979042489
-1.77967133155
-0.415732395863
-0.0847912056809
0.457283562999
-2.33062944689
1.39805788549
-0.250399248708
0.623585374673
0.538886446631
-2.05054482938
-0.292701639041
0.560769325198
0.713309002252
0.438268776627
1.37756953139
-0.632901567644
1.07432771243
-0.913901137783
2.52367626813
0.98767971031
0.168003894448
1.52908363349
0.317012040521
-0.9113602977
0.687093706128
-0.555413441618
-1.23810133476
0.938590251739
1.06633433917
0.85680627729
-0.927214885384
0.104101417683
0.0153400783584
0.534476962146
-1.64334566992
-0.877974164419
-0.209766489995
-0.223282060227
-0.163130572139
1.55457526068
1.77347001735
-0.983709347116
-1.39581884583
0.392634733229
0.340756331784
0.773442666832
-0.412684272118
1.0571876604
0.485032741647
0.0573089620053
-0.845277563854
-0.709311071563
0.550012079647
1.12215610178
-0.0544148648901
-0.621972738118
0.727042967538
-1.49310868413
0.479226081489
0.241054751074
-1.10203491797
-1.40910378358
-0.819715516697
0.774815530878
0.581503818302
0.226027697997
-1.46717089654
-0.426123934647
0.34977907633
-0.453260473883
-0.316230844965
-1.13483317332
0.652904566521
-0.979111437895
0.292025259704
-0.393876436802
-0.156402204646
0.729437109882
-0.526601976868
-1.00704906224
0.0285193139543
0.480384050559
-1.39558488626
-1.63608405485
-0.644502751272
-0.97586183321
-1.29875490563
0.942787986536
-1.30024765804
-0.41561804097
-0.525689343837
1.22892312171
0.981006069996
0.741909537313
0.636717733677
1.0538066108
1.29743322347
-0.350704445836
0.0799537265964
-0.538239827635
-0.157696186644
1.22989530799
1.24891691998
-1.31402091808
-1.76601779886
0.628346082074
-0.271868443452
-0.336513524535
1.64042612968
-1.08186165841
1.71815913547
0.213836151542
-1.06230717253
1.33681264011
-0.963177962086
-0.131245248563
0.18116103237
1.10020929441
2.5371500771
1.40730082608
1.81051863308
0.147463706039
-0.225095119114
0.30333775431
1.24901394218
-0.0341375303492
0.669248395482
0.175982019783
-0.321312034643
-1.24822134236
0.741963256271
0.951639968696
0.225118452774
1.02978184942
0.870821706978
-0.338184704348
1.89760260542
2.29818365565
-2.02640877609
1.01016384145
0.170109329083
-0.0358904288812
-0.704076888699
-1.62344447924
0.0992808377367
2.32317911641
0.92110868589
-0.296859768142
0.36891095864
-0.459730540604
1.65298032788
-0.383310705292
1.41346466835
-0.350867579473
-0.0893520471753
1.10123229723
-0.170358828074
0.583559055759
0.055779171016
-1.32434874369
-0.0185062267863
-0.119254926597
0.791930776677
-0.858543069864
0.646845335707
-0.482481118434
-1.63391191537
0.579906519363
0.639581875576
2.31533872081
0.294091170593
0.916013225685
-0.329855190943
-0.423378826341
0.127188303804
-0.446316423378
0.721437459972
-0.29293688209
0.0105494762578
-0.931080420098
1.05121835783
0.583082076347
0.0189158147423
-1.41275831275
-0.253665874692
0.271517215206
-0.377083665154
0.930938773483
-0.480729466422
0.508323589301
-0.371878132797
-0.287124653213
1.3132143966
-0.343447259388
0.440512528507
-0.384620498331
0.286968602396
-1.3758895015
0.993360316989
0.41693683534
0.0172981383941
0.573615284845
0.238169904097
0.619696794605
-0.254806161988
-0.168064352331
2.15533772912
-0.275921373277
-1.36132278578
1.07686057279
0.391603915645
-0.512081164436
0.62662048893
0.4550463735
-0.3457034374
0.50068355985
-0.443639516363
-1.89050650885
-0.635709092883
0.107714972752
-0.904047483788
0.190332135841
0.204528399516
-1.11769421439
0.348986984319
-0.724318765746
0.351429482924
-0.834049578599
0.406956742649
0.612845503134
-0.630247966783
-0.904593183711
0.517134608387
0.880454097758
-0.726244948506
-1.58911706984
-0.0605292756181
-1.30538766402
-0.803127722022
2.16897293144
0.41766779966
-0.312180996711
-1.06298813388
-1.13572669488
-0.323388935909
-0.148077901981
-0.798910351863
-0.280666469583
0.627832533194
0.256347691969
0.884263097787
-1.7426308901
1.69916249888
0.0600450596359
-1.22965608967
-0.441740163754
0.111031031239
0.292177033201
-0.206336213104
-1.78610299956
-0.347015546385
0.157806192217
-0.781037865921
1.25644220555
0.49664057922
-0.292224755034
0.496068474466
0.743009954782
-1.0885832785
1.31778669399
-0.0855337255571
-0.876103962773
0.952291106341
0.65361477038
0.939884965166
-0.285288422331
-1.99787769842
-0.550378468286
-1.17138346775
-1.2618265495
-1.40619359425
-1.19686350369
0.756674533817
-2.62281842733
0.155986268689
-0.856506291077
0.598735288586
1.21771918974
1.90954771893
-1.55570191905
0.425175682215
-0.0865933410318
-0.500124890641
2.60321149583
1.73883123173
-0.218431460079
-0.255358959641
0.948774345535
0.0495605340701
2.99094928947
0.652179024446
-0.745228337196
-0.212402131313
0.609362377367
1.03094262414
1.11044488271
-1.55803792409
-1.34317758549
-1.70298399434
1.04014146489
-0.448439394463
1.96278578482
0.141979334115
-0.81738163112
-0.638030893084
-0.971576937573
0.828425836308
-0.702291762549
-0.320114363291
0.175569059577
1.07983389671
-0.0369760707318
-0.0183209352756
-0.469131376791
2.03116601978
2.11333996962
-0.0988086892224
Score: 13