3
44
10
3
-0.724688397883
-0.654301224208
-1.39297773676
-0.925830288096
-0.0845904286274
-0.660037438973
0.791541124126
0.0873178477699
-0.937123232709
-0.0154846055025
0.984515190691
0.428630774293
0.293350169653
-0.383787167529
0.124267821064
-0.804971021712
-0.53211011746
0.363342211231
-0.760234630949
0.188880809853
-1.58029999953
0.0351043046485
-0.0718779049878
0.511407853076
-0.114362897061
-1.85308093386
0.395377264666
-1.04300819722
1.55454679265
0.789319348086
1.59801469969
-2.48105110329
-0.799287101366
-0.79141428198
-0.161081851298
-1.15684061111
1.96922000626
-0.636155465771
-0.253097595314
1.6909454447
1.51227754343
-1.3243140127
-0.929526745754
0.72376594197
-0.0678437929876
1.08998901758
-0.848547635586
-2.08139224777
0.248231013962
1.08899371697
1.13783509218
0.477536505581
-0.108928322319
1.35529057087
1.7231734778
-0.965305076669
-2.80408007471
-2.48391305002
-0.416923557987
-0.257371948405
-0.172526376334
-0.476340576822
-0.673819152788
-1.10739651764
-1.04876697364
-0.548328134333
-1.57704848887
-0.0775573925402
0.142105162227
-0.509648023425
-1.44803132423
1.20476016651
1.55376275876
-0.517002654934
-0.444627305354
0.252876446683
-0.884865644346
-0.722366653925
0.0709303710504
-0.475021985016
1.86688747634
-0.285086043464
-0.495626765423
0.311245552661
-0.925952634388
-0.657330240484
-0.676320799421
-0.0961563126725
-0.244513725775
-0.945543274248
0.690475470916
-0.492739505603
0.903052104212
0.47583135212
0.888554278526
-0.579543771379
1.08310993283
-0.0050884108073
-2.14936936128
-1.13329464798
0.963021339478
-0.410241128032
-1.86567248036
-1.39670428854
1.46381450649
-0.147818379278
1.86106075896
0.360161968237
1.39036894416
-1.28609582341
0.154933994559
-0.010053342834
1.38489444067
-0.428401662044
0.256045249991
-0.493635341463
1.01708512557
-0.669320920127
1.71778306291
-1.00230621251
-0.76674766892
-0.449346272461
-0.423950981129
0.590421039888
0.862360992724
-0.534154900049
2.23780896574
0.379629909343
-1.08488230179
0.58003685067
-0.308050406336
-0.454478387334
0.265625985265
-0.469878222344
-0.317301363497
-0.550795588395
-1.32601749804
0.49402631909
0.980789888355
1.54143297754
-0.600377035888
0.621860223773
-1.52589648203
0.664153655031
-0.438426750508
-1.11753923441
0.449243751621
0.791178365252
-0.160707109618
0.302600136698
-1.42536589063
0.919438765763
-1.95301609766
0.820361109361
-0.358872733237
1.79688662206
-1.33202252604
-0.391930293951
0.292449152861
1.74785078863
1.19683986823
0.249376401438
0.0963201175433
0.128209192426
-0.88985370013
-1.2130255764
-2.02471801534
0.206731817787
0.405750611754
1.31916897625
0.81861254457
1.1372869736
-0.0425906062973
-0.0802966369405
2.66500462583
-0.324431376349
0.136385851338
0.740018519942
2.10113870132
1.33925327294
-0.102774605729
1.97112008823
-0.248814937822
0.0264123052952
-2.05264743572
1.23418204999
-0.268283558565
2.04231239144
-0.279970158887
0.516750967547
-1.6328132598
0.862388348868
-1.73305762041
-0.461981957882
1.48662339699
-0.102780718707
0.0628087830405
-0.0996454681787
-1.25837696909
-0.207667589287
-1.15025428534
-0.863295541825
0.895929653673
-1.72496319305
-0.846205781176
0.981392310822
0.61392589255
0.477906378506
-0.78394365646
0.22752750852
-0.95991611344
-2.23308984535
0.480634738119
0.750644054227
-0.375274859925
-0.586193803916
-1.11372658723
-2.43190799951
0.53308355236
0.702939404951
-1.45010717836
-2.62791131886
-0.423360184652
1.45484958529
-0.463713335095
-1.1662138719
-0.303714952318
-0.730221139857
0.274319312282
-0.927033499465
-0.554052567977
-0.301762133068
-0.783965725622
0.534414417181
0.243088326478
-1.69774508403
1.31096878596
0.0862723194639
-1.00152104178
-0.367390811535
0.166823611975
-0.508619162989
-2.89161651393
0.687902003115
-0.191513444726
0.321405815482
0.540750247705
0.130592580397
0.995419870517
-0.283064696729
-1.5090285386
-0.843972982071
0.600316610643
-1.13467004053
0.101998238693
1.37851407528
0.559739908652
-0.265518230499
0.254214451107
0.379306378455
-0.557569177359
0.310417013088
1.18877229811
0.0756255993407
1.17120209267
-1.06488134248
-2.13503824319
-1.95123823855
-1.14930768762
-0.14557518576
-0.480242587053
-0.272662199648
0.0190136511534
-0.338670036202
0.209490026974
-0.458543282532
1.26778152346
0.00141767991958
-1.4290996842
1.67278892641
-0.233583481312
-0.206097506769
-2.10761444106
-1.0842950677
0.588178577382
-0.569136864488
0.993518959093
-0.0643466500285
0.627085390962
-0.897577291567
1.53576581113
0.883562803621
-1.37133760497
-0.536587423849
-0.807199954282
0.599986026065
-1.04680320559
-0.0533870933745
0.648117216021
0.672156177874
0.0328047952418
0.0654892989049
0.120520713483
-1.42671066148
0.390135919612
-0.300440593923
0.237154354215
0.557858070142
-1.40360127204
1.41507426094
-0.864081043506
2.60554136997
-0.722782721282
-1.55777771612
0.160236481429
-0.206011838484
-0.0144915694334
0.784401992697
-0.276419725387
0.939583923301
-0.300346828362
0.307259911938
-0.260150086465
0.465373997639
-0.31569099199
-0.26207347083
0.419464301101
1.97123362557
2.45462978789
0.953241480989
-0.329387504581
0.189677965086
0.12898331893
0.0277763775811
-1.1321460493
-0.936088428686
0.554106844105
0.258712436188
0.817633479715
-0.444857153528
0.264256663427
-0.497523724364
-0.460358042137
1.80076853038
-1.22377936623
0.369558045169
-0.29839865939
1.23912244686
-1.34465345107
1.57388173464
0.053191928552
-0.674975736168
-1.35932483169
1.2124534454
-2.20206995551
0.421904300569
-0.482772045729
-0.408484769799
-0.48243559801
-1.60232494115
0.639543435348
-0.330790968566
-0.000731236904766
2.12792038255
-1.50568858885
-0.276630700313
-0.613561599886
1.01241788477
0.875189381165
-2.37630001649
0.927930821766
0.238027152048
-0.507240314727
-0.521079757041
0.526043530835
-1.47332682457
-0.572312625549
-0.701317669173
-0.242298289766
-0.299756578265
-0.542699321097
-1.68348149724
-0.641679687439
1.08695359186
0.35103126618
-0.737756614082
-1.385775503
0.350466613013
-0.636146862157
0.220264636214
0.510064026737
-1.80494108585
0.230038066679
-0.085499659568
0.799413991299
1.11645346741
0.76150765225
1.79807481023
-0.6960123752
0.891978209405
0.303041589569
1.64721964665
0.798829738799
-0.946411806061
-0.908770075818
-0.287260024875
-1.0911138368
0.766304436768
-0.736828502594
-0.151798992152
0.036583937072
0.466593882395
-1.59807925815
0.902609387223
-0.157136961958
1.02141580202
0.00710789596565
1.182360527
-0.542408888274
2.19673262557
-0.449262574687
-1.02851413982
1.19179174431
0.223972297256
-1.05983392325
1.05417838125
0.896159543922
0.0888872866054
-0.828075091579
1.27596536166
-0.0826874741621
-1.56829277064
-0.305834454828
0.0148254778404
-0.695465180235
0.33171739968
0.148180041063
0.219838755962
-1.00158598839
-0.28296505158
1.20207543449
0.0609562373981
-0.138069133682
-0.173313647545
-1.17059731853
0.149013946866
-0.390704441037
-0.380393048213
1.12515448066
-0.199208581581
-2.19872214169
-1.30481012402
2.05484637187
-0.535903963775
1.08750630664
-2.60760529685
0.0534375419123
-0.900594648793
-0.0347641585369
1.63450077318
-0.045093126963
0.220963049976
-0.939855794242
0.769622565613
1.91440693492
-1.44345914825
2.10911274551
-0.528945919595
0.327730932409
0.487493715082
-0.820152322592
0.531632204183
-1.48664584847
-0.955311888389
0.0229912677851
-1.00980717297
-1.07464281881
1.13150278068
0.878010140968
0.0101405262345
0.96353060522
-0.413833834003
-0.752103425322
Score: 21