3
44
10
3
1.51422414231
1.2431093719
1.63850026126
-0.990229111952
0.585777409244
0.663191994038
0.381473169371
0.163962625765
-0.465732248142
-0.216507295657
0.511172443457
0.55801343515
0.801726003429
-0.386842922075
-1.02675132055
-0.198290556446
0.385995382691
-0.118006526318
-1.42130955011
-1.28674549586
0.194402331177
1.19264918658
0.722787112052
0.688649534966
1.03420263523
-0.350279525077
-0.432836616066
-1.75192268397
0.386579683661
1.02655524843
0.373216634602
-0.633144205697
-0.216503171069
0.438834826774
0.613784761648
0.498758527866
-0.255559738772
-1.70638599919
0.855349513216
0.280681515003
-0.578085924285
1.41695690715
0.902074138107
0.475583948451
2.34277299849
-0.711366062634
0.277683884097
2.07784962286
-0.141868085704
0.805589007669
1.49965425538
-1.20060876957
0.733101271908
0.776511356288
0.0790795517751
-1.37331752038
0.81418456506
0.278214052123
-0.757733131252
1.23787122079
0.596449769481
-0.585384453886
-0.496053531084
1.07122182526
0.899429577528
-0.079603026252
0.965752157805
1.66149272745
-0.753027078733
-0.988960519893
-0.0853974786584
-0.314968439733
1.4271360895
-0.321155890035
-0.0552915231077
1.01077590168
-1.21621598905
-0.367841356167
0.713100646047
-0.775270854211
-1.99815478878
-0.213129894855
-1.22042074713
-0.562451827768
-0.318165526277
1.15891054653
1.28922131626
-0.64043722876
1.56239881049
0.303779170127
0.946966626382
-0.812248688979
1.69723384909
-0.623771087817
1.06202440125
1.28966033444
-0.327745824685
-0.269848635631
0.489672568628
1.11148653543
-0.198506108224
-0.36816292536
0.354245791319
-0.438701898479
0.671786069293
0.286882161025
-0.353176098476
-1.61769153081
-0.920748105287
2.01240602455
-1.14815775052
0.584790354937
0.391771759044
1.27175702001
-0.206744367489
0.468608871199
0.413080029124
0.259529391043
1.6332790157
0.00948140665345
-0.683384857352
0.19517874143
-0.0972645630241
-0.754498750561
-0.699905517248
-0.993537845318
0.0106342714433
1.28434630761
1.99185228249
-0.725077582993
-0.593707635808
-1.06424528459
-0.530594952205
0.0472885649456
-1.35389036399
1.96588360768
-0.860265596833
0.0665349440479
-0.0955098051558
0.945104489649
-1.07015515976
-0.841637987948
0.393189514141
0.313884509666
0.0667252578864
-1.70314944781
-0.146900869355
1.53672749001
-0.227531563131
0.552436372312
-0.432258256396
0.440952389072
-1.22229790297
0.926324291907
0.528180629405
-0.613164941403
0.252005568872
2.08033673765
-0.0518631548839
0.0413230237922
-0.808450315183
0.844259841437
-0.290788843889
0.610098104972
-0.511288853172
0.878796101743
-0.928179814406
-1.07559202561
1.00455059581
2.18890036094
0.239347441305
0.569653009302
0.869329875332
0.698705230178
-0.427367147174
0.250420456619
0.923438431219
-1.15968277393
0.622816763108
0.73952236191
0.457724200909
1.74754036726
0.151955628454
1.49549564967
-0.588541969523
-1.33428148025
-1.19137097737
0.861285633997
1.0615084761
-0.127297812289
0.449631226879
0.273493442974
-1.82521291834
-1.29447772168
-1.69613013263
0.466425333758
0.36755778047
0.592157420844
-1.37835202293
0.0601761125562
0.546280890726
-0.431686346439
1.26536751882
0.430613303769
1.08280019641
-0.173979589588
-0.894664295844
0.196430752147
-0.974146514394
0.874923062337
1.20461644095
-1.24987057577
1.29347303946
-0.879768748706
2.06786293456
0.0213008186036
0.565025204038
-0.855540339026
0.547333648556
-1.49571605493
0.809978096381
-0.225035335678
0.631066340838
1.29794591522
0.421744635379
0.415211991846
0.395447298586
-2.71452862421
1.57301662583
-1.11702137503
-0.14943517819
-0.665256555703
0.781585468377
0.88628040826
-0.0102622179969
0.731499600633
-0.36520910414
-1.79242971198
-0.128670913616
-0.926107410836
-0.0789527250993
-0.416498466084
-2.05899939698
1.11572668483
-1.19556788881
-0.257460955599
-0.236748823569
-0.588949643608
1.38935787501
0.899163861087
1.45788624925
0.394110332269
0.65606473872
-0.987732065083
0.511946039793
0.986272391591
0.338827154993
0.41557397198
1.26203020869
0.585486214678
-0.878640805298
-0.445055085781
-0.623387037569
-0.295331822578
-1.43929731993
-0.741190989087
0.506630291003
1.0793245174
1.00383942139
-0.718911755181
-1.27676714309
-0.86965219146
0.721799384366
1.09453286527
-0.696215295234
1.72245115726
0.25455652688
-0.138054170538
1.08287294403
-0.609129658188
-1.36957565849
-0.168352154336
1.09888755472
0.227544476879
-0.546702039411
-0.303596234094
0.604253763933
-1.14292321693
-0.0270912184487
0.272343004726
-1.57822919427
0.149859495723
0.179288808262
0.00119060202263
0.884862485977
1.70173777286
-1.27185181687
-0.489266581985
-1.76517633458
1.48668376548
-0.740952788416
0.552138415884
0.485036414877
-0.25764930618
2.02808329789
-0.651072511298
-0.202513192284
0.60079014875
1.26503794757
-0.685688742723
0.713812808058
0.0492292463582
-1.20943618574
1.74868325673
1.6046905831
0.995967016046
-0.433864379112
-1.20321538124
-1.02889062812
0.303126146009
1.26479457732
1.66880104965
-1.30043843016
-1.38085638837
-1.20210974519
-0.292431030491
-0.149033855337
-1.07713972997
-0.243660024068
0.33914630676
-0.754457401739
-0.165226037994
0.125055907639
-0.502393485547
-0.161652588738
0.0713423225351
0.782644647923
0.0088468809695
0.61852611741
-0.561126328315
0.881434704503
-1.58684595777
0.997962417128
0.150274778162
0.336709594905
1.55642621238
1.02007730182
0.138619102523
1.01599312254
-1.30062874572
-0.0720181041422
-1.02744073454
-1.41375006855
2.60229787327
-0.33068179458
-1.18819776374
-1.62467846309
-2.62510379678
0.718227385027
-0.0413751469077
-0.708266301119
1.3968938355
-0.27437267747
0.529064960118
-0.098752135902
0.410988724198
-0.0974449713063
-0.232977487816
1.73647685116
-1.10257571704
-1.38121357681
0.500872384495
-1.04237681639
0.996462602414
0.562318540006
0.378632386574
-0.641868801301
1.18901284075
0.554316522164
-1.08579913605
0.57515853444
0.744003697528
0.0605365742804
-0.59919706011
0.593937631614
-0.407031944027
-0.817917198384
0.0670440147052
0.876755958027
-1.37059253864
1.48428826781
-0.322939869557
0.491015719367
0.890608874859
0.0231013302054
-0.663388640755
-1.95755370256
-0.641804360963
-0.758159858227
-0.695075002731
0.355048550621
-0.90505148732
0.703380812901
0.740316326823
-1.35681699342
0.579080709698
-0.663654301279
1.48935133062
-0.525048098401
-1.30275350358
0.17101635923
-1.15241248866
1.73289073605
2.05499459605
-0.241613132842
-0.74016025203
0.765341913085
-0.526616205131
-0.487619842446
-0.104678534549
-0.58724401248
1.07444747477
-0.415616093324
1.25063538027
-0.0556916336948
0.324233856991
-0.366596478425
1.31341967451
0.0821270771888
-0.279232980477
-0.547552756548
0.116652869709
1.56421515336
1.00123296068
0.291254360853
0.188378152065
1.63751822965
-0.295244523706
0.728377759739
0.120310899914
1.72670189953
0.606422818493
-0.00317599560694
-0.386890583353
0.252477532232
-0.434433534896
1.08976390054
1.43050170577
-0.285843450502
0.639091600437
-0.189943313554
-0.505575119493
0.836789114638
1.64226641017
-0.780113489684
-0.520055886852
0.448755204593
1.20178149131
1.02043660368
-0.962448886543
0.556528120937
-0.339752458948
1.39665453858
0.573051441618
-0.291742529186
0.50949210795
-1.2694893618
-0.733998158363
0.881650872444
-0.383737171137
-0.519429399396
-1.21700725806
1.20537202487
0.252965602373
0.337999037997
1.58737477089
1.10522332163
1.66876152236
-0.679711260648
-1.03101463865
-1.94401616331
0.00561052507188
0.711763343834
Score: 1