3
44
10
3
0.122609255044
1.51866895347
-0.419476357915
-0.988449809197
-0.418991002179
-1.74035368785
-0.0307894573367
0.591855855215
1.72265270567
1.409988615
-0.842871366671
0.775380698685
-0.261091130276
-0.747559378451
-2.02594760808
0.102462785613
-0.246874136646
-0.0500329969705
-0.985559746751
0.604422115385
-0.0725229792577
0.81708495523
0.629487591594
-1.03316118767
0.408061126207
-0.199524792322
0.367975468816
1.50245545926
0.985734401875
0.961030250595
-1.66561188685
0.421333719501
-0.517463727926
-1.96953940261
1.10337550547
-0.118509054585
0.0820031695484
0.643524581839
-1.26879812615
-2.42059265867
-0.987430195937
-1.59005717921
0.086425903894
-0.051667551619
-1.34859426948
0.366610584362
-1.01691889808
-0.774000175832
2.51975704572
-0.795928876118
0.569449162526
0.328917272921
0.510647639807
0.634185857365
-0.803618127342
-0.184925027297
1.00570488923
-0.0670556248815
1.48348379734
0.291379288187
1.01290321095
-0.955740996668
0.572053569239
-1.2986339267
1.3166815391
0.387556602558
0.0727960552263
-0.656615481244
0.371834220287
-0.349433365815
1.27399330132
-1.85565860336
-1.34299591287
-1.26018317586
-0.269435680269
1.93716351132
-0.595356230714
0.230727006912
0.528516301459
-0.360104316571
-0.700073084977
-0.404547381999
0.750817641505
-0.0649806420095
0.201226019709
0.23692258486
-0.835194921308
0.625317480745
-1.0751131398
-1.61559174598
-0.125816651647
-0.767487534642
-0.0486124664071
1.97740791375
0.152414237568
-0.706165724579
0.501096368025
1.67229919735
-0.224266730366
-0.135134040452
-0.429823170664
1.46500281169
-0.288652766717
-1.32757340645
-0.762823333024
-0.0208741241731
-0.267429779731
-0.210370354008
0.959232360187
1.28362951626
-1.37155555954
-2.66183243178
0.425886567967
-0.863601698679
1.6389214929
0.702682775
-1.71576062302
-0.859891941357
1.100854662
0.045861349529
0.38241146532
-0.922800073029
-1.68967027951
1.04361759355
0.359237376502
-0.20658908263
0.483735285276
-0.776834941458
-0.976027012995
1.37094628612
1.45177395655
-0.970947716825
2.05101314425
-0.681448620773
-0.546687680393
1.36508686234
1.41389063238
-0.541258220958
-1.65348263127
1.06231586362
-0.828063020978
-0.353452386391
0.972864389432
-0.250281077259
-1.51062723919
-0.978049240135
0.745374648735
-1.71856797497
0.444433392487
1.52138120929
0.688100514594
-0.567573209379
-1.00516090177
2.85078985549
-0.104501206299
0.877535068537
-1.43837055323
-2.24450239702
-1.23745938118
0.106988147089
0.61712235734
0.84686691996
-1.03621736059
-0.261310971558
0.622095158073
0.27770396515
0.757313844288
-0.938513948833
-0.416855368285
-2.07383997996
-1.97261583871
-1.06793502271
-0.419636366108
-0.164394054517
-1.09780305748
-0.0262890579613
-1.05413999331
0.32481570486
1.78533951928
-2.87783853883
-0.717135370956
0.0317006183588
-0.246090673898
0.664767577628
-0.10779798669
1.51368959394
-0.34603586407
0.253754056906
1.2882348543
-0.671774238492
0.40372110409
0.138703389902
1.26265559174
-0.901247857031
-0.431853604258
1.43161625077
0.996778143327
-0.534029636748
-1.89008220632
1.28987643767
-0.941680531641
-0.0362842473361
0.00697673966491
-0.87773561366
0.148628392831
-0.536144192884
0.647436965632
1.15973095373
-0.190133604477
0.594666810938
0.624269428196
-0.59862802474
0.173777481094
-1.04033344356
-1.33835537505
1.60327840471
-0.600211107794
0.795826542131
0.145999647885
-1.26623515976
0.139447315522
0.991238965189
0.457031935457
0.619551237327
0.748805568717
0.360781057464
-0.477415085933
-0.883303854022
0.209568465729
0.489709320565
-0.732953984046
-0.279275896234
-0.253907539314
2.12676805767
1.55269222324
-0.894104807685
-1.0171759591
0.426012564799
0.0335863818456
-0.684290231183
1.40112730095
-3.1730564935
0.644048819503
1.37663264834
-1.72074581969
0.507483946915
-0.983258359719
-0.173910203834
-1.92503908149
-1.09865838389
0.181652159227
-0.374280249729
0.55562123387
0.173885468985
0.387643798717
1.08897918021
0.297707900492
-0.340300254461
-0.677828369718
-2.22725992676
1.3216093899
-0.426277648952
0.562225561688
2.53650994445
1.37930908372
0.128762760567
-0.472923958953
0.0993436901396
0.242071795556
-1.5729789513
0.108031381103
0.886434138477
-0.647545403733
0.0783000449041
-1.0306966151
1.11620667218
0.239646756806
-0.733320427737
0.982822293864
0.257600202933
1.265819036
0.554720734212
0.285296342072
1.46963652299
0.94769549557
0.0771256275877
0.321038675439
0.112562131645
-2.04125256651
0.459078012149
0.974312743357
2.16257838694
0.531426002256
-1.12542109544
-2.48948656454
-0.571932164165
-0.577559404819
-0.355162736479
-0.533953631415
0.949381859005
-2.23453746325
0.980363313891
0.620830413253
0.631735189227
0.106648944731
0.503604053172
-0.319456132358
-1.06831866219
0.229866005338
0.874541576887
1.59266899447
1.10090170999
1.1992073694
-0.255199479847
0.270640866593
-0.925798259513
0.00515322649965
-0.444122959429
0.793888572138
1.19315782738
0.59332242634
-0.577474134836
-0.266318061213
-1.36805634548
1.07342313182
0.645615312713
0.392696755589
-0.0457792279182
1.23699721449
0.813734587188
1.41862186249
0.1139243462
-1.25477604479
-1.5489344626
-0.996622322439
-0.00692576651358
-1.2748223676
-0.394157246637
0.750894149998
-0.82605612433
0.0121304411195
1.40104415935
-0.931321837855
-0.904927163236
-0.727383754349
0.413032951861
-0.659711839313
0.111765998036
-0.180766968287
0.261535376682
0.527060697809
-0.459008662726
0.669646097324
-0.38536017472
-0.0108146360716
-1.40813878738
0.123611801101
0.540484153469
-0.394418976493
0.446471696831
0.838711019569
-0.0637250470231
-1.49667902765
-1.66637762722
-0.21941532408
2.31364442965
0.145991876765
0.667691291809
-0.778672080838
-0.603489662974
0.953150878049
0.642695615606
-0.0447362156024
0.1527779578
2.43935916455
0.22107086626
0.0797510808213
1.90520164002
2.66864459208
2.97140286966
-1.0204156646
-0.0956208688102
-1.82681902195
0.476218889947
0.358554519466
-0.545646323855
-0.16492432185
-1.32027914451
0.0938064303983
0.0265669589214
-0.305964024186
-0.901756320919
-1.38668560167
1.9337035294
0.477013490262
0.433349800456
0.557007979242
0.94357237835
-0.0115747041121
0.141457461654
-0.146986373079
0.970706408203
0.560539175964
-0.35216622783
-0.453340134406
-0.984848179093
-0.251718623951
0.632472022699
-0.321527482307
1.47139532312
-1.40539122497
1.61517174881
-0.815074766274
1.45615053574
0.283454420901
-0.7212550152
1.29432565503
0.733549935077
1.20154897803
-1.66474822199
0.593575469625
-0.940948294361
1.24867561503
-0.589274634862
0.00582933750488
-1.59485262485
-0.690875972272
0.789058814746
0.169591953575
-0.16771874864
-1.55809963888
0.405997615553
-0.676166063703
-1.14369058197
0.0445318082465
-0.121267324766
-0.461635323104
0.232158731432
-0.549257492313
0.0701320055838
-0.108791924759
2.22194134763
-0.710454040461
0.156669595021
-0.203738635266
0.27896853789
0.203924082307
-1.20979381235
-0.0138409743441
-1.81097969318
-1.0284405639
-2.76584863491
-0.710852671245
-0.454839449175
0.962484789103
0.124169607778
0.0311021613755
0.878496992563
0.437874044156
0.895042606722
1.44628471913
-0.196683156565
-1.50884092585
-0.411878575081
0.221375429327
-0.116651541249
0.166458105196
0.197035864155
-0.378567745958
-1.15506356681
-0.310446393435
0.663097111479
-1.17449756201
1.32355724944
2.49706317029
1.94680921023
-0.255529799112
-0.524085080909
-0.392118153121
-0.984081703398
0.323360768093
-0.225598061777
-1.57035887392
Score: 1