3
44
10
3
0.468855430133
0.196071052837
0.285690437737
1.28107702582
-1.00001232333
-0.335800684002
-1.93873346468
2.07636207029
0.128210124806
-0.187281751412
0.800302245982
-0.27650431459
-0.672216383956
0.45468519172
-1.80515822034
-0.975882663363
-0.626236310109
1.6115241559
-0.712708891261
1.17485890661
-1.48553557284
-1.28417172122
-0.123546369854
-0.985492112349
-0.295292200183
1.73422522633
-0.3957967686
1.23243995928
0.113201085195
1.19020977062
1.18018547764
-0.217991841062
0.810299831305
0.271499434029
0.63632423342
0.617548696061
-0.677973691709
0.735132649776
-0.345488204999
-0.207723008938
0.0230112378063
-0.0499890115906
-0.148377796326
-0.0816482986731
0.954222645292
0.128941897318
0.66486610999
-0.603590203871
-0.916632850258
1.3877550945
-1.37407334669
0.328132634
0.629936903956
-0.739925801744
0.345234085546
0.830415418173
0.170252912174
-0.743214994632
1.93191434166
0.485936410206
0.572601253532
1.05754243396
-0.218853131204
0.458896489121
-0.0576237743609
-0.0144989293249
-1.1567016704
-0.513360758092
-0.0179140109826
0.35266284382
0.178182896726
-0.484517087018
-0.562927288984
-0.750466090474
1.77319919644
-1.99125485315
0.588628700781
-1.57530212718
0.511493963556
-0.682314212373
0.181844432388
-0.309286788781
-0.0177702417365
-1.63307591859
0.924987120112
-1.39554389347
0.729791884777
-0.135736856591
1.22480220611
-0.717603303207
-0.901382961009
-1.26944625207
-1.36282476948
-1.3218465292
-0.993731559627
0.707204748694
0.0628043014837
-0.6362136248
0.110437951578
0.223911993014
-1.04435285092
-0.628514610418
-0.0260684664307
1.012995295
1.35567057422
-0.405166454798
-0.787991865899
-0.43980653089
-0.435648375052
1.55300343306
0.909360927841
-1.68602539218
-1.4749809046
-0.246767813471
1.63142306202
0.536050101489
-0.156824904779
-0.917213882372
1.44168689359
-1.45515741972
-0.204191401388
0.755802099701
-0.359265565537
2.0119864838
-0.463059784147
0.738685824275
-0.23923472796
1.22524116487
0.126850461268
0.631107352008
1.25905977758
1.00884652209
1.06783771758
-0.344905422799
0.523304796456
-0.249563288128
-0.316880710212
0.215269314535
0.0701785494004
-0.752377639957
1.72010028269
-0.896146256406
0.812959488919
0.390888465247
1.39302152504
-1.62329819037
-0.270019216221
-0.650371277494
-0.211885323171
-0.649430807594
0.475817359163
0.549338118301
-0.162168749089
1.90814716285
1.02473719725
0.582916597174
-1.27939657046
-3.21163892709
0.542999244328
1.56959335045
-0.0128942513292
0.661103451556
0.862538309467
-0.79749518441
-0.210723131582
-0.347601182262
-0.0812449291742
-0.0253807256687
-1.13940367036
-0.32331067981
-0.769173890264
1.11137965854
-0.678338215053
0.242790706593
-1.34289610358
-0.408828636549
-0.25939689477
0.210391471213
-0.374068569152
-0.608395023603
-1.28085942403
-0.71952330845
0.173693469017
0.205380556687
0.10139602788
-0.315074451369
0.556551541749
-1.28660449229
-0.122797526301
-0.203697576748
0.556948218904
0.672937782248
2.38792083051
0.745238838579
-0.103617371789
-2.7014287482
-0.97191551715
0.438427702321
-0.166499213554
-1.17903000322
2.07164313575
-0.064335323998
-0.739973243437
-1.95190599829
0.244264479634
-1.13854202532
-0.958907384331
0.645983342423
1.21932700255
0.685843882598
2.57987486621
0.286986971962
0.658402256127
0.999807196517
-0.0878561671162
0.43548736243
-0.347098447286
0.405845928549
-0.16896876083
0.023030312137
-0.591204323719
3.99851114258
0.581140344261
0.781759734478
0.443451270294
-0.674989650621
1.73276665067
1.48146400692
-1.04820594318
1.47272650205
-0.620138312057
-1.40335436388
1.23723291975
-0.412469129662
0.468748325069
0.186987173978
0.164897467755
-0.0549562271581
1.26696181207
-0.9173866181
0.997924796673
1.68300181113
0.612185510341
0.542665931213
1.30688219879
0.825819381111
-0.224274775217
0.843137734251
-1.52421569608
-0.852491516864
-0.614810017563
-0.154413284107
0.406851062851
0.273915449797
-1.83880342751
0.708026398626
1.54431018205
-1.70715079826
-0.117245385128
0.523253859222
-0.265589130907
-0.127598147158
0.804258781169
0.266810626411
0.0184499875027
0.144404152132
-0.428626468456
0.776547991143
1.38033869705
2.17245905067
1.1555367357
-0.624311358981
0.196169196823
2.96890961876
0.893105628142
-0.955499794708
0.0925259791142
1.12021909095
0.934991275958
1.84958800403
1.34962547501
-0.0673051381488
0.265483622311
-0.161639186254
0.533300746833
-0.538502464226
-1.22758583098
0.553949450864
1.20718511363
-0.401584816433
0.382649564687
0.744421309313
0.691970204569
-0.312057277704
0.392143604544
-1.91620552819
-1.36495215746
0.460929404193
1.19761483904
0.323146704404
-0.646818512527
0.676436849284
0.13183018597
1.55414631772
0.732159592934
1.13036980331
-1.16139120348
-0.15600173638
-2.16424070034
0.746277729337
-1.62979879937
-1.61013013211
-0.0688300410666
-1.46575573096
-0.614436667557
-1.19928051071
-0.17059753997
-0.162028877715
0.0747343465412
-1.15642259176
-0.667923640103
-1.03270816199
-1.0790852042
-1.48299489607
-1.39686294541
0.60983215598
-0.353478256389
0.927911815651
2.45845452423
-0.111768529267
2.20408963726
-0.96571116251
0.87638670035
0.0361092680975
0.989941663938
-0.584332254234
-0.679275972342
0.25066526193
0.708953216426
-0.0833913452208
-0.346217332423
1.96399331052
-1.45670540625
-0.186498278119
0.374051327299
-0.484003163607
1.19795012299
-0.438773415529
0.180305276873
0.961183324997
-0.0764344334527
-1.11291620275
-0.273983683645
-0.952144255445
-0.00760560195986
0.639091990138
-0.50123226796
-0.192810570814
0.626988979137
-0.306976895313
1.06503485564
0.0753910457472
0.584036015268
-0.835796913801
-0.302768412468
-0.652485412234
0.552039267408
-1.41454829515
-1.39904680049
0.219282324014
-1.16941915523
1.01225765116
-0.0125907750096
0.0729241401989
0.583295177749
0.326775525429
-0.351705901313
0.684369637432
-0.698097206781
1.00130330875
0.782764722204
0.373061610926
1.81217436618
-0.185345096692
-2.3233380791
-1.32510024186
-1.0761081409
0.528072486533
-0.160618404467
-0.53879065208
0.522547448999
-0.376992282559
-0.185873646828
1.02078826933
-1.68935040154
-0.938721004712
-0.405218758489
1.35201795799
-1.51339274366
1.50006208516
0.463604041334
-0.424075807607
-0.31455886571
-1.26848121749
0.36364158362
0.160573415491
-0.277919973207
-1.09906353545
-0.000945923194349
-0.395876564456
-0.36722945896
0.0780088503301
-0.296300685991
1.42031197806
1.91511980984
-0.256033160606
-0.722361279408
-0.30247338485
-0.103684881578
-0.290091837989
-0.0058733464505
1.53367029994
1.32344200648
1.1473244335
0.442322288039
-0.0340413439275
-0.0206582998452
0.676480962952
-0.309972405349
-0.595365551137
0.0375825300589
-1.28086615206
-1.59428892436
-0.713481324694
-0.200585640648
-0.381046357282
0.578861487485
0.645953046279
-1.53821296953
-0.410227984128
-0.428381091478
-0.0288240497246
-0.96390280645
0.556177396144
0.904791244783
-0.0347682184479
-1.43935605837
0.412924367629
-0.716256294426
-0.390779304307
-0.504416717153
0.00658429693838
-0.082243229589
0.634290889963
-1.95071099934
1.24893762522
0.661788999075
-0.778634108228
0.00234682675512
1.66917021072
0.286672496129
1.07282077175
1.26260156208
1.15195233695
2.22952818969
0.606818542516
-1.08858370098
1.26832719767
-0.690932792817
-1.5053062597
-0.603587104743
0.291042882013
0.367810545136
-0.269096162297
-0.426378314859
0.553244198593
1.11612722327
-0.903985953029
0.85526174248
0.318478245755
-0.617590213914
1.50529734086
-0.164551844116
Score: 1