3
44
10
3
-0.178531645614
2.41226434649
0.327893174411
-0.739499411348
-0.0694003164451
-0.297685689272
1.37803177854
-0.586332064992
0.438425696504
0.892807161029
0.156849066688
0.824982791758
0.546364038606
-0.409513923899
-0.0896961548163
-0.477919551117
0.391056406799
-1.02011408094
0.722219974228
1.50056292698
1.50379852726
-0.0736623718808
0.202130460939
1.27086792589
2.19040556854
0.211690006593
-1.42762517012
-0.733604089927
-2.74718305358
0.643865556928
-0.623486402125
0.558463529733
-0.190069862679
-1.35594267606
-0.153895184296
-0.109947826001
-0.78633683232
0.341334211015
-0.289312030798
-0.895290482961
0.108941376873
0.497497379561
-1.34354750165
0.621970871081
0.586303430666
0.610341304636
1.16133830378
-0.725645839275
0.176077460214
-0.302070322484
0.533650219017
-0.589787695215
1.71401156549
-1.21736839072
-0.59458817142
1.41799960504
0.208194997102
-2.43596743787
-0.506178404543
0.0449454707177
0.267072417225
0.287402558198
0.902693956031
0.151258235203
1.34405655978
-0.442191272631
-0.0175471653561
1.25356568576
-0.926192963085
0.488368354887
-0.272771364242
0.0267267406966
1.44770256957
-1.33504211354
-0.361900694523
0.398331865738
-0.250219277167
0.949012708815
0.481402662629
0.747143464958
1.14424388858
-1.43144394656
-0.297969967903
0.224823248303
0.261618407716
-0.424138101688
0.306171952368
1.28689902103
-1.41667456286
-1.83847971833
-0.728890457431
-1.16569306972
-0.631861035169
0.961573872539
-1.45229089937
2.50030426886
0.0602543759593
-0.273882582206
-1.26824957932
0.94349792395
-1.10628919058
-1.3221643205
0.188776208865
1.65858062051
-1.33684188661
-1.5814203075
0.00653735576425
0.862688718867
-0.985579055427
-0.0974316332425
-1.85402899901
1.6057862146
-0.333456654115
0.207468469152
0.245356150587
-0.581912697567
1.59194139131
0.904652884153
0.938206203746
0.679095881868
0.146961296223
0.198934875482
0.380041527564
0.913523051375
1.4510160829
0.192099623102
2.12109132788
0.298890766191
0.390835751638
-0.924564255288
0.472047693165
-0.615363171793
-1.75858487126
0.688712307521
-0.154719270941
-0.284097638103
-0.0739291246596
-1.03209883141
-0.7630840767
1.41539320251
-0.779917158044
-0.159897645122
-0.43660024897
0.734190238101
2.06196403277
1.22759565189
-0.331112150504
-1.20117545393
0.313596424429
-2.13657907629
1.14904580705
0.481016939981
0.820050782414
0.899013222974
-0.230260536159
-0.147779230303
0.882218832875
-1.14721864182
2.54574905299
1.65619304352
0.194096124151
0.192186723876
-0.756714366146
-0.748452506851
-1.08733633817
-0.322688534311
2.02329386379
-0.0172931676584
-1.18762422064
0.164799236804
-2.44507377003
-1.74068625323
0.782975030603
0.53304387484
-1.1473319138
0.615352807902
-1.10159067562
-1.54871862086
0.313470431032
-1.24503865553
-0.807670005068
2.95540563448
0.650340757632
0.48294466914
-0.539413053259
-0.476717404256
-0.310546835323
-1.52568598108
-1.04543212341
0.598158594232
-1.37383313983
0.79376315457
-0.659778274963
1.89510236895
0.173166360332
1.09603437818
-0.0838478025329
0.50425957835
1.37579481589
-0.710134040486
-0.0682925976314
1.76394137882
-1.53201550823
1.697483324
-0.822065274921
0.918177571712
-0.518695366679
0.532266126736
1.9704912917
-0.0448987063798
1.49381184702
-0.35722459363
-1.47590438245
-0.0295573988717
0.776465073641
0.133690037436
1.56569285421
0.326297551655
-0.713706742804
0.428959895295
0.110281394014
-0.0147379720203
1.00378424573
-1.10257702218
-1.29730587012
1.76947553059
-0.800405025927
-0.14851230042
2.24500718172
-1.11918550955
-0.462372393547
-0.106575827361
0.357147655641
-0.319267017201
0.054734576399
0.779755084085
-0.949637230577
0.834330681943
0.0603705097356
-0.307164093296
0.984514410474
-0.487226566457
0.399280073273
-2.45070745598
0.787942860031
0.219002353292
-1.52558525796
-0.693757559229
-1.45959664708
1.84814515999
-0.120795559353
-1.5899209232
-0.674393423885
1.65820871534
-1.88521147539
0.027356267224
0.99097622947
0.544548035315
-0.26120517606
-0.760415054949
0.401478197479
0.241095356622
0.0892779735271
-0.720534613482
1.46944440768
0.947135021417
0.0755633332473
-1.16939162826
1.37585563424
1.13739963513
0.314692250079
-0.0156132874073
0.672465740959
-1.98709848535
0.214449902185
1.56851520134
1.33947083895
-0.104824193948
-1.67591607891
0.724274796365
0.0874904599561
-0.709929142088
0.747546416373
1.33754720504
0.483494522181
1.13069869591
-0.39753991851
0.708730279172
0.798904426211
-0.55827916731
1.26877044314
0.084625527512
-1.65503824942
1.71853985565
-1.05420814982
1.35282134658
1.36226912514
0.936974703523
-0.152718357667
1.04009868547
0.901953113883
0.329834727144
0.273637775657
0.0404033786191
-0.636738104985
0.886942952916
-0.70971670821
-0.000135663159644
0.0747013197602
0.816810101246
0.873856265938
-1.62872340703
-0.696923233302
0.874790162235
0.565802450448
-1.59869855254
0.417555906368
-0.987597518688
-0.145808857582
0.0597117179846
1.16246219805
-0.228080182452
0.634022899275
0.601296932741
-0.510381087201
0.010851126388
-0.15154568387
-0.0340158415411
0.541560948337
-0.888892910073
-0.40432334573
0.754636648876
0.720445149851
-1.3569598468
0.227957804789
0.458743286031
-0.719151430148
1.4984440411
1.82601138733
0.750556536118
-0.498754663833
1.36695953809
0.0899040498544
-0.836345575033
0.497610971899
-0.079212333385
-0.0914797882835
1.58127851329
-0.834907785915
-0.471446998364
-1.16435126099
0.113464860521
0.899475829224
2.98488058155
1.19055865414
1.49840905646
-0.61431355232
0.143864760888
-0.249141071199
-0.100375708936
0.631581678735
-0.0626234692585
1.01741128699
-0.0717282714575
0.955494654252
0.929822864696
-1.2888566138
0.422105153133
-0.124267915847
1.29870952677
0.631985991611
0.799278405244
0.848023559376
-0.364765986942
0.666557288933
0.203053993411
0.994199934066
-1.23834480964
-0.391999205504
-0.536378347847
-1.37553923958
0.498407983311
1.42262850654
-0.444460237037
-1.03038879691
-1.49196026849
-0.0872692712111
0.842074077606
-1.79716188931
-0.015123023848
-0.968687238296
0.73564687305
-0.328940106168
-0.662024169284
-2.04170633169
0.295495159092
0.665363275663
-0.193392064761
-1.03807935779
-1.7047745646
0.639282164896
1.03684687517
-1.69188795577
0.587407096623
0.296721222152
1.4725568133
0.0841311896884
-0.193779412668
0.479764796159
-1.31591448967
-0.0126036068273
0.27407753698
0.620092990492
-0.894910465475
-1.73817882696
-0.0507077212779
1.6134717204
-0.337154537331
0.613600892152
-0.53092419562
1.02016979104
1.02745903069
1.41723670563
-1.16261656064
0.188563614799
-0.1456792617
-0.298433264435
1.38621720239
0.706197276505
-1.30663305068
2.33607598879
0.656260924372
0.288012920774
0.70617552462
-0.52745594009
1.94560334584
-1.63871078033
-0.582459184942
-2.80924510011
-1.98696841212
-1.81185487546
-1.02343944191
-2.43552121909
-0.0930109272417
0.126334494534
-1.27696169869
-0.291631658446
-0.216846448119
0.342274722234
-0.226526771961
2.3161164454
-1.4912170722
-0.801367801134
-1.12578339779
0.503654178437
-1.21126528853
0.797983548192
0.332787514779
1.12523314002
0.160412745998
-2.36921981257
0.126585882011
-1.03347366918
1.70631610461
0.190897756112
1.10000598336
-1.09172345614
0.692365799326
-0.823058182942
0.383175187148
-1.38631113786
0.461401865253
0.559071411693
0.400585918627
1.54926420213
-0.246915060652
0.803864191332
-1.10454305446
-1.17321344786
0.731282108169
-0.00976928334228
-2.4116018351
-0.0639226749198
Score: 11