3
44
10
3
-0.313050342263
-1.36511426457
-1.0731521465
-1.93986820747
0.796546769355
0.826879863057
-1.46579867276
-1.78430398686
1.49733961103
-0.782187848499
-0.398133638975
0.087593722
0.558744248887
0.916185680925
-1.17901407595
-1.41729659003
-1.01601593517
0.294642820366
0.303536845624
-0.74586202921
1.83961085239
0.888986178388
0.980327059221
-0.817596353444
-0.679200604098
0.205379710734
1.05225155848
1.05926537134
-1.05377116179
0.170679293578
0.341545930052
0.187082907012
0.41297499986
0.103754172171
0.323898727919
0.278076802885
0.961630516467
0.591850397467
-0.53896658852
-1.101111174
0.201034228046
0.579237432092
1.06984805
-0.439692938141
-0.250889884301
1.68836042857
-0.165270590626
0.533944274433
2.00773766406
0.246729621074
0.482103926635
0.102537900756
1.67088942273
-0.0242054311864
1.47291652805
0.0272831143129
1.10592859346
-0.440266455024
-1.4151646869
-0.657204303304
0.576873131097
0.311507393679
-0.359534964558
1.037977584
1.05573500873
0.628406446853
-0.111627796263
0.255193661845
-0.131961318501
-0.36789402152
0.218121748375
-2.34065042556
-2.37310173456
1.17463881132
-0.719593897482
0.564413976054
0.134581643736
0.257424774468
1.27545470236
-0.155231936773
-0.749003508673
-0.176724873527
-0.685497671966
-0.0891599011689
-1.33484542304
0.430086868225
-0.539550753019
-2.0780122572
-1.59965669626
-0.440088330908
0.539408730468
0.342569439175
0.477051216727
-1.14699475217
0.464092907112
-0.20079385791
-1.66266502318
-0.432126096184
-0.927465615106
0.509000914948
-1.25559537959
0.755494806467
0.508632320841
-2.25525846231
-0.0530920479196
0.0746626127337
-2.15731202419
-0.0814524785495
-0.33595282777
0.309353407986
0.216882389397
0.436635960571
-2.2783437305
0.517471840608
-2.02504143161
-1.11623773113
2.49032117206
1.31876256221
-1.50548196297
0.60533556002
-0.918485437204
0.552707338464
-0.983534628621
-0.497531924678
-0.528609338821
-0.307369941141
-1.21146669903
0.121451738423
1.48115165954
0.00303009423839
-0.244742796508
-1.43589955275
-1.14984493134
-0.646677015811
0.246294760988
-1.79472376659
-0.257227412213
-0.485895317095
1.34453278209
1.13870499008
0.827246405481
0.382834095907
-0.000166755869667
-0.92786914848
1.4538909389
0.839911394959
-0.871702060441
1.13377316014
-0.858929991823
0.681516842458
-1.69311597731
-1.98615521363
-1.89609371869
0.0767292890278
-0.245626968531
1.74640473776
1.85012787344
0.961484992065
0.992205920739
0.906339054529
0.860002028912
0.318732344761
-0.305106307926
1.87067147556
0.188398818304
0.43200404451
-1.76289092067
1.26306449358
-0.1831493134
0.238261201319
0.272521568553
-1.04413052086
0.674763847669
-1.41007605511
-0.000130984984606
-0.4483870843
-1.38250083953
0.826278557426
-1.73222934708
-0.823831634916
1.65248326955
0.713115347194
1.04272433249
-0.010949269694
0.356663868039
0.187064202904
0.613275579395
-0.56860653163
-0.697818875843
-0.193742056685
0.584857187886
1.83789155087
1.05646145768
-1.85245419191
-0.929334023166
-0.852801252657
-0.48222041492
1.58676213017
-0.143978931404
1.69411979887
-0.2652023996
1.06941974601
1.99119995885
0.0297081532234
-2.79045565777
-0.179170848895
-0.387704156384
0.724413950286
0.0992992570615
0.265336270055
-0.820109562952
0.80443770958
0.967785872246
-1.78647153947
-0.497544273326
-0.126256513575
-0.0265078996708
-0.726622813771
0.521995215969
0.887890913179
0.0814988401802
-1.52144933358
-1.79268691868
1.33625404822
-0.797354418259
-0.442853281349
-0.0918359461967
0.147299219715
-0.997465312249
-0.66676101317
-1.12524289261
-0.225706810849
-0.994411000241
-0.345460047234
0.266127044909
1.39113100473
0.730667349361
-0.388491568912
-0.507315323673
-0.277954762113
0.244919194458
0.110954494491
1.45828617936
1.32651218798
-0.66772719918
-0.401504534858
-1.00530960542
-1.50368390054
-0.716819679517
0.816929528991
1.25619509633
-0.611049996533
-0.177013873042
0.888270727957
0.228436993122
-1.34279219118
1.28028345812
0.419564047212
-1.30983727936
0.556191786505
-1.42678952577
1.30806032932
0.470452468654
0.415589283704
0.723407626276
1.52203530692
0.104933221466
-1.07243636299
-1.23718220299
1.11104024876
-0.562604687437
-0.315554217026
0.41653168135
-0.783214269832
-1.01746650273
0.764140718761
0.177042200021
-1.11471137108
0.76268010301
1.16062140881
0.841920133951
-0.931944371704
-1.96528757125
-1.10494746416
-0.491911056082
1.96388936618
0.0102862602218
1.00180565636
-1.41844154278
-0.375250584056
1.2565281002
0.191428045109
0.545230003022
0.529390868416
-0.0430130351414
-1.31455360332
-0.958780348265
-0.643431571543
1.43353486885
1.37410893431
-0.476552296179
-0.28304655925
0.249757410023
-0.0311741487441
0.315647481232
-0.82350707357
0.308968912254
0.160998130426
0.218479834725
-1.22529209865
0.585461132374
0.251641977876
-0.164739629231
1.01852818464
-2.08634899615
-0.292347131788
-1.05199534066
0.439816548161
-0.971567843969
1.21165631808
-0.116557379009
-0.231094364629
-1.86734117443
-0.331534798856
-0.153916217345
-0.0424935172301
0.94711476411
1.41531093767
-1.54674303376
0.0122402187635
0.236764821611
-0.818623374196
-0.546306054418
-0.666144879361
-0.145339753237
3.15303145219
-0.283837970769
-0.199406355732
0.335894347858
1.2062499421
-0.267422818349
-2.00817325696
-0.0637651637715
0.57598618106
1.26581151335
-1.59146196623
-1.19680183252
1.02968294859
0.515401275525
-1.01366954043
0.881041452099
1.07110336689
-0.19791527
0.55912514233
-0.792178693517
0.0690374238785
-0.570646849674
-1.69433425428
-0.0579366111491
0.82437656473
-0.98774810637
0.0544170251138
-0.113104971116
-0.893951815981
0.389913870939
-0.198450144457
0.379637758961
-1.22189908382
-0.105651813482
1.11173213045
-0.238660344858
0.104493084507
0.651058347399
0.108711321205
0.984450245323
0.917299063251
1.93753876823
2.00679106787
-1.71998793144
-0.495886892221
1.73208435794
0.528396783861
1.88203274753
1.07470150319
-1.17074843598
0.633938823771
-0.844121069548
0.754289231712
-0.426651206784
0.435099812577
0.902074979181
-2.23681978216
0.201868368845
0.594702459377
-0.109671478666
0.828293139979
-0.906966013317
1.04665611496
-0.0299859254822
0.588551565663
-1.79096389248
-0.243899013954
-0.859374928915
-0.584035230116
-0.177797969237
-0.43715469427
0.884388774804
0.24002523421
-0.300382946126
0.171240967915
0.0370963327722
0.180491472405
-0.61040355223
-0.927944578678
0.15597032407
-0.444950638582
2.00143639406
0.400622615351
-0.691729116954
-0.387524890593
-1.00067838345
0.780934432008
0.539037458998
0.698214633427
0.540135218208
-1.53741023554
-0.746419142301
1.14279986022
-0.589488560069
0.279226776241
-0.935523744353
-1.15397850539
0.572941632053
-0.48164393173
0.854435794365
-1.65408838808
2.26759016243
0.0123817312037
-0.909015308001
0.803344609276
-0.0809629545358
-0.320630930189
0.289288723539
1.93676084332
-0.257224757553
1.48593334276
-0.452339307429
-0.48709448577
1.36382179763
-1.18120606442
0.123426600774
-1.10417265354
-1.59021693247
-0.89178094463
-1.26701243268
-0.717412753453
0.250956167252
1.06509759426
1.24836822313
-1.19774341391
-0.676580412742
-1.45139462597
-0.0323896692459
0.524579179852
-1.45674566422
0.424194640105
0.363701920464
0.265077004043
-0.74468420537
-0.677814118289
0.670123417723
-0.0874584524653
0.421923218962
-1.33852312581
-0.470952273624
0.895234247631
-0.684232844635
-0.853335051707
-1.23693019685
0.843212168094
1.92182124571
1.54763784309
0.64538955189
Score: 1