3
44
10
3
0.145720750265
1.54071862941
-0.339908587597
-1.00149140062
-0.549218559869
-1.70339790885
0.14795072283
0.587506094987
1.62224214902
1.59349977205
-0.809001029354
0.664378320798
-0.0846760070558
-0.808772868177
-1.87508826288
0.251226276457
-0.423991752421
-0.0580785664311
-1.10071452162
0.705231420129
-0.139630738959
0.841412663402
0.580214035351
-1.14885900344
0.388026794427
-0.260065177044
0.343292878265
1.33312215507
0.888023972552
0.968645598566
-1.62321947729
0.584284316758
-0.380618192816
-1.97189338831
1.16546432875
-0.127955708022
0.154868008609
0.619740981466
-1.181651691
-2.39375877305
-0.883581694151
-1.49932361741
0.209058869473
0.0101903137354
-1.44382979523
0.390441577511
-0.903511565775
-0.714815111604
2.46225319286
-0.705114662443
0.583923951703
0.181733943583
0.420229534518
0.612148124433
-0.905131169908
-0.12731897252
0.931717426464
0.11811450296
1.53316102581
0.517805887546
0.999085200747
-0.919515398623
0.817332311982
-1.23606420052
1.21583031461
0.395657819499
-0.0976088648412
-0.725206669308
0.140599352486
-0.259467725779
1.14979884013
-1.84792954428
-1.27212838226
-1.2200300103
-0.249338533357
1.92240790398
-0.671275706499
0.103668092841
0.443075515361
-0.299455106828
-0.61130278258
-0.531105930861
0.996346426029
-0.120549380071
0.19920342204
0.33165118678
-0.828421737234
0.612884261064
-1.08247845147
-1.66479634669
-0.0465093514395
-0.627793708738
-0.0429745845006
1.92428333966
0.289334183779
-0.598042257947
0.423647960243
1.7844155895
-0.131014240964
-0.272087495512
-0.513891021655
1.65510079446
-0.377733085065
-1.26321817017
-0.710705667601
0.0999625576345
-0.298256386725
-0.200879864505
1.00038221668
1.26402073776
-1.32517052382
-2.77251746604
0.405225754602
-0.716137207945
1.60191475797
0.86868938576
-1.54420922621
-0.794628348203
0.903022801506
0.08032448303
0.36279621124
-0.918028981362
-1.71534589378
1.18968984089
0.350679933867
-0.402944174258
0.585839162274
-0.569797912893
-0.921925813641
1.45358632283
1.60812225736
-1.2299345977
1.98062991629
-0.684734530123
-0.494789232657
1.34149542575
1.38581599338
-0.544714561476
-1.69438216175
1.23462119331
-0.912351228646
-0.25753139061
0.731612921644
-0.226802855671
-1.41646282162
-0.908533296562
0.812182892765
-1.80893279029
0.51151690842
1.57950208394
0.877950770223
-0.424130838578
-1.03599539602
2.8719564216
-0.175272848295
0.924297139575
-1.51498498286
-2.23895783046
-1.314427218
0.172535992702
0.638869447664
0.619715232522
-1.02276321886
-0.248503157633
0.579487198392
0.278722345365
0.927426215896
-0.907870689923
-0.495204313069
-2.18119135006
-2.01969717925
-0.864310931602
-0.384095075252
-0.0768252560739
-1.16030296749
-0.00240742658227
-1.10829294456
0.225587715448
1.92529217579
-2.76817303521
-0.655190510053
0.0437249210517
-0.335380816144
0.694324754325
-0.248203401238
1.41137206825
-0.389933153589
0.358471921219
1.33506581221
-0.865074569283
0.399363416361
0.0280090267339
1.44752712756
-0.985979838667
-0.304432396281
1.35064934963
1.0305545933
-0.517284543615
-1.97159360942
1.35179391637
-0.904789975669
-0.0936783081763
0.0287031610364
-0.958395190242
0.280166818832
-0.60439866235
0.666442648596
1.17417960777
-0.226013015329
0.673166712955
0.638225137855
-0.570583418279
0.275227905056
-1.05388502622
-1.39278386293
1.5850539967
-0.594892763762
0.829824085368
0.129504610452
-1.1078473047
0.232051772577
0.978726518739
0.361866656551
0.708826874303
0.778724328425
0.299639405169
-0.405549491394
-0.925438491276
0.237398753293
0.371990537628
-0.808309241454
-0.144890590092
-0.453744946444
1.92596882964
1.524192671
-0.937318899955
-1.02162975213
0.491258378766
-0.00852114243331
-0.424455916267
1.46921795947
-3.14194139261
0.733432949299
1.45747780785
-1.64998196922
0.528520715059
-1.03164541137
-0.130525926292
-1.85004669474
-1.16194720527
0.152463101695
-0.339602547704
0.728848160063
0.157079918829
0.538082497638
1.05113983372
0.334696872402
-0.33634854529
-0.617203674764
-2.26499271125
1.35865206735
-0.547126292643
0.553980450221
2.39752749798
1.35360435336
0.00867782900381
-0.520576408328
0.0665328101962
0.151745408823
-1.56950628318
-0.0706755127234
0.928076210413
-0.791417808654
0.00777851228439
-1.10967362851
1.16757018714
0.403359909379
-0.929639715892
0.828666278146
0.243099703373
1.27722201821
0.70808092575
0.196824367222
1.51489487182
1.05784166413
0.10522782008
0.452470303949
0.0294050880162
-2.09950698278
0.532262738215
0.942837374514
2.14028178371
0.61695765077
-1.19515382552
-2.60719338854
-0.401115323215
-0.659504100583
-0.356214462559
-0.56260068741
1.10271928791
-2.13807053664
0.852557497915
0.612910854008
0.74195862489
-0.0213011567142
0.478545893502
-0.264725835079
-1.11356977582
0.192336206489
0.886060337783
1.32686033255
1.03552783922
1.3501683869
-0.286516614103
0.121497713488
-0.997983519499
-0.100911773401
-0.3514558472
0.707914874895
1.21528367262
0.622531998749
-0.522951776542
-0.176999276613
-1.36325502895
1.18168012446
0.659583207767
0.578610487839
-0.0636537078616
1.13964405606
0.79423739358
1.41346282153
0.145521265395
-1.35808427208
-1.44088078591
-1.14124890045
0.0103573622456
-1.31184790701
-0.419153246634
1.02299266145
-0.994626976287
0.0532704905635
1.40030251642
-0.861517194873
-0.94988710246
-0.613827207552
0.299540190134
-0.637707346349
0.0316402684534
-0.0519426971831
0.236095855603
0.622727923996
-0.448896037852
0.703771094491
-0.50175743645
-0.0380826054564
-1.37453715848
0.0770659495661
0.61601391765
-0.360030537704
0.471864227187
0.939466630513
-0.0939742133521
-1.50113334969
-1.58340883795
-0.215413847121
2.30253825969
0.0617581317294
0.785240061096
-0.773724026493
-0.532988516385
0.988789635995
0.609022332445
-0.0612709931814
0.087216930208
2.46803293165
0.185310680556
0.128145729905
1.89801813768
2.68294215251
2.82241816864
-1.20020887082
-0.243443305154
-1.81323715408
0.491247666145
0.299699078263
-0.400489406786
-0.0926857649303
-1.27431437916
0.0590639734222
-0.116609285484
-0.415368370376
-0.875830657662
-1.31503702464
2.04490498251
0.582561504164
0.39114535032
0.667702134644
1.027899178
-0.179686867742
0.241519992924
-0.351573513492
0.917454896296
0.677612458885
-0.266992096111
-0.502291971472
-0.974061326951
-0.290094096896
0.654931288207
-0.298760089305
1.42364501388
-1.45099472683
1.53542649855
-0.844357720743
1.46894655566
0.23837671497
-0.746693880784
1.28214341795
0.588811265282
1.34243131765
-1.70661299244
0.5905793819
-0.985348084567
1.10930847065
-0.68015639151
-0.0730226057994
-1.52019801778
-0.757087633379
0.897570090389
0.0519503521051
-0.291386730692
-1.54230568714
0.458325562643
-0.72936998146
-1.20341799144
-0.201604195729
-0.289304069959
-0.584499737988
0.248452781489
-0.582404195675
0.0620850571129
-0.0971046337075
2.16956659035
-0.805516484606
0.107741906423
-0.0274707510867
0.347747662352
0.160013417075
-1.1727388789
-0.0169032572692
-1.68210382727
-1.22831990656
-2.88237760546
-0.748096962643
-0.487305280178
0.84214595774
0.0886250145595
-0.107901474356
0.837352876672
0.362884455626
0.990547997992
1.31857678077
-0.145372826199
-1.45464572103
-0.430093316084
0.0019600876434
-0.143873618973
0.131754355725
0.43056091635
-0.338426389583
-1.00581470542
-0.0526041914273
0.500685314484
-1.21044486512
1.38161516791
2.58800889442
2.00079383717
-0.146177740686
-0.44245353403
-0.342789173499
-0.944677923848
0.375498579439
-0.0883572051243
-1.53997140378
Score: 13