3
44
10
3
0.699784758739
-0.0568503497252
0.552317155633
-0.629916348355
0.842756442101
-0.188192757666
-0.66625593774
1.84126631957
-0.144118843516
-0.894418021094
-0.103263598553
-0.0940591933615
-0.539351695045
-0.695684393146
0.843726166779
-1.04101379259
0.305481361364
-0.634308997547
-0.027157248127
-0.830743522022
0.717368890424
-0.00340745668745
-1.16769819932
-1.76696680709
-0.860100060036
-0.365718948078
-1.21480997905
1.19016751361
-0.0896427750069
0.0596352950245
0.682577574551
-0.0135006988698
1.41185027541
0.728950582552
-1.77859006974
0.544993510498
-0.0130581782216
0.585194650819
-0.687827846514
-0.343208997033
-0.686746452094
-0.07807698056
-1.20757679254
0.755822053725
1.27078838044
-0.146742019401
-1.07697910602
0.293472095936
-0.700799490445
-1.69992060393
1.88358419771
0.0151885316308
-0.747594960625
0.334196665
-2.56535792469
1.85976113225
-0.331625665838
-1.4420078094
-1.21489432058
0.638652317329
0.842507242166
0.939319371165
-0.207069352185
-0.120751620342
-0.479171808524
-0.981510597379
0.181860683893
-0.413783059738
-0.584376543695
0.638094474141
1.04957434188
0.856348606236
0.549638059014
1.7290781749
0.787479861342
0.0793053223845
-0.336202212362
0.807690053124
0.174054884257
0.233112863485
-2.07904807616
-0.789671270929
0.457185320853
1.17406597129
-1.66638646131
-1.58473410122
0.0372090983698
-1.73045645184
-0.0870494259954
-1.20110700476
1.25021106696
0.751745002133
-1.38110012676
-0.235383486441
1.7145901374
0.365152483581
-0.125159865439
0.103245836186
0.867123524045
-1.01732079649
-1.62589308131
0.393115301461
-0.767619235613
-0.29196435664
-0.713600070358
1.1032909455
0.655227950241
-0.509836736515
-1.04857449683
-0.952434386493
-1.57221160227
0.222309567252
0.0502759391614
0.45492792563
-0.573755168198
0.715537689335
1.3658070045
-0.00234065630959
0.953999222953
1.86952282881
0.751348460765
-1.12481884008
-0.549094937814
-0.0684656127595
0.15730490199
0.956151116772
-0.0689034014265
-1.8342245029
-0.310510365425
0.534269919425
-0.446277453792
-0.457173720418
-0.265073529501
-0.271651985813
0.358612493675
-1.78140090283
0.862492732726
1.39018174394
0.668107631618
1.88982566332
-0.774564908394
0.398460175854
-1.19396250989
2.4389300846
0.154897793822
-1.10453743332
2.86737355405
0.747240429586
0.565473428618
0.102564509215
0.238102857068
0.397568686277
-1.83666528709
-0.845544831107
1.12410454329
-1.45435125952
1.21928957698
0.200246670232
0.904845406225
-0.519945325226
-2.75497800466
-0.0445787926414
0.0592116629017
-1.34091825669
-0.159730828236
0.416203976045
-1.2307486063
-0.497725622087
0.639561924339
1.07107219954
0.300746273091
0.860768445789
-0.00467572268124
-0.815330876071
-0.435044546439
-1.03019285121
0.842440632013
-0.947366451736
1.47786613575
1.69598242899
-1.95334301133
-0.186416162092
-0.726605176766
0.0593612062753
0.065695721246
2.60591398594
0.762411721533
0.714918528371
0.0633852839173
-0.563253774668
1.08357370876
0.61353343026
0.535243341906
-0.319936990554
-0.540668893645
1.68036248222
0.239940310181
1.24125255831
0.619805351943
-0.101354258803
-0.803285509691
-0.226943051091
0.139635864601
-0.80122051832
-2.22811223594
-2.17156225914
-1.23706651512
-0.862143783479
0.445758119668
1.26190899788
0.743099292119
1.38775977154
-0.912450494458
-0.541482051444
0.67286315132
-1.70056165474
1.23529286716
-0.750896002643
1.5624494945
-0.310210052252
0.478334308285
-1.94145946882
-2.02822622042
-1.0132489463
-0.667595302917
-0.124159422802
-0.714203185832
-1.37480810313
-1.23832669665
-1.10073375089
-2.98830647882
0.932664742687
1.49306051482
-0.44976939344
-1.76859960581
-0.917412375347
-1.32214817844
-0.702489229949
0.186347495772
-0.335395890654
1.29592141513
-0.884311057275
0.186925853884
0.505757576622
2.10564893765
-1.31161392473
0.1228248512
0.0934739255815
-0.540140122605
-1.25941682345
-0.30429764344
-0.865571482285
0.704343867183
-0.0995184184685
-0.409966236432
0.0647413428178
0.152061082391
-1.50367662705
2.14089983687
-2.26835104788
-0.26117156439
0.198133121406
1.64608531983
0.110359690763
-0.920510638943
-0.674940227096
0.565249796753
1.15674234597
-1.55893945049
0.837008078661
0.564512605164
0.110578063825
-2.46663360072
0.845114617807
-0.577771204692
0.612383423621
-1.35738926592
-0.207882200974
1.74522788799
-0.0778163589683
0.593226732303
-0.652977285085
-0.290185215522
1.12725239885
0.174152081425
0.0872896812841
-1.96587156389
0.72528340048
0.760527312911
-1.5915539757
0.9098374582
-0.271711434441
1.65077825456
-1.7153633138
0.719254461764
1.13960869034
-0.787795221239
-0.117837906496
-1.52668203161
1.17991267685
0.677618914579
-0.723802907683
0.159176683717
-1.71593827565
0.444167161637
0.817843580104
-0.052353262327
-0.0546422714923
0.517449460316
0.354587863439
0.628908443993
0.17968372556
1.05472555183
0.793408241047
0.648233435935
1.65580040404
-0.751936942377
1.45445544188
-1.53162072298
1.42584263115
0.398106359229
-0.919742613893
0.346843198852
0.817505397893
0.879355325723
-0.177690349523
0.659784415227
-1.35692686195
-1.86615418648
0.914625872266
1.4393504771
-0.443676265367
-0.222113207767
-1.9561820256
0.687569418072
1.90751661948
-1.05192655821
0.0756181598521
0.0598741754069
0.856378788143
-0.790524852934
-0.942211274691
-0.728990855988
-1.01278966662
-1.16699518684
0.78498334653
-0.208664655969
0.942432652971
-0.148207078258
-0.532609502275
0.146123699495
1.17780119574
0.691670796269
-1.00378812608
2.22426424316
-0.00620724167219
0.41869303077
0.653299748753
0.706850631707
-1.49912087673
-0.0970224967635
0.450345862176
0.39952515739
0.0717689090735
0.289457512063
0.119326699514
-0.126256806762
0.599850543904
0.305344748206
0.0761467892359
0.111795140046
-0.734605370469
0.193905787268
0.432817151101
-0.931929128275
-0.422354985733
0.395334804509
0.200807564524
-1.25158593237
0.508429117031
-0.7811357999
-2.15074612065
-1.92135080741
1.47999127555
0.791831012393
-1.3913952137
0.746330216066
0.448826067744
0.202328557892
-1.41899719404
-0.243557376955
0.992893662853
-1.53566137365
2.15835467088
0.246356977589
1.03980559442
-0.249129964859
-0.405156497898
0.859946756113
0.327714155225
0.104143862368
-0.587104509326
0.919756709741
0.655453157806
-0.0119518930887
-1.58066865409
-0.173620823568
-0.482503491514
1.97133655384
-0.275092122573
0.237520318763
0.203651261382
-0.75709712088
0.106798584914
1.75761359792
0.44067254791
0.118312953823
0.357003867128
0.38094059215
0.192477170935
-1.25446758829
-1.5840024819
0.31479442034
-0.346060350165
-0.631012271227
1.83278406338
-0.108932324618
1.21044652381
0.664067628747
1.1893567875
0.193796348145
0.214813287674
-3.11476099971
0.652720377791
-0.92629756181
0.596327130573
-1.16236600724
0.104919716685
0.391900951597
-0.164974798688
0.567390085631
-0.714506718086
-0.904181829058
0.0623733559877
0.358584163467
-0.874436183466
-0.944645656135
1.58511511615
-0.0353325046624
0.221917026856
-1.38401658352
0.946282084982
1.41637679465
0.195971865379
0.766723194048
-0.957406580415
-0.756228574797
0.338410729791
1.74400068872
-0.249345659466
1.37411131649
-2.395556873
0.915130388125
0.746759377967
-0.80929333595
0.17844456874
0.545950430113
0.866859285119
-1.81483424237
0.917023292017
0.255230704526
-0.0267271411436
0.208890832282
0.392842306008
1.03135991592
1.35613104054
0.217314405813
0.423349926338
-0.142706715026
0.0870457774249
0.720300205868
0.629191810014
-0.141202591215
Score: 1