3
44
10
3
-0.59050192681
-0.726790749826
-1.4394152362
-0.726903141592
-0.018664366951
-0.596967359533
0.958997755001
-0.115800230454
-0.983872395804
0.180462606594
1.1272875957
0.60289850648
0.434926660559
-0.427369435764
0.200513560277
-0.996851894437
-0.386174521386
0.202288485114
-0.619317845048
-0.185497369435
-1.36977449785
-0.319918533861
0.154099370824
0.926584546516
-0.0757916036761
-1.71015544482
0.659363567291
-1.04569443932
1.45816042697
0.703451419581
1.57848833658
-2.51307878373
-0.933974381716
-0.657023544795
-0.307210470302
-1.43484257332
1.88903869731
-0.55815105843
-0.019637300654
2.00802742307
1.35117614165
-1.44457867101
-0.628351098321
0.434067111239
0.130761453134
1.29083685967
-1.02935910729
-2.27781657556
0.222861924331
1.07041171979
1.24279036593
0.625904590838
-0.19786343397
1.17087444871
1.80641326314
-0.789117609854
-2.9880754748
-2.17777591029
-0.498202016685
-0.238854565743
0.272553943165
-0.453330015422
-0.89314580504
-1.10324322991
-0.6755905568
-0.522987243192
-1.58686211987
0.0168194989399
0.142983129552
-0.541298175008
-1.44699387208
1.49658052374
1.31704074482
-0.556586358529
-0.704745388909
0.206967378334
-0.646520384596
-0.525177903808
0.117932354726
-0.430706052985
1.73673459177
-0.384299853917
-0.449211912832
0.44602253472
-1.04240234621
-0.533679374669
-0.537384958853
0.0933459593512
-0.188988942079
-0.694005832764
0.763028226174
-0.62338425752
0.894074177243
0.708812509326
0.589884999269
-0.68051335581
0.917342128574
-0.100284943108
-2.30291799654
-1.21965738154
0.952102808807
-0.52709289679
-1.73899426159
-1.31195749151
1.5640285996
0.218858862885
1.8011944044
0.452214755825
1.21038164731
-1.07016206483
0.280866382214
0.473322007117
1.39788269279
-0.134778207523
-0.0857680181935
-0.593829393128
0.808133596166
-0.810256040609
1.44044307626
-0.972918240808
-0.905327417076
-0.491018058386
-0.302454369212
0.62951257563
0.853141730598
-0.714622568388
2.22794471796
0.344514673289
-1.25043015649
0.466409166385
-0.0506656419007
-0.527897912338
0.0908509431148
-0.454927254369
-0.295263710249
-0.564607133614
-1.12222587201
0.529910248961
0.787985706324
1.31082548991
-0.700611208613
0.633544743992
-1.76730539626
0.732952038413
-0.348753027075
-0.972894611566
0.202849981814
0.868634664195
-0.0608346712976
0.410712737458
-1.49054089108
0.683593097783
-1.90618448269
0.742670273317
-0.596323741494
1.86075886122
-1.19718130099
-0.352093200018
0.415982836313
1.87672211056
1.25948974751
0.103974715579
-0.0953161466324
0.197102230705
-0.934746346667
-1.32422691714
-2.22097130425
0.148617812453
0.587244907584
1.31747210268
0.832057709327
1.23808235879
-0.155586397446
0.139449755573
2.76904925811
-0.12489977038
0.200758654776
0.701667169636
2.11895549424
1.42826611126
0.0885645252461
1.78005906722
-0.580026486291
0.210332575393
-1.91713493513
1.25462263875
-0.355353909435
2.03859303534
-0.288378526915
0.665607835453
-1.51300154303
0.868791125834
-1.40635289969
-0.537843567166
1.34656377576
0.161084451245
0.0336926883965
0.0114312538907
-1.17235076061
-0.548992547186
-1.20413464331
-0.748594811928
0.68656935633
-1.56411169774
-0.768264814601
0.794158463388
0.610856066799
0.705954769982
-0.988097335362
0.409854385226
-1.03157667221
-2.06922873172
0.373210559935
0.644393328613
-0.0885314250528
-0.65094936494
-1.16586489245
-2.4913157863
0.689285918838
0.667336913843
-1.43325938548
-2.52627746502
-0.440339294465
1.58675190953
-0.369239665454
-1.20411564118
-0.271519375568
-1.0978018639
0.409468769961
-0.973358617719
-0.514642823291
-0.432671864746
-0.710838405772
0.71189267437
0.496092933341
-1.78930071996
0.919700317769
0.238611733759
-0.814617289664
-0.243110558007
0.435931994729
-0.603235681642
-3.02726469935
0.713290257894
-0.173579519143
0.247930530374
0.592816916232
0.396074525641
0.982822264494
-0.266244052886
-1.31737451727
-0.459312927574
0.643366441296
-0.924423443907
0.0925484628982
1.39669271087
0.752305695781
-0.203409868493
0.188213482412
0.354925798452
-0.78349828931
-0.0286887364001
0.932325030955
-0.0312308266577
1.07358938373
-1.01795345875
-2.18321138927
-1.7190789188
-1.49247965592
-0.130124239849
-0.636747722845
-0.231079530668
-0.0327627764624
-0.633760915963
0.231472208643
-0.467568309309
1.17407732436
-0.190251440501
-1.41429614543
1.74086866631
-0.36519288986
-0.217062814358
-1.89841451116
-1.15772974723
0.455417669085
-0.449092063329
0.894922802821
-0.178867136699
0.479800236577
-0.851085251681
1.26376529044
1.03103542064
-1.22950216159
-0.544960289663
-0.817702395696
0.625579967368
-1.02562852017
-0.189208728592
0.418443836496
0.863665144674
-0.331761149033
-0.0198709296219
-0.0418338387083
-1.24668151359
0.220803985926
-0.441555202267
0.0897900205666
0.374630264919
-1.14267013316
1.11536142258
-0.985554897847
2.72796367106
-0.549164535528
-1.62013297712
0.119799325044
-0.0894074260829
-0.37857656531
0.820167502635
-0.28893438027
0.780487660264
-0.406789146445
0.221535048983
-0.323414820092
0.572040610005
-0.179715069432
-0.587339212836
0.685062623555
1.97725369692
2.11537070977
1.41695996667
-0.586706032409
0.0508729332999
0.189364306812
0.402066369406
-1.08284564019
-1.01688388342
0.709315747235
0.214779265242
0.592928156328
-0.777588875671
0.365975328293
-0.334728168819
-0.287704976989
1.90053440559
-1.09237808333
0.151576257436
-0.14475755067
1.19900208518
-1.42902390451
1.56114198794
0.202804987104
-0.694853491527
-1.20422642247
1.2885700017
-2.0857037591
0.593813441833
-0.504802434891
-0.14364444928
-0.469356419201
-1.55126744081
0.635479929552
-0.0940502005025
-0.0740137006541
2.17820844515
-1.41953554509
-0.333177821129
-0.63614854404
1.01120492098
0.654349149446
-2.10495538359
1.12181953759
-0.00595282448367
-0.388033921209
-0.391865379194
0.503577200411
-1.35879816941
-0.297965405702
-0.978542560466
-0.274418891242
-0.320019935935
-0.868000911707
-1.84524221273
-0.693460821014
1.28111930774
0.453252501408
-0.76110401615
-1.33594087369
0.361587286659
-0.588771729935
0.383419509744
0.64761989573
-1.54944172277
0.0198485394882
-0.411693022442
0.718046891145
1.34725416152
0.83940855886
2.06955385518
-0.324873831109
0.988199847392
0.112082363206
1.63078111228
0.995537932016
-0.835662106919
-0.702335187484
-0.384149788964
-1.13805012073
0.887504884216
-0.712712796065
-0.209987199823
0.0531638066326
0.51960649719
-1.39492401574
0.938674507779
0.329866327052
1.18465412017
-0.0968920806421
1.08530885318
-0.976520235861
2.09876506401
-0.541133121712
-1.26403668222
1.38235724066
0.133753533413
-1.00977210066
1.05355047335
1.03755391575
0.0631521480109
-1.0223089573
1.2996836877
0.11532036498
-1.89676672537
-0.587185964627
-0.0173139192203
-0.736268944961
0.187063692013
0.0584089309663
-0.0794989695257
-1.02271370937
-0.170301964885
1.09122187329
0.0591831121267
0.0210232499789
-0.0488579120978
-1.40131525734
0.168313524702
-0.382509897741
-0.507606067966
1.17502196454
-0.192685232918
-2.13999815866
-1.20708663553
2.05639397694
-0.584804712882
1.03079122947
-2.38966126262
0.0955543224598
-0.855816309082
-0.0590095396418
1.37776221628
-0.334539389154
0.558627585715
-0.878264950833
0.756321523764
1.7339393576
-1.2095096351
2.01837947376
-0.792264176852
0.31991915154
0.636834077674
-0.93810809291
0.596720253037
-1.49730832321
-1.12305896053
-0.0294260704879
-1.13817755432
-1.15910328755
1.33921542555
0.782733972441
-0.0982537544215
0.851557365046
-0.316587556912
-0.781467377446
Score: 26