3
44
10
3
-0.16972687109
-0.198434025562
-0.9469273329
-1.11589651903
0.147746123196
2.71890089977
1.27497427973
-0.806966801088
-0.474932616179
1.50270206812
0.336114518087
1.06285920621
-0.0572620950202
0.606156879273
0.0245618446945
0.331492843172
-1.84052506567
0.317564829297
-0.355667559351
-0.413128876586
-0.5188547742
0.0488262391914
0.178031828849
-0.610640171063
-1.41803450193
0.0487654028014
-0.158360442404
0.334925082779
0.560107221939
0.310405691365
0.268370458031
0.115556344994
-0.477565980629
0.414608159852
0.928726722076
1.4655927668
0.271925926678
-0.893553510111
0.725911577896
0.394708524913
-1.64962897656
0.669024561031
-1.24981031579
1.56294910367
1.54715339127
-1.39849225466
-2.18923801432
0.270345649569
1.52068543437
-0.123440991836
-1.54389097635
0.389483553307
0.0787660196607
2.0205227273
-1.0609763264
0.326902610594
0.853445535587
-0.561450643867
1.29222618721
1.35392872026
0.95434869116
-0.0285089614924
0.305215908376
1.20049624508
0.518901304261
-1.3675090221
-0.726291855677
0.0958011198926
-1.57252673327
0.221161214071
-0.816864481199
-0.165370075042
0.853548550857
-0.093508826901
0.0948368293412
0.0624148806156
-0.275237116786
-0.529392974066
-0.450441852367
0.735639160679
0.826542882376
-0.605220573055
-1.2497123047
-0.659431534986
0.356686773014
-0.0766172276104
-0.136643652416
1.39973827892
-0.343325221269
1.10017946963
-0.725278492625
-0.328257664988
-0.295351409232
-1.49537244655
0.422521601616
0.460850969761
-1.54107344282
0.148968571253
0.602244752525
-0.114621024318
0.258461592989
-0.698888175232
0.411506714354
1.22905449396
0.919820488825
-1.04627657317
0.124041296877
-0.784985748677
-0.211622497959
0.609959673315
1.16652298732
-0.0247701451301
0.315059536605
-1.28498054365
1.27023374942
0.365665902168
1.56920633495
-0.754376214067
1.11717851486
-0.447815693469
0.939700128491
-0.112110362679
0.999035397358
-1.41382151478
-0.0801098828569
-1.57858145285
1.09838313421
-1.56610312746
-0.278095910205
-0.615097714045
-2.90715852822
-0.491117150289
0.476417051204
1.0802334981
0.0265533876281
-0.847551358482
0.0953392833364
0.522005816023
1.10853956907
0.665622459078
0.172843650435
-1.5029589581
0.793023166883
-1.9145830749
0.410819297543
1.21105010093
1.33316556391
0.134623138976
-0.996717563183
-0.438660679854
0.537636112482
-0.111580013421
-0.353328734761
-0.966458909688
0.305815327513
1.24159325263
-0.210332670717
0.201139919485
0.60428312748
-0.116541936541
1.00245784411
0.16859540068
-1.63363932108
-0.833592284065
-0.611925732792
-1.12005992856
-0.680029603053
-1.80717950293
-0.309261746251
0.151648631273
-3.71356010343
-0.421666324453
0.666623450932
-1.17562786914
0.34904864033
-0.357082769835
-0.235587582913
0.905794041444
0.717688600098
-0.237472012385
0.425316693734
-1.4430431177
0.483826135532
-0.622483199816
-1.08916218627
-0.136642329538
1.74344377611
0.269126975855
-1.00635815779
-1.61058416752
-0.297142360034
2.02499743848
1.3472746647
-0.128413853057
2.29212795568
1.46742926774
1.00742784794
-0.275027148559
0.344663127684
-0.0633653210254
0.720072026161
-0.404829234847
-0.612535938551
-0.0362778297706
-0.418916780847
0.233136396836
0.485660987501
-0.963356604522
-0.871226285963
-0.287562947026
0.246504846172
1.08689347165
0.478729467999
0.343944241023
-0.586217073549
-0.508643166306
-0.532278655744
0.319307149548
0.397448704793
0.438119962342
1.15269051782
-0.648932682596
0.0518839254235
0.603354531314
-0.258889825844
-0.719017976477
-1.07851938689
-0.715118548222
-2.11889553292
-0.101486860092
-0.302201905818
-0.117803546742
-1.37945783206
-0.695949314135
0.719021572339
-1.05502903129
1.61245418585
0.654162275892
-0.611505440744
0.764552085221
-0.729980012291
1.92715487385
-0.354636086263
0.162886828053
0.604900561699
-2.18083308804
-1.06404385878
0.275599239068
0.175509817596
0.198644929373
-0.419927800269
0.880627914869
-0.627146485435
-0.751437527542
-0.875017567906
0.37987595394
1.00408385006
-0.185765370541
-1.25770418148
0.525971309976
0.0405137889644
-0.314954460028
1.37096971214
1.07579624868
-1.13982063573
-0.722366325854
-0.438931279755
0.346454234688
0.126055911537
1.44028801633
-0.334347475406
-0.143799266638
0.327251235755
-0.00438098474556
-0.598468596735
-0.503537591422
-1.03644507018
1.18419189517
-0.298554497131
-0.884199922837
-0.0411291029062
0.250321849877
-0.311750937824
0.54688470424
-0.294411145573
-0.990398314538
0.739762372393
-0.205102463981
-0.936846399231
-0.732642975966
2.22837534917
-0.494036227054
0.34667079366
0.750296703491
-2.5161885352
-1.73535622953
-1.18684145914
-0.931318529641
0.240853547379
-2.02859176351
0.324722565215
-0.574761150762
0.385037051359
1.18284371063
-1.16450764002
-0.370441137911
0.585256410407
0.234440037267
3.03894884767
0.217999835034
0.476190970731
1.02787251005
-0.0159094426815
-0.369266278587
0.830604399167
0.205957017779
-0.595911450193
-1.03605452948
1.03248393413
-1.68546350225
2.05387045386
0.232182302329
2.00902297282
0.636364299929
-1.13509467567
-1.19516702245
-0.331958644503
0.176100143927
0.562647709417
0.434747781922
-0.0503791011693
0.450910902007
0.0925609229895
0.643387144771
-0.434065386635
-0.447090364319
0.0914041811766
-0.371625606987
-0.790033002547
1.02799221489
-0.258561235705
-0.405179908648
0.319367110513
-1.05014982653
-0.585147284303
-0.931703984211
-2.10665553433
-0.218466330693
-0.172087749527
-0.958676228699
-0.384896694904
-0.0837296552462
-0.249999801387
1.690491557
0.0800257589653
0.617449755087
1.21927329873
0.569226515327
-0.586224093352
0.219978373614
-0.00369023569191
2.22940355239
-2.12599948443
-0.521593405388
-2.35666415487
-0.27177487179
-0.460854084697
-1.42050115621
0.403051068525
-0.422526884552
2.17699137877
0.217443284429
-1.46045920511
-1.98586435702
-0.403855891202
1.20066077044
1.79311630885
-0.636714945836
0.721385245987
-0.825700630371
0.952845254367
-0.516580671709
-0.151551151249
-0.963422205729
-1.57535719804
0.769953996554
0.860310188618
0.782670213864
0.00884660524997
-0.683594021529
-1.53036434761
-0.0729533731706
-0.782492357058
0.384851153774
-1.53723824529
-0.710646945446
1.52915372754
1.30473841611
-0.962057816636
0.794529538269
0.139857201246
0.315491466218
1.19327214511
0.11420963591
-0.573654930568
-1.50939727495
1.53709391421
-1.36984178347
0.439523134515
-1.04536450733
-0.846546818459
-0.475288930189
1.02336255025
2.61209114545
-1.86938005578
-1.74278022643
1.04580504492
-0.74217282194
-0.182627591062
0.368370396106
0.464544408678
-0.546361672784
-1.97843763027
0.160844298382
0.953212371792
0.640514124312
-1.84795191305
-0.467412619491
-0.626650097944
-0.0675986494241
-0.88547258273
1.03642607417
1.70281058276
-2.15905602859
-1.32089010036
-2.27769734227
-1.81700499436
1.14254616456
1.25885810898
-0.679120009236
-0.91094855497
-1.21370567682
-0.727091200867
-0.447256022466
0.410142221043
1.80585282045
0.907395629602
2.31755176439
1.65585553182
0.882941510301
0.577544379041
1.79889874737
1.44658841899
2.48880507301
-0.51152301851
-1.15345930894
-0.286460346868
-0.336307962915
0.0288192219312
1.71730482013
-0.111077944395
-2.54742204302
1.08015232004
0.306897100544
0.0405336895855
-0.265616294154
1.55177720088
-0.63814283295
-0.101351018604
1.49785132061
0.34120320686
1.45640092549
-0.180811052266
-2.08634178935
0.475318751092
0.0858834825305
1.8108180619
0.156230159771
-0.467715915438
1.08432622656
0.179796382224
-0.582915872898
0.902103292087
Score: 1