3
44
10
3
0.701330572496
-1.62795678445
-1.37115529217
-0.745521091938
0.890156378706
-0.248181175681
0.958620360403
-1.78273005712
-0.723460626926
0.51817512267
0.50607854388
-1.54994167078
0.405849153434
0.442025682561
-0.397049824254
-0.823912790966
-0.148910668496
-0.575873410996
0.161892137818
1.62401452978
2.41961465975
0.0122845631231
-0.949419474868
-0.305375646285
0.822347799856
-0.701676080096
-0.18290159904
-0.0591350467581
-1.91544604875
1.15750994909
-0.520433854341
0.945464423261
-1.37662254966
-1.34535271465
-0.091629957503
1.38578184508
1.08598975241
-0.446636182686
-0.413909398006
0.357531317268
1.29590471084
-1.32907936173
0.980229607639
0.993484671153
-0.0207426742122
0.0252289833268
-0.911281001454
-0.791276586925
0.15702740926
2.12096392235
-1.74482099522
1.19077100314
-1.53350615099
-1.15607546079
-1.15279293192
0.558849419768
-3.29514296747
0.816089496709
0.789496066886
1.09509947315
1.29521555273
0.060166543939
-1.24684177806
-0.376204551391
0.604240459643
-0.141968567858
-1.04938191152
-2.13321701252
-1.49288505731
0.408087660208
-1.30012104807
-0.224965258333
1.87064459066
-0.0426561215413
-0.879686236635
1.61422262744
0.76022055133
-0.659479667676
-0.435026783094
0.758801983337
1.64478270517
-1.21086918341
0.985693111619
-0.211221451545
-0.254564504068
-1.244254088
-1.68591232421
-0.178354301502
0.926271504007
-0.393807334922
-0.998904067869
0.187842647347
1.72035990357
-1.36536787039
-0.564086698059
0.228971050695
0.474161430053
1.05690427959
0.470577767587
-0.114500529846
-1.44287066673
-2.08002040834
-0.215769732089
0.90942602076
1.94209842744
-0.807494332742
-0.326898152391
-0.898891748392
-0.153799749021
2.77481693203
1.06325912685
-0.233033238911
0.269049955175
-0.0144197564281
0.0814047317186
-0.257919917456
-0.485433150806
-0.798618439532
0.611529299515
0.722694025853
-2.65920910084
-0.885545751659
-1.07756654709
1.56225148033
-1.2212498971
-0.752548958867
1.57697360608
0.103746563601
-1.29520319039
0.444073446449
0.489236758009
0.682446583367
0.702238572961
1.94347023565
-0.105552332593
-1.05258353951
-1.61323574815
0.575706900869
-0.526657189579
0.81508610738
0.474216198557
0.455254026061
-1.02349793021
0.86169937956
0.297638023857
-1.25985983125
0.880461459927
-0.370374636271
-2.59744472734
0.671880796659
-0.245637798911
0.272844664066
-0.738341682928
0.449700834832
2.66616596269
-1.35154097954
-0.325513139914
1.66657366825
-0.934393012637
-0.102344532862
-1.20606987846
0.30211867541
-1.1446888613
-1.01945990109
-0.476047894747
-0.791222981199
-0.350692924365
0.203996845539
0.314069030348
-0.201584452236
1.35421319217
-1.12765485574
-1.0250835273
1.48928024716
-1.34011316747
0.470317685854
0.994088350971
-0.546209095778
1.09716522539
-0.0582059495804
0.932935286946
-1.18669031386
0.343607849926
0.470262299935
-1.13100524274
-0.33479593829
0.761467154969
-0.109525908585
0.194311870721
1.5859846648
0.59692389047
-1.67982571315
0.385609745341
-0.417673734022
0.667203243522
0.394113062423
-0.0356067937757
0.228324860405
-0.353525255025
0.236978865442
0.147936586024
-0.55507772992
0.364471638415
1.27021391198
1.52021707951
-0.776628647427
-1.66658442893
0.0186526391222
0.327406206802
-1.47092518701
0.0199540042755
0.548646460078
-0.663890373179
-2.31407350977
0.489596665793
-0.278330525141
0.788587981337
-0.0895271261634
0.602218775812
-0.34196376443
-0.011529345167
-0.356743666208
-0.0968061400228
1.46326286753
0.152324727433
-1.27644609904
0.37364093731
0.692774338994
0.941099788592
-1.58677995986
-1.12986631526
0.852087117677
2.30426115551
0.00740764950434
-0.396322596906
-0.859136448266
1.61876502938
-0.27350849512
-1.70147913194
0.776813051842
1.26431582606
0.0165296666535
-0.841391547097
0.729063507708
0.201174985823
-0.240619150805
-0.136367330164
-1.18832429607
-0.450349434533
-0.412779732633
0.793291652991
0.0792638425668
-0.424992631315
2.46459471867
0.778964770278
-0.291408018129
-1.53703497178
0.234555997378
0.532277024717
0.609523240585
1.80110274395
0.864203353906
0.0810195148979
0.0624655860746
0.870529148474
0.159158453073
0.701567719149
-0.49359507788
0.195864200731
1.19410924768
0.731810301689
-1.22837530329
0.379667496053
-2.23487593974
-1.17201144176
-2.92896869907
0.190370929009
-0.899192859278
-0.120127883048
1.00977822292
0.599302940501
-0.667313316748
-0.698919918876
0.794309114461
-0.652752949552
0.674646746575
1.42555900513
-0.978838637128
2.65532728213
1.01038794792
-1.4584309443
0.0210218867652
-0.755681657623
0.518594260488
-1.66070402272
0.211120858817
-2.5015199863
-1.37888053121
0.628878117032
-0.0985651497231
0.488674565032
-0.654968729686
0.778111864246
0.0373600165277
0.09586477813
-1.29765009862
0.868361082429
1.33637197901
0.471878419435
-1.27851655694
-1.99024467111
1.83826450954
-0.447031124403
-1.48137340551
1.33850815514
0.675998776679
-0.764232188306
-0.691836471128
-0.254480201905
1.49041177191
-0.550364961314
0.767721044626
-0.718648873675
0.298030691801
0.602442303674
-1.44378180923
0.380423441274
-0.445183178135
0.669140967627
-1.55430210579
1.53479755898
-1.62887290993
-0.0783435090496
-0.315633275361
0.623451775677
-0.14736896317
-0.168782337262
-0.400092108582
-1.60890480848
-0.338025055646
-0.65735093255
0.778812265819
-0.765969009823
0.320257949277
0.835912174286
-0.354742860058
-0.546026840439
-0.690614857472
0.635130399984
0.366730679618
-0.795480988779
1.553514378
0.684243869037
-1.19424366865
-1.33274491874
1.14872664696
-1.03751207153
-0.664180253139
0.621997732949
-0.1954428256
-0.660689475796
0.234190889816
-1.85519912204
-0.626228369487
-0.483759255262
0.0624049323322
0.501478169871
0.381789649672
0.382640459352
-0.278713330997
0.99918970918
-0.383665457458
-2.12698099983
0.968928134098
-0.567789556072
-0.763119193574
0.931588854645
-0.81318482948
0.593242926462
0.670052441244
0.582575954134
0.844708553147
1.01527754252
-0.935918150581
-1.3883207115
0.154638947196
-1.32078022373
0.26662307918
-1.73629060036
0.987332815963
-1.81205183846
0.0528360568471
1.18637751105
-1.47861115443
0.766444146214
-2.3828716034
0.334839099064
1.18282989852
-1.05480448457
0.35772788652
-0.0554089016738
-0.941566645154
0.986664855852
-0.972960749544
0.262969287132
1.76702915507
-0.60761376084
0.458096537286
-0.542017212613
-0.432950499135
-1.89078543097
-0.211756365559
0.459712789323
0.884923261531
0.689018492877
0.356852117861
-0.363376629303
0.0743735154492
-0.0706326144684
1.12235363182
-0.0482500173744
1.18333478182
0.540157886269
0.365937942135
1.4372243298
0.797304489741
0.677993723599
-0.0378368849948
-0.147858755285
1.58082945097
-1.70853157844
0.286859262544
-2.25370318554
0.513284069039
0.820641489006
-0.119863512806
-0.407058669355
0.343728136903
-1.95592880445
2.36099099355
-0.960016233263
0.174947554008
0.197150386989
-0.624194142683
-0.983394992376
-0.35764693893
-2.05659348505
1.06209039332
-0.840481749326
0.0379076841362
-0.147116746604
-1.48617761977
-1.11559567672
1.53824856445
-0.459911749744
0.566916168227
0.773190741188
-0.107400075162
0.46159018474
0.4967677853
0.243657967287
-0.702420100364
0.967725898503
-1.5390384276
-0.277252591164
-0.329898652419
-0.308033081115
0.160624866872
0.664951471667
0.979548157578
-0.865936704625
-0.883447303839
-0.972652063938
-0.765734111466
-1.87641055068
1.0453143825
-1.38655037048
-0.25916750676
1.72342148481
-1.05892709382
1.12004883909
-0.596172211672
1.20786873447
Score: 1