3
44
10
3
1.16640169204
-0.438853952159
1.50165255589
0.206889272444
0.999852682828
0.328520676526
1.32019854245
-0.198975333186
-0.852059144524
0.0180428542241
1.78598040999
0.810630227989
0.149383443706
-0.179020100978
2.30529754456
0.39911028319
0.368493102024
-0.537578304747
-1.34897391201
1.06790623934
-0.0174890606485
0.480270130012
1.27507633281
-0.921546651429
0.236218729436
1.18556041794
0.849344393456
1.18369664488
0.215163515966
1.174165392
0.246497046572
0.134877336586
-1.52886741676
-0.275678112848
0.731241305816
1.94301517828
-0.335568574457
1.07179041701
0.37377124808
-1.70025826427
0.44998581647
-0.467754884138
-1.10057764909
1.26027148277
0.852379415061
-0.865529639295
-0.767381790767
-0.971292127656
-0.982489757012
-1.0364764348
-0.504077347952
-0.722471684828
1.17242693335
-0.377720141761
3.5125546412
0.815958328017
0.16441084589
-1.11967104036
0.429479109319
0.286227708419
-0.187607921698
-0.345961325603
0.642218031668
-1.38673840667
-0.33877685753
-0.0321748515689
-0.704875733702
-1.0519329334
-0.00271654500661
1.60240048349
0.305579323907
0.215646346066
-1.0775677678
-1.48035002645
-0.377050459788
0.93490602609
0.117975376217
-1.01023657329
-1.06271198142
0.26134413791
-0.662745654214
0.469762302011
1.15269716902
0.169062182701
-0.0628890400639
0.270998141708
1.75641610485
-1.77823324005
-0.959983623198
-0.136812611316
-1.91676154847
0.136073093773
-1.37893108944
0.239128253644
-0.442825265088
-1.15919718068
0.262903449343
-2.24696995198
1.56461142463
-0.684362817461
1.52356735156
-0.35317453283
-1.71255426105
0.513853919867
0.990416873619
-0.882954135111
-0.0707758188222
1.18825052849
-0.112806454133
-1.75219738142
-1.38042559073
-0.834529434286
0.357107580195
0.565652154111
-2.26928475075
1.03538459184
0.540760733538
0.0614048202629
-0.0179272667108
1.10787332969
1.70576999963
-1.14393914791
-0.476622054354
-0.343683430005
1.98207665889
2.22389616118
-0.964527926021
0.110151747808
-0.974455619006
0.484772118945
-0.633966792639
-0.314306554267
0.133037228635
0.0767229759843
2.52346510724
1.51152523697
-0.929299115489
1.32898627829
0.805538902131
0.0179226467952
-1.0849202755
0.756660788351
-1.26233507927
-0.0132029839203
-0.0795633411171
-0.695338546199
0.442511504583
0.147003389105
1.1962310265
-0.690718449884
0.135213218768
-3.1992167128
-0.422635376235
0.433863298872
0.42566541173
0.694241709466
1.55620597788
-0.0427052212663
0.640508195665
1.23079179563
2.21590725557
-0.915348065127
0.412740362158
-0.296505715072
-0.130301992985
-0.545619858026
-0.610980103171
-0.27017233056
-0.41126516059
-0.2628230103
0.995476206382
1.20026937902
1.26945005737
-0.241874559154
1.59581684202
-1.30534992503
2.45049758604
-0.207958585401
-0.577107471372
0.277778010585
1.29859750288
2.49242131771
-0.452033921282
1.90077219131
-0.646917651039
-0.265909791271
-0.236699335463
0.535467293897
0.189227871333
-0.20052492217
0.196440794624
0.895474646761
-1.75813149519
-0.683229001457
0.475318901007
-0.269768347915
0.332293612635
-0.610091878714
-0.385135509104
1.29865735035
0.418364613797
0.085506433964
0.262337411059
1.32078446561
-1.25293127545
0.97228019729
-0.281409068859
-1.0506117402
0.630060511687
1.29970741865
0.708078707069
0.438992488974
-1.18919331309
-0.207941709219
-0.567761710759
-1.00624587434
1.4331686976
-0.598203899183
-0.850909907457
-0.847439414151
0.531274112759
-1.13941768865
-1.29398161362
0.457761072634
-0.617973611004
-0.538858944419
-1.22989156339
1.04086890157
1.52229552735
-0.324828389997
0.0266244115009
-0.0120257857081
0.788277462535
1.6678249223
2.27026022841
0.14524839084
-0.881693065103
0.840203700696
0.262197560605
-0.167003397253
-0.44437050353
2.10599191589
0.413791858108
-1.72618579269
-1.54413165982
1.67057653111
-1.20488716154
0.417405726339
1.08494509816
0.111869068059
-0.0572763668473
-0.330901407417
1.2822783054
0.0523436399516
0.0247644940279
-0.823218866228
-0.987264888963
1.65004076077
-0.402608332979
-0.18923209563
-0.70204478359
-0.32936713065
-0.575177703595
-2.17638435587
-1.47729169408
1.63606185105
0.7208408053
0.334913006606
-0.318321688894
-0.421073903002
-0.991987041453
-0.0193085968316
0.193352583249
0.309487257558
-1.12291014304
-0.873498226493
-0.435590233788
0.876420178327
-0.384784861492
0.111838528575
1.04559272983
1.19323504215
0.2378763907
0.191920313878
-1.07838064674
-0.813104610048
1.36151420131
1.88222270326
0.223732317654
1.5754345593
-0.698729406985
1.06425467555
-1.69424779148
0.922952972139
1.48675828869
0.612788537785
1.19110852496
1.94578894242
1.46114105315
0.916595272155
1.29900710236
-0.0268353223853
-0.124471153275
0.905823719898
-0.149108068832
-1.28157094921
-8.81779199238e-05
-0.711526077357
0.620352296485
-0.3856054371
-0.307816242719
0.341421667361
2.42572801407
-1.05443782643
0.629505907897
-0.576528496011
0.0731036983374
-0.647664808143
-1.55982866662
-0.987295995129
-2.35593220957
1.33040023473
-2.48786359932
0.348542846775
-0.978312157189
1.29939348136
0.585110650456
-0.164402788144
0.874685668009
-1.1667077799
-0.43868177989
-0.100226257786
-0.343527536296
-1.47372903988
0.440466048221
-0.355781628212
0.254490479665
1.75724039379
-1.18690616982
0.870879862141
-1.10375087154
-0.639148242195
0.719629685334
0.338075248601
-0.205049531178
-0.113011130283
0.123438675629
1.87477212424
1.42590616172
0.617348998314
0.705573195668
-1.0095059513
-0.691736267895
0.371612107939
-1.23734564927
-0.07327676314
-1.35603840143
2.75753211023
-0.351515963656
0.362028438126
-0.648585582415
-1.38493830126
0.17020051372
-0.164217390776
-1.09190429641
-0.51203244031
-0.902495667043
-0.410271638358
-1.05049805673
0.306205138794
-1.40960604418
-0.114110996362
-0.235979817423
1.41173355636
0.621547712247
-0.827442108533
0.982530591758
-1.67906583209
-0.62103879275
-0.101347083916
0.667238530561
-0.294943860433
-0.988959784726
0.583948459263
-1.84307231642
0.347214053552
-0.637600695701
-1.20969481877
-0.734157782229
0.534229667573
-0.536226677062
0.358558188304
0.799937426089
0.217798285363
2.2410598625
0.00863068598901
-1.02870226922
-0.544509192908
0.604896904474
0.728324625653
-0.619861580428
-1.13845146502
-0.179661465047
0.779468904119
-1.06753473617
-1.17266918858
0.582226246401
-0.573801898242
0.692290887451
-0.119926084574
0.520264410166
-0.111945711677
-0.466815067918
-1.23277045963
-0.491887974478
-0.43377377767
0.784061081697
-1.50223242419
0.842926440942
0.289325580396
0.495745911336
0.177213629999
0.814828768752
1.84336431922
-0.509043369157
-0.254469739406
0.101531214512
-1.1404334488
0.990000108691
-0.29576005053
1.11109880982
0.129167586567
-0.688463319483
-0.694809840247
1.26702745029
-0.376580709436
1.45080283194
0.376730340878
0.147062266406
-0.333098515144
-0.519090924037
-0.709669976566
0.325237525669
1.98230215778
-1.15682946633
1.7756996422
-1.21795729535
1.69564118435
0.249375129487
1.75503589448
-0.153589280231
-0.857223854683
-0.264891850204
-0.579370800411
-0.369401492459
-0.438743474857
1.47569959401
1.23426909369
0.458010186583
2.17783099069
-0.487119481758
-0.857264719877
1.08923321507
-0.623143777024
-0.452112647376
-0.0399649582544
-1.06330877532
1.34080635522
1.7197450236
-1.18730095897
-1.35191268302
-0.429934327031
0.76920306013
-1.87844698688
-0.912029925965
-0.604818156771
0.442026689081
1.78659981886
-0.345627385747
-0.994265664914
1.05717721053
0.231846453526
-1.33130830291
Score: 1