3
44
10
3
-1.48452996933
0.145745580431
-0.459531394335
0.752152465184
-0.552721439731
1.59806590277
-1.09076057021
1.37822845352
-0.854411255907
-1.80048340056
-2.67425040498
-0.803366343554
0.351377400105
-0.253647979553
-1.04312190625
-0.483730880692
-0.519381071457
0.0673930554813
1.58743481947
-1.02398638546
-0.277445459532
0.641561766119
1.27291069052
1.23892269069
1.43457688029
-1.00635899233
-1.92326071407
1.18331491576
0.429582025901
-2.08336518179
0.0340260098966
-0.651838330345
-0.271929018344
1.61264884142
0.236714721124
1.16996638251
-0.742821474638
1.73068619356
1.78926255765
0.496649516457
1.34312659174
1.65699054056
2.02991207408
-0.441898940843
0.746534519797
1.41841593285
0.340631476311
0.929791035864
0.600363364138
1.35846587665
-1.01518783234
0.112635909698
0.860639515905
-0.236373355724
0.806887650687
0.10687645865
0.389904198837
0.794587178706
1.09475275569
0.796971682934
-0.969315228136
0.359263999137
1.476833638
1.655449566
-0.834194859681
0.533472824064
-0.20688241687
0.128466321239
0.810357296373
0.611807058287
1.60937856548
-0.524775825218
-1.53827585423
0.502526705535
-1.37513354816
0.738966965552
0.279445690982
-0.019858114917
0.538959615669
0.969361574124
-0.682546472351
2.45735836541
0.045702794694
-0.760180300184
-0.564595876371
-2.41071026169
0.0595471496214
1.06408941033
0.72563348532
1.8813823978
-0.693191953044
0.0179315272361
0.0755480964891
1.29612733349
0.284201509819
-0.26132861891
0.346159260784
-1.5342730681
-1.4408243027
-1.80613759385
-2.5292945173
1.66241894465
0.798554794708
0.599916103885
-1.93311757201
-0.628332872502
0.293191425221
-1.10398365702
-1.19271988704
-0.883642274664
0.172380761384
-0.734593076656
0.0348420793052
0.223151385231
1.16288367464
0.706098261218
-1.56438629705
-2.22698954025
-0.67164647386
-0.209291726375
-0.601576999878
0.834211230222
-0.148378325714
-1.6531336896
1.25596993871
0.377870395463
0.78191081798
-0.754994914884
-1.76913729681
-0.00509543897612
-1.4027529912
0.0451204824331
-0.478012571421
-0.342195906782
-0.968476656566
-1.36886184235
0.579520526365
-0.231822616104
-0.59895899081
-0.626198851832
1.31122531654
-1.14880397725
0.718393055078
-0.803191348368
0.0586348141431
-0.156710235459
-0.237411809326
-1.13764308646
-0.824994268104
1.27244838763
-0.0290466188557
0.0467118119382
0.971400988269
1.30755325983
0.766520427561
-1.46474616188
-0.319295753698
-0.670434523994
-1.56065911235
-0.679006299661
1.20648589705
0.432626276176
0.168531438858
0.356582014447
0.758354014916
-1.03261434979
0.995371105566
-1.12318684056
-0.607969959237
1.34430531095
0.599887460262
1.06217136196
2.23609821903
-0.773786377784
1.88675796913
0.276272245119
0.280802116887
0.486598831697
1.51831877368
-0.015291121229
-1.52747765052
-0.0946970196786
-0.0688972222269
-0.952948168286
1.78856186505
0.50234443427
0.966444230052
-0.981471891305
0.350210973849
0.250181464598
-1.11021091657
-0.489902135473
-0.202389971041
0.179870812505
-0.169675849087
1.05462693733
-0.186367192308
0.975901318153
0.410966627111
-0.457962427542
0.83647847092
-1.60625430326
-0.354737015078
-1.07501423658
-0.710815986442
0.699978462922
-0.626421304545
1.48916732784
0.852535143779
0.492216530211
0.620273467007
2.22615605215
-2.06081093277
1.21625063155
0.37448840443
-0.228853825803
0.465494612128
-2.29373958816
2.02932582841
-2.51467294029
-2.25407396759
0.482565766806
0.099927811562
-2.09644526048
-0.931013196124
0.19547184341
-1.5362525566
-1.55033551836
1.06351128218
0.00194666749937
1.02946750522
-1.34121533889
1.01932594447
0.520042477921
0.34383614453
1.10835171478
-0.766057402814
-1.68253533849
-0.956464650121
-0.426348216616
-0.180813849299
-0.0745484234952
-0.234511267547
0.128568633779
0.345379644767
0.92345238381
0.924447801111
-1.10501281083
0.700700570911
0.183089066612
-0.292087711936
-1.10662862253
1.09516478534
0.334581944675
-0.649115073306
-0.0773109151745
0.739511717781
-0.13240384768
0.738170665056
0.00806762534479
-0.219259015014
0.530057774232
-0.143407104721
0.425214523174
0.336918163636
-1.74465733348
0.105478542889
0.388790250818
0.86096460855
-0.263029776835
0.000873627468081
0.766804665576
0.672888596938
1.7332076938
-0.551977971638
-0.666175981849
-0.273377845948
-0.334423347139
-0.383200772011
-0.150705475048
0.297067010178
0.322642937998
1.20028923119
-0.673433759047
-2.11145175158
-0.0211618489345
-1.20181731564
-0.433197662125
-0.957059212061
0.52365445265
0.824041621614
-0.198881119362
0.130899197939
-0.0161466374773
1.32438234293
0.220303275999
0.344768040805
0.350741387143
-0.907075926941
-0.725157867912
-0.0648680727214
1.11286672163
-0.371297679885
-0.306051346313
-1.23266503304
0.412989515601
-0.0584155890094
0.949059402568
0.354934580782
-0.918251825098
-0.556346351271
1.51574213664
-1.84465817651
0.416189682681
-2.34002357241
-0.881675104868
0.85312117114
-0.3836918516
-1.31049988448
0.582499178213
-0.0532394346707
1.94516495256
-0.677830576154
-0.349146862219
-0.997992586505
-0.869090833642
1.7283884126
-0.842498524692
1.10890803755
0.722434457845
-0.498936669518
-0.135901946395
-0.876544740718
0.0101568635742
1.183431073
-0.433975403326
-0.361389417131
0.980363105977
1.83221880867
-1.5339483755
0.654018667233
0.607766363319
-0.618815946959
-1.16183836507
-1.16321560642
-0.957171525976
-1.18632210291
0.88700083772
0.16921080442
-0.617131394283
0.504391539153
1.45737267736
-1.08429761419
0.360798184092
0.997698154531
0.3257255804
0.246263145884
0.820606135798
0.0839323206685
-1.03393675549
-1.14603402683
-0.398344344967
-2.2993135653
-1.16411767124
-0.0857871776544
-0.0687655329019
-0.128884987875
1.94145414747
0.7490734824
0.867029529053
1.06684530161
-2.72167839686
1.19781402119
-2.57325815032
-1.20060802785
-0.794418599896
-0.941599712839
0.417541014033
1.17223231246
-0.663514340333
-0.888170607928
0.993652095722
1.07789292217
-0.140212706719
-1.40860890888
2.3802770359
1.25769829369
1.40609073966
0.33868452441
1.19282783411
-0.462544969808
-1.04523215725
-0.37972916312
-0.691211373432
-0.463330677954
1.56766372267
1.88023182899
-0.634073021461
-0.999026099854
0.935738863968
0.310569548452
-1.45650627241
1.29200279272
-0.618528286678
-1.44352463052
1.15473004085
-0.754097088661
-1.26263974196
-3.21453249251
-0.714334195794
-0.39425552765
-2.83715332688
-0.692407882926
-0.245266138433
-0.73958163843
-0.294012284865
-0.154225948888
-0.136277135029
0.170099019398
-0.0539013410657
-0.890811935973
0.395302848067
0.556025725296
0.316995973181
-0.299009453608
1.28774267113
0.141792654882
0.432974782197
0.66769412748
1.06671542224
-0.878867161856
0.101233946574
-0.509230513929
0.326606879638
0.821842383005
-0.113422915045
0.928186952253
0.864533575881
-0.752785381552
-0.131857778632
-0.429599908402
0.221539929805
0.385126624629
0.0657219091496
0.831683975678
-1.43449773932
0.855518080463
1.61143611504
1.96598978548
-0.244198019836
0.917520913297
-0.110236947335
-1.20205257405
-0.345084412899
-0.296726265163
0.00298589667227
1.11103045417
-0.640918305677
-1.18834162902
-0.69740221511
0.159713648005
-2.15055268359
0.0332668109199
1.37686259069
0.649188917596
-1.67049592686
-0.668991512735
-0.439078996885
0.418279497431
0.929141510312
-0.555034125403
0.305250196995
1.11995218361
-1.38395167467
1.49581611455
0.340490208636
0.494043988319
-0.328485140574
1.01521422365
2.19967538005
0.0714244389753
0.204508348084
1.33328918831
Score: 1