3
44
10
3
1.9384431043
0.432367985064
-0.0310557336417
0.738800167544
-0.274717432896
1.16264639305
1.93957769334
1.18819709436
-1.13950382257
0.866858564065
-0.860617775551
-0.534123501635
-0.504378998473
-0.0906427317159
-0.722729072676
-0.191921814887
1.05193860243
0.184495475631
-0.575293231603
0.0395666013977
1.33945223183
-0.936782832069
-0.747563962987
-0.524883904869
0.127101710934
0.301156878213
-0.0307030924277
0.590941877664
-1.21175753934
-2.16269251841
-0.97412718913
-0.10769997246
0.377593072736
1.53041308732
0.476900255252
-1.47509611391
-1.23642704719
0.0541287865313
-0.177982428861
0.00166033032401
0.779253397109
0.475478828783
-0.804660693722
-0.877075146774
0.843476583364
-1.90801423862
-0.102294176659
-0.213551199778
-0.612765248556
0.623769493236
0.721703609815
0.992643048789
-0.376988614394
-0.177319786637
-0.0395450671411
0.44548576947
-0.214181124387
0.842360830017
-0.806732900234
-1.13007891376
-0.939299832032
0.61597247092
-0.297135434645
0.640646914092
0.133563848619
0.122220192805
1.52119369134
1.80584988259
0.22374617375
-0.266312139521
0.37868165779
1.00268242704
-0.283279079602
-1.04892621095
-0.691522149492
-0.580514966475
-0.319099484902
-0.218305354263
1.34087491639
-0.248925015496
-1.28946575683
0.827576867034
0.403626556929
-0.0303790772728
-1.23515685136
0.824036679522
0.20868214735
-1.78936972856
-0.354779905429
0.45897766349
0.479442283856
0.964473826027
0.570652544791
0.302587123788
-0.97837390455
0.350546807662
-1.02727438637
-0.438634828972
-0.335858670148
0.397967495266
-1.44196632971
0.465904705581
1.44996539755
1.96310440769
0.56932411321
-0.0984056580071
0.0135541165047
-2.41298676123
0.439859826029
-0.262028718725
0.0946374818211
-0.474809838269
2.12557857055
1.24734174978
0.345480810089
-2.53151144323
-1.23544369916
1.21039152073
1.08421068835
-0.154426815936
0.272040069223
-0.783266700106
-0.359522876361
1.07004912035
0.52040868298
0.116617392772
0.564098345213
-1.71196360362
0.107076417238
-0.12826487943
0.92159360009
-1.55445284459
-1.12519310526
-1.454010472
-1.59678461085
0.0698203197862
-0.987061592935
1.32523158787
-1.79719649913
2.41920916709
0.954326564005
0.575013575578
-0.347938213287
0.338202428977
-1.39024883112
-0.930286344201
-1.96445426227
0.810381827445
0.289126395431
0.163058099095
-0.305308140601
-0.42290104728
-0.0767244881876
-1.88334913572
2.0946761527
0.765786394575
0.253862988585
0.447266997388
-2.53607155804
-1.73948477053
1.39401326708
-0.811169721749
-0.320435340425
0.103244988012
0.372026677593
0.198893381184
1.55816382231
-0.878736673851
0.930179823746
0.212320650102
-0.102255867668
-0.803429044516
0.462220238987
-1.05013343065
-0.791391659871
-1.24319575182
-1.2582405951
-0.912310059496
-0.477588350783
1.69803827862
-0.00273814549343
-0.305515023059
0.0524154356898
0.361270591456
1.78710092655
-0.525285746573
0.998322505082
-0.169931143806
0.727391865943
1.67529955062
-0.105061599002
-0.0392619199322
-0.67915993391
-0.437940665334
0.507429956109
-0.103791586658
-1.45623896439
-0.00739080916587
-0.539691185083
1.90737865745
0.77495613671
1.18479885551
-1.3931021378
-1.11401013446
-0.883634531434
0.21871814026
-0.712065837006
-0.85735528976
1.81563804777
0.108572300514
-1.27663088805
0.841758786271
-1.22964193387
-0.779142183255
0.720079916928
0.390464742735
0.0835993021963
-0.186473014432
-0.154269554724
0.642936989901
2.21493628693
-0.685292179667
-1.61338263191
0.557746856524
-0.419319824818
-0.00901134634434
-0.633217575842
-0.609901703097
0.895617966911
-0.881262776905
0.398117247876
-0.193502942557
-0.20112650259
-2.75942738101
-0.0429068221525
-0.22810165729
0.635990130651
-0.358049434864
0.240540424326
1.47869674786
-0.529894951527
-1.10365310004
-1.65843611926
-0.712550799779
0.476330665003
-0.896001628424
1.83527092204
-0.354002859122
0.629589854355
-1.20880156225
-1.13135426443
0.627506851942
-0.312111152967
0.414386823478
-2.00967069031
-0.315659470275
1.24747540514
0.909585027976
0.139066550252
-0.936170978455
0.363019002804
-0.735938208098
0.100924910335
-0.303883035578
-0.163259192573
1.18413062969
0.176940210495
-0.726680401915
0.462466448928
0.941195772315
0.3304724582
-0.992560385078
0.407378983019
0.634731425006
0.777236314573
-0.224202276206
-0.734008866654
-0.00420606116958
-0.548045605815
1.43397540705
0.893379939663
-0.573809723214
-0.727420269668
-2.16884370272
-0.541780549031
-1.05826590058
-1.35075808882
0.689136940213
0.786474166322
-0.601189870906
0.134999666911
2.14895707808
-0.0436851718283
-0.0384672468768
1.09360629602
0.292067424777
-0.508514267894
-1.37863424496
1.01645198832
0.534503450821
-0.0911820809934
-0.666674359496
2.34407063232
0.991266865072
1.65738004086
-0.720994941017
0.661432161983
-0.359502555753
0.708602143633
-0.0199835207211
-0.376643579194
-0.843759461187
0.0290320933475
0.730480705021
0.0122220521203
0.43694070341
-1.88368364213
0.0892699299361
0.285851659149
1.12890746692
-0.598700948737
0.843175275964
-0.517288143929
1.78697041555
-1.44065585496
-0.903017791145
-0.0354781130797
-1.5803010197
-2.09808056257
-0.176891412704
-0.806486062172
1.11090152615
-0.956238224136
0.804600592696
0.139426661999
1.16395784119
-1.03626664864
0.374804096709
0.137716501801
0.639543282407
0.622477363871
-0.67700070949
-0.441987002088
-0.503568788763
1.62472598526
1.18290760157
0.0734776102772
0.580645584719
-1.32479328336
-0.755828308821
0.333142187697
0.370972589455
-1.20419669371
-0.269080440259
-0.727096248332
-0.83561287339
1.34513436359
-0.54887631825
-0.450963939098
-1.35441591031
-0.111246506013
2.36239712984
-1.06755314921
0.249346035031
0.501157405256
-1.24278756278
-0.111171018794
0.881466660037
-0.151839976696
1.81959578799
0.960656462794
0.853582467483
1.25356792346
0.406016398139
0.588876587879
0.983866878122
0.804737811741
0.015935319199
-0.82439948124
1.01922513789
1.25280760987
-0.336380388425
1.37754367946
0.890435544507
0.751648786897
0.375469240725
-1.25948124131
-0.124000573668
-0.538294871955
0.798025773053
0.420678851196
0.110538032618
-1.01728201613
-0.0703546959385
-0.000444133287877
-0.0763399663454
1.8316840843
-0.116911461161
-0.0634227135233
1.02265936182
-1.18521665386
0.0779312802283
-0.141485829996
-0.73499293441
-1.83023278114
-0.0840159646617
1.81116824311
0.284348366828
-0.74657663567
0.568530690341
-1.08201093602
0.954132717343
0.134158478646
-0.160869508078
0.527098979899
0.135783780158
0.0705712561762
0.566903874699
0.488637850296
0.238967829448
-0.926717021175
-1.7605143465
0.736349583814
-0.770951161571
0.37085180039
-1.13353599009
-0.459110206172
0.171750781613
-1.37323767304
1.20170670529
-0.932207840314
0.24611361962
-0.303620922261
-1.36092280151
-0.0155349611414
-1.72554523339
-0.925084347072
0.227284778838
0.839824267797
-0.929777098772
-0.453276831071
-1.00189815917
-0.319187474135
-0.633021845928
-0.476870487133
-0.37551008948
-0.554019437266
1.51853995405
-0.759697949668
0.465153495065
0.810125865498
-0.281338112226
1.45484647884
-0.0572634324265
1.06435838623
0.696321427688
-0.487042312026
0.827254104991
0.182147180882
-0.136702092694
-0.0125004267258
-0.576599550999
0.37280065093
-1.02000112372
1.1275204903
0.202687262814
0.95504120269
-0.36082871808
1.56141352894
1.77176825048
0.618214498244
0.213444104426
0.960292588952
0.595591629236
-0.193169421891
0.752074179855
1.17293073572
0.620636061627
-0.47953484566
-0.593399182351
0.136345345548
-1.78430862555
0.809297764269
Score: 10