3
44
10
3
-1.50656757071
0.26268035513
0.446574830643
0.381521882445
-0.777790523697
-0.551824243203
-2.25638158278
-1.75990005267
-0.482268177135
0.18234790315
1.10878053553
-0.333199235638
-0.457639336652
-0.489002243829
0.596865904013
-1.27506558428
0.388283301524
1.22104247944
0.32840334469
-1.1707464406
-1.5361360934
-2.0573928412
-2.2238911743
0.307197887115
0.591681955406
-0.823229744331
-1.15751069225
-0.433473606053
1.35914881097
-1.43557206507
1.84017686901
-0.878719432443
-1.50552551447
-0.573570291737
0.0363581952186
0.335295435781
0.937525337827
-1.34432160351
-1.50408663887
0.954955570529
0.667216156508
1.71066174168
-0.115113165189
-1.71793974651
-0.763928024909
-0.100471259421
0.767476429142
-0.955535900944
-2.89726513158
-0.595689663571
0.449694620295
1.03102208873
-0.692278280617
-0.735010184148
-0.877010207159
-1.28493854234
-0.890218839785
-0.0141615343346
-0.916269666766
0.424471086823
0.199501654966
0.735474770427
0.349021295193
-0.68391814002
1.85183406558
1.93088264418
0.784959788856
0.296408410041
0.796197807233
-0.054126056287
-0.289429475246
0.825312812777
0.166248269755
0.0522721504732
-1.49220503726
0.870064802285
-0.246419798365
-0.347852549983
-0.000750686126307
-0.721031926079
1.69537340206
-0.658199123819
1.63149016531
0.28864441775
0.0553805921808
-1.80939458909
0.112831803496
-1.80452137195
1.36228200779
0.337677905193
1.47441792728
0.765016495261
0.578322097883
-0.613221289715
1.0910516311
-0.84727270438
0.209741643793
1.15111113181
0.546267673783
-1.18347980968
0.148118888925
0.227375078056
-0.588372476091
-0.477548864078
-0.680714447973
-0.631760565721
-1.18418121636
1.32770882351
-0.0206826523103
1.26277044627
-0.963038038074
-0.811500914524
0.193469866274
-2.04087779266
1.8479483863
0.460686223663
-1.30501142609
0.292639345136
-0.371286091761
-0.203616344395
0.995553707414
0.901081306772
-0.909680576206
-0.539224620799
-0.310707040394
0.656471527946
-1.36564985829
-0.0809776233969
-0.958618863045
1.08109357872
0.073102494386
0.407431701474
-0.623650321477
-0.313817259897
-0.462821956758
1.0555218734
2.32931962154
-0.225709199501
0.815754546629
0.413087275631
0.410679624357
1.27221326855
0.287224026606
0.559464258623
-0.455803042173
0.159894119483
1.36370474241
0.166577944298
-0.780255663987
-0.608769318927
0.425910488498
0.60060067661
0.139515344522
-0.316112258388
1.08436657502
0.486086396412
-1.78462807254
1.22713984291
-0.898928470674
0.54315537331
-0.500889354205
-0.514203391456
1.07296242298
1.02234184441
0.0871284605569
0.830532528
-1.83606862837
-0.303828694873
0.071942296003
0.44141137945
-1.5973083414
1.10034358995
0.2355758441
-1.37741954551
0.843812531125
-1.85406811274
0.744853275218
-0.923333098982
0.0924059067235
-0.322866249967
0.396198452055
-0.907341042555
1.56622869717
0.43451072651
1.03484131973
1.14470997745
-0.0802272608935
0.0875452315964
-1.49719523758
1.16569369649
-0.285233422816
-1.18278294084
0.017452792
-1.46306044201
0.238873559645
0.5275601016
2.17090636716
-2.00092054145
0.543745917475
-0.625707656866
-1.45845021086
-1.40223537091
0.16161465316
-0.591347737453
-0.239129592828
-0.714090081966
-0.932145224632
0.349910169855
-1.7744199239
-2.46263215373
-0.131176568648
0.507584123941
1.03117265297
-0.441255056963
-0.215409920634
0.790734309927
-1.17058498463
1.19463708364
0.655733459181
-0.388282195284
0.829663251444
0.246792460728
0.536124373706
-0.97868137765
0.714359818384
0.265028742299
0.757135360913
-0.179685271171
2.06369319207
-0.838821103854
-0.188401054898
0.175273654737
-0.10336111655
-1.13683714298
-0.108187471019
-0.19822955224
0.218606454532
-0.3785730848
-0.365044987643
-1.26999088806
-0.53600610741
-0.0933509353327
-1.15851372553
-0.301139506417
-0.0114253702852
1.09102290037
0.251934007297
0.0858308627177
-0.607904756182
1.26115180448
0.322471203706
-1.23112907641
0.776065893127
-0.167094533763
-0.497494675737
-0.183179969692
-0.30678584159
1.28511875232
-1.45770696632
0.742218683744
0.791211946023
1.47124354233
1.52116172576
0.124805390626
-0.0412437933552
0.720891046687
-1.79331449185
-0.895003409316
1.00799513219
1.2700103241
-0.216731969153
-1.40035363256
-0.0936754951498
-0.624687075883
-0.0964020775215
-0.955510374798
1.28301181069
-0.351101811099
0.479998088419
-0.180891765183
0.0214382743281
0.254172201272
-1.09424168896
1.40258820647
-0.174933040536
0.876091286938
-0.531860748732
-0.359154149275
-0.95273909719
-0.843295035601
-1.80712152965
-0.264513125017
0.856082776854
1.03262241867
-1.49172205628
-0.866049062293
0.507963276056
0.317625990734
-1.54026947254
-0.508685185403
1.73816436847
0.984601068242
1.42937724264
0.959605309294
-0.0828223591098
-0.751982444043
-1.11633306378
0.161847047257
1.81439266311
0.853679734768
-0.777915617606
-1.90482693509
0.815783423567
0.783553607626
-2.54515077207
1.7409581867
-1.55037753911
0.0967422763525
0.0776260724196
1.12236103388
1.1397600712
-0.304012896953
-0.904117362686
0.699023533623
-1.22530525713
0.886012610698
1.12228526154
-0.684585315574
-0.595840340811
-0.700545767158
0.0490061740954
-0.340029645713
0.938658381734
-0.76239583231
1.62127646921
0.139176800749
-1.05406162955
0.0134211319513
-0.693175352586
-0.687816786668
0.523840477811
-1.42345338078
-0.0136517350789
-0.731949060531
2.06513513989
0.266246574551
0.0515971703364
-1.01292142162
0.976776104718
0.670863731791
0.576727074769
0.0388752674945
0.433529165033
-1.15364320976
0.443169793819
1.36575195528
1.40382396365
0.189152938532
-0.207175304055
-0.989135374534
0.0235933828555
-0.3341522697
-0.835724207442
0.0584552633269
-2.19209684073
0.255190841293
0.284410947222
-0.37053149018
1.21344673609
-2.2772912469
2.85740790918
1.1256894878
-0.393132113417
-0.704895606451
-0.289977594942
-0.235649847232
-0.435923626885
0.0324684734915
-1.02376520779
-1.00202775505
-0.739976604313
-0.0672027317485
0.281059481683
-0.160256286862
0.324632833832
-0.50643492363
-1.43668725126
-0.650181257233
-0.445476615078
-2.98725494157
-0.163048227107
0.438919638693
-0.200547829065
-0.401749450705
-1.17911541884
0.0673720005376
0.0999656499185
-1.15879333094
1.27760842525
0.117027545246
0.845663968752
1.61890099089
-0.230813259242
-0.10171414977
-0.127637579745
-0.284137815858
-0.219318958617
-1.53142078375
0.761505711988
0.610154965976
0.472660801964
-0.146985847678
-1.47178923223
0.234451197519
1.74199858217
-2.40974418528
0.0832025124617
1.52703795119
-0.317425832452
-0.39867772469
0.858311414077
1.46404514724
0.616693303962
0.159920597067
-0.434872349796
1.2535002917
0.51269256867
-0.744877861292
0.558716075047
0.302381102797
0.525839903079
0.19401251281
-1.65763341059
-1.81379578549
1.10331121854
1.56317079232
-1.25269866743
0.434384313339
-1.02712653088
-1.57513671716
0.0488461324545
-0.924742633324
-0.412165651479
0.283493690259
-1.73319858501
1.78594542609
2.35627326457
-1.02645066188
-0.780567057762
-0.00762126789434
-1.26503681982
-1.03135081621
0.351032888176
-1.12377998767
-1.46186441352
-0.608202750528
2.19410471618
1.60630134821
0.185281287754
-0.65824346667
-0.666136310447
0.507471780979
0.147301306289
0.700702770294
0.965646330922
-1.68275202663
1.4623721799
-0.26431736748
-0.254939334347
0.874530198465
0.00682152900131
-0.178483378894
-0.459228006417
2.25680977059
-1.9496749242
-0.179111272581
0.71591512404
-1.12207579444
-0.525378355352
-0.378545524948
0.397098159929
1.5445258207
0.350402969612
Score: 1