3
44
10
3
-0.293719965079
-0.0472702883069
0.217068045548
0.14315176654
0.558797843804
0.93206973839
-0.616289722446
-0.297503383062
-0.333986118319
0.0595699923969
-1.38833213166
-1.10232439188
-0.289856908912
0.522782851088
-0.260909008641
0.92703130267
0.325687412168
-1.40734668364
0.711530300765
0.641979326483
-0.185448170934
1.27454864844
0.555151056804
-0.57010200993
-0.711204988265
-0.300786081658
-0.0465754410549
-0.0533966462567
0.184813789332
-0.913315874899
-0.752786723974
0.283269947834
0.836226691045
-0.5434229351
1.96052840611
-1.1150955888
0.602362163037
2.02287982137
1.19056243342
-0.724874950045
0.0787297517454
-0.507248059604
1.14886934682
-0.292298764523
1.74716150751
-1.28134934045
0.582247771105
0.826237284863
-0.165556776424
0.267555168352
0.684646889317
0.475070791983
0.256226687165
1.65385594275
0.368913809724
-0.898591293149
-0.531295095614
0.376724015601
-0.0604344561398
0.693212129589
1.08277987489
1.04052488917
0.784635794107
-1.37635808662
0.74015928162
2.00588837414
-1.28630642268
-0.151357779302
0.432024529803
0.56713812804
-0.474300643881
-0.341437408584
0.0299232136954
-0.00302194679248
0.580321480411
-0.30062248082
-0.270166165333
-0.512258781612
-0.602574991238
0.351873767904
-1.47631734951
1.63815749703
1.0403528676
0.796167935997
0.580697248891
0.350060819569
-0.175871941984
0.225957034097
0.184076080954
2.50575655745
1.02375717342
-0.974031747592
0.313061346099
0.190741342707
0.78629195202
0.452314401445
1.09201814162
0.165750364608
-0.792259845215
-0.929838021008
0.138070646374
1.30743301779
0.15434306328
-0.758704684786
1.52870740213
-1.17822509637
0.892947269629
1.2061651227
-0.525612074243
-0.667173785253
-2.12061047085
0.256024099435
2.00642384611
-2.34101202997
0.162268094971
-0.858979185882
2.34319523862
-0.156296080917
1.20710634524
-1.11356956964
1.41755033215
-1.6242301947
-0.58636204023
0.262210951718
-0.0580247643299
-0.598131923102
-0.691652215062
-0.839344136594
0.737624771942
0.66593843912
-1.69456959322
1.98696323086
0.923399881601
-0.94787899214
0.546283058084
0.314491829995
0.146477381127
-0.582822627303
1.64979659247
-0.878834726565
-0.482134061787
-0.881512905822
0.791222457592
-0.538235426175
0.494030244186
-1.84271716098
-0.566143990897
-1.64440733498
1.02852781358
0.804405123237
-0.618974673923
1.12390493237
1.3712312919
-0.868733083699
0.726964054575
-0.584312395227
-1.18290754378
0.765768779849
-0.837641145162
-0.258211842192
0.623646043523
0.346533671015
0.375005293783
0.127636454325
0.442720865509
0.0663816200563
1.20594890406
0.777172651978
0.3459131513
-0.664362475244
0.871752069266
-0.0934589223406
-1.65491621186
-0.614852979834
-0.642888232713
-0.152476590951
2.25798520132
1.62383688049
-0.321449761117
-0.644016179542
-0.121879823505
0.289430450213
0.956868682687
1.12740704653
0.296512913929
0.665920389682
-1.2584788066
0.170557445927
-0.725462970549
1.31837909466
-0.569550396217
-0.194315852735
-1.63666861937
0.679301440888
-1.61414507525
0.135744229868
-0.260954307409
0.632330452233
-0.523545856193
-0.978595454267
1.09773392341
1.05267738539
-0.0620459893137
0.0581506364498
-0.0491583988635
0.00833518637745
0.496755280076
-0.770885503477
-1.61752253957
0.557769392362
0.807842456182
0.47629365796
-2.14688199583
-0.449239490083
0.745317778524
0.599430045351
-0.724507972703
0.436667797316
-1.38007156806
0.575441286155
0.125345877094
-0.0850470126217
-0.301525546635
1.29684889898
-0.907270084161
-1.17845880535
-0.568462633413
0.70136483868
-0.421537469648
0.935123202828
0.452980758985
0.299156753493
-0.863754587866
-1.12332914259
0.175145871941
0.547455880657
1.60533183888
-0.0232058698205
-0.575487459394
-0.72167380995
0.304179245093
-0.767247177412
-0.476225106024
0.917891697905
0.231724646182
0.696253744617
0.56533721222
-0.483215270502
0.415719925686
1.87922838721
0.963532608579
0.310878118374
-0.629453233471
1.06692700502
0.960506493462
-0.351097167298
-1.14489550955
-0.408146804724
-0.312885072475
-0.103309714188
-1.4211586854
-0.300802140205
-1.02782914939
0.978178391085
1.15714813704
2.09761419008
-1.39984734282
-0.0818197328349
0.877388430102
-0.81233632187
0.370488097188
0.0073584549144
-0.989435441932
-1.38934483233
0.957395945271
-0.384882183258
1.63341431098
0.42659288404
-0.63204463876
-0.140646554467
0.913545124972
1.3828481902
-1.3754792295
-1.77694259579
0.585549412895
-0.182689337331
-0.146256031848
-0.462467530445
0.622629089628
1.17053952055
1.20067417208
-1.06620676331
0.362042880337
-0.641836939989
-0.858841198467
0.0979349656044
0.215686490314
1.30881052727
0.432134558798
1.40813386816
-1.09939548722
-2.45806003595
1.77680200866
-0.761743227444
0.699281720049
-0.255560679249
-0.666675165612
1.64165043079
-0.858881593377
0.413217749308
0.284264229643
0.584506416186
-2.51802916769
0.00423852739198
0.635590073271
1.46762978113
0.302220273482
-0.670283185984
0.0681622312735
0.465196409412
-1.25065283919
0.871646158318
0.491742896579
1.00925361341
-1.40293920457
-0.364127889069
-2.15973210871
-0.639825915246
-1.21804235563
-0.50234901668
-0.636325723014
-0.0956400670863
1.08611311167
1.45932575645
2.29307652679
1.71645795672
0.223020547937
0.519218898533
0.379624146317
1.12035135866
-0.71454285172
0.137174149292
0.726811638345
-0.601854785555
-1.39514897974
0.122453697886
-1.36855550294
-0.210860541164
-0.858812069253
-0.163541189099
-0.780134820249
-0.459547303941
-0.099499358031
-0.987597223857
-0.0163597511883
0.675183942574
0.273292074948
0.22733977921
-1.35121171266
-0.0134736968308
1.28359335188
-1.39337522264
0.993393730363
-0.523281986777
1.25252319499
0.586970361077
-2.2087962466
0.63769764563
0.120087464004
0.341108347671
2.62155336478
-1.65253942283
-0.874993293396
0.28038252822
0.959845788775
-0.254469442701
-0.450570595566
-0.985791878609
-0.19038376415
0.398760477531
-1.28575884245
0.432696255679
-1.3475157901
0.672737429437
-0.27413165378
-0.400780201427
1.0821299954
-0.786289631949
-0.864134962145
-2.00698098634
-0.267943960393
-0.349379806379
0.536029470613
-0.368460854114
0.355410589925
-0.0972249943915
-0.21113185825
1.32428469078
1.26399238499
-0.312682346197
1.61908650435
1.00209686531
-0.234599300583
2.33961786152
0.503648852104
-0.0412625065377
-0.800540339973
-0.600414700381
1.04051173245
-0.256867305832
0.204681212393
1.57878437462
0.154545015641
1.47125675839
0.688290549124
0.71890271151
0.834275127521
-0.0616578278627
1.26966527504
1.21689056032
-0.0254261159116
-1.43360099177
-2.51216682978
-0.694981809614
0.000708493764171
0.072171779436
-0.300100251948
1.56061812253
0.166791344012
-0.736575833543
-0.651336842961
-2.02706329888
-1.09557842195
0.0753825616049
1.41131133528
0.508616004655
-1.48140259845
0.597041460952
-1.23346405434
1.32719877164
0.0769126470258
-0.471675238493
-0.97602716985
-0.549438942892
0.0491516230154
-0.926564077473
0.396818760192
-1.42571450539
-1.15058558418
-0.34182840015
-1.25739917875
0.0930598798752
-1.48620704882
-1.38126938945
-1.14546198185
0.293214102798
-0.541229132424
-0.67166213159
-0.598740055193
-0.906187989241
-0.665488604121
0.373979825152
-0.293527887342
-0.697071729623
-1.0396560687
-3.03746038537
-0.194980377296
-0.709256606786
0.375461165124
-0.0254712645552
0.107576263052
1.07336022054
0.577326989149
1.25356088538
-0.428116678454
0.475653714176
0.925972168753
-1.08896585778
-0.900486793026
0.523114127409
-0.507804922055
-0.559901157418
-0.367600907008
Score: 1