3
44
10
3
-0.498901800641
-0.298153887264
0.0269290560337
0.435575640495
-0.80676056645
-0.0763191732532
1.13608940457
-1.35214857795
0.374416873739
-0.363145034003
0.472590467176
1.52697389956
-1.43604997176
1.87477308914
-0.682502129964
0.502087074525
-0.0358580812401
0.27830082033
-0.146932475349
-0.464247959372
0.513412759557
-0.665141379404
-0.0433751008424
-0.295084986649
0.432355220651
-0.51230936842
2.08032673872
-1.39424274159
-1.14443292609
-0.0995746856547
2.0115282465
-0.0806789360848
0.64549788022
-0.967683823731
-0.810629374635
-0.674353751814
0.249596002394
-0.883424088374
0.321839329302
0.971381138955
-0.975807477571
-1.44033094489
1.35791804645
0.13136268991
0.900074758398
1.0059240293
0.257241551673
0.421856547608
-1.04882416958
-0.556251740207
0.619993615256
-0.384392723163
0.101566521058
0.738731238882
0.725482247138
-0.838479993249
-0.423131007494
-1.0044530765
0.432028769899
0.291990774766
1.77781873217
-0.789562562808
0.337044118394
0.150580810668
-1.02391112862
-0.911746835537
-0.226255136388
0.442120657555
-0.533673998736
0.484867800408
0.0168399434194
0.159267561499
-1.48143980034
1.40236592373
-0.677998190719
0.884206364859
-0.98642387177
0.0317506845205
-0.938219466971
-0.375135830662
0.858766916954
-0.721334043753
-1.823088586
-0.0244493997767
-0.0765557243959
0.81242739795
-0.496227585864
0.896763932499
-1.42293508023
-0.173164576798
1.22337647578
0.994579538747
1.02042615798
-0.0215143548399
-0.424056180257
0.0766266353813
-1.44167998763
-1.26625307543
1.32767330261
-0.692589499676
2.26620307068
-0.979574137492
0.0822683544789
-1.31161388594
-0.100505952292
0.879254721493
-0.205123460136
-0.295731162039
-1.25618885918
1.23686272016
-2.15196799207
0.786617392457
-1.1693009352
-0.292899642822
-0.33025714084
-0.710146274724
0.00157899311173
-0.478986068073
-0.357398223929
1.53748460024
0.829480301067
-0.111656274894
0.305432271973
0.934827953679
0.461341009382
-0.114979436523
0.21211207661
-1.83246506732
0.49134281505
1.65274687543
-0.300396104496
-0.464746416505
-1.02445201875
1.08045829709
1.00326714082
-0.0619307170127
-0.840181444136
0.729226070205
-0.388264016265
-0.95543397351
-0.21764829779
0.00887996225127
-0.883210334664
-0.244291830664
0.163678229796
0.603914584901
-0.432988823026
-1.5350348843
0.755048086653
-0.0254561693249
0.679910818937
0.655808555899
1.26174861329
2.35527696373
-0.173856550016
-1.19743834435
-0.46355534818
1.84037578675
-0.303328015952
-0.269007419921
-2.57208568991
-0.600996430454
0.612135928133
0.658809298429
1.24081944697
-0.13035204881
0.86067655106
-0.213632551975
0.495841872961
1.81003979527
0.0720906679939
-0.127566920497
-0.182010290424
0.0666185916721
0.236864334879
-1.0817387758
-1.80322569366
-0.456632358301
1.39951732509
0.1767278485
0.567952900872
1.53083841437
-1.51677767361
-0.713083576505
-1.53224403844
-0.577293431477
0.403721193077
1.05874642746
1.29925327811
-1.40534341031
-0.631111410118
1.8421920838
-1.07829886781
0.787335662074
0.812973450172
1.6942171359
-0.507248988273
-1.01301986575
-0.829047738639
0.0750980872269
0.179619994465
-0.460812038569
-1.15277819052
0.63433389836
-1.36615725825
0.495211428588
0.347463902252
1.01137198726
-0.723152580325
1.02434346055
-0.104945774322
1.09122587166
1.31847760958
0.306473739031
0.756921916624
2.10051943882
-1.11208371434
1.17402719576
0.621052258193
-0.525854637279
0.202109654241
-1.27878269366
1.51393844653
-0.909699748302
0.758614882932
-0.166726142198
1.3914093376
-0.83817374935
-1.43126625178
-0.372691135163
-0.452335263887
0.685188442783
-0.100647770003
1.12343464594
-0.234303805466
-0.911634407247
-1.3807944968
-0.93414994087
-0.329888105569
-0.216356186113
0.678348903265
0.458957077579
0.420870209327
0.0497445009395
1.18099424158
0.42561805592
-1.03850034481
0.806621137
0.334740295224
0.65595836167
1.10898810086
-1.83057027822
-0.519302110193
-0.886172626287
1.63626947033
-1.20146043893
-0.957412006714
-0.755685510589
0.826970588768
0.766410655856
-1.03550919198
0.29846743255
-0.739854312978
-0.183418821863
0.783040150967
-0.836859746129
-1.32318076831
-1.92599722938
0.138274183659
-1.39229413969
-0.263045935916
0.465909079115
-0.529989473469
-0.190104121556
0.33193499721
1.43658522768
0.59454203783
1.49543445687
0.110998049918
-1.67176374604
-1.88081193492
0.0163635284987
-2.17639572467
-1.45223953464
0.319111702253
0.545351923727
0.136289595149
1.7362502945
1.85491842896
-1.17594097155
-1.03890911441
0.268360301896
1.55795854746
-1.69966241054
0.464754830861
1.84948751945
0.559176210106
0.51225557554
-0.153292385883
-0.0047900233157
-0.297938322951
-2.29495490886
-0.336759852568
-1.92790057218
0.539474213039
-1.21919432151
1.17986759842
-0.720974128283
-0.315190037673
-0.476954372001
-0.67206208542
-0.659539290906
0.868218232459
-0.10253235512
1.74317512611
0.529265543507
-0.619095951723
-1.50638734953
0.705735699842
1.94353092253
-0.53153549086
-0.836636010919
0.0852662571755
-1.10637323096
-0.0176609042184
1.07911265597
-1.2559301354
-0.743228115269
0.479907875421
-0.650665093138
0.579636206311
-2.0487541822
0.853870830021
-0.218758673883
1.47913766477
1.21753190994
0.596798999259
0.481175096147
-0.563859835227
0.327965521529
1.2367600731
1.25224389916
-1.49340242789
-0.778424172881
-0.218801230469
0.589762676875
0.167232417029
1.10776086501
1.83951724402
-0.427147960173
-0.513296869688
-0.808274971595
0.375399732789
-0.806286230079
-0.14153983697
-0.793957311313
1.72180501017
-0.37380934796
-0.0804554651098
0.412368516614
-1.06565905193
0.176699472992
-0.787195016603
-0.104916381933
0.116827994537
0.912215235601
-1.72718679362
0.0672657849788
-0.073910150133
1.33412578324
-2.40504457504
-0.14143869067
-1.26483308866
0.54414447684
0.148902418408
-0.223291894576
-2.26676308984
-3.67301744663
0.864443063396
-0.295887521677
-0.499617095569
0.127294274229
-0.364526623722
-0.134354847969
-0.869383633741
0.71218533052
-1.0149544496
0.132486826911
-0.740059234971
-0.543833757698
-0.529519117372
0.517538126169
1.59505388925
0.738193955333
2.59203907377
0.768717085833
-1.18750764609
0.242334113989
-1.27653594688
0.991172730954
0.462322064968
-1.42384036032
-1.45225057554
-1.58223402175
-0.0327412247237
-1.68482559741
0.683147657383
0.0497244138492
0.509734022245
1.66128018134
-0.247485691525
0.664096943084
0.0770857863904
-1.20157582675
-1.35887672184
-0.322181652768
-0.572423838434
0.251539403462
1.02208580898
-1.04106135065
0.81376622176
0.618131020152
-0.288355975963
-0.243405482104
0.619350156781
0.60016021052
-0.347146333307
1.66281558497
0.718863529358
-0.320970076994
0.623920602073
0.562678456101
-1.8964498331
0.719049961816
-0.157061243085
-1.19260735242
-0.0154465006209
0.411592554026
-0.569834879905
0.289378319683
-0.151667515826
-0.283316461703
1.61476731317
-0.245698024584
-2.66397313775
1.79961441037
1.25175233614
-0.532323772218
0.19265422101
0.648503967013
1.77361742048
-0.61062228189
0.799618123097
0.235028229986
0.686958131653
-0.320597389351
-1.41765490425
0.814567782443
0.473091954517
-1.60648662043
1.5037202151
-0.16961637144
-0.4141374917
-0.101555081385
1.95294585587
0.444554195062
1.63706132574
-0.181016053065
0.883155998906
-0.158750584544
-0.231377865021
-1.19195051554
-0.0645589083665
0.336628639543
-0.351554978032
0.853443164089
-0.172208193654
-1.35355523589
0.184640342999
-0.263435378574
-0.425745597999
1.25181400733
0.0326801599247
Score: 1