3
44
10
3
0.243655823201
0.758268169608
-1.0706996785
-0.156503113835
0.344165786294
-0.118032408677
0.776343132506
0.0339187213572
0.604313082357
-0.330824573175
0.109452498361
-0.646919699426
-0.82510744363
1.72801980447
1.43073943441
-0.410892716276
0.752643654093
-2.70991200747
-0.832677453796
-0.791242265899
0.632402546128
0.044200767539
0.686104228515
-0.874070066215
0.144015913868
-1.23825421832
-0.250257089703
0.104975575066
-0.506840752695
-0.169154811044
0.616495651289
-1.70845078215
-0.54677217693
-1.09168642694
0.271881657537
0.665495006561
0.80779642711
-1.61693740553
0.614376361922
0.467406899079
0.304757412511
0.669146561767
-0.13797271242
-1.03653135908
1.9163676198
0.490140029906
0.380805426612
0.919193669867
0.843163303606
-0.320640500437
1.01580058329
-1.01583930139
0.891543160144
2.23061303317
0.79909196099
0.509308842023
-0.507380926064
-2.05111572801
1.79196240287
0.564075719248
-0.508530377803
0.889674098427
0.291498789938
-0.1026880337
-1.95255764507
0.807719529578
0.583495561397
-1.02667395506
-1.09100740613
0.484968915642
-0.653966760652
-0.592196813523
-0.674500360436
-0.19340895621
1.09932309129
0.619913635466
0.600109156646
0.0159741238678
2.0420065324
-1.08505222198
0.921581937315
-0.461880224467
-0.758836398363
-1.50952232985
1.53939239514
-0.647125390736
0.158689429477
0.0584911539249
1.01567246306
0.143553358335
0.539044176717
0.103823914624
1.10112778019
-0.381336573097
0.482947864002
-1.13612931606
0.849205257195
-0.775225867526
-0.474861856648
-0.7891262114
0.562720779467
0.832125027704
0.577277170807
0.832789578492
0.310804783918
0.0543827090665
-1.00650440836
-0.173793266812
-0.393310733948
-0.799327166118
-0.0210538803211
-0.328325019693
0.260420547369
0.83315926339
-0.0799365492496
1.59893024767
-0.489923699186
0.59433483677
-0.00428642562845
-0.27421549025
0.408179223397
-0.286929876262
1.57478326914
-0.32461038355
0.526871043526
1.46648256015
-0.442899921226
-1.50320286094
0.406843453647
-0.826606729625
-0.777068614176
1.08024118679
-0.653721232652
-0.53644548024
-1.3394781763
1.46677209707
0.664809490067
0.55607326536
-1.11533990789
-1.6188629909
-1.01589428062
-1.28246425133
-0.395744169385
-0.493641437396
-0.721685544306
0.630165635679
0.0832817045586
0.680634142619
-1.27203644158
-0.82653872703
0.179951486655
1.7246015207
1.27068574183
0.579405780582
2.26879701818
0.763940511788
-0.00307029123798
0.466117481885
0.208834094949
0.494416840585
1.01750512663
0.317011893204
2.11120232988
-1.40356893243
1.43602695321
-0.191794793014
-0.266720513234
-0.154662130208
-0.389687628014
-1.2912484151
-0.840118040019
-1.75544374062
0.193957042976
-1.25723822442
0.406838531486
-0.0336656045842
-0.379005374966
0.810807563209
0.362249684578
0.465672750644
-0.192127929285
0.205640031426
0.638431996623
2.56338624782
-1.89701706239
1.02345057991
-0.695494082256
0.48328081545
-1.06326069424
0.0793031146638
-0.793473585808
-1.152995849
-1.51717767426
0.830566871238
-0.462453397873
0.49324238644
-0.109212600322
0.612017787024
-1.84991368106
-0.537986981094
-0.864534074485
0.0600146970639
-0.801219091858
1.5374379766
1.20931846234
-0.54353030209
0.862356167049
-0.053156238028
0.830586246281
1.16859349892
-1.09612845221
-0.510320080519
0.238572341184
-0.0768223385281
-0.602915897594
0.0436225721692
2.73611196423
0.287408370613
-1.04755787332
0.464011855909
-1.01340951624
-0.625613098817
-0.365696042132
0.49239471242
0.196483869755
1.67540716603
0.89918754263
0.227180167791
-1.68638794436
-0.529792505756
0.452887628465
0.732278926546
-0.791609899694
-1.11589071353
0.22114926554
1.05298132212
-1.68846054102
-0.965431429826
1.08674543646
0.542486542863
-0.144767533274
-0.18435246848
0.501111927133
0.804518947561
0.508668453461
0.145345291291
0.672127643938
0.205604561095
0.302723994591
1.21786382861
-0.7679559222
-0.691047718101
1.28640888387
0.967366345246
0.126845780896
0.143457937031
2.20330997878
-2.67703767159
0.52099149158
1.91781520617
-0.345871620379
0.262403182866
-0.46399895348
1.01698698665
0.953542272923
-0.616108086768
0.393618721868
-1.25061632355
-1.38666887339
0.274327477975
0.0876129266477
-1.92197118422
1.07183298965
0.00129727033209
1.22395862665
0.57228606733
0.864704416484
0.131958807596
-0.451451300566
-0.943303305225
0.00702346852025
-1.50098831413
0.467693875815
0.0637010650315
1.4992683702
0.063506308849
0.189013846217
0.110013600033
-1.16726219822
-0.171701333031
-0.110006412435
0.0124487401296
-0.0489819112241
0.925821974825
0.174645992594
0.42574167169
0.376921913245
-0.236190652657
0.703717703718
-0.658502372888
-0.312694902614
1.29715265468
-0.433492837447
1.07557400204
0.352648376344
1.51610220424
0.512633639723
-0.0559792807772
-0.590114817534
0.335371204584
-0.15254408585
0.606699024895
0.192514515798
0.837901895269
-0.9629418585
-1.05576993836
-0.768534450418
0.119506893635
0.730419064999
-0.451081291446
-1.58142752929
-0.449469408438
-0.823967099447
-0.98210794648
-1.58884055821
1.14416032506
-0.0200918442952
0.558971517704
1.40938317377
1.03148420236
-0.457681069049
1.87386007225
-1.6209008589
-0.952341382268
1.12852887902
-1.96159844698
1.10074394487
-0.208338577517
0.893664341507
-0.0153894728637
0.131247665349
-1.01897755312
-0.527730914522
-1.8534668194
1.14061667006
-0.339973772068
-0.27333658937
0.809973836614
0.245189896392
-0.0147076367697
-0.235928206935
-0.279898569518
-0.753400788214
1.27436763528
-0.942302685043
0.344379090394
-1.13043444312
-0.462724253416
-0.711445838354
0.0989210546856
0.712955748839
0.639604754663
-0.737197572222
0.936281896677
-1.93522547865
-0.674242760853
-0.450033920355
-0.0635674777199
-0.592231265184
0.32944914241
-0.829477256914
-2.61980064594
-1.9043449272
-0.288547459017
-0.924499852662
-1.52917504459
0.440536564213
0.609798467749
0.536545476075
0.075776787024
-0.803356442961
1.22635543473
-1.33056830029
0.584920672889
-0.873630647357
0.622687830149
-0.19526500299
1.63066282691
-0.703327078681
0.523978182749
-0.0217754088768
0.726721024626
0.544409875699
-0.0888736218747
0.919659999121
-0.871113928417
1.40677626417
1.55641160157
-0.871651822151
1.04998130738
0.112286285875
0.333838594799
-0.0009718488584
0.0181121390334
-1.49133263179
-0.325905754453
-0.164241893403
0.903974849021
-0.570921086831
-0.116868117179
1.1489861467
-1.39241502822
0.900658613157
0.358201689561
1.88455679138
0.268263263426
-0.441238191208
1.53560991909
0.670279697641
0.696361692612
-0.729004776741
-0.820721895262
1.07177400942
0.212299172703
-0.634274415394
-0.831468774919
-0.655620299415
0.302149480009
-2.04950130803
0.370122221102
0.835111830824
1.57392701343
-0.801861176058
-0.297190820403
0.696639365846
-0.385696087212
-1.31233993974
-0.47868867415
-0.493564827638
0.267551206181
-0.376019065866
-0.36902146247
1.18142924779
0.150017889027
-1.09834866592
-0.185836063361
0.107951034574
-0.890720045801
-0.372869359719
-1.26002774126
-1.54779185491
-0.832045867859
0.791505666722
-0.38016801856
1.58358797952
0.161917363698
-0.552558546071
0.684977533343
0.564319492487
0.139201969319
0.861970106084
-1.05728794712
1.97818297075
-0.26319658555
0.266473633929
-1.01040966136
0.16566847103
1.02132028348
-1.4441249924
-1.21328589419
-0.158314746247
0.556015831583
0.764461249065
1.1982259897
0.623544515702
-0.89546142237
0.524418414509
-0.262726733643
-0.408112609705
0.0682685362204
0.804073556072
-1.45866290769
2.2884715768
Score: 30