3
44
10
3
0.286107226964
1.46156242117
-0.313760189738
-0.927880229039
-0.393326877479
-1.73505391464
0.0741092038127
0.584276547722
1.3637864814
1.60880820876
-0.820057515742
0.783782323245
-0.129179944986
-0.686758431522
-1.83016591464
0.0121836856326
-0.420835455325
0.220201555136
-0.982319871472
0.83345331626
-0.276821612702
0.71332397724
0.626493568989
-1.23512826598
0.311269069096
-0.325215053214
0.340431941336
1.30593235102
0.884603991368
1.12796640208
-1.73865882533
0.513800180279
-0.495718072396
-1.81138864356
1.29642522362
-0.394060004056
0.335672642229
0.525009968446
-1.4283825548
-2.37949169169
-0.881384628699
-1.68309738859
0.066290768428
0.112785685612
-1.33607177327
0.385143293346
-0.820965591898
-0.755995085171
2.58157356542
-0.922549093815
0.475875013928
0.264643887654
0.533773009465
0.594793165902
-0.954868526422
0.0651307286913
0.94337501347
0.0952553867547
1.85178643991
0.550713879697
1.0358193953
-0.982629199414
0.385605594097
-1.29975061343
1.2912379441
0.399078367695
-0.0790172473637
-0.667961379844
0.209685631886
-0.392656768942
1.40549522768
-1.77809377423
-1.69885593378
-1.17848013256
-0.235089205234
2.11316474043
-0.632266814247
-0.104942731377
0.653862523498
-0.392797613893
-0.407759623925
-0.389355078375
0.897374244129
-0.188545729832
0.166309913939
0.319487676809
-0.989909579591
0.515267551663
-1.28454868164
-2.07070351536
-0.110186413078
-0.659501524713
-0.110221080482
1.90369907162
0.117492371145
-0.814332477764
0.555394355151
1.50983099108
-0.264918274445
-0.314983110357
-0.361932099823
1.62744665762
-0.434343194033
-1.21059902944
-1.06647025188
0.202002219836
-0.264252023839
-0.200197622767
0.976136185975
1.32340928369
-1.35935553712
-2.81606104645
0.277844594918
-1.05777023493
1.73522207272
0.735656978391
-1.68088787125
-0.848723206213
0.917295249308
0.177748834832
0.417523862715
-0.940643975938
-1.71645745643
1.13189412471
0.213150809493
-0.302349471402
0.488920444239
-0.483442888537
-1.11246656931
1.16107097192
1.20591535244
-1.12487916838
2.10032351386
-0.682832413898
-0.661394623318
1.28783378713
1.38404646465
-0.398985788837
-1.58653155346
1.2838389095
-0.753324743003
-0.152490768962
0.924094415245
-0.427042415902
-1.33581257089
-0.757194512288
0.897880105291
-1.86001045238
0.766163895951
1.35638619123
0.581375003105
-0.517070932669
-0.964427739209
2.83174026852
-0.25618649074
0.700770611095
-1.68266305695
-2.49494584512
-1.05672419123
0.259482824031
0.693253899926
0.71474827123
-1.08461464543
-0.33989304345
0.416319764033
0.313063654615
0.662928498858
-1.08250357798
-0.182666996952
-2.17721745713
-1.88838918501
-1.11019116008
-0.481391836629
-0.433962334701
-1.28088496837
-0.0534189324878
-1.12626796836
0.00969020653901
1.97224095735
-2.70194235028
-0.749614377927
-0.0332876457698
-0.240022590532
0.577392733941
-0.353886604558
1.34750201678
-0.432804046205
0.542406372998
1.08274003
-0.791871474056
0.303861897942
0.164126126307
1.41509383709
-1.16197595657
-0.316853946369
1.53596311849
1.25744188129
-0.544912204025
-1.94796083962
1.32245032055
-1.32935032778
-0.132540260152
0.0543376149671
-0.797033992176
0.0164610392981
-0.508761149746
0.611998778788
1.13988010857
0.0210507827938
0.700274979623
0.625121612873
-0.418160265691
0.135438086396
-1.09691198922
-1.41159002736
1.59138212684
-0.628067535469
0.952871906214
0.2867231638
-1.03802937958
0.207844271878
0.856841251677
0.307195007792
0.561867634582
0.948623925595
0.441231747231
-0.446878516701
-0.802364395344
0.0389151373563
0.440387044842
-0.844498090824
-0.204821538604
-0.774791103393
1.91509438349
1.24762792156
-0.948427384073
-0.682599390277
0.369664459753
0.519554839092
-0.368965755176
1.30231947952
-3.04169613249
0.51761178114
1.15847703835
-1.62504842437
0.650874735014
-0.875021888894
-0.291196901685
-1.7625383149
-1.25424738915
0.417688319769
-0.435333355734
0.649558719798
0.0954617260731
0.410943878497
0.800622393588
0.192020421803
-0.48890811067
-0.593306267956
-2.38726826433
1.09856477762
-0.278498158615
0.582531988385
2.52758244723
1.18098350765
0.192069263264
-0.497396976323
0.0387044868625
0.255567708221
-1.65952376062
0.100929518805
1.09160387707
-0.445909730796
0.0894901096862
-1.07364788789
0.95831548146
0.398218543291
-0.863727284174
0.75319199412
0.275312398509
1.34473840147
0.473632545858
0.216095005603
1.49838880477
0.954315976993
0.011475272609
0.390411078338
0.254642405495
-2.13997528731
0.328068436274
0.991696041035
2.21198067399
0.382520199771
-1.43198396873
-2.61395182291
-0.509881201317
-0.594448677602
-0.296955167387
-0.50468898597
0.95862561198
-2.08968550966
1.05300013967
0.704962628347
0.775338921621
0.164801458551
0.721054009181
-0.402268987745
-0.857660120408
0.00781602706343
1.08110227192
1.67550422922
1.04454414866
1.13757305987
-0.0383179645904
0.0567605813393
-0.896488283839
0.161693338054
-0.354837838705
0.807825275608
1.35456177053
0.678208151664
-0.187215403589
-0.287694314327
-1.29993519673
0.973215479868
0.536694899682
0.365260022865
-0.203364394389
1.11490863934
0.801644139049
1.22954961069
0.333918010703
-1.28175580895
-1.61312502866
-1.13392193914
0.0780944127315
-1.35096637279
-0.549521258222
0.812216476883
-0.846393770148
0.0170032995932
1.30018689698
-0.808474535138
-0.725337205573
-0.6305327751
0.470873711543
-0.520199075353
-0.0785271429872
-0.163994633799
0.382638351454
0.581490235183
-0.286194755761
0.710920986235
-0.566083588245
0.197161134054
-1.39613669982
0.074544870306
0.554749333528
-0.374605444117
0.431400400725
0.921812736083
-0.300278616265
-1.53661547424
-1.57660165919
-0.158016127184
2.344572628
0.168759082503
0.756978970214
-0.806957883602
-0.39002249039
0.704929265087
0.548721363324
-0.0207790767906
0.193101443475
2.66404025263
0.133052172431
0.185987485222
2.01892457945
2.57126013602
2.88308108308
-1.01496587274
-0.482597473293
-2.06244916212
0.4689440406
0.344919627431
-0.460673937471
-0.168376965433
-1.28778646672
0.0664532680787
-0.156723356147
-0.444594663932
-0.971935745595
-1.46140432738
1.90413285472
0.589781430028
0.672496602625
0.595691545635
1.03473673017
0.109035316987
0.168327837857
-0.414308866578
1.02426502702
0.305427579517
-0.282295271032
-0.620755332777
-0.989304298489
-0.539965064757
0.430935271546
0.0661818440929
1.4448577782
-1.45941510654
1.3380106884
-0.769780005634
1.40692426579
0.430140778996
-0.610809952346
1.19785472248
0.672945351938
1.46885738649
-1.77963093965
0.810398463119
-0.931570488594
0.936556842077
-0.592416152881
0.0722554102029
-1.53120004965
-0.885520630793
0.83832927779
0.0597820420289
-0.135880319019
-1.30022293137
0.558742957375
-0.496269447775
-0.954056004263
-0.0769938066447
-0.353727203066
-0.500398901034
0.296442893832
-0.49566010209
0.0137950739893
0.00229908946286
2.27473715607
-0.6890708257
0.120746095934
-0.0417049708265
0.221204934
0.0791146309921
-1.11605972532
0.0107095425348
-1.56669161625
-1.16703249356
-2.66979124741
-0.647255523484
-0.647114855268
1.15769307977
0.195973190128
-0.237921621112
0.802399765635
0.383578938241
0.919846968825
1.52468015071
-0.148184921646
-1.47797580189
-0.41510878273
0.264014750259
0.0211014611625
0.0707807132249
0.263766837878
-0.196504466245
-1.02640777823
-0.0750950531231
0.64790125827
-1.40187295889
1.31543042216
2.37812527476
1.92333000248
-0.0610653560388
-0.336615975975
-0.314670486869
-1.22355393445
0.356391681805
-0.18217669442
-1.39833003974
Score: 10