3
44
10
3
-0.0230964650612
-0.329265372969
-0.275097162039
0.468872432111
-0.205913752903
0.761087547952
-1.33757260588
-0.0133880377268
-0.167717522092
-0.479305692454
1.36394080784
-0.328608000752
2.03593895477
-1.62723375248
-0.52423005039
-1.03862625005
0.681379273658
0.000170122947608
-0.792601962827
-0.393802426399
-0.771887901661
1.35111242942
2.46497823749
-1.34672402823
-1.76016177713
-0.227447550419
0.548844757531
-2.44166260559
2.26754612224
2.43623878453
-1.75814330852
-0.249587175385
1.32061392511
-2.56610178686
0.194557185847
-0.676066771224
-0.892064772358
-0.656400876114
0.0714876470212
0.184464700089
-2.28016811964
-0.390008707123
0.126526388708
-1.09237127764
0.0246300690413
0.0373284781364
1.17319708165
1.1814389893
-1.01965491572
0.079010841625
0.975331154557
-0.273261198577
-0.179501949088
0.782738069311
0.530329152573
1.12426547023
-0.182740405599
-0.859682755221
-1.1645710392
1.42132935742
-1.37140182985
-0.826293017027
0.0270058578407
-0.548734076797
0.314579895753
0.851512344134
-0.200689517871
0.0369437410881
-0.344591737313
-0.341889372142
-0.969788049029
1.32675105311
-0.365742298553
0.161378209805
-0.458327011562
0.425903920355
-0.14370856118
-0.283547529581
0.928702386638
0.196729604432
0.00336381619244
0.299297283061
1.38150036871
-0.308015128715
-0.920587140532
1.74957383219
0.277616518005
-1.68064614207
1.209063159
0.753487473312
1.2415390822
1.93119955587
0.0103548118099
0.746995485514
1.23664070462
-0.768333515709
0.743377681252
1.41869767194
0.885376695705
-1.04533134209
0.424321630254
-0.487755030965
1.04713680816
1.83720275771
0.805908552498
1.24995832202
1.03511849763
-1.25551212505
-1.9055279165
-1.30335472454
-0.396366513771
0.886321467494
0.851113618006
1.30924097804
0.0278396957387
1.49392504984
0.200241271469
0.280362587958
0.199129736016
1.67532057877
-0.22830441746
-0.998769978105
0.841871386983
-0.241102336566
-0.240425921022
-0.169915619841
-2.44086225784
-0.278317830066
-1.42717916826
-1.07828758043
-0.416030470482
-0.219557740847
1.17950369413
0.920027156592
-0.290203436692
-1.43942774075
0.662770464397
-0.462215030763
-0.196343381765
-1.22250204953
0.0631698348531
0.0911640213827
1.26159788294
1.16489151312
-1.37291739873
1.85051771696
0.230517656416
2.17413012355
-0.920502448554
-0.714597154092
0.487407077783
-0.95494214889
0.469855724793
0.177128002386
1.28504454201
-1.18581960836
0.131822840435
-0.515523996198
-0.8671716989
0.0439155064375
-0.446313608424
0.941384485045
-1.36666846024
-0.00959128347689
-0.347433472363
-0.444511078968
0.599725201531
0.608040147547
-1.83643954751
-0.806449502893
0.443743842384
1.41436425825
-0.33818732296
0.274446061677
0.0228123310743
-1.88230817777
-1.61703228292
-0.557542054377
1.13310154816
-0.671024962586
0.841007685511
-0.378616905196
1.02646463032
-1.69074086254
-0.335014165832
2.27662970601
0.272826122892
0.0649393454665
-0.962992539726
0.51660259314
-0.209384940091
-1.25698749294
0.617474408466
1.03183500655
1.55546023174
0.502889791757
0.909440165104
0.977742854688
0.221993815185
-1.89268896889
-0.500732887489
1.68383838112
0.847392487996
1.69562720716
-1.30022441813
0.150657850941
-1.16992825157
2.22029015202
1.81971893402
0.988396226117
0.382725694366
-1.12098948437
0.102615811728
0.380167011167
-0.255179560206
-1.17656750791
-0.298665569751
-0.831143934307
1.37030913223
-1.42159006185
-1.19454318858
-2.66630729465
0.503144808545
0.291348550458
-0.156341095152
1.97563601141
-0.558308591295
-0.23183313608
-0.99421168635
0.476134267502
1.33180274151
0.341120176162
-0.306900743051
0.158680152658
-0.307599171481
-0.346130061514
-0.520627315192
-0.412204151006
0.149201060535
-0.227244778434
1.82958103491
-1.64465102268
0.754692814504
-0.870092108138
-0.588463562473
1.35909890153
-1.19629224246
-0.382873064585
0.109497719059
1.53584120419
3.11771979865
-0.747950462276
1.09544520513
-0.753933052016
1.27616812146
0.911619284391
0.493391241357
-0.499745455811
-0.167636215924
-1.15585440168
0.582148836311
0.560965565647
-0.907599620359
1.91126813683
2.08737928523
-0.691015016365
-0.867009390182
-0.161084579274
0.0494523682136
-1.98685717496
0.91171264696
0.975312567595
-0.552073160511
-0.775210337238
0.562408116494
-0.0941461557698
-0.630455908599
-0.204914736811
-1.62213726397
0.452485223302
0.215462946562
2.25692559578
-1.01210779525
0.452874703904
-0.761268763132
0.480428876492
0.0729688257027
1.52359213795
0.432225824755
2.58136001215
0.754312394172
-1.01048784813
-1.08045439587
-0.0807652388364
-0.487212809316
0.581627348276
1.64936237502
-0.572442102465
-1.25628461687
-0.788031490947
0.190185866589
0.924846317307
-0.418834572129
-0.581452792506
-0.874543317226
0.885452582828
-1.12789645396
0.293831316146
0.975992594887
0.0859781038605
0.0756702209828
-2.61193650171
-0.180311622284
-0.502032363839
-0.896831645907
0.904187554622
-0.0871539738039
-0.470117491661
-0.823982723306
2.12507081951
-0.810530381386
-1.22974446837
-0.490797862618
0.725398350417
-1.85100477576
0.14806723929
-0.298024570835
-0.844315709666
1.38781946834
1.02696446001
-0.358567358379
-1.74107387005
-0.0643187040779
0.564140822751
1.20637550587
-0.586200145566
-0.502081288511
0.681251722644
-0.957274718853
-1.14780015314
-1.25130658343
0.115788759633
0.0715886749113
1.01620000045
-0.127187024838
1.87220474416
1.00263501473
0.863258686405
0.162214512885
0.915857242478
2.04878196864
0.525433461525
-1.6072550851
-0.803340079243
0.410079647953
-0.582527648614
1.53180277666
-1.18269332724
1.43494377592
-0.173775045234
2.03093576521
0.175085026124
-1.36220812066
0.130612012564
0.774191877946
0.476426916603
0.166466462322
0.459913514976
0.119663337853
0.982801856784
1.38008064072
0.284652451296
0.497220686398
-1.07288783261
0.0291665980412
1.34728123254
0.661177082708
0.280205078901
0.315849496041
-1.47280495623
1.00206095129
-0.571275809384
-0.931964793849
0.0420707018394
1.67729557334
-0.734511636823
-1.45274554783
0.408667318103
-0.831505360162
0.618564087656
-0.397815924995
0.348197889218
-1.19859813789
-0.0202537804731
-0.610548621281
0.587976715813
-1.32108947978
2.39116696093
-0.458908538982
0.464596267055
-1.63199360352
0.0358286938477
1.74443720359
-0.216066739393
0.674515549586
-0.64837348203
0.237462011487
-0.792441934946
-1.34875807222
0.545901326722
1.72264019442
0.17987666845
-0.886252519728
2.57358902957
0.311889428695
0.230834208746
-2.49689528272
0.938891811374
-1.08181448247
-1.10497389356
0.21357250662
1.84544780909
0.822019952623
1.17289574591
1.80896287299
0.586723864789
-0.942692539732
-1.34648733392
-1.28654552963
0.493693372046
2.39994506418
1.4965121365
0.130249302458
0.172778980936
-0.0441585024449
0.243829358468
2.59207550416
-0.0558661080829
-0.162328944316
0.527000053345
-0.626622659835
-0.22982772372
1.74678489095
0.109393036583
0.748916521798
-0.409245800648
-1.10010099979
0.639777008832
0.0592378825463
-0.772178489998
0.45191816976
-0.554726788812
-0.598746735063
0.693980082693
0.089586743456
0.0795206208497
0.828696441677
1.17112977376
1.00367420884
-0.363776944905
0.665841467106
-0.458996551377
1.80327500971
0.710894436131
1.18443716008
0.392199736855
1.40886143841
0.590983892218
-0.552626837851
0.527971132913
1.51043063385
-0.393084532374
0.638221224881
-1.00077596224
0.441745794976
0.827520909443
-0.0250442787299
-0.392494324163
0.433698924436
0.375774257462
1.92923477324
-1.02221787564
-0.0675287722559
Score: 1