3
44
10
3
-0.0518206100288
1.60913132429
-0.416860798098
-0.998052965447
-0.527915228219
-1.69034738086
0.0249613335079
0.506496687064
1.51551641168
1.43947564752
-0.860462959663
0.865581806603
-0.0656181892952
-0.85476007641
-1.76190857988
-0.0165466710741
-0.315364381612
0.0458861484506
-0.866641942053
0.892236544012
-0.225868521299
0.766014778762
0.355964942637
-1.09940952277
0.221968821998
-0.438375155018
0.380038208937
1.23206194552
0.922859128944
0.875923662695
-1.7407145651
0.375718589252
-0.577063464948
-1.96966234637
1.2694404204
-0.3545854208
0.217114829209
0.613051626046
-1.27217463027
-2.34548449806
-0.840460412294
-1.54449903329
0.0574120858483
-0.019051399766
-1.34654567772
0.476552373619
-0.933513477951
-0.836494405993
2.45536170958
-0.865484388038
0.601948202361
0.285727541782
0.271736789772
0.977358089015
-0.947849751765
-0.0721234670415
0.947483687973
0.086952508809
1.47991502955
0.376520765633
0.898082922464
-0.780158697033
0.702206374549
-1.16773538862
1.23921087269
0.492839628441
-0.166499860526
-0.724496876047
0.395199121721
-0.256212164267
1.04059724716
-1.49783018992
-1.44544243802
-1.35489088177
-0.394347774091
1.86389975566
-0.364520500468
0.0528487304215
0.287857713111
-0.179185867643
-0.628650082443
-0.545295529941
0.766249876017
-0.0859370108855
0.0108341240761
0.0954947332496
-0.795838971081
0.68595532664
-1.01847740218
-1.7066111473
-0.0985790533179
-0.690513205781
-0.0623060786769
2.12411405301
0.326845205861
-0.851136034944
0.478061804141
1.53800054176
-0.189565626044
-0.0333946920252
-0.299933729059
1.36037671823
-0.373990038107
-1.15585409931
-0.832020715851
0.0701173319385
-0.241886683307
-0.382101214848
0.930284550756
1.22547568548
-1.3473442642
-2.66375672872
0.269996463901
-1.18082885336
1.84546088071
0.607599895807
-1.59942616914
-0.795054432951
1.08099747728
-0.117612880107
0.494326267032
-0.785115673481
-1.83705919429
1.21079901547
0.401450591468
-0.255584973819
0.469381640751
-0.649799760457
-0.866679567
1.60182625703
1.48181121166
-1.24031890617
1.90472162907
-0.842247929849
-0.400724213337
1.48889948803
1.29882937774
-0.622988889783
-1.53531990529
0.931376076603
-0.87009956049
0.147181202296
0.899381781387
-0.385895206884
-1.47048840727
-0.887135395528
0.837476632633
-1.6807768121
0.849447448581
1.48173774248
0.664173863586
-0.501915429477
-0.981418970837
2.81240436086
-0.155126627926
1.1486969491
-1.69844568492
-2.37123937328
-1.32368020109
0.209304920982
0.707054118273
0.605668497458
-0.91250619624
-0.251059144124
0.581737753027
0.156940022892
0.677067480376
-1.15109411881
-0.214464234762
-2.12933148352
-1.90606276407
-0.956515173299
-0.506787904098
-0.0738928824213
-1.10517227004
0.00286098477592
-1.22272092604
0.150112891717
1.93193050538
-2.63378252693
-0.667055737656
-0.0836856313346
-0.309429994493
0.824607962764
-0.127777319443
1.41533528095
-0.369939256076
0.139286565637
1.26403232938
-0.648655989124
0.511440080744
0.253215171566
1.10822126071
-1.10014708596
-0.305778712538
1.29831967922
1.14366119092
-0.514137530835
-2.10448694785
1.36594246521
-1.02319608165
-0.077638716454
0.0135268599796
-0.896871136194
0.0310361497656
-0.562926379162
0.589777573767
1.24985879317
-0.0373516569579
0.580983432755
0.652967041894
-0.655315266103
0.208180329841
-0.990816717092
-1.31472715467
1.52872410151
-0.669602634899
1.01676171131
0.203396775761
-1.20019196533
0.178753558085
0.642847920025
0.271126454732
0.635737819144
1.07386719415
0.446086355409
-0.256228232047
-0.998408764832
0.148256398533
0.425588563425
-0.877904667806
-0.228445784836
-0.385262029481
2.13947817491
1.28767888146
-1.03166385017
-0.728724067056
0.315942373684
0.262154172108
-0.405703059911
1.5165539027
-3.11605956488
0.464301259313
1.36000370532
-1.65643949428
0.575661104055
-1.07465364731
-0.226916812717
-1.62100647042
-1.21772737433
0.0210668204109
-0.368743295729
0.739313098466
0.255396908871
0.571707947515
1.03014659174
0.408847530308
-0.488814279884
-0.711013295235
-2.35598689287
1.26894514407
-0.463029709129
0.550127188458
2.63484323458
1.04646404127
0.399356502778
-0.386912297693
0.0512548659831
0.288104758141
-1.65555758952
-0.0527189708789
0.866203404979
-0.682127558348
0.19460570399
-0.895614828477
1.02919698082
0.60551550921
-0.781841181807
0.934767914837
0.0208152514476
1.39096423636
0.457746090744
0.248857195341
1.24500572451
1.02794540166
0.149252060353
0.22491399316
0.0721457111832
-2.07393247225
0.213100663214
0.911895643763
2.05992158214
0.622775294872
-1.22021416302
-2.27405064542
-0.553137762421
-0.505535733095
-0.346927509718
-0.670272401262
1.00642314844
-2.33917388063
0.866662354466
0.537913949936
0.762260874405
0.294533756365
0.437813270507
-0.243243603454
-0.864997324641
0.218874450693
0.974020052511
1.46372430218
0.831955018887
1.20102062443
-0.19274905502
0.213271436418
-1.07616832896
0.223909826707
-0.445695682757
1.06725911096
1.297283021
0.480060790584
-0.438114023169
-0.416394250923
-1.49849277253
1.09786053126
0.605574948324
0.239427665653
-0.291922700473
1.19176465249
0.911981597125
1.41664999059
0.386241001811
-1.36061511505
-1.40394554706
-1.08912647071
-0.176342884607
-1.37454490416
-0.513591706342
1.0926106571
-0.853071846326
-0.153351262756
1.45141846436
-0.784363307658
-0.832677921844
-0.65287447831
0.323158173552
-0.663888510558
-0.0713582194052
-0.103960146905
0.163102585026
0.413516344087
-0.49119249488
0.701933898469
-0.597875338433
-0.118505533861
-1.48550420768
-0.166610442499
0.706921317421
-0.409895524806
0.174159980649
0.986457014823
-0.0048288972225
-1.60701767146
-1.42188432636
-0.352686800746
2.33693711146
0.0598833883564
0.534181307361
-0.743083315481
-0.56483593984
1.04778162573
0.522612854793
-0.0453520226748
0.212525060701
2.43450363728
0.346627130185
0.0355311160713
1.98430867639
2.4895724033
3.0037439922
-1.24128717235
-0.214962741607
-1.85721478579
0.439014882039
0.0949675300131
-0.570549186469
-0.229224237974
-1.26710434756
-0.00759036153412
0.0809374574152
-0.232405137212
-1.0386331777
-1.38978414158
1.840034033
0.368692456405
0.504274719056
0.280151148949
1.11804209353
0.0479655901855
0.221735912018
-0.244078345185
0.782362679449
0.450900973504
-0.324649409224
-0.344524667456
-0.773186199046
-0.232767520739
0.412254165679
-0.0326660705788
1.26471266884
-1.59023374439
1.47275147696
-0.830688610534
1.70031727898
0.378198041103
-0.688738031939
1.40727802638
0.847198913666
1.29851198304
-1.82103545804
0.672279845588
-0.981985966172
1.15032085104
-0.546640708784
0.12275632507
-1.66742669974
-0.717506507622
0.846486065447
-0.0181979282914
0.113657082052
-1.34043058253
0.564533699804
-0.51143349957
-1.08721060971
-0.0942022845292
-0.240247398487
-0.403077899948
0.361630524477
-0.658856299066
-0.119067051122
-0.0735266093659
2.28179095677
-0.76921960059
0.103587960657
-0.242190497588
0.346803225894
0.126001232976
-1.31278268202
-0.266999203781
-1.60089103538
-1.43372683462
-2.74171524878
-0.718004360221
-0.643686095244
0.97812881556
0.279566599008
-0.134545798399
0.782849514764
0.298636320476
0.845123224389
1.36546611815
-0.193093363108
-1.31895397165
-0.340103500515
0.164576182236
-0.0116184390519
0.0847937297676
0.435253887621
-0.311891609803
-0.87249358494
-0.285630021527
0.744155343143
-1.26435876269
1.43015985427
2.67128731179
2.08970177315
-0.0801106274458
-0.599407887566
-0.308354113004
-0.918817679742
0.409141146803
-0.303561272782
-1.36394569896
Score: 10