3
44
10
3
0.456227397416
1.35583711016
0.205961644633
0.248093146105
0.779287013733
-0.553654924441
0.743955056066
-0.490624805452
0.239660001913
1.31595390506
-0.126774259509
-0.214455524219
0.721594524373
0.0827918794078
-1.34149195086
0.655641763531
0.930400312219
1.15695505092
-1.63334658846
0.136593879881
1.55550399693
-0.712266897818
-0.144038594943
-0.420010313325
-0.524927111287
0.947630755827
0.842627678218
-0.14917843167
0.892241832607
-1.1358042036
0.0628151545943
0.0188735024998
-0.598419318307
-0.853913809913
0.208022350833
0.634425985284
1.01148216931
0.840482439724
2.28978205955
0.387164440089
0.265374599329
-0.632417462147
0.446578586939
-0.241499049687
0.0927548522706
0.931472058398
-0.405656306199
0.403155548098
1.00950608931
1.43405979266
1.00155905346
1.40407810025
-0.866575901703
1.14505175364
-0.312472578277
-0.179146089793
-2.16095276281
-0.776208516922
0.53228531633
-0.315410753767
0.94905175365
-0.114230372944
-1.57623863725
-0.781663895106
1.57710527689
-0.0837667169578
0.603177706404
-0.659371182529
-0.339043781919
-0.797972690784
0.923311066453
-0.42339918664
0.152085500177
-0.271721927849
0.176663279234
0.602274651099
0.665347280445
-0.261886226907
1.07558407892
-0.000219967456679
-0.452343808541
-0.881957679488
-0.0527884373272
-0.791588329598
0.749586355439
-1.283854923
-1.66216622173
-1.5221483805
-0.902793741838
0.175808968726
-0.50736809023
1.72604096394
0.360263200109
-0.0964001358543
-0.0899072939931
0.950353094991
-1.15707493783
0.551217418281
-0.55601088736
-0.161150340531
1.13509571764
0.079945496279
-0.974558899727
0.931615729609
0.623656811411
-1.35071261704
0.275566880142
1.32837929756
-2.76788750033
-1.69873974378
1.32730485841
-1.52623052139
0.449193001822
0.357776700742
1.05600140652
2.43461052723
0.461868896008
-1.34884726794
-0.232767533153
-0.915444802504
-1.00135923997
-0.959222078587
1.23254371911
0.922871385522
1.54489528923
-0.111247706608
-0.308257271794
0.393292951742
-1.15897758347
0.910519045908
0.28284579587
-0.22305792352
0.996957264848
0.509349705203
-0.107177179728
0.390437734881
1.88406944672
-1.19313000689
-0.617758661574
-1.63765782416
1.5665227321
-1.25917922662
-1.56376175486
0.323357634768
0.889163099784
0.692963341146
-1.46965238013
0.263631361281
0.75323725193
0.592994218618
-0.860249603096
0.303527942443
-0.268762232586
0.502233285106
0.866417307037
1.32832650923
0.528133545162
-0.429616072811
1.12566630215
0.56250663814
0.631038446109
0.72868882342
-0.56336585359
-0.305510771115
0.779324929345
-0.85757798455
-1.04600887343
2.07051673893
0.345663581331
0.75016237635
-0.875015195085
-1.21703563156
-0.639230421564
-0.347183234867
1.74047856217
-0.404499631749
-1.46735479596
-0.299690203004
0.184634190331
1.22179844214
0.569732605619
0.730033373484
-1.99748409647
0.810228228787
0.321267323866
-0.866063918558
1.03224914305
1.42905107918
1.00662903435
1.90107986006
-1.3752631254
-1.63305522668
1.81616461351
1.21174083095
0.519791834139
0.166524623663
-0.397942440143
0.952997351012
0.806927164573
1.10629431647
1.06306916256
1.09052935754
0.0147955279019
-0.383653767929
-0.00535309789468
-1.21194886759
-0.380544116979
-0.274385583969
-0.164856083284
-0.413181334857
0.183440531762
-0.745805746237
-0.820948284301
-0.695636870621
0.42001226259
1.01999496876
1.25641933418
0.847902338222
-0.143165377488
0.724059011947
-1.43774701903
-1.61683802529
0.209194243888
0.979436147078
0.350882532602
0.201048254484
0.462854740366
-0.0886278205505
-0.856386001756
0.38301006011
-0.531577716314
0.56610776341
1.64259352965
-0.714089818564
-1.49460655315
0.0521716194158
-1.05658709477
-0.306430967439
-0.248331127936
0.843766551829
-1.95446616886
0.762788348533
-0.970449244815
1.27292670798
-1.28372567716
1.1333211056
0.264514099378
-0.213734006788
-1.48757401743
0.913218669444
2.74298738839
0.365064027029
-0.637742380096
-0.815916971559
-0.75610007667
-0.586621241659
0.987958860008
0.840526281594
-0.611964357484
2.40401604363
-0.455172073858
0.934795799866
0.111207279397
1.35844247541
0.791352628977
0.694924254037
0.404447036767
-0.807241480057
0.0451251425489
-0.360317699819
0.431094481917
-0.0993139004023
0.251052785684
1.7725046458
0.448308155976
-1.6814624574
-0.102693421617
1.37844859775
-0.626676585
0.0932432124651
0.233776542316
0.949294496139
-2.14764097095
-0.671449073183
1.26879418076
-0.545351291419
1.45624232655
0.633771079869
0.525749124583
-0.612365473652
1.17443430156
-1.27645197269
-0.809312910878
-1.32330772963
-0.78144559824
0.836989338705
2.4563629497
0.628527031421
-0.896404142708
-0.599184602035
-0.680355245712
1.08341717126
0.27110843145
-0.309835329976
0.516070324179
0.032466582143
-0.263406856557
-0.415141696264
1.88070702414
0.756136956241
2.14473478731
0.445573241956
0.0217857691132
1.45600007994
0.605672764935
-1.17568535726
-0.305363021269
-0.812527033289
0.307143932789
-0.588633811461
-1.4015019906
0.148408387606
0.307504299757
0.168129767192
-0.0052398959452
0.570060854656
-0.274807301421
-0.00136019753364
0.433471619142
0.735407748049
0.541249833458
0.499184517392
-0.834306136035
0.316152489912
0.642528549826
0.395469213771
-0.532285478579
-0.429228666214
1.70276381457
-0.885771173693
-1.68086445337
-1.25663237792
0.392897275025
0.0559581317185
0.668063228889
-1.2464849821
-0.571391192707
-0.173129261725
-0.326781006432
0.791791968878
0.953151920182
0.593173793411
-0.852882023377
-1.38970743053
-1.09651128368
-0.918424912548
0.583987520681
-1.62040635835
0.733818859101
0.149821558789
0.0832862826505
0.592395503833
-0.24691578006
-0.256602745434
1.95334378721
-0.266415366481
-0.0463024051847
0.515030393241
-0.511709067081
-0.536674397947
0.686096040074
-1.95284765499
0.666382873147
-1.72347563936
-0.837638677572
-2.26719250466
0.756023869227
-0.0514996456416
-0.919407051043
-0.796847412634
0.503624046591
0.276116343404
0.952262044462
-0.203115541088
-0.344658614685
-0.743206094917
-0.926429507138
-1.24796208861
1.37365019676
-0.159883426865
0.890301789874
-0.554840688674
0.683138055651
0.764686607826
-0.37446603288
-0.229323823371
-0.529397024852
-0.40586308599
-1.07802993096
0.559541028866
0.043233107023
2.60542914516
-1.17603978588
-0.870402795181
-0.400748107523
0.86856829527
-0.947871523486
-1.83834557233
-0.515832579466
-0.59497913701
0.619107567565
1.60446128702
-1.35264202903
-0.728650428201
1.60200241677
-0.207035043806
0.3066488207
-0.86848733992
0.0877025839366
-0.256694070108
0.322034296258
1.44981268469
-0.190334925292
0.938630774682
0.33719116129
1.16417495129
-0.44041916314
-0.563069643943
-1.31162577985
0.255430928367
1.02952936698
0.14262959512
-0.614660690966
1.25383555824
-0.158285470721
-0.612235651495
1.48816687202
1.02491341514
-1.2930801776
-0.56430938635
0.126457839722
-2.76504324629
-1.04790909889
-0.0799996188361
-0.538930848347
-0.0858363786498
-1.16798174076
-0.999480544098
0.476226123426
0.354980531538
-0.56809292493
-0.830250365405
0.572581570213
-0.182870388258
0.479308910753
-0.210189645215
0.098940970142
0.707628465385
-0.419129414387
-1.67646568986
1.05599835958
-0.644555697073
0.139580977688
-0.620426209745
1.2815399033
-0.397535030588
-0.0542002603385
-0.123989229979
-0.0243470234958
-0.109626542311
-0.169335125821
0.974441125297
-1.32795919374
0.257158805528
0.810416457073
-0.699319039797
1.26380617929
0.591611660622
-0.0268797882402
-0.253559410006
-0.0751879348412
-3.07110652432
-0.38396335292
Score: 10