3
44
10
3
-1.36350182829
-0.171652528187
-0.841323614506
1.21617527965
0.665357668685
1.30215942698
-1.81340636366
-1.57077202701
0.595376879312
-1.21069328226
-0.46581002752
-0.186208115271
0.110886922943
0.227364988629
-0.397697935629
-0.209245741149
-2.15188390602
-0.167994260862
-1.1961783921
0.721640043994
0.530189128036
0.0700876426572
-0.886772547181
1.3167002142
0.864060757114
-0.0742978022762
0.111111536181
-1.74584926103
-2.24883179643
0.527862994664
-1.32861847762
0.428147230858
3.15882267243
1.28747404801
-0.811707861974
-0.0522190271374
0.594674995406
-0.752714275162
1.34839214585
0.605920554273
0.806355122748
-1.0937358632
-0.257948709008
-0.816974101984
-0.615908597559
0.42429013229
-0.142955130706
0.0546711725557
0.359536704527
0.0971507111511
-0.223442141592
-0.41391317166
-0.638663206591
-1.43447995664
-0.852178109603
-1.71066923615
0.183322137567
0.998274821469
-1.13097775126
-0.926274907132
1.17061013865
-0.169305475405
-0.53173613069
1.43947230106
-0.105033827668
-0.0867193952045
0.0848832156685
-0.482587196334
1.135119263
1.08172200166
-1.43919934229
-0.798088693713
0.573682408334
0.109265437715
-0.669225701601
1.31098076715
1.29461137906
0.37000486447
0.363652649321
-0.776278571374
0.836979623826
0.767477700716
2.6507141241
0.140624004691
-0.0085080567517
-0.00388637548202
2.36469770787
-1.74434580692
0.326324661088
-1.15032001277
-0.12371384149
0.386415213041
-1.72648570108
-1.71099227259
0.278130607413
-0.998954381617
-0.470712571896
1.13743857644
0.0162762982618
-0.0663989819715
-0.380674382754
-1.02647484436
-1.30142300764
-0.36619205723
-0.261662402196
-0.294179310596
-1.84554427234
-0.0498170041801
0.208919775607
0.843141953777
-0.444223546135
-0.279327832356
0.430437410137
-0.47813848655
-1.2801210703
1.85930607683
-0.198480956483
-0.825149359327
0.219415252471
-0.617186386745
0.21056975449
-1.78040556146
0.180325564896
-0.475170729344
-0.268436604153
-1.27606426332
-1.96265581203
-0.208325851949
-0.712109002375
-0.341182637327
0.300333682849
1.28139308974
0.914614207166
-0.919171608601
-0.757567829761
1.39950504925
0.53946007745
0.899958279663
0.65679920471
0.00678177582069
-1.9127771327
-0.00553180220189
0.669205717549
-0.0352935258877
-0.122118494158
0.244311126617
-0.950007752324
-0.168597467443
0.0415876359332
0.420729028126
0.170926352418
-0.195196682563
-0.736919662442
-0.436608285435
1.95858937182
-0.741892865626
-0.317338920024
0.832385482878
0.000188899028391
-0.782597216418
0.417881143181
-1.17691957961
-0.583302207218
1.23586679429
-0.772386277759
0.509525315003
1.45973879178
-0.0351558851337
0.776768805673
-0.60626243125
1.2937809874
0.475944787609
-0.49319806075
-2.11532241318
-2.38936207542
0.075142842272
-0.273134417581
-0.373259806312
0.763579012347
0.185669355162
0.562716372246
-0.0241257266709
1.0819249786
0.413736545626
-0.445740341227
0.0256327742509
1.88041943695
0.3470566308
-0.938796282636
-2.26339717621
-0.291392554762
0.0284069993867
-2.82635138737
-0.205255327095
-0.156151629214
-1.04696861023
-0.029534904473
-0.104885497377
-0.129728116694
-0.941035157345
-0.275264540891
-0.154317513169
-0.854344985313
1.25576214958
-1.46235680515
0.203336813836
-0.727026662937
0.360577694965
0.607882136028
-0.413632364405
-0.836941872194
1.12232192941
1.77570943483
1.79913306893
0.0807726488379
0.50968671972
-0.599887630642
0.177040514034
0.158560479566
1.17937206101
0.720372098403
-1.04479925416
-1.10846177595
-1.24811941533
-0.280572756513
0.431442679302
1.4674688791
-1.86227776888
0.248586461703
0.173906075975
0.387380927453
0.32194073875
-0.809640496503
0.112844669059
0.52244211744
-0.432250825962
-0.0995450840762
1.4939098203
-0.226554780331
0.977657682905
-0.27378531005
-0.291492396059
1.02309290812
0.122723139745
0.713934341765
-2.2280561406
1.3315741607
-1.04419518738
1.03559462481
-0.322263862225
0.815198509705
-0.556701348425
1.26364236278
-0.171072867132
0.594062587238
0.289239855308
-0.849226383413
-2.1272073006
-0.0177733592578
2.04436242625
0.554220849563
-0.230781536082
-0.0449363477218
-0.122771027259
-1.1977678635
-0.949037784257
-1.72401908514
-1.54495960583
0.263600469851
-0.194653782238
1.37148514608
2.08127167571
0.698522877295
1.13412981747
-0.161091806056
-1.00882251351
-1.03278974352
-0.077257734545
-0.0865936806394
0.191670528241
0.62939831418
0.160153618079
-0.512063837675
-0.956237377283
0.108108851391
0.982725670975
0.0522180143294
-0.910285654756
0.795135480229
-0.488832247091
-0.697106456654
0.0525793825885
-0.668210371209
1.83705854823
0.127211699247
0.480559935048
0.781603393857
0.50491724588
0.74454804092
-0.194902145872
-0.380488618429
1.76927901977
0.882631553555
0.368654936668
-0.0932419762641
0.719873104446
1.18465798973
-0.663774281558
-0.54720935952
1.00015270356
-0.0419856072589
1.40610935688
0.998328650806
-0.171472196399
0.744128927526
1.53136301323
-0.246250026728
1.04097230283
0.272238425342
1.96853426895
0.413296450043
-0.867232906532
1.48678035574
-0.0816955546549
-1.03991979736
-0.932517071412
1.87718486387
1.07657769423
-0.489881243807
-0.0786131339911
0.495968531549
-0.109872232672
-2.22503499928
-0.0256362748013
-0.463064085342
-1.46826666638
-0.763225982806
2.06801227297
-1.29105097441
0.360853446327
-0.772192295275
0.0372806274507
-0.507225167979
0.514701911517
0.156654971098
-0.808634557773
-0.534557993909
0.597640623095
0.274861898714
0.318775757921
-0.409068212704
1.74169941863
-0.184171180606
-0.504926868589
-0.37630999507
-1.32445677849
-0.277999782112
-0.0981642779937
-0.347865569871
1.79434917129
0.0818111819882
-2.31804820205
0.697801575358
-0.641868204041
0.0151486885403
-0.749221591208
1.56158161528
0.253090420986
0.050228497475
-1.36398895707
-0.411470086637
-1.3679125764
-1.1001924597
-1.55699379448
0.231893396118
-0.374778858084
-0.205287045863
0.668785920641
1.77664089422
0.521343199836
-1.74072246629
2.38186646585
-1.34587619776
1.04309488682
2.20036490716
1.31402041535
0.479046022111
2.30104335884
1.13703347576
0.0754594163217
0.388481743908
0.300838429605
-0.812254915275
0.642169233875
-0.686794242991
-1.56491741107
0.055664458531
0.866836667598
-0.92858837785
-1.21986081847
2.35917605791
-0.703047828563
-1.2969205413
-0.641930406714
0.440041060083
0.339203605285
-0.0784218857419
1.17662783904
-0.421375604158
0.521327934755
0.539658223482
0.731499371959
0.381195914538
2.24176568906
-1.50430994309
0.453584756319
-0.482055873249
-1.44056132153
0.467497075412
0.096784301414
-0.371534581677
-1.49569124533
1.74021868648
-0.155918745816
1.4853245813
0.329879421833
-1.24146706183
-0.967490972936
0.969699254087
0.842062242879
-0.532744801004
-0.175892623417
-1.01232354913
1.01451541335
-2.24501173328
0.409513700102
-1.28818264729
0.906468459398
0.270238331964
1.62831071301
-0.693975706196
1.1162176328
-0.12216031639
-0.845250782845
-0.0129462376893
-2.01002763773
1.28033724891
0.417173755591
0.290748464282
-0.354580195455
-0.819115163006
-0.803002572788
-0.537074529759
-0.0126718040676
0.474604725654
0.428760052506
-0.698679158364
0.933096695049
-0.930009645113
-0.11108580986
-1.68220788356
-0.391473919314
-1.40220028018
0.424033059434
2.22002882482
2.28453342912
-0.693220818875
0.454425771066
-1.52808757772
0.322339703683
2.29939854716
0.942693797339
0.507428943146
-1.98236526257
-1.06064144375
0.268079333564
-2.33683864653
1.44984149229
-1.91157623982
-0.547840269975
0.427199362618
0.529739407765
-1.85220554038
Score: 1