3
44
10
3
0.541103899542
-1.20349233931
0.153111021392
-1.4540417834
-1.15618609424
0.325253431599
-0.145769212042
1.71129206236
0.809895460202
-1.07199982172
-0.705683926413
0.385925921455
-1.11649434764
1.89438558914
-0.896246817379
0.104524757746
-1.900585026
-0.242099075074
1.18390978851
0.555163795983
-0.492476069454
-0.568847049215
0.670018074186
0.975385811796
-0.708768000562
1.33157131312
-0.2529208573
1.76452851481
-0.960796213717
0.412955587389
-0.336222090671
-0.987069824134
-3.92107739988
0.419864656356
1.71181152463
0.267124388348
-1.65605950813
-1.08680616704
-0.858367206639
0.352795973018
-0.356721439316
1.33403089389
0.594218647825
0.558764122308
1.36895684472
-0.270199436093
1.48304715374
0.951525432112
-0.0917404472822
-0.266735512801
2.16240536963
-1.04323900686
0.347741918403
1.49160097241
0.229598174177
0.644372692927
1.54657631342
0.214093437643
0.054642875627
0.272757780704
1.22165376698
-0.471242908017
-1.53047698167
-1.13250022861
-1.14728612646
0.370736741514
-1.27656918871
-1.53285746722
0.595506413833
-0.619207492361
-0.972135936511
-0.112541286331
-0.950484275553
-0.773334293227
1.66721432966
0.246098611007
0.387934459227
-0.584609250809
0.62554156193
0.222463206822
0.0830022520231
0.397756793524
1.54053993427
-0.278747436313
0.632321433135
1.27763028784
0.266186288965
-0.349663612501
1.01730779295
0.675581846495
-0.819754819696
-1.12136698669
-1.01633752356
2.45362878763
0.0184953733394
0.606382031933
0.626471333154
-1.1410648331
-0.697675752501
-0.182366130966
-0.812170223513
2.66537957176
-0.406788817657
0.903157389748
-0.465366750726
-0.0503022939107
0.00732319099717
-0.437148221066
-1.79921375693
-1.26664015756
1.04645085823
-2.9522932397
0.92139399857
0.351857062814
0.842991127758
-0.451857908362
-0.196180892436
0.348739039226
-0.565836752204
-1.02989233667
0.885858287051
-0.464137620785
-0.0347368547363
1.01782121155
-0.86937810244
0.565454614227
-1.3030632122
0.600813114426
0.0993709840164
1.43781881017
0.960052220698
-1.9724608352
-0.434697137946
0.490100818557
-1.64946709675
-0.43331985178
0.750459433155
0.370775719395
0.910010660258
-1.53430556667
0.40145463535
0.0484124821896
-0.431560447069
-0.18397685828
0.291723599202
0.549974056798
0.970097568798
-1.43814282923
-0.941066237371
-1.51429394478
-0.0262214109608
0.818515787919
-0.895643666027
0.0971304311074
-1.86221726434
-1.50755561982
1.04930669575
2.9233853979
0.495540635825
-0.538959365306
-2.51151408288
-0.271329038148
0.404747504944
0.230077068278
-0.869117546092
0.479317233649
0.404758621071
-0.217317090982
-0.2886858358
-0.0351025579999
0.572136503648
0.113896239251
1.8931200939
0.983473583482
-1.35936974741
-0.317885698381
-1.48509025942
1.19899541902
-1.04379800363
-0.622435930955
2.3850400664
-0.369705982417
2.069705352
-0.0218911077449
0.871736676053
-1.38717071904
-0.274384747714
0.2352129653
-0.816261535235
-0.313805234675
0.517889894928
-0.0924372339224
-0.387913945186
-0.0270706653788
1.59230673238
2.17823287959
0.247654917897
0.554916670782
1.010947857
-1.26160896971
-1.21159901942
0.113375570813
-0.0243850362001
-0.409508462606
0.876713277688
1.49229013146
2.22016220722
-1.81987947574
1.52583653046
-0.941260311716
-0.617915979596
-0.851447778251
0.124938557462
-0.998777780997
-0.014179495091
0.421703832212
0.792696338567
0.969995209597
0.225680433991
-0.555324415287
-0.551927819602
-0.136029152829
-0.453543905986
-1.35545675232
1.73990880357
0.353724745825
-1.34116267055
-2.13486717609
0.219466833854
0.326001618332
1.93134858658
-0.390886075874
-0.317201835941
-0.844863123043
-0.241748970664
-1.33058124767
-1.36324709504
0.882169604316
0.568795508355
3.16417978284
-0.0400151627825
0.647576928984
1.0758570801
0.778385453871
0.303163125326
1.74060714419
0.832497646839
-0.0479492693679
-0.419916451109
0.36112249431
0.570508142325
-0.123317970105
-0.643667708552
-2.49971629606
-0.881154431424
-1.35046115516
-0.47455100713
2.77285239304
0.602897452545
-0.543068655723
1.49549116656
-0.699772165052
0.0877114577011
0.141115076752
0.0344887531844
0.0367940916846
-0.235237393915
-0.286311333933
-0.687101548182
1.53486848473
-0.655535894163
0.026709810403
0.57156798776
0.549809867851
-0.348179925025
0.0804986789325
0.397757152431
-2.8447431519
-0.844078004867
-0.15251030039
-0.0919178199534
-0.0713458158906
-1.7292474822
-0.0114903390315
-0.414545031559
-0.785164499384
-1.55833554406
-0.336223878578
0.300917827545
0.559381163205
1.21298771401
-0.458982127733
-1.28425499898
-0.823391318404
0.378016859657
0.268792543122
-1.24713559892
0.751971403456
-0.411296624993
-0.25328979339
0.700104369766
-1.02087261278
0.618484994758
-0.480469056387
-1.3157648063
0.0110278408121
2.0052533248
0.0483323796436
-0.637550471376
-1.57441358841
-0.324724975626
1.4806431169
1.10547062992
-1.66598027169
-1.2273685306
-0.869740114386
1.40825735911
0.134507558331
0.296484171474
-3.11206051054
-1.07620179376
0.856834848383
-0.0587232133684
0.867698466601
-0.254404478702
0.668288335138
0.0135918423065
-1.34521276362
-0.333152429696
-1.16564485675
-0.781428473155
-1.71068051363
-0.98363236164
-1.16239656263
-0.145729541968
-1.18534725436
0.833924994326
-1.65553669993
-0.449949830496
-0.735296304923
-2.61410326428
-0.182488340794
-2.12582526989
0.1614745596
-0.532103256847
-1.0514258382
1.02339151813
-0.190359125858
-0.748354604242
1.53906461781
-0.203591953189
0.436272803079
1.93937408488
-0.334564452358
-2.89783745381
0.549899067883
0.701705108368
0.716700460036
-0.785793253471
0.991935109653
0.814476355666
-0.51974105882
-0.397118707409
0.610193577984
0.202432112947
0.69460916907
1.64271828449
0.250155965862
1.41585576606
1.19590624819
-0.295396835093
0.561942430455
0.383559962322
-0.950643571839
0.270359422302
0.746019014631
0.618572466653
-0.462236470573
-0.17016938998
1.29817825423
-0.716422611475
0.397522788927
0.979027015722
-0.427282598122
0.354033836038
-0.627584121442
-0.42082658745
0.16705465404
-1.0315487346
0.928236297426
1.61883001952
0.705943108117
-0.36577353772
0.813291662744
-0.675334864963
0.670250216304
-1.12146468716
0.522413221028
1.39012288187
-0.619098364562
-1.7801988477
-0.0736164506287
1.81916973018
-0.396121291566
0.261559572168
0.432041021478
1.43654958836
0.437903297434
-1.20708008552
-1.47767401341
0.697707651353
1.05906084439
-0.548251633804
-0.401165082618
0.51744334625
1.15322446428
2.10675583223
0.408537663789
0.947831965889
0.116666955007
-0.85642926845
0.468770965474
0.898042291036
1.92075516101
1.64367759363
-0.190006260064
1.3036163626
-0.601450894803
0.775510506526
0.829332474069
0.545273651219
1.32126218496
-1.49378110991
0.177117857911
1.50895843504
0.042876394861
-0.939969940091
0.601485319945
1.17816193659
2.65520246067
-0.298949372808
0.474500355759
-1.21110261727
-1.11045335876
0.444869152914
-0.184910837612
-0.279997880021
0.535967654135
0.32227095864
0.588236168679
0.281981149789
-1.2100506319
1.96898418787
-0.354251481729
-0.478496229678
0.736064601475
0.99205095298
-0.0127561805889
-0.222721596161
0.640159245826
-0.759750130541
0.637658886649
0.0973168375081
0.329820022049
0.449290114801
-0.190858901538
-1.64746222453
0.744687862182
-1.89208734964
0.374323654722
-1.24303091278
-1.34042737092
1.05343903448
-0.238742921637
1.153240615
-1.24220093236
0.358286554029
0.293605538447
0.631736601236
0.411849580207
0.907393682153
0.447239254422
1.37219241998
Score: 1