3
44
10
3
0.592094392726
1.27542521925
-0.0855281432024
0.5221931135
0.799575646965
-0.678330750561
0.981410907275
-0.546839344819
0.0521608204338
1.32404538241
-0.0659877335855
-0.38426660656
0.771596823722
-0.0109533449959
-1.39444722678
0.753263969575
0.873649358977
1.17993624917
-1.57791432024
0.379398198268
1.65505757627
-0.902437247681
-0.209880455231
-0.655328622181
-0.444491370024
0.660528665727
0.842935325586
-0.264102653391
1.05788388151
-1.00956278351
0.0101797383931
0.144866430665
-0.59568857451
-1.09645891934
0.378167693113
0.535276655302
1.02023827526
0.818443536343
2.39948170997
0.159921138814
0.272347181981
-0.476761455642
0.427130735933
-0.231635537022
0.188962822151
1.0058417954
-0.65618598918
0.548600427989
0.959021657271
1.66489006548
0.982418380064
1.31390075102
-0.640345587178
1.13891606653
-0.126423698224
0.0385475201513
-2.37840034861
-0.658207486471
0.61034594602
-0.433127832636
0.928426349437
0.0537767011253
-1.47087598764
-0.803854716823
1.46226502164
-0.232157515951
0.592546996574
-0.849759933185
-0.332345536084
-0.844122828743
0.936181846781
-0.672999942934
0.240202345003
-0.125291216771
0.268992863181
0.669292056917
0.336671603009
0.030466523825
0.782892079771
0.0490228092035
-0.368402087299
-0.861228057666
0.120095606488
-0.876080879098
0.85146048338
-1.19123386262
-1.85025776774
-1.39672388044
-1.10712933968
-0.0580635024614
-0.399438313347
1.77002038791
0.42990412238
-0.111338370143
-0.0834075100319
0.93847215275
-1.03734899202
0.400027041334
-0.822869869649
-0.277370165314
0.869833220806
0.507153452915
-0.700015024178
0.910477638681
0.637412217194
-1.3618462642
0.294868937625
1.12942725017
-3.01640214483
-1.68870121153
1.10784073057
-1.38768018633
0.585144597943
0.168522386778
0.976837743047
2.45491149103
0.530523098508
-1.09187189499
-0.080231838457
-0.730030997472
-0.92403758834
-0.883828414303
1.33684249055
0.88028528915
1.42135104977
-0.198126629528
-0.282966063892
0.228969754655
-1.25667571359
0.752834187993
0.0279127611562
-0.151842756047
0.890956117724
0.617825630013
0.0061435407027
0.320283850306
1.67638915964
-1.19487847515
-0.460656509236
-1.46970363664
1.63200675728
-1.36091510066
-1.52088911099
0.301183421051
0.67990710006
0.667584835471
-1.45814382498
0.314705277935
0.737983884016
0.60481723283
-0.96345353587
0.396793617326
-0.143060305071
0.432096348656
0.835755193903
1.60305424884
0.528790070795
-0.717388867611
1.36268555128
0.632340715702
0.524999826082
0.952739943035
-0.756244841768
-0.163698692864
0.743974301393
-1.09995212847
-1.09303743159
2.18510992743
0.347524283992
0.635314820575
-0.804645632377
-1.00554360866
-0.586580806603
-0.19185149571
1.67214095596
-0.352705910691
-1.5648810078
-0.145072011237
0.0252659157254
1.26735498483
0.705643903107
0.576414557498
-1.99726776205
0.832427659878
0.412918356258
-0.857000818657
0.923659517843
1.37229049205
0.974412689696
1.706408508
-1.15681599291
-1.84143508782
1.71568493752
1.21539362209
0.899364194048
0.282806584296
-0.46043939854
1.04300409075
0.902368657513
1.1426891759
1.30046246805
1.10992145655
-0.217751453678
-0.397203513193
-0.213411935233
-0.867819439899
-0.465451381736
-0.440030919687
-0.0201102627452
-0.232222232731
0.232984354979
-0.726557405936
-0.626306248427
-0.594794968741
0.197676648726
0.780410334008
1.43852720005
0.555474934085
-0.142305829422
0.766603337484
-1.19792055349
-1.48472292129
0.159486629663
1.10291965232
0.383840429504
-0.121303302622
0.52607325129
-0.101931079348
-0.69838128876
0.530727851837
-0.526417940622
0.222095506407
1.61693125402
-0.747412034356
-1.61112920208
0.127122819567
-1.10078025443
-0.319059656858
-0.31486062064
1.02459771517
-2.10834570545
0.651861330533
-0.949606407647
1.18809926052
-1.28031066309
1.12949017709
0.11248833699
-0.509898840522
-1.66127062204
0.974034646716
2.89058312189
0.612980392485
-0.645341264269
-0.988546792873
-0.840006163803
-0.526481006828
0.942038210523
0.908389457023
-0.874758841418
2.34839112821
-0.458115102036
0.74140968197
0.0997649321598
1.43170177563
0.959139736235
0.694507282155
0.27116056601
-0.677991328271
0.262050473424
-0.239213221336
0.195270109997
-0.198416185019
0.160183827668
1.59921909497
0.325002717728
-1.74713613156
-0.0286146176538
1.13469193812
-0.606194749072
0.130132284313
0.219254584378
0.954818256955
-2.15160354436
-0.769977988724
1.52196666873
-0.945872697072
1.51699454816
0.333879894578
0.679899965994
-0.559235926863
0.948109952394
-1.25667393936
-1.07668693434
-1.24681878117
-0.900723935789
0.609418674768
2.64929457951
0.664742177179
-0.633328150127
-0.677773415459
-0.724164824192
1.09100514646
0.0856918019642
-0.200780687681
0.680248339382
-0.0822942661316
-0.332088196145
-0.424323373505
2.03150442013
0.648489653432
2.1472884712
0.236960536825
-0.0545789684257
1.32665982596
0.568696290032
-1.47929703286
-0.147112575553
-0.645476839015
0.536060319746
-0.762597060212
-1.76367324306
0.103351785644
0.153009913179
0.218794924423
-0.101609011345
0.489317984291
-0.588645240233
-0.180299244803
0.120880125846
0.668522599589
0.648062931275
0.427929945964
-0.971013224882
0.143425271323
0.628813030845
0.443221384016
-0.478954915083
-0.33027992749
1.61268554524
-0.84078794834
-1.62322968294
-1.13208568941
0.637666424355
0.180391757948
0.651950433469
-1.11562980701
-0.748107407561
-0.244354963839
-0.316759089136
0.793618627441
1.21140034774
0.513489607921
-1.03356895704
-1.55576659755
-0.903129344648
-0.676056100548
0.601555889366
-1.60307586533
0.935648174123
0.142364952806
0.0245153676574
0.723252959553
-0.393334620111
-0.215745783274
2.01162840936
-0.152482020414
0.00121851077238
0.567325468492
-0.553629393245
-0.594121994843
0.498673967737
-1.76728592658
0.62037529235
-1.7808255244
-1.03946416812
-2.36754853697
0.8493880245
-0.189814521132
-1.07419266457
-0.614476967991
0.637669047515
0.309758014396
0.855906277803
-0.0941304301116
-0.11010854005
-0.926650684214
-1.13216531299
-1.27713980837
1.25248763354
-0.451760447021
0.796426038018
-0.689729717922
0.730384099936
0.850154623357
-0.11879662475
-0.233962428077
-0.396821608568
-0.440792918642
-1.20576610025
0.34627581403
0.125852555267
2.73997415542
-1.1299801154
-1.0608251631
-0.446009340881
0.658656703273
-1.06825869482
-1.85413188522
-0.457048154282
-0.750588305439
0.548499977016
1.49400942878
-1.51165461932
-0.82064908236
1.55024666227
-0.143606091782
0.253421745797
-0.865048276863
-0.045417841252
-0.227468906677
0.421179001639
1.65615028838
-0.482183546864
1.0970683821
0.389056955317
1.13250290545
-0.36614836244
-0.405703559567
-1.46891762004
0.44346219127
0.897574620154
0.169635366371
-0.336074854838
1.26235371658
-0.0580676581646
-0.437851451034
1.41188126667
0.90973799437
-1.36316050732
-0.833936264515
0.114356287747
-2.59219679517
-0.84858136851
-0.0193836890359
-0.69300711499
0.0747080500576
-1.06405900804
-1.27172975759
0.300926099453
0.394898094263
-0.30578461532
-1.07603270042
0.833753524328
-0.335519202254
0.688367893898
-0.385580239955
0.0830719014342
0.526800823063
-0.0708653664357
-1.87926978158
1.11053283249
-0.701974200245
0.4696883107
-0.657113990108
1.02352649619
-0.599553575296
-0.149547501623
-0.144628258912
0.0968138493143
-0.171301710969
-0.130510951156
0.777606067461
-1.27830477761
0.300519009435
1.02321414586
-0.614812876009
1.37876004999
0.846257043478
-0.048419268881
-0.20298547739
0.0172323922963
-3.02939197713
-0.111229447674
Score: 1