3
44
10
3
0.321027637521
-0.892657333394
2.08207136043
-0.825108993562
1.55576227977
-0.0047470782045
1.39672744812
-0.400906225197
0.168207490396
-2.93038424667
1.44332337655
-2.98246441674
-0.493613067861
-0.725359439511
-0.519607709359
-0.0770879661336
-1.55382581841
1.11864722652
-1.09439098779
1.21518052754
0.177372625869
0.638357615258
0.469870709936
0.0975305971799
1.19807202782
0.450216204872
-0.450912292789
0.169175921287
-0.0330048935598
-0.727349122903
1.8474624084
1.66708805895
-0.39543175637
0.0240699153791
-1.15626770144
-0.0975192412217
0.776245244066
-0.296943397498
0.129766747883
-1.23559343229
-0.424444441791
-0.567315605512
0.198638389896
0.845594811448
-1.26411491261
1.36778382227
-0.113496007859
1.1207131765
-0.445810302909
-1.15979130915
0.718646557745
-1.6477963562
0.924093057257
-0.829586690522
1.18050899941
2.18308608318
-0.268092085284
-0.705810846251
-0.201148217835
0.0278040465584
-1.41630045597
0.545683264916
-0.609998501207
-2.14287561972
-0.0414659069549
-0.782043270963
-0.00242346279289
0.387607698598
-1.03236187069
-0.906147558142
-2.54250888234
0.790159778971
-2.83468392886
-2.13744937856
0.584818787311
-3.70144117394
1.50926621375
0.48574814426
0.834453527368
-1.28086324878
-0.890513503604
-1.78085752577
0.462757225209
0.544512379583
0.00132662186733
-0.134526336488
0.16813830832
-1.35700418163
1.4765178472
0.624413424153
-1.7870171141
0.77564901494
-0.719252488118
0.385662970443
0.391452592532
-0.330673578792
0.210742265683
-1.78938336389
1.2161605056
-0.775953461059
-1.340274412
1.58653742257
-1.12051123624
0.73087653539
-0.851280637399
-1.01328924907
1.0901044408
-1.69503739756
0.0177264018359
1.31898887048
0.915917611791
0.103073124136
-1.08820297773
0.222489176411
-1.54867182336
-0.131267255488
0.562486988544
-1.61078152317
-1.46764617317
-0.197879796713
0.149277586986
-0.588088885007
-0.188085203963
1.06655093204
0.844104568352
0.835181765887
-1.62562571106
-0.657669901533
-1.91289636428
0.193661683737
0.504989994413
0.0680150153582
1.72215054931
2.56368905976
0.155331017243
0.20964722497
1.20576598958
0.722589954465
0.941959996537
0.55332408558
0.0516232251381
1.09145922709
-1.09139882038
-0.611150347038
0.375233651342
-1.19934602387
-0.106995492472
0.45009244882
0.563364542535
-1.71566709265
0.722534235501
1.56155298929
0.195984280566
0.326499488476
-0.767941709058
-1.49190754515
0.861122308082
-0.66353393266
1.26134603598
0.101261695509
-0.270083957314
1.53307781527
-0.011719768221
0.219184787923
1.64585008026
-2.65751000524
-0.384296988122
0.252671727101
0.492321544397
1.05760111989
0.46523581291
0.71150400467
1.43569165582
0.142328040505
-0.619194565035
-1.29926458619
-0.137052570217
0.337023049363
2.06122550111
1.5320918781
0.352860083128
-0.405753153607
-0.554067269478
0.758274865634
0.385022466034
-0.334166958587
1.00835378209
-0.0483750975387
-1.16678477755
0.462280628096
-0.139508960707
-0.654160619306
-0.15286518571
-0.743195692898
-1.31625778112
0.653031912993
0.0251270967919
-0.705492129258
0.247007079138
1.0978430593
0.685321830542
-0.976012348905
-0.610704077409
0.46322224514
0.780783848072
0.308385491848
-2.32487100181
-1.11240481201
0.710971261117
0.45430985092
0.827511458717
0.148638801195
1.13783942573
0.418677457425
-0.775735239788
-0.955898940025
1.5833191971
0.199687195579
0.955688530387
-0.923363476699
0.267181974516
0.11638974295
-1.98586054808
-0.790977674464
0.478607177887
1.31790354748
0.361448208316
-0.37077108387
-0.440260312262
1.33959867477
0.404087047119
-0.796987552644
-0.828647545399
-2.24181621807
-0.670136609617
1.91521476933
-1.04347559572
1.3706454474
0.601885891823
0.0847921075134
-0.912939038566
-0.962222729719
0.699872892283
0.0149997608382
0.098299861225
-0.467645825378
-0.50080296428
-1.69327885291
-0.616393282366
0.10100109851
-0.549864548713
0.419048474424
0.0424835952382
-1.21313378294
-0.112909311699
-0.695760054434
0.896063407245
-1.45817015285
-0.0316888243143
0.133056087622
0.710250979546
0.350823726704
0.986914371378
0.512960089481
0.977204363365
1.09998160086
0.237431714217
0.024064097631
-1.16736237288
0.258850239713
0.623692713049
0.528438951272
-1.18623521855
0.359014829101
-0.367597831119
1.08491921836
-0.199432200712
-1.74833274637
0.057547479487
0.753803324672
-1.4041465303
1.55319207758
0.136799146117
1.02602600995
0.605499330915
0.793710201781
-1.00255266639
-0.916496937821
-1.11118177825
-0.21600555831
0.65865398264
0.736224091887
0.81456497844
-0.184773983435
-1.1041431395
-0.8458898567
0.747777648903
0.346626227574
-0.716712338432
-1.05242092271
1.10854674943
-1.89813282356
-0.600421369353
0.985489150364
1.10821994897
-0.138560612436
0.0694206899656
-0.0218137434686
0.201007992845
0.341966848573
-1.2075692674
-0.465794707551
0.242878531272
0.867046640271
-0.87603657863
0.86473537748
-1.222717674
-0.259334230517
-1.51100820204
0.159886714021
0.0157195428851
0.319460209148
1.11516816563
-0.535194094758
-1.01031398782
-0.654169229374
1.06076266386
-1.06351879508
1.46738751617
-1.25585100705
-1.0299860422
0.26558315697
-0.266566441543
1.1929336009
0.412408631632
-0.0458680094394
0.466957279027
0.928007031934
-0.527935025826
-1.17197723564
1.76258041778
-0.697628883826
-0.0261013040813
1.21995795012
-0.929744951293
-1.79932632657
0.707030695589
-1.52552663963
1.31852167904
0.452568508587
0.737661113559
-0.994341973638
1.27886624481
0.407914050397
0.84915118804
-0.685658695777
1.92157221822
1.19450195369
-0.0827765908642
0.90950817635
0.806010518985
-0.366961917707
0.800349815688
-1.2662247369
0.729591725094
-0.0381203898092
0.935673071137
1.09829681051
0.523005385275
-0.730140363781
0.444409341626
0.483222040614
0.337674159499
0.540899168987
0.805225274619
1.91988571431
0.363507582898
-0.10160177573
-1.30845495136
1.59797763557
-1.02544090106
-1.92100547317
-0.379988694059
-2.01713534101
-0.0133168078344
-0.298357260215
-0.912983449914
0.027081153462
-0.642060634514
1.80186875299
-0.323637810092
-0.0665266282323
-1.06470925385
1.85120808845
-1.28666754227
0.307220923822
-0.00388619686113
0.491145086659
0.214765385526
-0.822922809936
-1.5421984152
-1.53369800324
-0.595269620232
-0.122630995875
1.93728547158
0.331201826989
1.63708261141
-0.837693384264
-1.56926687664
0.245124681945
-2.00919064297
-0.608859939667
-0.601677020844
0.355274618187
0.225699096284
1.02972554307
-1.08014390213
-0.439308447112
-0.525855427877
1.3980244012
0.0216079728366
0.79650117219
-0.630048266255
-1.15483029017
0.345416404447
1.14624327196
0.147629175682
-0.397928706086
-1.25855847408
-0.0815560356592
0.893488434952
-2.09514755555
-0.957494094085
0.00375416400499
0.285102064966
-0.733348598509
-1.04123481798
-0.233458681126
-1.27140341172
0.57921178234
-1.18476513305
0.238815569225
0.991570717146
-1.25796590161
-1.31303606029
-1.99698805134
-1.05109549164
-1.45603066429
-0.964368555236
-0.646268166037
-0.703778323281
-1.17862190683
-0.95187245333
0.257463413976
-0.867964270683
-0.33504288583
1.13505454247
-0.585619758008
0.515051442502
-0.234491139072
2.37391232011
0.0288296357968
1.04424970799
0.149936940692
-0.831589447646
2.17156251443
0.87229011975
0.678742015974
-0.0911413468675
0.603523690497
-0.469827218096
0.0411531582334
-0.236389158056
-0.797457097633
0.183955946524
-1.32901211211
-0.231533135745
1.04198089985
-0.311100720101
0.941893300242
3.06873077451
2.78108164393
-0.392916028293
Score: 1