3
44
10
3
0.445462017354
-0.723923943033
0.810940286571
-0.251532698615
-1.35379490123
-0.53849813603
-2.1258919404
1.77124311938
-0.603259231968
-0.561554599712
0.856958344575
-0.0365302612728
0.653094315908
-0.987988922433
-0.206402968367
-0.538130089132
-0.16402840167
0.303481840408
-1.37545639281
-1.13027252236
-1.58913742552
-0.618555873212
0.125269751448
0.188071032978
0.159951192215
-0.310752603347
-1.67583969697
0.621465564006
0.0723068948115
-0.558372827652
0.116739436347
-0.884405914129
0.932250406104
-0.480390174359
-0.303655313953
-0.144463127644
1.15403943556
-0.467638491159
-1.24817946339
0.141326090718
0.114038742251
0.167936278515
-0.0123676135154
0.109057025538
-0.300307599269
1.54934003108
0.654384625998
-0.62281356478
-1.92055325743
-0.582982019358
0.006758211822
-0.178479870192
-0.21445604194
0.851332389379
-0.825908124796
-1.1731983019
0.434522414562
0.107210948188
-0.862276452086
0.846541512799
-0.400735686618
0.109857092291
-0.284249678651
-1.25515180068
-0.403921970474
0.82072232793
-0.174380238406
0.981278333701
-1.44158812928
-1.53617023281
1.25389524242
-0.110074369385
0.88813094616
1.32565291601
-0.717908937256
-0.736609513752
1.04028292114
-0.654263133193
0.850447718489
-0.236684889064
-0.434275198693
0.364091551841
1.07079302929
0.821989190019
-1.02985441904
-0.270085648376
0.884444137761
0.92924518793
-0.752812779277
2.01512943381
0.46965516909
-0.627867210181
-1.52683042607
2.26698559638
-0.568532998125
-0.420975373473
0.369979458221
-0.0276010627443
-0.730699571898
1.32098646841
1.00334577421
-0.228829770941
-0.446685689904
-1.38676861472
0.0234499972526
-0.392529710956
0.0317298804392
1.00441381933
-1.07414052384
0.340332274942
0.501311424657
1.72081740904
0.928843554249
-0.493842385959
-0.110545988087
0.940717172611
-0.780086370686
-0.0464861025812
-0.536866005337
-1.17833413854
-0.189106275847
0.227342856324
2.36341697916
-1.47992997036
-0.965555111228
-0.807028060135
-0.0999525018701
1.59964236576
-1.08347319094
-0.0676371460048
-0.0403471417436
0.082063098235
0.778837463464
-0.211646099284
1.3402297786
1.29146434498
1.34088613371
1.94896370216
1.16589838991
-0.223899731841
0.924948448061
-1.73727830852
-0.501672015004
0.613101554994
0.418671544913
1.17526202814
-0.532624276953
-0.641743211895
-0.815381661109
-0.0800256611004
-0.280276558912
-1.45719235036
1.57131586651
0.822814602159
3.00815912892
-0.0270371787626
1.87541753578
-0.54009167177
-1.59260926137
0.0249040260364
0.444214530667
-1.17472416479
-1.49392529395
-0.728565192628
0.509114697097
-0.530950119358
0.602561666218
1.38563740516
1.33563318233
0.617189477222
-0.437688269725
0.134742794981
1.49288594841
0.375786542781
0.330418797224
-1.12626519322
-0.0251452589801
-0.975136970933
-2.50140280154
-0.496071927988
-0.0489251964476
-1.35463006042
-0.832553809517
0.297550329939
-0.431144967964
-0.345959357577
-1.28725002658
-0.203376734052
1.75828728581
0.0603464946224
0.204787154418
-2.84010766962
-1.64063967964
-0.158452317163
0.978941985277
-0.305224604615
0.935294236606
-0.807626158523
1.17549068083
0.466644694932
-2.77412776696
-1.50012197998
0.575214197103
0.405124756099
-0.629438280786
-1.05681287876
-1.30629832618
0.722455907598
0.67217825591
-0.802030155501
-0.416760811471
-0.282501594309
1.68412953863
-1.4606586256
1.27142751347
-2.96878424057
0.793766711726
-0.608683868657
-0.594994767138
0.537334296529
0.411929497437
0.380472113483
0.0531096106067
-0.327683447628
-1.22140374819
2.86689367183
-0.153284937395
0.900302130323
1.66903209011
-0.629623700597
0.320085572537
1.08526328108
-0.295124728822
-0.246463384851
0.903334889104
-1.39799691605
-1.61769006405
0.694216460056
0.0326223344748
0.681295164909
1.15573893819
1.13278795822
1.71327475014
1.29702895319
0.536085723041
-0.193470535581
-0.319416050398
0.776744377585
0.411481404627
-0.452173483662
1.36848865212
1.228410827
-0.770832457955
-0.0646993665187
-0.4090787235
-0.477011915014
-1.07644239702
1.13698776439
0.166518586268
0.0158441013701
1.76239933711
-0.73014833058
0.227355014914
0.814495083778
-1.50898367662
0.968000637316
-0.733702569026
0.753618987386
-1.1476137812
2.58248846527
0.778469809967
2.40961690772
-1.05832880704
-0.0856761481768
0.43455401121
0.612289059533
1.92069214517
-0.999208796246
-0.574232981458
1.11528529464
0.669610743084
-1.90644755851
-0.224205825343
1.77829849183
-0.531426368052
-0.067357448322
0.722943536733
-0.692734499353
-1.2175576845
-0.441392015706
0.340921586845
1.50919682654
-0.0455704491125
0.446704328283
0.00607796027571
0.584200019494
-1.23826308012
-1.22442819633
1.1349395435
-0.900492570129
-0.0775096407049
-0.0767902779389
0.270496208342
-1.40551336222
0.735639990104
-0.714533807927
2.07359488266
0.979083702234
0.0303309960451
0.223802310123
1.12634555558
0.69085380691
0.109783334287
-0.703379661453
-0.510510909761
-0.055207652609
1.76165852148
0.463159633289
0.994817239842
-1.44137827817
-1.01324275231
0.112094857327
1.39193330111
-0.116162323605
0.0373016792647
-0.333661362692
-1.00423760286
-1.6083633914
3.16823536603
-1.23637729599
-0.536602193313
-0.674014028062
0.250238642025
-1.90632422778
1.71363453739
-0.373332376742
-1.03297402497
-0.54485832607
-0.324202846211
0.141964890546
1.27022925895
-0.880289581908
-1.63371551229
-0.0912172253521
0.920162505381
0.078452056294
0.375423202471
-0.763710624507
0.275510119401
-0.968335464301
-0.276937690936
1.35895921923
-0.72076615425
-0.369173079466
0.237722301624
0.380725415354
1.86316745133
-0.316852476421
-0.20275547407
1.73976894356
0.664467670797
-0.0276550459193
2.7559064327
-0.494613577258
0.298564841869
-0.577391724381
0.165654674985
-0.434851490035
0.513351196959
0.0540566232203
-0.36500081005
1.77652571496
-1.769398474
0.529319778036
-0.0475553138432
-1.40624147363
-0.586735342118
1.16202038264
0.805475887862
1.01474092575
0.868340157793
-0.395147037293
-1.02973661372
-0.655121285871
-0.611280692347
1.44414748112
-0.0141404720446
0.991889663361
-1.07192070754
0.0342984656864
-2.1133757833
2.03466011173
-0.410724004077
0.66968428318
-0.393653684096
0.796920980798
-0.443961688439
-0.225772366589
-0.597358000501
-0.314995448016
2.34593476431
0.798051521702
-1.45753930621
0.379662377452
0.628663202799
-0.0965107797746
0.928001097477
0.357025800366
-1.12210284889
-0.722081296267
-0.247448654962
1.93513453331
1.10238920122
-1.05298049132
0.282586796596
-0.690391469052
0.284194288074
-0.306982545365
0.660768343742
-1.46957043416
-0.68401656109
1.0635316396
1.03623970257
0.517108194526
0.788125763045
-0.21606202471
-0.34446217745
0.163716888042
-1.00281953865
0.980964278204
1.49199973662
0.644214833245
-0.465707300982
-1.35180811419
-0.483117399875
0.192823043811
0.893591332966
-1.0416267951
0.481361910321
-1.55162863694
0.572046936935
-2.95951185395
0.307360854508
0.0957534664108
0.626372241599
-0.495224331201
0.318635353828
-0.0312132415596
-0.191701519894
-0.589809383092
1.26060458541
0.315612555512
-1.95517549458
0.863533982998
0.776118602655
0.852624888224
0.440017178089
0.135556552025
-0.262293839994
-1.34486471622
-1.90169888036
0.648732737496
-0.727771449499
-0.466632318503
0.54433676763
0.736177701007
2.41142854449
-0.920259614544
-0.100293556618
0.00952098208398
-0.963519388289
0.169699740523
-0.535605400667
0.0936355482733
-0.0374650669177
-0.541782599176
1.77299327586
-0.776661440307
2.25882373306
0.0939018680179
-2.36875049055
-1.85819746897
-0.937127118222
Score: 10