3
44
10
3
-0.463593864262
-0.207008776802
0.181385795364
-1.17104713625
-1.08062014149
-1.50711610631
0.988480337266
-0.370646482538
-0.472670570826
-0.846915385355
-1.26715078668
-1.24095639341
-1.16169898861
-0.314742848541
-1.15925578123
0.117478893012
-1.04878908025
-1.1193264655
0.137190796219
-1.78106391873
1.70019434784
0.436271784679
-2.17892526973
-0.708695618578
-1.37264699485
0.131201932336
0.371815922291
0.584058579806
0.893279851143
0.521260106091
-0.485387429442
0.411003383895
0.0211827488914
-1.32564358738
-0.868838096732
1.13827700277
-1.39239001484
-0.793961272075
-0.333069930631
-0.359443976184
0.305572506741
0.916571337678
0.452528745672
0.355192429085
-1.19074652151
1.32338878025
-0.22889426506
-0.72799189138
-0.217421940155
0.831246184171
-1.24715666774
-1.435991868
-0.563059895481
0.735057782482
1.27563033449
1.11945875176
0.727599630122
1.53343171044
-1.23846521894
0.201210521483
-0.79569259846
0.758464056466
-0.403940437246
1.21870260813
1.05835449137
0.898014529752
-1.67621362197
0.784767451839
-0.214124395723
0.343881178867
-1.57286430553
-0.716768825133
-0.447879647573
0.787285730988
0.592505580645
-0.106147509722
2.06154832305
1.16114273572
-1.99180309443
-0.456599100328
0.249170552647
0.445958912738
0.964176369084
-0.192799397142
2.49445652826
1.55951467387
0.539465219104
2.12309872478
-2.62050863858
-0.294668429621
-0.0503277531508
-1.26016025477
-0.318765153576
-0.959414332183
0.29610989271
-1.64154750189
-1.20849287331
-2.26794334814
-0.657318273657
0.118709352883
2.29427952122
1.3389336613
0.244830925746
-1.06364468173
0.553000727413
-0.396060944467
0.523515641509
-1.0746539314
0.616117402317
-0.288194838082
1.1819331891
-0.31320899602
-1.15802519968
-1.1405192504
0.286372474191
-1.07544433831
-1.65913953975
-0.347507841872
0.153003696838
0.252553982576
-0.968511315642
0.557850651867
-1.5182481479
-0.728236011084
0.344406959762
-0.218549517683
-0.467034424786
1.33898442214
-0.98577688139
-0.970377161826
-1.20925727287
-1.76622233214
-0.917529593692
0.328264628888
0.784021287439
-0.190238415946
0.466933773945
-0.111017956082
-0.281955767786
1.13229157174
-0.244064757373
-0.011192755162
-0.445182366398
-0.89257543772
1.11331582349
0.168558095706
-0.73801338161
-0.596713992915
0.2312253741
0.569767198403
1.25666565344
0.366909226851
-0.280713157368
-0.23556159121
0.893963938949
-0.769738754045
0.0770622681201
-0.311574550235
-0.669794843133
-0.936382315348
1.84234931537
-0.934187702325
0.186779767227
-0.254783626822
0.542451618469
0.0018237912467
0.170334726128
0.461242783525
-0.354920444518
-0.263021093213
-0.643354139525
-1.23886528466
0.24367311721
-0.780426124361
-1.42941835674
0.718249386944
-1.04133047201
-1.92702369586
0.556403889218
0.944598879313
-1.04003261464
-0.396938531139
-0.144222741154
-0.592814072861
1.4477967325
0.76014239537
-0.749898682229
-0.777618921027
-0.49646498158
0.00787156903479
0.426642342469
0.00631754540438
0.387415998355
-0.790578460112
-0.508102455642
-0.764965082476
0.0673434471873
2.37680099236
-0.697928747764
-2.04767801496
-0.056738274424
0.603720154758
1.30887290348
0.971871014016
-0.903334182472
0.822023212025
-0.0133778865752
-1.3210729203
0.965250627377
0.0486233953932
-0.387200242583
0.259539973853
0.63181357561
-1.4495524404
1.72713866303
0.84924397845
0.912484219485
-0.896927239943
0.256264606762
0.43745652177
-0.376340732893
-1.19613267502
0.028383959752
1.24389199962
1.2409085382
1.98780906319
-0.218790546456
0.416416723882
0.881403032607
0.0165662153298
0.5757636322
1.40227438415
0.106943301667
-0.780655451759
0.648401160108
0.01792071924
2.5983447639
-0.00905680312757
-0.578463855417
0.3802294377
-1.12047073545
1.5911594408
0.0730256864959
1.18224383165
0.0296445879465
-0.521436574781
-0.932378220145
-0.547336724224
-0.440032403811
-1.86384106583
-0.0683408620576
-0.305879223417
0.171997892187
-0.480699691559
-1.91063293897
-0.565831346274
-0.974165446208
-0.469877603549
-1.35696975449
1.36017619918
-0.417286432248
-0.505081199847
0.0327226828062
0.0398466547532
-0.422845136058
0.0713078093529
-0.42892630713
0.0220084367129
0.236915288693
-0.288014964112
1.3461106847
-0.0515384041622
2.03528589364
1.30014886702
-0.238082135919
1.27019366585
0.538552143858
-2.65370059893
-0.439342316847
-0.953945618342
0.631756371597
0.167255125808
-0.824611409812
-0.229736659131
0.0930954398597
-1.34570474204
-0.899049098761
-1.13678303482
-0.886113020878
-1.07404149637
-0.414171306307
1.35392630741
-0.450666356255
0.0868800046873
-0.452424081574
-1.57380777672
-0.907666159303
0.202188287569
2.02336970137
-0.86433463649
1.05639338863
0.784075945219
0.24735343798
1.78151747139
0.710809101154
-1.79781333909
0.896497650333
0.817187931997
-0.701509139605
0.141001241812
0.827738864883
-0.721477330679
0.589612191033
0.922751407648
-0.61731053324
-1.6386952445
0.365979879043
0.832707681067
0.265183816874
1.27043035255
0.880512069428
-0.842649281655
1.30765033608
0.77374663928
-0.80695700357
2.1774413821
0.237404527009
1.2311334588
-0.978826894814
-1.013680952
0.403454613135
-0.213538619074
0.367745707547
-0.674575791549
-0.027560236386
0.547649872885
-1.10567901679
-0.703830738807
-0.350333149213
0.66384897222
-1.15272657706
0.627533481459
0.0555728870813
0.487856296057
-1.73879848161
0.40768078548
-0.788127028182
0.113264038912
1.05733249527
-0.372519337967
0.987978122717
-0.3977674615
-1.05119737872
-1.62549131331
-1.59228625906
0.233804269978
-0.862074211608
-1.22692973028
1.45817655844
-0.28657830524
-0.403115433389
-1.90263486623
0.164130294811
1.37653695109
-0.801277934802
0.194267916271
0.884938969395
0.760713070346
-0.464157969064
1.55688122631
-1.4363138595
0.820484950202
0.0167395849725
-1.28121900312
0.490051813668
1.37704259844
-0.337824921045
0.214887254994
0.953114941702
0.848914233301
0.989172085628
0.315977077096
1.44434263743
-0.223363532979
-0.789168697902
0.861863383309
0.0897078809091
0.521343353988
-0.383210824423
-0.818010175208
0.573657431326
0.207299724862
-0.738195881751
-1.76054548595
-0.202784357277
-0.318497380058
0.263593484825
-0.777616753587
0.189485187612
-1.64869173092
-0.629215852287
1.22833650031
-0.467458780037
-0.00619859353837
-1.03748435173
-0.199273354387
-0.223004661071
-0.4476715673
0.982531539269
-1.30930050952
-0.586814650358
-0.521718083745
0.0204581851738
-0.908481169927
-1.7488384481
1.27878510133
0.476912588627
-1.75077002334
-0.221789738022
-0.155104957255
-0.658073256472
0.631016862514
0.0874969444486
0.269284258416
-1.85813146321
0.195235570513
1.22872382683
0.585808672836
-0.18460520074
0.18189064877
0.59386925799
-1.61797728558
0.665970839902
-0.299118870299
0.581273418809
-0.719708217039
-0.0535664782845
-1.617869816
-0.453461151976
-0.713798523752
-0.220388611169
0.265191949479
0.628822346348
-0.744760791576
0.113379637276
-0.111362643281
0.510410180256
-0.507714342577
0.797973536058
0.914861718613
-1.7640474397
2.01550726676
-1.12051345733
0.90727717567
1.09346764421
0.734853405558
-0.1284961968
1.89583533194
1.6281947289
-0.973053555401
-0.690252921244
0.624045076208
-0.633914416636
-0.10174824141
-0.103528650936
0.0936919079676
0.767177467066
0.458412946431
-0.429248887449
-0.51944516533
-0.891143431424
-0.757436398575
-0.340636672408
1.37281532572
0.0808776951328
-0.381302336957
-0.75427913213
-0.431568912059
0.0548339625833
0.585979434162
-0.0181211437796
0.20111578233
1.00066852939
Score: 1