3
44
10
3
-0.744441663958
-2.30481971691
0.24431808604
0.720006851469
1.83885454707
-0.644745898221
-0.428785743685
1.36662875825
-0.0161257075837
1.55265376985
-0.700187626456
1.25446745355
0.116897939517
0.221248602861
-0.00390874639361
0.995914889288
-0.183165638064
1.57985543426
0.727444762037
0.0665601087027
0.0638960836283
0.884622296257
-0.383414052712
-0.14646867678
-0.3778382176
0.454999049273
-1.52972037887
0.677050558722
-1.66944401061
1.00241469583
0.672545662185
0.564443039145
1.37648103595
1.34833731287
0.180060261128
0.0875234246772
-1.92584846805
0.246356219181
-0.870219801171
-0.0114681362398
2.38799866569
0.651351032137
0.645957066318
-1.52102234097
0.165425956217
0.166092758193
-1.81933487493
0.840142024599
0.146331871247
-1.3198522122
0.106835808124
1.26439178443
-0.50389860645
0.791198872739
0.408990017435
-0.588405849189
-1.79226613607
0.114173702574
-1.00199698492
-0.194990721138
0.955688263786
0.542222929007
-0.418736642544
0.921468760852
0.370135729276
-0.624820524797
0.930822041331
0.433378363948
0.490489319468
1.05709296677
1.2063338808
-0.897988609687
3.76720721287
-0.156403972735
-2.01851579061
0.918029619998
-0.722435278143
0.250291143268
-1.4014889388
0.429385102443
-0.204180730366
2.61154729359
1.54265845032
1.11203613055
1.16285024289
-0.609832671283
0.851530333621
1.09687369613
-0.337081287956
0.0920912772065
-0.568476604572
0.443730093009
-0.116714030803
0.606057555456
0.273981870444
0.0399954941383
-0.0120038940989
1.48271049915
-2.79914869738
-0.937536726242
-1.42824033908
2.40697720763
-0.403381867038
2.46874692188
0.786702191169
1.03012284312
1.01838411987
2.63818099205
1.04271420718
-0.73352474798
-1.44001230597
1.30457875133
0.710375724614
-0.127770536036
0.286632537585
1.10968841641
1.61229509511
1.30669722171
-0.769945161626
0.780401951072
-0.381928187713
0.479972631228
1.55474657295
0.440523864292
-0.787687184083
1.1407381451
0.22692508521
0.400735183726
0.0866079777016
1.71236557937
-0.247702736445
-0.259982192643
-0.105038589801
0.449515495301
-0.0807810927407
-1.03539927534
0.190017550469
1.04226166954
0.302114110512
0.55457856037
0.401147338438
1.33489768124
1.16766349043
-0.418664124731
-0.369805988224
-1.0304046923
-1.7078191303
-1.1704636644
-0.508154772688
0.000114160221012
1.45766546624
0.434571649906
-0.93164536456
-1.01419383795
1.00592200779
0.559483361043
-1.48877293077
0.106670125983
-0.403716558312
-1.87461598682
2.23017017588
-1.58351211763
0.0772062425081
-1.02469038867
0.485827357817
0.0492300610611
1.140332638
-0.283657677951
-0.777592591061
-0.947807263282
0.119302306659
-0.965185433734
0.283111601844
-1.63835749019
-0.551530911075
-0.289413530087
0.849410571195
-0.14735031527
-0.779698475667
-0.0648833330417
2.15251353505
-0.0166196703889
-1.02195966914
-1.41291419027
0.0258973118334
0.645842764779
0.384914227886
0.842936794894
0.607258610455
-2.18621815095
-0.479786747061
-1.1629361787
1.90086219342
1.13662621446
-2.05710416575
1.46759599356
-0.446041194104
0.358028730314
-0.165753146311
1.33871770774
-7.33167296978e-05
0.00252407802714
-0.554147852588
-1.20843374327
1.40583752625
0.669186740039
-0.0397021387064
0.0271734922894
0.378844273973
-0.812175261059
-0.207740233817
-1.38130769176
-0.655466925909
-0.177607994393
-1.15119652518
-0.948155938503
0.153831489019
-0.349183253701
-0.777523321232
0.598687709121
0.500692810825
-0.294144475115
-0.679007935219
1.31623884009
-0.090526690522
0.629078997101
-1.36275828983
-0.733483366945
0.480429068727
-0.361236243005
1.0651593445
0.23450881885
-0.21234307119
-1.97150832851
-0.665816908412
-0.197435951765
0.0658682116233
-1.2057247092
-0.824024139177
-1.10643829685
0.452590902975
-0.0153041325289
-0.155928255354
0.743881392252
1.90784279302
-0.100743510727
0.941524161352
1.93103318381
0.77209692069
1.27092125211
1.02633384187
1.25633206229
0.916179228916
0.106493413312
-2.12001055329
-0.126457406784
-0.278807118711
0.953970422907
0.104108683868
-1.75537937366
-2.31741653253
0.831368021711
-0.479636421236
-1.98299225055
-1.56948213121
-0.0930219247991
0.280041649009
0.705621922768
-0.978966569228
1.46477628297
-1.08509051723
-0.117506320989
0.346711882324
1.28062273791
0.579887538611
-0.441513239957
-1.01004907313
0.00244776081851
-0.790647847305
-0.330140624946
0.281874188211
2.09887197945
0.312206752891
-1.15732087141
0.620274113265
1.22178989099
-1.56485789871
-0.467558747231
1.61576058477
-1.23722661774
-1.51872566786
1.26964509835
-0.679165797189
-0.408244828286
-1.09849080439
-1.02023177587
1.94476612022
0.192501165856
-0.520147462126
0.846498738456
-0.956588014535
-1.75524911915
1.01200929566
-0.396521770316
-0.376042596636
0.916427359355
2.03645282202
-2.08636363921
-1.39294624041
0.557579373621
1.17919811076
0.666171917439
0.732221796758
0.0934067158382
1.06813953061
1.24350734697
0.683297344511
0.224717186799
0.104722383431
-0.476277803681
-0.685437220127
-1.49578606572
0.249117150258
0.285016600122
-0.249624999761
0.619448058667
1.08809073613
-0.414280096851
0.327198943966
0.0406066797434
0.0663147815762
-0.796023812662
-1.07249361378
-0.224394884063
-0.550562430647
-1.02688486828
1.37094971802
-1.41943708036
-0.564141734317
-1.32485403944
0.971415220778
1.51951486193
0.113365178982
0.252028890734
-0.339583390185
-0.30330694104
0.153519306721
-2.49036692223
-1.91747168439
-0.0613724947257
-0.703088775469
-0.232936269147
-0.404749416723
1.55842894376
0.335242411012
-0.984579877713
0.932497773438
0.463860723921
-1.01603192444
0.350240303213
0.990957648083
-0.974686465636
0.601627438989
1.21301926727
0.816850186529
-0.17689004959
-0.260801618919
0.562720625673
0.667704373016
-2.75295382225
0.426741742795
1.29352425162
-0.270631392301
0.322645643894
0.152139562843
-1.26067059736
-0.775338466719
0.181646164552
1.28652777487
-1.40129025957
-0.738828595383
0.321072260565
0.996157676324
-0.953118803747
1.20420147807
0.265495285238
1.41299152619
1.02504486142
-0.679996637363
-0.684054129143
0.967622767918
-0.766629328943
-0.585332881085
0.792017993421
0.678427169326
0.0132040180129
0.287930134
1.02753690593
1.2273040848
0.398611462589
-1.70331006818
-0.221248547555
-1.38572623482
-0.358963341976
-0.343056860347
0.114489184473
0.554142801786
-0.83156612378
0.894513147421
0.635577213569
0.456108456206
0.609632856931
0.0543614173935
-0.823514612166
0.0200191877509
0.229032023549
-0.682202913883
-0.139405028267
1.08924039427
-1.06105414104
-0.165548862464
1.70088520338
-2.58431096441
0.0966968723058
1.40534502409
0.666124394158
1.3073155654
-0.270358609628
0.628834504901
1.21199109532
0.750642610294
1.67307090469
-0.441686122325
-0.0178350130356
1.8089116126
0.0396403251268
-1.09914061003
-0.599602346663
0.300267386308
-0.592057156141
1.47565575911
0.59296416855
0.933650573723
-0.699201029135
-1.83912552195
-0.71775984807
-0.328623204118
-1.14155062934
1.18813024419
-0.258800448464
1.61576986844
-0.488029454922
-2.87541309141
-1.42736443068
-0.559408059195
0.68993974603
0.185612663371
-0.893096695543
-1.12975415604
-0.194048526652
0.0400168490274
1.18080589492
-0.161320133607
-1.47103637449
0.326917262187
1.28952220053
-0.306485615833
1.02702315648
-1.89286855562
-1.70923892099
0.0616059529434
0.784720611227
-1.13987733652
-1.48647151465
-1.98307839297
-3.1787522695
0.846021994073
2.76164056477
-0.719519869735
-1.21129958221
-0.796101445623
-1.09369355784
0.355335769634
Score: 1