3
44
10
3
0.448355910158
-0.894164711678
0.837494818443
0.000535049049822
-1.41046766779
-0.518417397839
-2.03412365594
1.70328246962
-0.645719743447
-0.441227273544
0.804285436735
-0.0421829149257
0.620122906438
-0.701596302246
-0.240909653916
-0.514707822849
-0.352562210613
0.483125883102
-1.73388179267
-1.13261448222
-1.62791272134
-0.525979262424
-0.0604160409453
0.35105783295
0.196762036813
-0.176581727176
-1.69308354286
0.532451675953
0.224720988505
-0.616524901473
0.254693690284
-0.986781142088
1.01071349187
-0.316593283278
-0.311931793794
0.106861523463
1.18828784928
-0.205831771094
-1.29068170841
0.171081043478
0.13553121391
-0.124460570362
-0.0327056005515
0.0485212020659
-0.448170956414
1.50108893606
0.786185720696
-0.674212210187
-1.92734808269
-0.557959351263
0.0373481890434
-0.398221984687
-0.187679427456
0.995215028797
-0.728797891608
-1.15791438059
0.269519160175
0.20937357777
-0.677881649006
0.769435956929
-0.707841209012
0.0313862290344
-0.173287007094
-1.13310606677
-0.482693545609
0.641682082314
-0.238911017777
1.05280050276
-1.37951039555
-1.64291623277
1.28459595782
-0.404460514898
0.780254084442
1.24965164213
-0.504742214002
-0.692719715031
1.26929993766
-0.802711777643
0.878188439059
-0.209771630472
-0.323289465283
0.219990940769
1.07216943102
0.830229366245
-1.07764316019
-0.200010784097
0.754238542199
0.830785093448
-0.594445332052
1.92052338903
0.47418931659
-0.762261023991
-1.53849495299
2.3315497975
-0.560932275363
-0.492672643378
0.402258948641
0.0658926514173
-0.706820582651
1.23606227954
1.03303451035
-0.275589853862
-0.168965833613
-1.43680421532
-0.0801178735448
-0.625530645779
0.061035554858
0.864768322819
-1.05731456718
0.360499094544
0.404153763693
1.62391238645
1.00375514195
-0.580278491598
-0.114726597188
0.992478620969
-0.757896246207
-0.336363231154
-0.493957169098
-0.931004639165
-0.282310416301
-0.0326736038114
2.26226712495
-1.59605117499
-0.900361255934
-1.08934908735
-0.060354437697
1.40991945368
-1.10717875648
-0.120403759124
-0.117057010446
0.227828266465
0.820452194467
-0.0979000525114
1.35215938469
1.4534212006
1.34354606507
2.05979723787
1.11284082327
-0.439051966709
0.986317238612
-1.83183024725
-0.679792928281
0.541442532934
0.357256577774
1.28701070746
-0.551420966627
-0.548842150723
-0.81472634031
-0.129692005706
-0.416259337941
-1.37815486705
1.67327316536
0.718342273643
2.99669523663
0.0824151897011
2.05100680708
-0.564524129601
-1.51830910727
-0.194832164409
0.334873852239
-1.03126744949
-1.44611696632
-0.691650329945
0.671694982257
-0.589124772761
0.720167253229
1.51285884897
1.42554974944
0.728744180817
-0.476723110783
-0.0268993296835
1.49358828051
0.217142699941
0.17897929044
-1.16583877688
-0.0870967143194
-1.04509100881
-2.54229761896
-0.400147102746
-0.090503842829
-1.53841417642
-0.882714708626
0.268162016648
-0.520841420017
-0.448783499203
-1.42503073196
-0.318524821848
1.80079984018
0.165717223685
0.13586776187
-2.71994155454
-1.61966037539
-0.232083010834
1.13078515643
-0.338445944459
0.890447927738
-0.786931272978
1.25639065011
0.343403718918
-2.79627837119
-1.6864714764
0.35045060151
0.267051829897
-0.642970308243
-0.845087293077
-1.34813280553
0.610209588997
0.519754631536
-0.87407666898
-0.698874285198
-0.320448274856
1.55815971971
-1.59035505966
1.48682263628
-3.04464019933
0.659368801296
-0.520687009731
-0.468684454132
0.475782390142
0.366762233255
0.554502699009
0.0719802261624
-0.347933209798
-1.2005075802
2.97692680378
-0.166892954259
1.03361902954
1.88514967265
-0.703039320492
0.412124683308
1.01304673999
-0.0539377196456
-0.30151086196
0.882180757823
-1.29162204039
-1.69221284966
0.769890299452
0.111306156447
0.76534487623
1.07740474804
1.23196106783
1.87276890306
1.11067609724
0.54453215965
-0.267902013353
-0.375805284374
0.748418536125
0.350637118747
-0.336119932436
1.46015194882
1.28229567613
-0.616470447247
-0.0907448604667
-0.359870650898
-0.543748048899
-1.02766357958
1.11061099851
0.0274734509993
-0.125611807358
1.77063880703
-0.856695468438
0.347146231964
0.92427131234
-1.51495265303
0.856230994854
-0.916912958645
0.67743457577
-1.24742886455
2.35340623046
0.549430848295
2.54607424535
-0.875039891384
-0.358351376778
0.474077403111
0.528513885285
1.86451861895
-1.011366885
-0.713096831834
1.24803096593
0.389642144049
-1.74169845679
-0.136808192745
1.66082044304
-0.479118128052
-0.0723514142532
0.823946813132
-0.602179232582
-1.30074281505
-0.591486981588
0.197143902982
1.51949036543
-0.00207846885486
0.546487222584
-0.0563974414609
0.55104047923
-1.45345913948
-1.31640812439
1.12169823306
-0.982223069704
-0.137952430921
-0.358999245037
0.174260829039
-1.42911310633
0.918389741051
-0.68277831054
2.10881529729
0.932793295664
-0.17728628189
0.439583260054
1.07369030454
0.475166563729
0.029416481088
-0.697010244879
-0.450559697906
-0.0581899950372
1.67581567434
0.881028448157
1.14997488428
-1.62799384364
-1.17880523817
0.300352709845
1.29753229076
-0.0887749295562
0.181712337873
-0.366655885459
-1.05958009723
-1.57003007889
3.28450405236
-1.46647880524
-0.532932902655
-0.640272196866
0.228433027667
-1.69330001267
1.71115933856
-0.344587343569
-0.957522620625
-0.597700510022
-0.40540685872
0.0454966545186
1.03741054189
-1.0639521669
-1.38525221926
-0.118648362761
1.07056557191
0.0186818723692
0.239317859277
-1.00017584129
0.418215795271
-1.03356954071
-0.234650237346
1.09340676518
-0.707459137321
-0.212569314893
0.219477932719
0.340637142081
2.05470141699
-0.5050914997
-0.265769351339
1.89352061887
0.306036368791
-0.285463697848
2.83477847259
-0.46110691208
0.436616730727
-0.60307785768
0.112821116336
-0.373751479298
0.677871587133
0.181961262591
-0.504882119891
1.71951681219
-1.6639700283
0.320977530202
0.0102223449207
-1.59233113662
-0.561037497601
1.12424813089
1.02945090357
0.983182293061
0.716835723748
-0.40796503717
-0.98342173631
-0.497323339324
-0.548932625332
1.2894372921
0.00607393129303
1.09067323126
-1.12831450029
0.114204233328
-2.24073244504
1.98094759468
-0.463569156827
0.551060493295
-0.507415780084
0.834120459519
-0.397650816799
-0.159196416264
-0.365309019133
-0.241763347173
2.41180838387
0.711777306298
-1.47688439919
0.186355824583
0.710457087709
-0.115400892864
0.9582102728
0.394633552742
-1.12565488476
-0.700596303898
-0.292736779117
2.10425659376
1.16753464506
-0.888960791591
0.193029345523
-0.620485832749
0.410367016044
-0.352426006245
0.819267706527
-1.33971121973
-0.775880386601
0.987310449137
1.05879675886
0.416036816165
0.604324046609
-0.0444412131517
-0.272161365233
0.134214304474
-0.971201346099
1.03296796594
1.44428042218
0.495820512051
-0.360834947121
-1.34673594886
-0.36504170037
0.0997065728705
1.05815726626
-0.993777602349
0.44040260705
-1.41991292093
0.663282670296
-2.76237185913
0.396797710964
0.09702277836
0.714409886977
-0.296421811245
0.243316186074
0.050965655582
-9.59701084618e-05
-0.79272162946
0.984016488621
0.372374275522
-2.07000274548
0.926725656928
0.75183521187
0.850555873533
0.662692122587
0.162486198409
-0.215943153595
-1.47521305574
-1.92366188793
0.834961406133
-0.576276873487
-0.592432162014
0.551050819524
0.622254607478
2.39324589484
-0.990937651724
-0.380420628388
0.0377466686686
-0.963531465182
0.0864761009306
-0.587402886989
-0.0727257564145
0.143656733848
-0.45084693818
1.71644044183
-0.72292856673
2.20089065171
0.224763072247
-2.37069091627
-1.81926165839
-0.806513269158
Score: 10