3
44
10
3
-0.0318426340185
2.39284916899
0.473336863965
-0.662466764182
-0.125998334102
-0.0387199533215
1.3426039481
-0.638268890686
0.488449676469
0.712090977761
0.234305656414
0.664095085457
0.375257849684
-0.311818551976
-0.103116811062
-0.64661508455
0.126949272066
-1.0229344894
0.68772721685
1.35795233143
1.43802388537
-0.230500384703
0.0984679145893
1.38196826535
2.24211694558
0.362218977504
-1.64437050608
-0.628582202574
-2.87450585166
0.819755466232
-0.507589357596
0.47904792185
-0.151311047134
-1.29834540539
-0.064165499408
-0.127027252697
-0.824710208386
0.139748520847
-0.331537789344
-0.901469325203
-0.0786836832316
0.438535070223
-1.43157256306
0.768619823358
0.762636134177
0.645273986621
1.16781381051
-0.79736277259
0.230486058434
-0.351468346399
0.552422808598
-0.781118483023
1.51534682797
-1.44268298064
-0.654984262164
1.17705551921
0.0423791784016
-2.29440855454
-0.647411892316
0.0572173747098
0.359017079173
0.232618562317
0.624773704895
0.0512345789737
1.3259790703
-0.259147417646
0.0240020799847
1.34135198121
-1.03791727052
0.576000302691
-0.260009494267
0.179316177623
1.25470924412
-1.35727804043
-0.600764542263
0.363311397674
-0.140521551109
0.813278450428
0.730459085016
0.679837225318
1.31363146711
-1.53448288513
-0.224943009224
0.14455151533
0.361577508452
-0.509117049943
0.229204058201
1.21896292076
-1.40744053671
-1.86906603874
-0.749889470664
-1.4430876543
-0.562824052396
1.00026307323
-1.40865605615
2.20486846105
0.0927269529183
-0.394395523114
-1.34817937165
0.938291082793
-0.998384864527
-1.4429754754
0.209299315459
1.55251885301
-1.27451814455
-1.80829662237
0.03673267005
0.533026922594
-0.841944177016
0.106985203557
-1.66351009187
1.7524105227
-0.077553443024
0.217771646537
0.333712889005
-0.659585138177
1.68105111848
0.841984383255
0.879813371976
0.85933095857
0.166176454054
0.369329220921
0.683389770639
1.09568948026
1.42008683448
-0.0237076368225
2.21577483378
0.150569260329
0.396924354469
-0.921084311449
0.325942149344
-0.372878340561
-1.74484801678
0.5998292849
-0.231667515613
-0.643315148323
0.156829414312
-0.955368230706
-0.936453565502
1.39402592632
-0.61260585476
-0.231346549541
-0.593017616498
0.987498698682
1.94586495536
1.29882796035
-0.233492818027
-1.23832427774
0.220527513053
-1.88858938624
1.22241354351
0.762359416787
0.82173681222
0.898460360102
-0.330796978092
-0.235735439144
0.96625467425
-1.29448303155
2.63398150573
1.38838823047
0.256996151519
0.0959778674929
-0.792613386107
-0.80651979979
-0.866478944199
-0.388911994898
2.08932241462
-0.0242969757523
-1.23422261172
0.347551309366
-2.42686533423
-1.74713615852
0.856083484256
0.479662190102
-1.13653966502
0.479445844847
-0.867259324963
-1.65514177529
0.205004228234
-1.2209272001
-0.785044745755
2.58492250613
0.616106532485
0.288343797702
-0.442820640251
-0.534858997772
-0.162374998358
-1.43037454506
-0.992289757719
0.64649388104
-1.42255658068
0.880818821567
-0.897591249163
1.94371976521
0.323124184343
1.07297173871
-0.115170434241
0.55832506502
1.21865794467
-0.585914003994
-0.119321048227
1.62828271849
-1.84824690124
1.66628348618
-0.509950001147
0.848128659003
-0.755867263681
0.427431006245
2.00212053767
-0.0611300462727
1.45976119862
-0.350422874901
-1.25714361006
-0.096254710453
0.832677445323
0.0999780304706
1.43276981732
0.307994891195
-0.806176531398
0.525325005761
0.0564999089822
-0.215238827373
0.794131857815
-1.03938578053
-1.25622563104
1.80580889075
-0.783156220019
-0.236926495855
2.30257789037
-1.22682163334
-0.559715200599
-0.0507557985063
0.242860318011
-0.266946943151
0.286114425344
0.703771835562
-1.00811851581
0.899623134468
-0.141939286383
-0.520006534564
1.33233690562
-0.380731969794
0.538825935232
-2.22037532481
0.922809945428
0.381693257727
-1.58663609805
-0.701700915985
-1.50180762671
1.96379110387
-0.159227783945
-1.56215446856
-0.556862504667
1.70590429664
-1.84406694399
-0.152645113161
1.06528959829
0.746402152795
-0.369752071792
-0.701736624201
0.533791892547
0.183114854498
0.0515497374394
-0.736825797285
1.48107529166
0.987496510091
-0.108759978975
-1.23586122814
1.31564239298
1.36637583689
0.186948976464
0.0977490805766
0.730349059057
-1.83768562094
0.329300035601
1.61220513675
1.24291525749
0.063687908843
-1.59461686645
0.781230542644
-0.024799766616
-0.719995310273
0.533436273337
1.35664114352
0.451452564082
1.05911804952
-0.414491138624
0.712235551503
0.742062345892
-0.381191335949
1.30393751597
0.0599447460583
-1.58359641923
1.90261939895
-1.06926617996
1.16700098166
1.27107057588
0.984092463504
-0.465770001237
1.08145559122
0.802442330803
0.270064870868
0.0822395690674
0.133921631178
-0.723186430867
0.884701230079
-0.723082410997
-0.13555847136
0.12626668331
0.8030717664
0.880560349287
-1.643124036
-0.741088337266
0.762222255445
0.673952855892
-1.61780142213
0.570898570022
-0.943540384871
-0.279992416519
0.183545828501
1.16177865522
-0.229528743081
0.576980199758
0.593544701099
-0.515206121068
0.0127657369776
-0.103397112837
0.124750792826
0.44567531907
-0.871622451836
-0.334371850967
0.603645765312
0.518578752071
-1.31307018326
0.18518968738
0.238863137386
-0.65750308288
1.62909892504
1.64010434647
0.885677156013
-0.507174260489
1.39540795334
0.0450206941092
-0.810498918017
0.601843465428
-0.294637284577
-0.212909641193
1.74698343623
-0.757025585242
-0.403080948479
-1.23818989338
0.0140110134756
0.857022164873
3.04948968553
1.25879389044
1.31377562479
-0.758872038682
0.126924197269
-0.202426803174
-0.128603759594
0.579244297544
0.182512793133
1.18732358044
-0.134483167679
0.990412317983
1.07080260748
-1.14577054023
0.498774903083
-0.177634026605
1.05716556958
0.395627770741
0.886036867295
0.885533103903
-0.437078679607
0.757205346395
0.163572212332
1.08454985538
-1.29094614892
-0.432821362738
-0.833666998357
-1.35448727961
0.67625117262
1.34413818101
-0.451779045062
-0.935851286307
-1.53575546857
-0.0999395458878
0.879403941088
-1.8017527453
-0.0246204405174
-1.25880527307
0.671376383474
-0.179395978377
-0.638638515281
-2.15005459707
0.366554653304
0.717338105667
-0.422720684693
-0.819764124345
-1.35917388806
0.600426077049
1.11454299365
-1.55352938701
0.686972591945
0.144646603631
1.57874419489
-0.107908836917
-0.0987564822433
0.365541693099
-1.26188242568
-0.12712022696
0.035931479237
0.296096470666
-0.787543652927
-1.76213413938
0.0710951116584
1.70163303774
-0.484716023764
0.632889999372
-0.441648304776
1.15283023563
1.07991396785
1.61573179373
-1.16795820467
0.115313422377
-0.366224888331
-0.29776316534
1.41226631152
0.678118326775
-1.4237285138
2.42602502908
0.715677370101
0.0595803527728
0.812940287971
-0.408037594058
2.04476321636
-1.7489781199
-0.631232921461
-2.90362129092
-1.75726136167
-1.82056037924
-1.00834980126
-2.39644017213
-0.108471236143
0.118660411797
-1.39886296143
-0.411211890075
-0.254549112672
0.338989026208
-0.202444329802
2.38356157351
-1.75612416028
-0.575701821607
-1.1510930045
0.488279941498
-1.13368087895
0.87480776212
0.250952538841
0.928619162264
0.0564739248527
-2.30470352681
0.294238756865
-0.995436469644
1.69591705755
0.170434927342
1.0195751746
-1.11205692675
0.618379082647
-0.813419360899
0.630253624373
-1.37749832824
0.454058814012
0.575344307419
0.523564766117
1.52002534746
-0.247733859314
0.980069270701
-1.29604588851
-1.05814304658
0.847481352044
0.152083471675
-2.26190714575
0.19329972537
Score: 11