3
44
10
3
-0.657394725961
-0.660610472274
-1.38761749105
-0.808682900276
-0.0762025191963
-0.704477659084
0.767956343912
-0.0979023483332
-0.976519055474
0.123230407579
1.03304659143
0.493817493436
0.325808091774
-0.254251397573
0.246118772839
-1.0386871941
-0.229027032167
0.370680180321
-0.733235755412
-0.0720979540454
-1.35216391509
-0.157669788225
-0.0321217187626
0.889910552586
-0.0684560022757
-1.84338941805
0.553814269867
-1.09498231969
1.31231959007
0.775116735128
1.52026895825
-2.54380067772
-0.951726368699
-0.791890157366
-0.239573672177
-1.30478780865
2.1291587124
-0.638446325007
-0.269492251795
1.74921846357
1.35359872916
-1.53573634034
-0.778854950688
0.674966772704
-0.0412456779085
1.23713018405
-0.855345021685
-2.16355613448
0.226513780791
1.04586650905
1.18797649878
0.579969224805
-0.140131803227
1.20691423225
1.77153080621
-1.10072406329
-3.01155521168
-2.29399282637
-0.455937758185
-0.241633568648
0.0498941168105
-0.502846875764
-1.05095308551
-1.14614304132
-0.902848568177
-0.506211898582
-1.70379231033
0.00168401517818
0.217295158734
-0.456189219231
-1.5358861439
1.36459092225
1.59409024239
-0.499361233938
-0.444053587428
0.245670488799
-0.555774683809
-0.662426265652
0.228029689656
-0.45716455094
1.78535863924
-0.375431187207
-0.443882394596
0.29636998273
-1.05987116445
-0.659520515161
-0.716443270246
0.0864490690873
-0.262757434657
-0.762741222573
0.777103243792
-0.414926301933
0.792011852383
0.430965123694
0.581195976149
-0.829965864788
0.868580487641
-0.0393022688487
-2.27666570353
-1.00256847635
0.928968126895
-0.527165997733
-1.60712379856
-1.44401673771
1.63340293489
0.0643653507561
1.72450623009
0.492801483027
1.16072968555
-1.34717108478
0.210204937422
0.251821715058
1.2668695024
-0.296468716331
0.03945815517
-0.506502534219
0.924569204433
-0.882643909028
1.59283451629
-0.952554825071
-0.817567911927
-0.524541980414
-0.206656187432
0.578975145552
0.859670892753
-0.611704553103
2.10270882725
0.486739634859
-1.3006743005
0.52623929694
-0.173415068868
-0.43099184453
0.379419798837
-0.283415006108
-0.146899572118
-0.548966403024
-1.20919079279
0.630352974378
0.818815284881
1.24918366567
-0.726334600328
0.794285964077
-1.5753617441
0.771128912881
-0.442787250274
-0.996829213652
0.344710722894
0.89176345843
-0.163479408566
0.396874325991
-1.23829380283
0.838243113772
-1.76307778796
0.853705763796
-0.480601073915
1.81505816703
-1.17397928735
-0.378358222396
0.275124189292
1.69961349608
1.40827482548
0.0721793197101
0.00621965506963
0.313067577817
-0.803174519249
-1.17579852431
-2.22961003094
0.195510271289
0.41957443756
1.18795971175
0.981303935086
1.01210083668
0.0793422957844
-0.0198165408366
2.75170791876
-0.262274236745
0.16678192513
0.718573952224
2.11349118039
1.47382194512
0.11514973542
2.03512896198
-0.458709134354
0.105449219499
-1.88133925043
1.25187956646
-0.191173416579
2.11522633534
-0.370019527368
0.546489413233
-1.50794851585
0.979133353028
-1.60792327914
-0.581457524636
1.38998827927
0.0411802153158
0.128845216093
-0.0411242225388
-1.11737977458
-0.552804829714
-1.17189370193
-0.681453852795
0.818946963974
-1.55537105403
-0.882837182983
0.94876678006
0.413292725379
0.615911757175
-0.846388743804
0.346852194817
-0.994500028384
-2.0878987699
0.409848786533
0.635982840068
-0.106839300285
-0.649790077527
-1.24524749005
-2.48105145683
0.453621026315
0.692796742782
-1.38446991637
-2.51334096913
-0.238137551606
1.65439259642
-0.370302854831
-1.24237977004
-0.191554737944
-1.07162945696
0.334089601122
-1.0177707005
-0.687758247294
-0.358559884269
-0.670855716897
0.620456938089
0.253656885678
-1.7271747419
1.29409399697
0.146371385938
-0.982480048697
-0.237708519193
0.584612818085
-0.685571465506
-2.86010374095
0.675334105453
-0.0362152663477
0.138001071303
0.486932086393
0.430966204506
0.834443225193
-0.169541371079
-1.48626567612
-0.810398996661
0.705558912496
-1.17006436878
0.104175922579
1.48005882743
0.846979051866
-0.278439332685
-0.0181713815693
0.410586530021
-0.664625111199
0.0428235269678
0.926588830997
-0.0983287528825
1.03979819853
-1.03351275911
-2.14316179727
-1.77773428217
-1.52439867265
-0.0384813034717
-0.467662283733
-0.265530867132
-0.168828809074
-0.536774037337
0.278062540051
-0.421550594775
1.28171424557
-0.161141038657
-1.33066139226
1.67621214814
-0.475405410811
-0.202768809906
-1.99930599081
-1.20201023118
0.55142139148
-0.295104703125
0.945969386403
0.0655213794945
0.58852851989
-0.8259407984
1.24965845327
0.916023057871
-1.37861492948
-0.621704694981
-0.906756050492
0.631477076121
-1.05972729063
-0.25534919152
0.492487748326
0.626037655757
-0.260847822417
-0.0229454855126
0.0557325811967
-1.342163273
0.244619074235
-0.358689291109
0.242033072517
0.302504785085
-1.24880861748
1.42033799864
-0.943532460291
2.71466835952
-0.687759306802
-1.61616714115
0.349337606721
-0.273485963311
-0.180368750935
0.810274907648
-0.243294270244
0.838453062949
-0.229569002272
0.487059035511
-0.195169428125
0.610661574071
-0.332110939151
-0.552373883937
0.613893684185
2.06231889655
2.1352976532
1.20727971543
-0.558739466844
0.204591358966
0.257794486752
0.183261611036
-1.0986476541
-1.01485711533
0.5759947892
0.283610294594
0.861970522104
-0.625722651964
0.206023847637
-0.459545604657
-0.173205936441
1.93590659872
-1.08852613073
0.207113839914
-0.211940628545
1.09254592269
-1.34309014058
1.42523118013
0.276549335831
-0.841011596792
-1.2502387046
1.23665782648
-2.14269483711
0.509600844696
-0.610885953125
-0.166382972413
-0.388011597803
-1.65457675177
0.664254463903
-0.244204487114
-0.038286894628
2.08684781269
-1.35506408726
-0.258404177615
-0.542932308888
0.965689122987
0.896453668453
-2.29296017795
1.2098359701
0.234309287046
-0.327197424936
-0.380281724568
0.50815752485
-1.53608311878
-0.408561377314
-0.912999212006
-0.146833254117
-0.439398580371
-0.686740442052
-1.77856581049
-0.715624502666
1.37320576309
0.569084326236
-0.80121842979
-1.18279514015
0.530145124169
-0.563578174456
0.33831666549
0.49304928485
-1.78046780584
0.119227949277
-0.353042754501
0.826371024802
1.41294125548
0.913545153964
1.86050359931
-0.421213526609
0.850434438068
-0.0925309963343
1.66228200913
0.850324905079
-0.976084955748
-0.695416532945
-0.474070682875
-1.14963752357
0.65645030492
-0.780718351049
-0.258993962968
-0.107054514208
0.51895858204
-1.59609649766
0.944499203394
0.141746672813
1.22654027255
0.00688121322192
0.974988166094
-0.817739138652
2.21353549457
-0.471312981232
-1.26928115801
1.20607080366
0.184193036716
-0.878892036975
0.919342157271
0.823028441687
0.0246503471183
-0.852007675288
1.17188597926
0.0700877259912
-1.81411471469
-0.464408130012
-0.0745628737705
-0.978155332382
0.23571189433
0.0233480747256
-0.0669893609914
-1.12583968562
-0.1492077651
1.03953326666
0.0446057785099
-0.072865505602
-0.0877874294626
-1.27224469036
0.0776607832391
-0.43541786341
-0.680981253511
1.26435768385
-0.149230832108
-2.27913411379
-1.41664590941
2.13390443148
-0.612960775951
0.937250056671
-2.51654625796
0.0531054943898
-1.00203805386
0.0350454732134
1.38500704595
-0.219414110836
0.470044348705
-0.887958988843
0.898527635723
1.72501186176
-1.36875804044
1.99526991508
-0.570244116645
0.3561470236
0.659660938569
-0.90146394151
0.626897194808
-1.48807414561
-1.09739221001
-0.157205105579
-1.06969538226
-1.06807686617
1.1762151487
0.733961745923
0.0216091576923
0.947020421919
-0.421291067497
-0.943431241378
Score: 36