3
44
10
3
0.123679741649
1.54487700228
-0.519783443172
-1.03045765518
-0.58307431991
-1.52264427016
-0.0210010878448
0.414512032105
1.34753972024
1.47349180977
-0.756972724912
0.814156618191
-0.157967421203
-0.73804282312
-1.78199351476
0.132177935344
-0.507314333356
-0.15372175135
-1.02828510321
0.822573310499
-0.0576294889207
0.965720738614
0.495185478562
-0.994378204199
0.485920861391
-0.275791358876
0.401839645886
1.22646784912
1.075969365
1.0864608547
-1.73068106609
0.522987085999
-0.545773665028
-1.9196176943
1.37443582209
-0.363287613336
0.110280688276
0.617618584726
-1.14351081355
-2.33465207697
-0.806767737323
-1.71025684748
0.120718865231
0.0579117116731
-1.2996861386
0.367046978936
-0.915768891174
-0.796783538969
2.45931685571
-0.759577269034
0.538569373231
0.397054319821
0.315598459041
0.764428169602
-0.842983380825
-0.140397884362
1.09589829909
-0.00256365283627
1.57585715034
0.412484476511
0.790339923972
-0.679848905235
0.614154168363
-1.10082340699
1.31458690446
0.361365496855
-0.0135719179275
-0.67548911478
0.270122422748
-0.399889202014
1.22399356784
-1.76850149256
-1.40358588225
-1.24188260276
-0.264095364086
2.08069473601
-0.650862177443
0.0812945947488
0.47316546199
-0.402979773919
-0.548333997648
-0.326513710058
0.836588120514
-0.125372140576
0.0954598279894
0.347363095244
-0.935248296002
0.856747365149
-1.05190521975
-1.67598988297
-0.190126439375
-0.697559921242
0.0147472929237
2.14363077027
0.180282036693
-0.820917636266
0.425930252321
1.61319190438
-0.0875852253775
-0.278747454645
-0.451582920302
1.51674488741
-0.409921211072
-1.12301107076
-0.757985832431
0.178810947001
-0.0835112282107
-0.275024448216
0.884503725108
1.34666352279
-1.41591520614
-2.55561139447
0.321230891108
-0.945529575441
1.71146915746
0.896703329758
-1.53662649883
-0.751057474935
1.04358296947
0.0430363398883
0.411964850116
-0.960620518486
-1.76895542558
1.3222127494
0.582697116124
-0.261718630842
0.644405047214
-0.753769394518
-1.03977952222
1.27946470225
1.44705910199
-1.09850088804
2.00007426085
-0.833930428545
-0.546202669683
1.24829616456
1.52130694785
-0.593454232591
-1.40444504796
1.33074362948
-0.745521686762
-0.210722084668
0.932671782286
-0.378478000896
-1.42802003391
-1.07305583748
0.826886606767
-1.87176385273
0.787737026554
1.50928037455
0.681373313347
-0.730097769504
-0.864896700318
2.92706549383
0.0217612273417
0.958108487348
-1.53889645386
-2.22435100125
-1.03537538035
0.0943219234536
0.716434219504
0.50834280152
-1.14522176141
-0.234849689394
0.633616114587
0.164945065846
0.93089149281
-1.10727024809
-0.287565139535
-2.03329299228
-2.04702439836
-1.05113363615
-0.394039358171
-0.16395720088
-0.954781864651
0.0184675144224
-0.988492410563
-0.08455866189
1.88319578045
-2.5621158075
-0.620501704938
0.0517887409684
-0.23966291309
0.714019025174
-0.311900808354
1.29796809362
-0.313761178308
0.415837954551
1.46164714059
-0.598277105517
0.483576243463
0.311665908142
1.20117332186
-1.06255641874
-0.387565434702
1.42688322181
1.28262233693
-0.588733373758
-2.04801026348
1.08787396183
-0.954461587681
-0.213657254611
-0.10069917543
-0.796037565822
0.055731149928
-0.735341114234
0.493854129095
1.00865631052
0.0480913291172
0.564880448278
0.608373486873
-0.507417458927
0.17118244448
-1.12341496867
-1.22429312662
1.539686115
-0.537396698173
0.792187343694
0.179796532392
-1.21788418231
0.149346452043
0.974868996308
0.396712466699
0.615023714501
0.901352040613
0.222405746644
-0.140428093811
-0.782725483863
0.0427636166105
0.411542089879
-0.941087243058
-0.262524628949
-0.525251556438
2.07258129413
1.3795477469
-0.996279158376
-0.78521911227
0.2671237455
0.422537040519
-0.347256690237
1.33368840776
-3.01279272199
0.595852469945
1.35434369107
-1.67072392064
0.517147745103
-0.973382116257
-0.333050384974
-1.62102391328
-1.13107162364
0.138717548183
-0.365040690591
0.696225031093
0.208150116612
0.430579716725
1.13151425723
0.516737149531
-0.616506496139
-0.707429500747
-2.13911038642
1.41024921225
-0.284552648771
0.635380983116
2.46262527585
1.27492255852
0.16584151433
-0.477731222054
0.0292678285113
0.302085600932
-1.58473640085
0.132607017507
0.729071984739
-0.839694232682
0.0614443340403
-1.15320821372
1.0241187444
0.369024826771
-0.70625632298
0.920013908294
0.0953566762299
1.20892540581
0.346094458334
0.279624015072
1.2293523479
0.989408433487
0.0890323934675
0.296230211672
0.0821677740059
-2.20733561423
0.507940187242
1.13945786533
2.36121307079
0.497547456554
-1.25573308243
-2.31357683002
-0.327995769017
-0.622117310907
-0.347071225619
-0.520253148025
1.00982307316
-2.25653174052
0.937298099004
0.62879386559
0.597346973419
0.278794703933
0.446580606027
-0.0600216829858
-1.04624234765
0.0339914999533
0.961583767552
1.56924960224
0.937328500513
1.13355336159
-0.214521070799
0.367429294175
-1.14993382208
0.287780930625
-0.506016063266
0.844490116976
1.26461660744
0.43029454324
-0.421450502337
-0.223945141231
-1.43832617171
0.941124282364
0.543882957287
0.404666096475
-0.0900534376886
1.3116666929
0.945634444103
1.44711221831
0.296526610031
-1.53300274372
-1.45507009459
-1.25026311715
0.0223321867835
-1.39827896993
-0.532827051607
0.823721550544
-0.788516977431
-0.00964940459916
1.25208443361
-0.846460248119
-0.84246539428
-0.669883941342
0.337721600735
-0.647575452242
0.0356585808944
-0.175325018633
0.254551338505
0.631675921643
-0.585131234489
0.571467789458
-0.50743662897
0.064143922785
-1.36714186513
0.10759329416
0.763592993099
-0.271602900197
0.353055932541
0.997598246219
-0.124614227693
-1.66563571491
-1.49748137168
-0.426086933363
2.0842562531
0.263244664561
0.5538360943
-0.781214512144
-0.471643468316
0.901984010404
0.555783311974
0.130721202041
0.0792177593017
2.6856829927
0.0525537438255
0.126791678225
1.85509496256
2.54400200079
3.00599360528
-1.19777726831
-0.296127076069
-1.72804627109
0.507879589817
0.161241202233
-0.749303643229
-0.21478085805
-1.13660403045
0.167328385854
0.00757340703527
-0.331228652439
-0.724664504287
-1.37675997157
2.09590825741
0.477407142356
0.592865351505
0.471151385646
1.13476765671
-0.134884914918
0.201907942097
-0.380472013929
1.01250778977
0.554897875645
-0.266725440721
-0.350508233762
-0.932875149867
-0.170894907566
0.494712881574
-0.0273017733529
1.36796628627
-1.48108781264
1.5423542785
-0.732862670009
1.38377928853
0.460463544616
-0.504508254971
1.27044436776
0.694462712778
1.20490936359
-1.94032084336
0.758823904115
-0.883904040279
1.0671718891
-0.504673485425
-0.0953542317205
-1.61721156798
-0.652274897584
1.00991744171
-0.0894457461441
-0.101882243681
-1.48238615431
0.688482074883
-0.639034935682
-1.0432125892
-0.0738718355565
-0.22230622928
-0.439877609273
0.238460498583
-0.433370169686
0.00625411997093
-0.0865890661309
2.22280958267
-0.714803561912
0.199982389233
-0.177320049912
0.266228618398
0.120536798244
-1.08853812872
0.00471764675717
-1.66521430682
-1.20670130434
-2.74110152533
-0.754062705929
-0.644019612104
0.880716453483
0.147551915737
-0.17785139714
0.619074537888
0.389079170457
0.958268839494
1.4090451734
-0.132107874867
-1.42914654798
-0.222272294905
0.0763943493801
0.152664342779
0.0397430234774
0.299337126406
-0.270155860748
-1.12592884051
-0.393762183903
0.764482234624
-1.27117292908
1.31858288179
2.48387313129
2.04579060522
0.0896812357095
-0.652545109065
-0.269531978557
-1.17494133087
0.283348815455
-0.340599919366
-1.51920306657
Score: 1