3
44
10
3
0.161132194992
1.59530991552
-0.410439138872
-1.05075360494
-0.417612929692
-1.63756013073
0.000221736832099
0.277663530155
1.4665996135
1.42280628149
-0.693036736688
0.750306112646
-0.0815634649438
-0.83546845049
-2.04814683157
-0.158987729113
-0.177424722502
-0.0825275184481
-1.04015762921
0.595716415782
-0.138526052104
0.808979790683
0.564382732225
-1.12874235439
0.516140920818
-0.392436225663
0.376999269968
1.5883845462
0.978811555428
1.14394371087
-1.9125257736
0.259105645721
-0.619768009881
-1.8717202841
1.28292683112
-0.31295300048
0.110731566812
0.579362539722
-1.15257466089
-2.09075171475
-0.586399794022
-1.70453933752
0.0569533657992
-0.0121740448465
-1.18215449991
0.612443048167
-0.804120711514
-0.869924160081
2.50612841887
-0.718066009434
0.564995441626
0.192521939799
0.192185759596
0.828935011276
-1.01268659483
0.0798666556425
0.921760964906
-0.0280483724748
1.42368082381
0.578177777761
0.778522257074
-0.797781938134
0.577263072861
-1.30507648974
1.53040326202
0.40159620268
-0.202442933495
-0.736463444979
0.1723837133
-0.426020164497
1.22034813382
-1.37754968391
-1.63592480543
-1.34860738289
-0.518726117797
2.13538265651
-0.682300046157
0.0733979211611
0.0195308342354
-0.3626832938
-0.554141792088
-0.497410820204
0.781021822557
-0.225729484442
-0.00196425508438
0.182136424357
-1.14268555194
0.758958445271
-1.15939275171
-1.81331412119
-0.062497301529
-0.850601946363
0.143353467685
2.28251512042
0.025733356835
-0.61570432488
0.424888861898
1.62866049671
0.03482504999
-0.301120015223
-0.430292855963
1.37690016031
-0.373375843961
-1.1100931232
-0.982407764255
0.0214867841852
-0.141973998071
-0.510350577556
0.754636752927
1.47742607915
-1.43796802057
-2.67316360465
0.430889733084
-0.900493082073
1.88598465046
0.588339413991
-1.21996773587
-0.721660443913
1.01953431767
0.0176743131725
0.42700854352
-1.03111838887
-1.6725702762
1.20059214577
0.499129242074
-0.322160455395
0.739759287091
-0.773199338011
-0.901249103006
1.37210234601
1.41708441632
-1.19041632805
1.94511248252
-0.890178714832
-0.485518863775
1.25260598506
1.5188603507
-0.525166268997
-1.56174220556
1.30590612806
-0.655200046668
-0.263408293641
1.00822764008
-0.531446882052
-1.26482549894
-0.776581699006
0.832545146849
-1.93711814197
0.696105293042
1.39274788102
0.604877554635
-0.393918595986
-0.875337487537
2.74649009737
-0.200772459438
1.11812995042
-1.54872355244
-2.34847896031
-1.12990987064
0.139678926427
0.676294729958
0.625844091751
-1.09100452246
-0.328239963517
0.652310521116
0.116799434311
0.887162659357
-1.09277191988
-0.345297584543
-2.23641896626
-1.93054838573
-1.00513054283
-0.530835253969
0.0119205595846
-1.02040340645
0.395500688664
-1.05030600119
-0.227754883743
1.76450313088
-2.45583028042
-0.486639668035
0.0541073497851
-0.363028986059
0.677426542504
-0.172439728995
1.52636512663
-0.41858206051
0.457904479583
1.39879932616
-0.812472978221
0.589463670566
0.142391853781
1.34586005415
-1.21680774787
-0.216699964812
1.34763226884
1.16748065132
-0.563965251182
-1.90210694633
1.22973984432
-1.08049664532
0.145855707779
0.016021059561
-0.799651920193
0.310109068344
-0.456132057159
0.412452710667
1.11469632045
-0.144778233962
0.439115112701
0.535284209489
-0.655308898984
0.24765227577
-1.09384956279
-1.37437362647
1.45355097749
-0.790590852559
0.890487412381
0.263487698117
-0.926556245281
0.136036553792
0.942469239838
0.330160372369
0.677386362348
0.702071698452
0.290821036873
-0.460554418034
-1.01934880225
0.0780476143564
0.391150846531
-0.964611022507
-0.325902816492
-0.462326981019
2.11374400634
1.60043627343
-0.834133514548
-0.986020523743
0.333367066353
0.26975156981
-0.308709869903
1.64863499128
-3.1015703476
0.516428200945
1.50830674196
-1.68191067247
0.530364435958
-0.734342721906
-0.173911710749
-1.98806610876
-1.07829669773
0.0597870443489
-0.38180318986
0.780083383967
0.24669681438
0.580974878505
1.1069735402
0.477434522805
-0.579578437646
-0.553387371495
-2.19411016093
1.20877568226
-0.214743021328
0.601871460818
2.31106004967
1.34874831729
0.346036533121
-0.518232809053
-0.0866749106899
0.127526382174
-1.33742369831
-0.111483125349
0.919216734068
-0.739062022847
0.0773028217137
-1.29889756159
0.946980398881
0.470289501514
-0.47540954686
0.685317363126
0.177118927126
1.03501480099
0.181821300966
0.403325598889
1.34890936541
1.19218421884
0.166792711817
0.283984100297
0.0521338733771
-1.98681715999
0.175843210017
0.897656157432
2.5126339325
0.340755521431
-0.994903030257
-2.03520158456
-0.334111388277
-0.785094230097
-0.563606179762
-0.449144337516
1.16580643473
-2.23519771515
0.982557374326
0.506142389284
0.711416977399
0.29648175745
0.644547282305
-0.387270601522
-1.05217809489
-0.0305519438336
0.88653420352
1.87224010682
1.00613809887
1.24449187939
-0.273813091199
0.190044698837
-1.04858679184
0.245690186455
-0.459613146564
0.695585066316
1.2246542239
0.547788755312
-0.653945335044
-0.228265658657
-1.3224529312
1.11468653454
0.387439887777
0.166373719662
-0.112032196203
1.18772402229
0.78975420638
1.30045226478
0.264162282931
-1.28764070143
-1.37218285541
-1.27728783717
-0.0757776140691
-1.36225662779
-0.606840800797
0.884310885152
-0.807906458839
-0.0995686886079
1.36229708079
-0.903296303523
-0.947942968165
-0.593772988584
0.332781134884
-0.767573842777
-0.043737660537
-0.270379230004
0.35969207467
0.699109568596
-0.29349316471
0.63582044839
-0.708845420832
-0.145712258099
-1.72897575875
0.205107117525
0.765835515905
-0.440076405828
0.31319739641
0.928316676329
-0.0820538676468
-1.39063364754
-1.44905430029
-0.490234881013
2.22788846407
0.266858041062
0.640465096667
-0.767150378919
-0.437407469293
0.693030381442
0.757346890567
-0.0300763965536
0.166626284311
2.22370501076
0.121767324627
0.293405843583
1.91472333071
2.59732357934
2.84337957991
-1.09221277969
-0.21750144456
-1.91404476212
0.566807905009
0.199218491981
-0.777948202949
-0.190528434811
-1.33933802263
0.10795002725
-0.0903891165844
-0.322766166831
-0.894319973012
-1.43641185493
1.90293059586
0.628337823202
0.333584616256
0.519603440983
1.26104538806
0.0372928191394
0.36629751444
-0.374837471665
0.969823282504
0.421664451951
-0.171746630674
-0.461466502954
-0.789147384886
-0.290784318145
0.533076571141
-0.0254322936273
1.47458777707
-1.43978898479
1.38375243407
-0.561193357932
1.37821867722
0.344801695355
-0.450340852454
1.37216225864
0.44584321506
1.22369518943
-1.63932607075
0.750589135965
-0.755915331226
1.08948591958
-0.723062387458
0.097682308969
-1.44855542888
-0.605640392182
0.847664898005
-0.0579657225646
-0.187856402489
-1.26984549086
0.48299301501
-0.755926536786
-1.14550226415
-0.174102132211
-0.314096841287
-0.492288621248
0.572622163124
-0.598877067437
-0.0331665677756
0.0523322851156
2.09626043264
-0.725669725935
0.121925178184
-0.0390745674436
0.352034006817
0.0919638313693
-1.16463051592
-0.249642634497
-1.83816189779
-1.1718055749
-2.63990139154
-0.688880133567
-0.712242580636
0.919263013336
0.15282434531
-0.0512716173003
0.544585621886
0.229329501263
0.891702711245
1.40483431765
-0.250019163969
-1.41591167853
-0.410262879655
0.203494066521
-0.0649522251361
0.305739881016
0.14655507758
-0.259048274887
-1.01241112608
-0.461380150342
0.566478083627
-1.25146316932
1.42557618166
2.25438454286
2.01733397539
0.0502522053186
-0.745573972295
-0.541584693105
-1.03126943207
0.237856010876
-0.17249313284
-1.533697803
Score: 1