3
44
10
3
0.0545320276356
1.56313394845
-0.40599776357
-0.970813614009
-0.411554911672
-1.58210680915
0.0156313065009
0.621821207814
1.63582024448
1.5661554814
-0.879192853498
0.574968610697
-0.0396181480457
-0.673121980419
-1.97061728254
-0.0979378027691
-0.342363840581
0.0619792168894
-1.0835141109
0.629309716173
-0.203224041868
0.704971785785
0.574026271867
-1.01553379183
0.248009577703
-0.393727347137
0.404483078104
1.42703116554
1.08749306024
1.0438235657
-1.82731109424
0.422068040519
-0.345592572942
-2.14466749764
1.32189814456
-0.203228448944
0.138665840787
0.531430389118
-1.16295171327
-2.37163395629
-1.06450150033
-1.43350749354
0.100702056568
-0.0453171528398
-1.30166104438
0.437433360402
-0.904768262011
-0.703423934715
2.77720733782
-0.747212121981
0.628677705199
0.275298540257
0.648132512363
0.652462775115
-0.814394271884
-0.0794052437835
0.90622679853
0.0900686814282
1.67137852667
0.466820352391
1.15454714552
-0.789693216746
0.703638272395
-1.15876237814
1.24693487988
0.300351745615
-0.00543014482532
-0.829853797036
0.378779731389
-0.319947742403
1.21531145243
-1.71389202117
-1.25766129909
-1.25217698598
-0.132296329821
2.01912711059
-0.655541180189
0.110084755262
0.389958823457
-0.363967551099
-0.663817640587
-0.43523949497
0.783741581273
-0.121414414747
-0.0241974738635
0.297095115874
-0.798186874265
0.530728824904
-1.09856246628
-1.68437680022
-0.00853848373194
-0.794303642958
-0.00471942819408
1.88940658447
0.241952942111
-0.631541012862
0.366652255127
1.48538676129
-0.253176968638
-0.23134674749
-0.431770060179
1.68848231237
-0.453845576006
-1.24023788932
-0.792906874155
0.0676534446505
-0.0735061256492
-0.234681340109
0.855748776334
1.25186031069
-1.54487279518
-2.56735834101
0.547116291287
-0.989873010823
1.6263786204
0.89837146277
-1.65343764202
-0.986654920384
0.90103104092
-0.00744257431266
0.663149450582
-0.874483085357
-1.82986828131
1.24299228809
0.356206322619
-0.284415335605
0.523992567955
-0.467660492565
-1.12747946682
1.37503687142
1.42639064419
-1.25985132575
1.86333281221
-0.700722863078
-0.616778415789
1.45504165666
1.46700890311
-0.474033452567
-1.557688739
1.14421411484
-0.834348794539
-0.0874673076889
0.827934759521
-0.490075771353
-1.43234428493
-0.991391275079
0.820927112146
-1.58067456657
0.630201045086
1.4418920776
0.819116108022
-0.437715365771
-0.992730704775
2.84467321976
-0.0467911541402
0.766666881648
-1.66355495037
-2.20100793863
-1.21680196925
0.0949327954207
0.751419685569
0.732119242882
-1.01409583839
-0.242392709563
0.477437785901
0.283695699647
0.901234602079
-0.882777759342
-0.307879577395
-2.20757076181
-2.05810585832
-1.06900805375
-0.392551362365
-0.00522793899525
-1.2700306617
0.0919086423328
-1.29798718965
0.198176764702
1.98813198307
-2.5611631279
-0.736078450182
-0.0437095971924
-0.257436701043
0.780897801266
-0.246811200676
1.42451437035
-0.348411816498
0.535894775713
1.1940138761
-0.635660301735
0.440215551848
-0.0198568307439
1.1523654952
-1.06839430557
-0.281629616072
1.32281125609
1.15494992706
-0.487350187993
-2.18823357547
1.26505738489
-1.04508073853
-0.106532725779
0.217377504551
-0.785986682033
0.353415241794
-0.504670778695
0.687426165307
1.13151580542
-0.132956418493
0.590996081961
0.675992622473
-0.455011321925
0.195095820088
-1.16128220714
-1.23455430492
1.56371327291
-0.576698249168
0.787424798132
0.250462590188
-1.29002115119
0.131317187465
1.08316161115
0.52719564531
0.657209809123
0.616740822662
0.463807574154
-0.387699276419
-0.947136271256
-0.039073296884
0.543938254835
-0.620426148914
-0.277498913638
-0.48840489253
1.98956298724
1.35201217531
-0.939261847582
-0.804664135085
0.514709918773
0.216956461033
-0.450457650609
1.33991445503
-3.20682487763
0.620723660348
1.23223208556
-1.65203712407
0.492761751699
-0.926937531361
-0.208314361023
-1.71622100807
-1.25627849836
0.256701837108
-0.432005596768
0.620660966495
0.05596303991
0.474181059656
0.925650896975
0.618513409174
-0.533465062665
-0.626316610917
-2.10501049512
1.32924446664
-0.33957459084
0.537901067979
2.34674874105
1.31374931341
0.136985472688
-0.612323753902
0.165849485514
0.294021907187
-1.61290909676
-0.117527362192
0.818664736356
-0.820643394508
0.170342792704
-1.06651150785
0.959890119662
0.433923498869
-0.487009245375
0.864253799893
0.298649036239
1.2126229913
0.485797903611
0.327206327002
1.31875525935
1.00909100746
0.15483101947
0.420200428406
0.0598113984437
-2.01354734874
0.272870994443
0.982922016683
2.2054096423
0.590074996576
-1.35586987114
-2.17842578341
-0.499718302408
-0.7085470111
-0.518283154857
-0.680928036562
1.02744817214
-2.18370098183
0.975568834575
0.407562176864
0.810136011409
0.184890293184
0.475782199436
-0.304252362435
-0.897588785264
0.191711814077
1.00239035412
1.68954707102
0.89031848523
1.34641346255
-0.0547418985815
0.00765774120343
-0.914277963335
0.125907375529
-0.383700442319
0.69909869968
1.03589677662
0.47740838413
-0.403009375457
-0.555151165872
-1.40321886891
1.06807089399
0.590186839865
0.516081494507
-0.0674355825612
1.12046087105
0.833620727876
1.33547613011
0.280382365778
-1.33295440064
-1.45184740347
-1.08631397102
0.139359227561
-1.19676201029
-0.335377142579
0.916257593216
-0.647610349744
0.233103901558
1.24927054651
-0.847681536175
-0.839345372649
-0.643988214551
0.336560820875
-0.731449376487
0.0325130367811
-0.0241379269501
0.0789257783083
0.616054732528
-0.414339591364
0.628679181282
-0.424544176183
-0.123285867168
-1.4229464155
0.0939467029719
0.645886562381
-0.361658797504
0.720420519003
0.866684160526
-0.125879381571
-1.5490703233
-1.6579054924
-0.283605259268
2.18485424136
0.202385458544
0.686301823005
-0.725135002139
-0.599214364229
1.0474935937
0.699204448704
-0.0710423473442
0.117865003163
2.49153486186
0.0154284277829
0.0822490615105
1.98037069094
2.51090001771
2.77278836868
-1.22107739473
-0.165185582035
-1.92845089616
0.476695191734
0.246320192204
-0.500234235217
-0.247753890027
-1.08374583158
0.123384154874
-0.177725505353
-0.405564877933
-0.824509356944
-1.51619454843
1.90927279055
0.481301550253
0.56151125157
0.554536412845
1.0418247171
-0.170949874319
0.410291066405
-0.250947115434
0.949490764458
0.486229055461
-0.381291464896
-0.368505223842
-0.904091508553
-0.316409573912
0.546463500316
-0.175999358925
1.33995070943
-1.2681524054
1.45283534922
-0.882348846021
1.36015615749
0.340285335896
-0.563251039096
1.23212244319
0.638804220043
1.21850720749
-1.62580571204
0.686826154676
-0.990689473682
1.06754265548
-0.655426019666
-0.0371181914101
-1.76824169236
-0.8361296298
0.709015462226
0.0180322491411
-0.184309935667
-1.49458766596
0.628801380699
-0.745255295319
-1.17988488465
-0.100562871061
-0.148670286198
-0.421420329949
0.286432951234
-0.350078870888
0.0756203367737
-0.102691382837
2.06805529568
-0.826757100919
0.233717401371
-0.100290502912
0.236140206156
0.0782042002004
-1.15246554784
0.0459084367652
-1.72380855816
-1.18467269136
-2.79761920308
-0.552265239231
-0.498639771236
1.0217824262
0.000880712827951
-0.0627576814895
0.705159617393
0.433203343257
0.889528913233
1.41338384257
-0.110356202566
-1.45643662848
-0.439494327426
0.177125435602
-0.146564196603
0.0581173165404
0.28394944306
-0.509738736137
-0.997248445404
-0.300683515623
0.820772428052
-1.18108264103
1.27832736745
2.47563302812
1.9650934648
-0.160816217359
-0.585331686082
-0.453134344563
-1.22717405554
0.388417310643
-0.104164292234
-1.53365557504
Score: 1