3
44
10
3
-0.867576850793
-0.754809732649
-1.48796035086
-0.867684363082
-0.204283977032
-0.483282207075
0.94132770807
-0.245267806517
-0.989905355758
0.0486290235053
0.992949838013
0.46050741272
0.255257658167
-0.24873339022
0.197412955787
-1.32806505881
-0.510832132175
0.36560473348
-0.615657397955
0.191240455574
-1.52089304327
-0.136753114306
-0.104873188336
0.481422243916
-0.194980878573
-2.02228713447
0.546487551901
-1.06876653663
1.41196859414
0.772555462077
1.33006792199
-2.54225574958
-0.556404877659
-0.861441787357
-0.215422373341
-1.34467719577
1.98971551828
-0.673574109917
-0.204238475049
1.69602198833
1.36609566308
-1.33849844484
-0.826733958577
0.561067501475
-0.0411706580916
1.02216437546
-0.789623411193
-2.06153326231
0.199152653987
0.933767699605
1.19384262118
0.692954982935
-0.256187217
1.3689440407
1.57824612332
-0.830457533412
-2.69614286365
-2.18717355133
-0.459413696879
-0.111827001271
-0.137306112505
-0.372255063082
-0.867277306826
-1.19245609897
-1.10571864224
-0.380966864161
-1.64934815517
-0.20805637941
0.138397992362
-0.59050900785
-1.61608581231
1.37249129851
1.60919309939
-0.499799037739
-0.353506038376
0.312934133981
-0.681325141438
-0.556223872761
-0.056943153103
-0.276860766328
1.78048365323
-0.292527420078
-0.452111987503
0.487992273915
-1.17854667907
-0.726236099798
-0.718171019074
-0.119800546777
-0.163838132394
-0.992315164232
0.817973775051
-0.398485675723
0.917702207524
0.538892881485
0.694723061437
-0.558315792447
1.016023636
0.0300979490733
-2.25759324519
-0.984566804614
1.09715854408
-0.426761393495
-1.85481058834
-1.52798266504
1.47434374047
0.00872878439942
1.88878886535
0.558959367766
1.49547813289
-1.36249312048
0.222637300489
0.347541071743
1.29522600846
-0.334813218572
0.295739077976
-0.556286503395
1.0805122416
-0.68641244499
1.67501891657
-0.751648360476
-0.659582020988
-0.432359517564
-0.314897837908
0.574659952207
1.01063971791
-0.737447399984
2.04484644801
0.439551364614
-1.37919612822
0.645079770426
-0.0889333890391
-0.427740531086
0.421809881833
-0.560986175542
-0.227919377617
-0.680475841517
-1.27786751219
0.75306448421
0.866686152417
1.30472704282
-0.585100546102
0.66768702038
-1.62532779699
0.587245871484
-0.311030107393
-1.1373497061
0.355008036363
0.805416392587
-0.1517016772
0.301024456991
-1.44535105133
0.664191481399
-1.84732060405
0.756744587054
-0.675760642492
1.74306310343
-1.28031230043
-0.374539304647
0.257530666777
1.74466355712
1.03640664183
0.214160818344
0.0027308389249
0.298138566747
-0.655372400707
-1.14601421086
-2.30057674491
0.217346394786
0.639373695699
1.23936099947
0.780846475661
0.773548090196
-0.226310568401
-0.155841875468
2.55030037595
-0.330729102366
0.0468904929988
0.826966334988
2.18387959207
1.44465557925
-0.0949647256249
2.05305776899
-0.260587752945
-0.0222677751792
-2.02036858044
1.31563527111
-0.327079034848
1.81321028055
-0.167751856541
0.43498386176
-1.41110476914
1.02473204228
-1.86152981415
-0.77595831625
1.4226866464
-0.0718353632884
0.134037730703
-0.173649551
-1.00794384126
-0.178573214632
-1.23365441977
-0.946309399061
0.855509705342
-1.59952521131
-0.648608874605
0.925233610593
0.49602896211
0.577638136179
-0.990746151715
0.42217827877
-1.14522410685
-2.27396333499
0.36939422774
0.621674799416
-0.32286461282
-0.504494736434
-1.3347799524
-2.49251837041
0.639637911822
0.680354297524
-1.10000801431
-2.61924894003
-0.0768470639651
1.35602350078
-0.370662232209
-1.38274809432
-0.303224930369
-0.786669758453
0.179662593156
-1.13568494994
-0.679963076529
-0.237272908369
-0.824697107619
0.233108665481
-0.0424202330447
-1.67144682332
1.22428297017
0.33809658231
-0.840337813576
-0.316284379146
0.450560588582
-0.427281674068
-2.95674040008
0.892910599303
-0.079490859843
0.274472694811
0.498078439369
-0.00707546339265
0.916904937631
-0.24706736808
-1.46013575247
-0.762088418819
0.911368955781
-0.961952106716
0.0766150086689
1.10274789373
0.822934646086
-0.110284932247
0.0260059973829
0.222198317729
-0.711880595026
0.139473260385
1.14699246008
-0.267892671453
1.18853801622
-1.07571199262
-1.96922710851
-1.97853468535
-1.23669698047
-0.378421537522
-0.342005554753
0.00947555463679
-0.112736665437
-0.399174310567
0.172432963843
-0.411687217153
1.32745878898
0.155083970784
-1.68422329236
1.5069253408
-0.309350028932
-0.342302738232
-2.01807422037
-1.0045276861
0.337614598316
-0.521401623319
0.769262913051
-0.12500651144
0.567517800949
-0.845197402067
1.31710570185
0.737200641999
-1.4220268911
-0.764847331349
-0.947826927131
0.820632503041
-0.902119519787
-0.2719217509
0.47950564483
0.463093274623
-0.171442283069
-0.282797186339
0.0261164136296
-1.38990049976
0.00768547422848
-0.385620884201
-0.0982899564571
0.293495396826
-1.17655409345
1.64615040856
-1.02756992639
2.42199817899
-0.636977917473
-1.81229450443
0.510050417168
-0.427493882301
0.133481965118
0.539821166683
-0.508765738962
0.737084398211
-0.378610446124
0.285563363172
-0.17263065492
0.499490875988
-0.127301681243
-0.405931973732
0.688410460612
1.97745650018
2.48429721086
1.26715828159
-0.473622367378
0.100186266259
0.130566455773
0.168431393641
-1.12170763345
-0.93039860104
0.413071177587
0.308009435808
1.00956401566
-0.245178588325
0.174451385671
-0.336872874387
-0.354990333395
1.87778112843
-1.11292854284
0.344224725724
-0.28188023868
1.1114110342
-1.03972236271
1.49496069894
0.167888110029
-1.09863068909
-1.23457424049
1.26131237361
-2.05981690258
0.208456054509
-0.602555878295
-0.152700848845
-0.654362007359
-1.71331232743
0.605894608654
-0.293038342987
-0.135714685918
2.04411869642
-1.44464858429
-0.149230360541
-0.457708851755
0.986042456089
0.754599752316
-2.22257558157
0.992492126118
0.274218874055
-0.367804033219
-0.443263621765
0.698195679329
-1.76527389817
-0.660068257704
-0.901554161672
-0.461761874804
-0.138130563596
-0.5303828024
-1.86288856216
-0.691051750452
1.08459941286
0.381840420963
-0.466067164542
-1.18939527215
0.457625174476
-0.479035384044
0.238985922928
0.511251895316
-1.69950212987
0.0287900264593
-0.193884867595
0.618491678976
1.39851746676
0.884245399002
1.82500907337
-0.709113696864
0.932313358
0.339623559797
1.97952514478
1.0600254673
-0.606064532388
-0.886854427524
-0.260654454373
-1.35607162268
0.704015251406
-0.529935952432
-0.183991044604
-0.190531140561
0.511923374277
-1.76590748421
0.951779222512
0.221523323043
0.919937081848
0.166573837406
1.06834624862
-0.68423058536
2.18105059592
-0.279291092278
-0.949997750268
1.37415159516
0.24030299297
-0.915544486238
1.15658385265
1.07343032983
-0.0134961545331
-1.15605191052
1.55291381641
-0.2272346222
-1.7493015211
-0.312916211999
-0.0890027356402
-0.841279502359
0.198614275853
0.0930012493485
0.0195564360788
-0.961320874389
-0.221592398174
1.12525263069
0.124520859893
-0.101016017076
-0.0814372552058
-1.25232686823
0.164560280992
-0.546865106247
-0.378865914644
1.17076225835
-0.159863482513
-2.08724055222
-1.35597464952
1.92155844614
-0.900969317742
1.10282752352
-2.6624880114
0.0947155796431
-0.64130614973
0.233421803236
1.46532171895
-0.110142237287
0.422252544442
-0.91846409767
0.954738783425
1.69975285697
-1.61999975588
2.20112380699
-0.776735582923
0.460294621863
0.346917550385
-0.822213484194
0.514635604015
-1.5193377813
-1.13696921594
-0.0622651483738
-1.26562018081
-0.92080705634
1.05105931483
1.07867249638
-0.158065924668
1.03939012712
-0.316083458223
-0.767033775391
Score: 13