3
44
10
3
0.414903869414
-0.795594298515
0.781368688976
-0.117907531997
-1.36082309866
-0.807362830139
-1.97252921582
1.87770449376
-0.620880165281
-0.3775870099
0.75242151541
-0.0255381336369
0.751767906666
-0.976885707587
-0.171018891438
-0.469664135419
-0.310071196526
0.41343211508
-1.66866886718
-1.14814181891
-1.54847437561
-0.50243788085
0.0131950433087
0.287657732763
0.175270298693
-0.343806765932
-1.67368789037
0.615448588328
0.269086116607
-0.543250683279
0.212961281455
-0.88727203794
0.888120186521
-0.379408361995
-0.29979720741
-0.119529556757
1.13867522933
-0.23287478954
-1.36035122826
0.100073792972
0.0968942817457
-0.029150038016
-0.0463851647967
0.0315980009234
-0.311269917647
1.40271981933
0.658181594891
-0.596015229445
-1.95925342471
-0.442621600019
0.0242383354276
-0.22265204429
-0.281606477859
0.938377172548
-0.860327693037
-1.20116476039
0.370080439537
0.106509785345
-0.866707129318
0.940187834455
-0.602529852051
0.138099966166
-0.202733591126
-1.22056994761
-0.611129540289
0.764458114477
-0.375411905215
0.767897259098
-1.39695139509
-1.63313149624
1.27873606426
-0.161517631913
0.682267559029
1.31250845609
-0.612322993444
-0.763756542221
0.989143659564
-0.586790738577
0.897857274768
-0.18485927415
-0.482790733198
0.330454134661
1.09587768034
0.865185636981
-1.06240941911
-0.145113724507
0.927426897623
1.0541189968
-0.643113330554
2.07385603991
0.562287813416
-0.707965480893
-1.60505563548
2.19750702966
-0.597224761041
-0.527050301141
0.349221522186
0.0234332456892
-0.690601236278
1.09650722895
1.14638727626
0.0118770188708
-0.286815685663
-1.34422850725
-0.197303185895
-0.524307516181
-0.0427798048435
0.918724291196
-1.16788093138
0.438065550599
0.453169581253
1.53184859873
1.03840846876
-0.619301035064
-0.14454212559
1.0195937573
-0.76617978219
-0.255202889584
-0.473502386477
-1.02581458533
-0.256569197204
-0.0146142947181
2.38840301123
-1.43182902435
-1.02458679954
-0.882590988677
-0.131806559569
1.52972367191
-0.937321891522
0.010549849779
-0.0902449790444
-0.0195055828337
0.985966862981
-0.0970143007226
1.36489517736
1.40799118194
1.36722027906
1.90343840332
1.08781757555
-0.419327210687
1.10080936476
-1.91108065221
-0.704222389856
0.623138433228
0.271988560043
1.41226222313
-0.359172489925
-0.641915799478
-0.785592633406
-0.351404509854
-0.277185727622
-1.46402464218
1.62754892462
0.876159208523
2.96381268597
0.0623900019378
2.04247063108
-0.578847223595
-1.52195252114
-0.189443654835
0.630262193285
-1.16896309195
-1.45827706159
-0.708678423176
0.504224139321
-0.638376533413
0.680267889422
1.44628650208
1.39220904746
0.715800708755
-0.435639619675
0.136406527479
1.64474370356
0.116598836871
0.109088415838
-1.19204514569
-0.0308140856969
-1.10348718742
-2.58593674645
-0.375354429961
-0.0740587441166
-1.40845099144
-0.737473832653
0.315028909907
-0.492183608312
-0.437788494946
-1.13879016756
-0.17620328845
1.8624549033
0.0704408665224
0.00994736749017
-2.80594049303
-1.78065343679
-0.266370793513
0.990881725334
-0.289047671983
1.09798865869
-0.771677814787
1.13131962235
0.518377101959
-2.89164182328
-1.53287700365
0.556625481924
0.443461958826
-0.665784806538
-0.915692641367
-1.24464483857
0.66402311719
0.663614821219
-0.90120850345
-0.5701256378
-0.307069012275
1.71744914668
-1.5120604136
1.30529928003
-2.93698831498
0.818949728891
-0.575132925076
-0.360267604835
0.642598285312
0.462033033361
0.38034673914
-0.0276101318663
-0.424139206209
-1.30211984572
2.93753809288
-0.23048621048
0.884189380337
1.66958692878
-0.757557136855
0.329088577667
1.13405765947
0.0165933650163
-0.252887210493
0.805412529357
-1.3980013507
-1.60135733625
0.529027274573
0.148951125358
0.843899003482
0.965873185651
1.11230026998
1.87591906811
1.10373902456
0.606509196164
-0.182951796474
-0.357575902726
0.995769326833
0.428874595663
-0.471196913952
1.33162655519
1.16976378665
-0.730934078078
0.0349255887198
-0.429433608813
-0.479295408443
-0.993433830958
1.20866991429
0.0744577563377
0.030027809986
1.68879949527
-0.957453675814
0.223144303573
0.84442784647
-1.54417670136
1.03249007818
-0.458707435017
0.685940907948
-1.05137946242
2.48391161308
0.52996118343
2.58207976732
-0.858326390103
-0.372888502257
0.287785508978
0.407659925349
1.89527274955
-1.0649616372
-0.634029068303
1.35053375534
0.575741109772
-1.82217421911
-0.135099974613
1.82681838365
-0.437509821066
-0.000668306784142
0.783964315772
-0.825418298102
-1.165039001
-0.546713081912
0.0477147239004
1.4787592721
-0.115842299195
0.533921149288
-0.138054846232
0.49872568551
-1.37838689604
-1.32574255826
0.834857617303
-0.882335073639
-0.0977726414047
-0.293704572006
0.245110075744
-1.21609497802
0.943388138641
-0.775127445663
2.11238889191
1.11931322651
0.057231783789
0.250884222495
1.00795953588
0.461452782846
0.141751760678
-0.810618827915
-0.378081044742
0.0111001046843
1.72361493387
0.735268970001
1.03290566483
-1.35326157355
-1.0939003651
0.220359940039
1.31529140273
-0.164605889612
0.0886776440812
-0.257859518479
-0.939981774146
-1.69245683242
3.06255543346
-1.19854387495
-0.564751051006
-0.480227150306
0.222002944824
-1.7704454077
1.74811919422
-0.343269653323
-0.72323080674
-0.47441200102
-0.424672081813
0.0709447469719
1.06139212598
-0.849264260163
-1.46134800406
-0.030117852824
0.926771966989
0.0244921100214
0.322773459748
-0.849891161627
0.27861000979
-0.894761110461
-0.374994306987
1.16457472019
-0.717338188386
-0.328041964673
0.0824225035859
0.550722350625
2.12089649421
-0.180111210021
-0.123472697654
1.8869705098
0.468304204856
-0.0409382136424
2.64119814087
-0.380651556666
0.474388063531
-0.672521844443
0.177510783733
-0.227866739799
0.484386724389
0.0192218181576
-0.472922323102
1.85697650784
-1.83422653755
0.705714238304
0.0837278790293
-1.38518855264
-0.638489924754
1.24213553088
0.854272548559
1.02942052756
0.789445569583
-0.434081004559
-1.07246273803
-0.347284364535
-0.548563037481
1.34016879071
0.0640462510825
1.00093299522
-1.1517055419
0.0921917174109
-2.07623509193
1.88943175213
-0.325694859505
0.579144381724
-0.577579574486
0.810410907751
-0.31597284115
-0.208767383318
-0.538300124155
-0.203426647551
2.29129695942
0.573073529924
-1.44534653794
0.24934266997
0.709392025514
-0.139711135752
1.00232085575
0.386978233147
-1.31360075768
-0.711728877614
-0.32977411088
2.04836791001
1.16846737864
-1.16059698011
0.201385370008
-0.639045048631
0.45518165908
-0.386451783402
0.880201128144
-1.33541894075
-0.754132658596
0.910062216801
0.967205428871
0.482516879883
0.567338707923
0.0930400055746
-0.192099091104
0.0478349164908
-0.979662149085
1.08557845099
1.48056725523
0.729128386553
-0.483700150789
-1.36756354537
-0.196574088932
0.058989456309
0.871369663451
-1.03097838382
0.567357386704
-1.55993196605
0.773014099237
-2.77210627713
0.367310664041
0.02031710393
0.850458363025
-0.266944804053
0.0803654498877
0.0942100239316
-0.0697707381899
-0.589492606421
1.12443374617
0.452254919071
-2.05040505941
0.89109376029
0.651935936074
0.911304068073
0.402107004335
0.18838214428
-0.248895370995
-1.4650136421
-1.86945600137
0.860262085998
-0.772938461532
-0.609035296088
0.664794520307
0.715835739241
2.21146908259
-1.00326320547
-0.0653389068414
0.0649429273503
-0.997953843218
0.131470962968
-0.751524354042
-0.0873351960044
0.109901885827
-0.34793707451
1.61674972245
-0.82745267898
2.15780376666
-0.0511658530666
-2.36070670283
-1.91931622669
-0.847370096381
Score: 10