3
44
10
3
0.585156213078
-1.49045614037
0.363272931126
0.478971554292
-1.11537643693
0.79346589551
-0.664366122989
1.33974325033
0.179592869873
0.702970914708
1.21180242329
-0.29741236744
-1.44895404947
-0.575308728184
0.43677635265
-0.101315895785
-0.851555990449
-1.6989855913
1.16220828912
1.14311422811
0.644875003314
-0.645780820237
-0.0564132476756
1.66333263442
-0.516334124751
1.56961103368
-0.866199940021
1.36934789464
-0.731843311216
0.501472593163
0.518447623212
-0.101045758568
0.36289707015
-1.19869034882
-2.3608064343
-1.8489099937
0.241718172653
0.433701546101
0.260011269959
0.158249309022
-2.00219285219
-0.105444185659
0.0928414021141
0.357928605985
1.19331442793
-0.746512899543
0.472351213524
-0.659454030485
-0.0092040169096
0.121268953287
0.518446102905
0.524560120143
-0.988765025952
1.18890362236
-1.61647556868
-0.202825624429
-0.160428741676
0.669838243049
-0.108825578469
-0.557155507905
0.408976588638
0.139108446823
-0.0039498252763
0.314677534467
-0.0620379500029
-0.736451442238
0.411527944708
0.792859108473
1.0447653749
0.749117410532
-1.11506704068
0.626180698659
-0.593264455263
1.63860975431
-0.721894040579
0.914517026162
-0.418525077705
0.544118789949
-1.19922638959
-1.07842333961
-0.503096371347
-0.843000147488
-1.26601708914
-1.69032164855
1.32845264948
1.94633016848
1.67099008874
2.14001197051
-0.0231919779829
-0.214022119136
1.14817433488
-0.910749324315
-1.25213318252
-0.200904245337
-1.1929080046
-0.0711513727751
2.20837406475
-0.121761595607
-0.321390994294
-2.07733930694
0.294952014213
0.431418637321
-0.480767135553
0.944492121634
1.2462611329
-1.63251853507
0.282404805574
0.63201881666
-0.269308990304
0.00825561451948
-0.466150225264
0.574206297825
-0.241067120671
0.803390417529
-1.07878108081
1.55268510271
0.964088824026
0.199318332846
0.103830510926
-0.713142037716
0.415909893157
0.108173759485
0.801508184665
-0.473751536877
-0.579920800497
0.148707365861
-2.05566005865
-2.88450505909
-0.77943163849
-0.233399899455
-1.6691799644
-1.40532253882
-1.35230384649
-0.337478250468
-0.927623336139
1.5300144343
0.402619046492
0.0548876890723
1.87351998768
2.14900706089
-0.640525811707
1.0745749038
-1.00382029282
-1.49758358305
0.282371450417
-1.94953470389
-1.82459414579
-1.584921278
0.334955041286
0.102577048849
0.00359346505846
0.658215222805
-0.374495076114
0.455180785555
-1.06261777786
0.71257109479
-0.59827951277
-1.34278430526
0.72107567678
-0.831824346292
2.29936721602
-2.2458839256
-0.137328343247
-1.17981515784
-0.721634502063
-0.42784327359
1.08908572407
-2.53108628751
-0.209711026223
0.112672570491
0.0620459657249
-0.0116002881642
-0.749190152228
2.70415855702
0.408852067597
-0.606813790778
-0.166998815217
0.475671734253
-0.217528897698
-0.00463601956067
-0.79324825181
-2.07953898925
-1.35391642685
-0.621722312788
-0.0732573486602
0.268745581796
-1.54260529816
-0.862725546076
-0.620473186417
-0.0664087859402
-0.627452677503
-0.289593983329
0.246865195769
0.978235777363
-1.49777597254
0.12344732099
1.11861065198
1.16224402849
1.24970177506
0.856222921402
-0.900935636538
-0.518272446369
0.261103972154
1.05645932573
-0.0572629788897
0.074850349907
0.0852304379978
-0.501441292315
1.46871038145
1.1576505137
-1.01838284252
0.248779280292
0.831890519539
0.0616299524102
0.306199094677
-0.273873141866
-0.226878971577
-0.968782548555
-1.35447004441
0.65936910304
0.731070840449
0.362435934343
-2.46054214353
-0.0306016246059
1.75303021436
-0.47408811255
1.34629663831
-0.301982240615
0.0562411661307
0.775945951767
0.552568235876
0.815183764954
0.316042927131
1.1567656183
-0.608931138732
0.00582369953865
-0.0105596007021
0.425838878575
1.44210172894
2.74334470392
0.825167696986
-0.419211730484
0.971658200274
0.651782909164
-0.161799880573
-0.282313554985
1.35425395299
1.57555767076
-0.196055326472
-0.527067515904
-2.21048142672
-1.22473754502
-0.605912760321
-1.36751302097
-2.28739204253
-0.416833567353
-0.413559196031
1.07916313185
0.79947531311
-0.309369664962
-0.365554441389
-0.51163633553
1.89863700616
1.41018403666
-1.16739049095
0.679134129554
-1.44183232738
0.704133562638
0.360860627594
0.78862389453
0.951596335782
-1.35809982658
-0.153526060503
-0.731335199972
-0.0504483135288
-0.306571373617
-0.57525372777
-1.15280991881
1.16076057167
0.966307289795
0.568787512683
-0.91676848664
-0.45716679577
0.228699333478
-1.5502843605
-0.10402556133
-2.485330995
0.0725557825947
-0.433337148004
-1.18056394154
-0.429731475107
0.792046071582
-2.25487841736
-1.48881196779
0.353630349021
-0.532800405653
1.10819281369
-0.212984442117
0.728027191582
-0.465971728282
0.927337180665
-0.395675367917
0.73620365149
1.736745005
-1.97769683438
-1.8209011809
0.636975842097
0.88010049936
0.715668467696
0.126743264207
-0.380350328844
0.611077536133
1.69573938924
-2.42722401766
-0.537374835602
-1.48068179162
-0.286333578066
1.97176827571
-0.362682633995
0.371313354653
-1.20683443634
-0.778808438001
-0.909885149424
-0.491290825131
0.938499631358
0.503714427679
0.275699462881
1.19345170415
0.263492309031
1.21117779356
-0.864594502972
-0.322139947248
-0.242138954825
0.724525734073
-0.426837691686
-0.35084598599
-0.789114006404
-0.360002876362
-0.397376820118
-0.67786003553
-1.44627103339
0.740462221329
-1.30613512686
1.89965560249
-1.10769619296
0.682536192997
2.32960087384
-1.98602368237
-1.20892826258
1.03263613834
-1.49501714545
-0.3631955055
-0.656531590928
-1.54305298846
0.935456134482
-0.0415224383742
-0.780530815129
0.064959573216
0.655389700807
-0.300505970466
0.519392371732
-0.214349703153
0.886352674889
-0.757971573078
-1.09355732832
0.983131075045
1.11152790149
-1.23997514825
0.704706867483
-0.414252997679
0.316355692398
1.80261942619
-0.57638347922
0.617186805127
-0.83609009163
-0.0613335978244
1.01444155849
0.852629169846
-0.463178222372
-0.226611005686
-0.232928785525
2.75802231998
0.354904079455
0.89301206454
-0.989792444867
0.602296874805
1.00073134802
-1.56391827281
-0.24092968734
0.329737653549
0.055104723393
0.664420774314
0.790079657925
-0.534559057994
0.173919712006
-0.53089419949
1.52143811169
1.33339130857
0.856927419157
0.0291118226545
0.00228826678913
-0.399846185924
0.364416151685
0.338393156673
1.00151158641
1.33498922064
-0.170715570289
-1.1362283956
0.45202028522
-0.192504006612
-0.75626919194
-0.155977642294
-0.949002515479
-0.547385924371
1.4500980406
0.71698385282
0.102531488884
0.547786758633
0.239861365612
-0.267415504756
-0.155824121781
-0.926043831427
0.639013672397
0.575000398846
1.06112888059
0.808493094642
0.639781460354
-1.05288137422
-0.136441472196
-0.00609748128007
-1.36481945333
0.153325453602
0.299440337946
0.883353299776
0.135218070515
-1.15098917619
-0.557889578664
1.39742880135
0.088443594058
-0.663213891599
0.00648172020508
-0.364755690179
-0.093170957737
0.301762158475
0.59726412197
0.332019297887
0.75998546367
-0.829040272496
-0.420745606672
-2.15383662033
0.00305252320388
1.38996798381
-1.95682698155
-0.222444383231
-0.272713333844
-0.230820361422
0.813926498424
0.465160425877
0.816879905269
-0.0414304134807
-1.97858354803
-1.62893276431
-0.696461657234
1.05694629033
-0.0761311258176
-0.172337293941
-0.297238393072
0.781467957681
-1.78972056771
1.60502085467
-0.609497584336
1.0888683863
0.73296766339
0.876808161396
0.736039196303
1.22953939477
0.0193890512185
-0.298813220958
2.52127731731
0.703831516129
0.539417157564
-0.460464779044
-0.00290704482224
Score: 1