3
44
10
3
-0.391679759701
-0.738888979984
-1.21705601227
-0.834546919925
-0.104804426651
-0.537112817676
0.746676793567
-0.201075208437
-0.981807401781
-0.132595681475
0.829938756064
0.491386508081
0.484149123455
-0.382469112644
0.0610741637765
-1.00109620548
-0.362481906559
0.147917176753
-0.78904944651
-0.243165999137
-1.25235109075
-0.180819410588
-0.0308055489212
0.852271260316
0.0153585376989
-1.77632727223
0.575670014842
-1.01734848161
1.52384267646
0.681897752573
1.58206141417
-2.49432541627
-0.999115319414
-0.869549079248
-0.257876363599
-1.30457083271
2.279374539
-0.530905852639
-0.28481645643
1.7459724213
1.27441460718
-1.3929383325
-0.87139196765
0.618902357995
-0.0441448033452
1.2847082604
-0.886818287051
-2.14886903622
0.251221329368
0.951512660665
1.16443084779
0.482807403511
-0.205592570465
1.18370277024
1.92953971406
-1.15570163365
-2.86061485257
-2.46117887258
-0.604040396817
-0.420867792449
-0.080064833813
-0.467890423544
-1.01309628896
-1.30906214507
-0.942856335822
-0.461184919636
-1.61780264148
0.0233373272267
0.0827144640509
-0.544792578258
-1.33843694383
1.44690335649
1.44941501998
-0.656724432338
-0.459324327347
0.156505915451
-0.597134601441
-0.626738867707
0.117827640798
-0.46400748292
1.58462110866
-0.441181576173
-0.529994043481
0.179354946438
-1.12573991049
-0.655054919149
-0.717344484355
-0.225646192009
-0.262231721008
-0.654889662583
0.736971605336
-0.330047835234
0.910913670121
0.443563337502
0.483443682821
-0.765469007405
1.13497414525
0.0746749533952
-2.06126806607
-0.799444141962
0.937705183656
-0.525965220328
-1.8278829732
-1.19619774194
1.60590285818
-0.0259900318487
1.87077363458
0.456433655743
1.39885078991
-1.25294111068
0.0668692588407
0.286605639697
1.3475675971
-0.239251249387
0.232707014734
-0.593762182917
0.993863743062
-0.868892103577
1.56762137376
-1.04859199778
-0.831491800135
-0.459982264295
-0.262655152987
0.409377283801
1.198167548
-0.399578493217
2.15050161134
0.641007216345
-1.29020509732
0.53161066245
-0.0427764136831
-0.546999574018
0.430077234185
-0.320278566609
0.00752002838457
-0.691184069645
-1.25315219454
0.516280988291
0.762913951544
1.15929081663
-0.744404298276
0.815617309746
-1.64575106518
0.702748244703
-0.34905288068
-0.882658936025
0.190015256542
0.743522970219
-0.0808570120003
0.311102488371
-1.44238715955
0.65860532061
-1.84393962257
0.78081775257
-0.248571834864
1.63038902141
-1.35796250015
-0.219827917319
0.370203878017
1.68651990474
1.17915210672
0.138054138272
0.188250551441
0.197620449621
-0.807812789394
-1.25368238689
-2.12583752606
0.128563951161
0.430614149802
1.18842548825
0.939242009871
1.16121013699
-0.120215757438
-0.2346271543
2.60396272598
-0.194110094449
0.301033205601
0.649023276901
2.01945216283
1.39624369175
-0.0823224103382
1.87251973362
-0.376843133431
0.0132176364486
-1.9673054237
1.44637257688
-0.383039629088
2.07403001936
-0.387535232365
0.63048240017
-1.41954848198
1.00151192372
-1.69392045005
-0.566880813817
1.34622208661
0.0984031421743
0.0116974631113
0.048439209071
-1.14698079107
-0.382464796778
-1.00798543352
-0.734118594334
0.866605301631
-1.4829599052
-0.917250555434
0.966174559195
0.639664284366
0.589213119488
-0.784743440785
0.260493920145
-0.953590113514
-2.00016652532
0.447751577917
0.670775176069
-0.247524712592
-0.483744672244
-1.36727533754
-2.60595870489
0.462732912324
0.602561847986
-1.38457761395
-2.57418298092
-0.327656957111
1.77595231543
-0.465157510944
-1.16947297681
-0.232697522717
-1.000206718
0.429691588599
-1.07080913292
-0.774268760364
-0.243872181581
-0.655589059649
0.713136426905
0.14040412384
-1.80336686056
1.01924831514
-0.028532071474
-0.932778398811
-0.517165030083
0.406989649268
-0.601639648757
-2.71622205602
0.717597517687
-0.0560725241182
0.310355138628
0.659681573158
0.21937117257
0.901183806805
-0.206424009788
-1.37425886389
-0.802330443495
0.585124441664
-1.19617337236
0.120280051244
1.35063829698
0.732067416491
-0.129629427
0.0441672246404
0.406264139372
-0.724795701218
0.284107435189
1.0189199878
0.113175161916
1.01851124443
-1.04853758391
-2.20086636995
-1.72002146584
-1.54718218411
-0.208619370286
-0.477155119679
-0.163330201744
-0.114518752006
-0.58507278068
0.38024997384
-0.28574503822
1.23548604064
-0.017721610066
-1.47626431193
1.70430578814
-0.416035106809
-0.209992201209
-1.98683633607
-1.17778433896
0.727258531009
-0.562526249418
0.88816901061
-0.0647586997373
0.588076645897
-0.80509395311
1.32248208139
0.833820925239
-1.41586569727
-0.600199197391
-0.835820483203
0.522822092472
-1.20785345197
-0.16710103872
0.423097648754
0.593029220221
-0.381597247676
0.192314660071
-0.211053808609
-1.36943628317
0.295064290264
-0.369804391695
0.19865113878
0.37757226896
-1.26874956861
1.35888946321
-0.93153824256
2.73231841146
-0.59185582316
-1.65621144458
0.31181720025
-0.156703323646
-0.0215921202095
0.915514375714
-0.515006289303
0.738314829879
-0.323268237855
0.372502894387
-0.0137003603805
0.530048727148
-0.473483068072
-0.629966119822
0.683700316449
1.96165330807
1.99534995109
1.21026486007
-0.500074624475
0.256146896013
0.0737718537798
0.257997667112
-1.02102028864
-0.895708656329
0.456472113744
0.14431106615
0.782665892102
-0.415909907851
0.185796853656
-0.715423369758
-0.0687010259446
2.01932621896
-1.02851147775
0.106375666476
-0.289929444415
1.06707532826
-1.25858980913
1.39575861292
0.316218354147
-0.750707250366
-1.39192377717
1.28679073322
-2.25721060242
0.341836387159
-0.400840917448
-0.330565126161
-0.276997727541
-1.4748570283
0.609090226188
-0.199976609739
-0.0476015636847
2.10012201657
-1.31311116021
-0.348871881332
-0.465696347299
0.771517180088
0.820931962871
-2.12724626818
1.33236020441
-0.0127039877894
-0.300080477774
-0.389728003014
0.543049987475
-1.42970624064
-0.50567112012
-0.771767378537
-0.282711597542
-0.431650651266
-0.602813234443
-1.85496159411
-0.686533404909
1.31025967076
0.648276600566
-0.840523344333
-1.07111232194
0.603861268056
-0.629313019503
0.455511024725
0.691841012449
-1.62016494343
-0.0567676720771
-0.468130265166
0.776572368606
1.21920984068
0.663614826107
1.90649083518
-0.400090141393
0.882437668049
-0.0071428101542
1.91080728926
1.0852872159
-0.865520053119
-0.863025741445
-0.406241119195
-1.07880167475
0.765058862694
-0.702845969238
-0.280353593618
-0.143143931614
0.359755007315
-1.67080467866
1.05605445278
0.00683143078522
1.34523864761
0.114753494577
1.04931917507
-0.664261507164
2.20018446172
-0.568244596836
-1.32623292152
1.05853704998
0.244105799701
-0.875294590739
1.05520747517
0.926448138667
0.24850791285
-0.820886612726
1.25660091853
0.265853837676
-1.65414958494
-0.353102056664
-0.162988306893
-0.774580181359
0.229547294431
-0.0565143524437
0.0142682641326
-1.08178660012
-0.255025767521
1.08457353082
0.0425830312985
-0.117157591367
-0.0527412401554
-1.23440604816
0.397389876856
-0.357839690149
-0.529671360539
1.15775134013
-0.0731237000342
-2.30273215293
-1.27956165056
2.17556692329
-0.640855031813
1.07391125112
-2.52545165868
-0.000932549510545
-0.925619088631
0.0371423456115
1.55224477898
-0.250974936618
0.351745443184
-0.973904220792
0.878112169876
1.71085421687
-1.47556293793
1.91300461073
-0.55510919291
0.349455177817
0.549475813273
-0.822260199052
0.564869474796
-1.40379047526
-0.852685521684
0.00793562331119
-1.07876506807
-1.04855719379
1.22344766704
0.71630010127
-0.121265218846
1.06194423333
-0.551588402644
-0.867765025739
Score: 10