3
44
10
3
-0.6089932679
-0.354398840794
-0.685261658508
0.694784538875
0.0226361694342
-1.01116495498
-0.103477007477
0.463312135577
1.12536586805
0.0450797721869
-0.911135293867
0.0402368054397
-0.0824569145478
0.967375639212
0.855077510744
0.226869766953
-1.03659918211
-1.14901370334
0.728006565176
0.349076050732
1.24129339874
0.175330048171
0.297244741951
-0.930793063714
0.476047656413
1.853857783
1.13763625795
-0.604975014395
-0.672937384782
0.114603622945
1.61118150097
-0.140925161402
0.123131991682
-1.16032797425
-0.270408214268
1.17536374645
2.02074844147
-0.722466652804
-0.806781136703
0.324365827638
0.124968862557
-0.141513254125
0.311664389315
-0.0053079161461
-0.944315253818
1.15983555042
-1.17208174439
-0.00260838461598
-0.457474051215
-1.20119911763
2.04951555922
-0.406921406683
-1.89944562705
2.87323197435
0.593473626404
-0.534481174228
1.54659799459
-0.522147488608
-1.15894257873
-1.07009685043
-0.283140680409
-1.45813482496
1.04550931902
1.44697491273
-0.211297042226
-0.217483878741
1.07636077121
-0.627178364569
0.222068547431
-0.323337522752
-0.822384277459
-0.291902655912
1.21778297733
0.445534752493
0.637826091848
0.166507408749
-0.541591986932
0.540081662207
-0.573732698089
-0.866377767966
0.291010021802
-1.13661376415
1.69976056545
-1.02696664847
-0.941912627816
0.0408096141483
0.737809397979
1.09114019006
-0.300482730577
0.0800590945874
-0.377708335158
0.555694922233
-0.769441402834
0.168464600499
2.37911783395
-0.224842221075
1.46732938301
0.937159697794
-1.40468043592
0.0748036904936
0.116040566597
0.809104471983
-0.0300995836748
-0.0653429783387
-0.688717046896
1.19390276469
-0.0829046070795
2.13928690904
0.505878992868
1.32297047795
-0.877207916252
-0.849443971183
-0.417527974709
0.642239594961
-1.25551854579
0.0912728231223
0.976777069311
1.85653930412
-0.874849864008
1.54335926263
-0.326813965879
-0.238259777154
-0.42584244872
-0.17962148477
0.557441962205
0.836354205469
0.589869980144
1.21244507452
-0.0679913316205
0.463043651649
-0.0355126965862
0.145881861846
-0.565415468307
1.19350140723
0.937979847196
-0.0856648709663
-0.462462982528
1.49188402315
0.0485548975327
0.51372196997
-0.052817504525
-0.298067342009
-1.16252859774
1.25986914393
1.42835134095
-1.06467382608
0.248443771585
0.720991657479
-1.07791135874
2.14111462562
-1.33930630519
-0.85639653477
-0.614394719331
1.13006524828
-0.764161011071
-0.909684393705
0.524458029309
-1.84400470527
-0.141754973539
0.602920955983
0.716566673356
-0.318477638673
-0.584518816332
-0.753284551187
0.936560810972
-0.0819325841307
1.25799287862
-1.26781995243
-0.183379568146
-0.480288340483
0.324527354275
-0.826845823894
0.478159549381
-0.857877811201
-0.548472110211
-0.31971691447
0.941078763843
1.13594343609
0.839568470968
0.294236169485
-0.696986282668
0.544489028958
-0.377297727159
1.75922754333
0.33622042919
0.723075340218
0.864461726741
0.388921735242
-1.09297521948
2.18915121556
-0.294398718225
1.76972843123
-0.321401253087
0.437179469104
0.201806882513
-0.0659994635965
-0.734729632807
-0.787634098931
-0.33992221647
-0.639980210672
-0.205649831579
1.20236471297
0.197267896831
0.110817384233
-0.539794237001
-0.4783513075
0.687834652637
2.08442444137
0.442537536327
0.308421472626
1.7777149066
0.917997168413
-0.48154775083
-0.683341919694
-0.252040481254
-1.92003965691
-0.591141636828
0.425256167049
0.674223648566
0.839827790047
-1.03984447444
-0.452710356027
-0.367443431737
-0.627026126115
-2.14039563639
-0.325147610558
1.83328461218
-1.2975985697
0.937081458788
1.24568997024
1.10648832094
1.66779870045
-0.689585810075
0.333216941227
-0.766970417551
-1.13803607068
-0.19161634266
-1.68486515757
1.59006953535
-1.76550148643
-1.20583655266
1.33918003756
0.928374296932
1.53048933606
-0.781363282976
-1.06063163777
-0.361884269831
-0.267275127443
-0.460880442032
0.511588961486
1.46666425537
0.128691287552
0.531122480105
-0.42669440118
-0.0392788668579
0.713024234814
-0.63403441608
-0.720695622033
-0.717742330014
0.537326045557
0.742409528644
0.82731455872
-0.472153324752
-0.835853210573
0.97051256901
1.3268306194
1.16309061974
0.831848659707
-0.693321691023
-0.54370195585
1.5339254843
-1.10416612976
-0.717792052011
0.556463260961
-0.861595321776
-1.02318845866
1.8543865522
-1.19250314073
-0.210289241334
0.816060036811
0.664912242451
-1.09121706849
0.15093202615
1.49703602855
0.377973942109
0.139479590587
-0.0348993941241
0.959259901336
-0.578080639393
-2.11097185278
0.136558301402
-0.240826359316
-0.666071999667
-1.05856457952
-0.0486607714447
0.943154888138
-1.50227355283
0.0721272482581
0.139777668049
0.25382427953
0.749118556766
1.42842734195
-2.15170976359
0.206948151119
-0.0986410774239
0.288377948001
-1.61594481435
1.88765882789
0.907395467821
-0.109194448289
0.741024683127
-0.772423309517
1.7910994597
-1.45710530738
-0.275734438474
0.550308967705
-0.250582873001
-0.246306413053
0.656232148831
0.0739800196124
0.559698929915
0.197777318344
0.493970330917
2.7341890807
2.86967855057
0.0999055982089
-2.15312383394
0.650336560249
0.0589743349591
-0.200128616515
1.32176988492
1.32343728035
1.30040852324
0.387519494722
0.766461451281
-1.11467235265
-1.31903193871
-0.357351690917
1.45173474241
0.247237356899
-0.550928190376
1.23252641647
-0.332112897384
-0.962340168622
-0.752427936598
0.0490205603038
1.16926681348
-0.891601086827
-0.785550969305
-0.234963659252
0.131154647163
-0.761961829288
0.598630838722
-0.298551689703
-1.09943061764
-0.718049884768
0.47362082244
-0.110206987871
-0.737812218466
1.28988782747
-0.0115692370604
-0.182994509052
-0.95982873723
-0.483212435384
-0.119354902831
0.447582732567
-1.28528891828
-0.0666841678263
-0.166874625462
-0.281920830186
-0.197889713086
0.985750777286
-0.60964224128
-0.212271216699
-0.363758440208
0.30747437051
-0.229848687925
-1.06805552107
-0.900775036686
1.46242365523
-0.390440466249
-0.226163634745
2.55042871876
-0.926348800206
-0.213687288014
0.268325066009
-1.01984766691
-0.541201726088
-0.587345176487
0.86084900027
-1.13404313833
0.534913887622
-0.0381307886105
-0.838625694839
0.198030208053
-1.10458828047
0.0406955561098
-0.321756576898
1.21431507493
1.91759717531
-0.627238733536
-1.17597151193
1.37503503935
0.623737490034
-1.5113064807
2.22084435326
0.172579195795
-0.586521638077
0.640325454845
-0.724856015636
-1.00581923668
-0.0842630964865
-3.3046836229
-0.159228139692
-2.18512941516
-0.208932898972
-1.31397722364
0.0169366225926
1.130354177
0.0935784094751
1.76867324958
1.51916803417
0.741642325813
-1.3205421209
0.246824049431
-0.091938770531
0.0491807369053
-0.547761628398
-1.61605175138
1.37731067954
-0.829275963691
0.563954538924
-0.380833635003
-0.478916472723
0.171050003699
-0.0750830761544
-0.323780341168
0.654999568106
0.46152126479
-0.179757230992
0.745567153109
-0.959897590048
-0.813352120875
0.427921922087
-0.519401345755
-0.75312129392
-0.527561498727
1.33123891048
-0.446752606444
-0.116234845416
-0.763277364251
0.121152125185
-0.794458514754
1.53948025625
-0.405678659905
-0.304880740771
0.689757387142
-0.465292535027
2.33292516872
0.171070943159
0.231595430278
0.0559887556869
-0.370156972493
-1.37533065273
0.447349155558
-1.12676930627
-0.334085899542
-1.68210471563
-0.268878063597
0.747909548732
-0.234775026271
0.0767985115761
-1.31748741502
1.28282904274
-2.19764078994
0.270682419978
-0.716829154914
-0.351444762639
1.0626404024
-1.50699604623
0.801157261032
-0.255803353612
-1.1887813339
Score: 1