3
44
10
3
-0.361016465563
-0.363882591769
-0.0487509069366
0.47445303935
-0.806758548078
-0.15286734556
1.18260842765
-1.33706707834
0.453123161117
-0.475653575144
0.4389756093
1.54560191287
-1.20276954232
1.7138609866
-0.656595840787
0.559347122795
-0.140151374332
0.217178547732
-0.12679577306
-0.384336365192
0.539419408059
-0.694824957182
0.0173749032255
-0.354826589816
0.495859226229
-0.580439626565
2.22927832386
-1.29052161977
-1.0781174821
-0.06282026257
1.81286887292
0.0190074351116
0.796805893781
-0.872676823959
-0.944552272245
-0.638599805959
0.154804641256
-0.795296988337
0.19233888304
1.03988229557
-0.968192695662
-1.33483916957
1.4545748178
0.254185685384
1.00139496421
1.01383765626
0.182059995181
0.506404457704
-1.00984938803
-0.593783671529
0.777302299339
-0.300133384386
0.135649918754
0.754632050788
0.583386013065
-0.767800265077
-0.486648192992
-1.00281771555
0.44701610464
0.310026252359
1.86796443105
-0.736979874526
0.260366410112
0.194009098791
-0.905847720312
-0.873527387615
-0.100636891527
0.477719619867
-0.417096645006
0.456409210877
-0.00459590113795
0.152303073584
-1.45850182027
1.52005168872
-0.574089488188
0.691870060607
-1.18383988107
0.091880527247
-0.770612744726
-0.457917209015
0.832289814499
-0.61867790946
-1.81749440016
0.0202375261784
0.107070775317
0.903881617561
-0.454446483513
0.948653740584
-1.36539774651
-0.161745600294
1.31414887187
0.991693054931
1.00437845649
-0.136362477504
-0.366465926553
-0.00821854306373
-1.24849465038
-1.17387112832
1.2391185246
-0.676299755948
2.34961013229
-0.972155423841
0.0298926119196
-1.30200204766
-0.143966591596
0.729442376225
-0.210505349609
-0.173600587214
-1.10341807226
1.1985097438
-2.18825760055
0.833205181405
-1.24769032414
-0.375437912369
-0.445751452619
-0.830169484556
-0.052666659465
-0.552693000064
-0.368590161198
1.51603244163
0.752354917179
-0.0998525195032
0.333638758403
1.10464474654
0.523918505759
-0.225723755927
0.211839042882
-1.92411240042
0.618488672676
1.66017249069
-0.187797537697
-0.431231304878
-1.12467566298
0.959123945572
0.97178900111
0.0419505163652
-0.847317726989
0.604345248537
-0.429597285776
-0.877392119523
-0.1997099199
0.159318336885
-0.858696873228
-0.393117673571
0.186986649591
0.633197975494
-0.485584177675
-1.54107424512
0.724191304993
0.0504913935767
0.544696018015
0.737491672803
1.22451308603
2.26199147657
-0.159409265927
-1.17682255751
-0.438744794064
1.7806181267
-0.219702531093
-0.152622825038
-2.49398501092
-0.59594012807
0.628945986772
0.622350427759
1.33086344203
0.052614353166
0.844550938362
-0.294771562867
0.555000458067
1.91088917364
-0.0678365700065
-0.0611105427571
-0.191249109146
0.154697173243
0.252583062796
-1.07238984146
-1.72657902427
-0.52558220902
1.38859449202
0.123444131898
0.644830697732
1.49913052959
-1.5368921736
-0.768256883048
-1.52228934737
-0.694476295424
0.289969681641
1.06374410132
1.28924342831
-1.43220248048
-0.730381384644
1.83325275626
-1.13315834096
0.662392671719
1.05138013789
1.70163589215
-0.457375206012
-0.938838592778
-0.856409895442
0.0492509218848
0.190155649868
-0.387601611575
-1.17938196597
0.609245422557
-1.23341602119
0.50642915549
0.320808128532
0.93757851943
-0.78044079978
1.17208666714
-0.0675860871611
1.15859934929
1.20276382518
0.310208068621
0.804599465703
2.16544409144
-1.10384886926
1.15183155583
0.655626653398
-0.489887749177
0.218501884838
-1.41753571654
1.57509520735
-0.828412750892
0.910700275866
-0.162528124699
1.35885301703
-0.933372285933
-1.44642657986
-0.33182420545
-0.385412611178
0.684290391521
-0.212018300945
1.13590575907
-0.201724095848
-1.02791036989
-1.37833414929
-0.980259122469
-0.207932943539
-0.385809934483
0.698534898926
0.460403716051
0.523942551073
0.139688589468
1.20852256348
0.409848351757
-0.987328242458
0.963481344767
0.108821120713
0.490587335025
0.933825336662
-1.68788989602
-0.370312059466
-0.911358305784
1.42337462421
-1.21245983166
-1.11183680662
-0.706517963798
1.00672282544
0.672962233741
-0.987805170136
0.320136247825
-0.669427745407
-0.156685406362
0.763854632372
-0.774843350519
-1.44905006367
-2.06926016441
0.096350091408
-1.46092463301
-0.256645564294
0.663182307061
-0.393947824762
-0.225167633872
0.443475838438
1.47616494978
0.639740577239
1.38945507255
0.129037908721
-1.72639561435
-1.8974418698
-0.00940309956391
-2.2801669473
-1.51501412869
0.418903727591
0.52156738919
0.0858156043914
1.5038422632
1.82489750946
-1.26473784975
-1.02082586945
0.270566036337
1.41457812482
-1.77611717588
0.413488102116
2.0663918643
0.538223177768
0.572372169634
-0.290070950519
0.21038328313
-0.176693277429
-2.43528721683
-0.363577286434
-1.86605434434
0.512890151411
-1.21053599597
1.09489959786
-0.792007271304
-0.29268058167
-0.383747246578
-0.573696634489
-0.687568524502
0.863518685084
-0.0503805012091
1.71225984099
0.465517804616
-0.529061332163
-1.51038247007
0.714365496929
1.86308254556
-0.516683693011
-0.851834896067
0.163152034171
-1.05401287142
0.0688484365685
1.26882164188
-1.31027474164
-0.881887655981
0.492842772719
-0.538406920408
0.555888324836
-2.10214403572
0.911472049299
-0.223237295115
1.42210039573
1.31825207996
0.739140778179
0.562904253684
-0.458981351729
0.192231899586
1.25902999298
1.27892286039
-1.53613797304
-0.955865156823
-0.226806117081
0.600623714854
0.150118856754
1.11741599082
1.647671592
-0.339602279757
-0.553115981581
-0.709891539424
0.357180216
-0.754257161444
-0.0779994640911
-0.784011624422
1.72045401537
-0.504478799847
-0.14119556135
0.414558259338
-1.12850077308
0.223143370823
-0.716684168279
-0.0262145221318
0.185887131945
0.929435067746
-1.7933208806
0.0576047366675
-0.0977313533013
1.35522409322
-2.41978506033
-0.292456096369
-1.18608372831
0.663249701255
0.214979517112
-0.146456888864
-2.24686163926
-3.66730743261
0.729960586703
-0.442720981761
-0.493394859256
0.127307612259
-0.340348155328
-0.0343730744298
-0.934228915769
0.723782596519
-0.986096038346
0.279061857456
-0.930490811635
-0.674181848575
-0.593316400479
0.641642903271
1.57940434386
0.711018473277
2.43453771657
0.648677579298
-1.31058267019
0.246680336919
-1.24760967329
1.19502510164
0.472846041978
-1.23578151223
-1.39875831815
-1.67931984198
0.0529919149569
-1.66643615892
0.683397217391
0.00970389043555
0.562576768531
1.5353944048
-0.385785919449
0.607615144832
0.159444466024
-1.32990701533
-1.41278822391
-0.43235097306
-0.609529836186
0.315253134102
1.00943586936
-1.05307816363
0.776649218316
0.566270176019
-0.17671532005
-0.28566982805
0.606257098092
0.55389137061
-0.408888789555
1.68994133532
0.648790952676
-0.385331347575
0.561444956896
0.541869576672
-1.81653966671
0.776810689845
-0.0449577321429
-1.11575637386
-0.134514196735
0.307547367119
-0.554790773899
0.247367621947
-0.00736934501565
-0.121073840279
1.65278089542
-0.118588223579
-2.65315239156
1.73196804235
1.2313632371
-0.400459565336
0.287627418917
0.657627873594
1.60350811306
-0.551001203507
0.792047642472
0.0767646331778
0.716938191772
-0.350423674317
-1.43311323469
0.755287080311
0.571787105754
-1.71134000849
1.4376575623
-0.188552514361
-0.427637078034
-0.0759658810861
2.0800949974
0.419495432373
1.48383229911
-0.242005642089
0.820890192621
-0.00561972840844
-0.255630315423
-1.26895554164
-0.190856952429
0.297313960437
-0.299416662905
0.746360658095
-0.215876092146
-1.27725789897
0.264653762683
-0.246467346423
-0.456126487649
1.34532520158
0.137808754554
Score: 1