3
44
10
3
0.83333810026
0.353605117439
-0.894321502113
-0.379307714751
-1.41772720518
0.64536491324
0.135725358794
-0.310228952632
-0.777815369464
-0.9129834842
0.108538958763
-0.563178218617
-0.00597108752853
0.197801751417
-1.64315514349
-0.491102848923
-0.794819561614
-0.161063769644
2.29512835149
-0.473169455358
-0.0161183020137
0.192462808146
0.363484405796
-0.749538331185
-0.121893232584
1.19655567123
0.00745628229943
0.413844909555
0.523666937211
0.447597489751
0.389826645809
0.430370888324
1.40359985863
1.2013702382
-0.245757894905
0.0825658512153
0.577709281444
-0.637691355236
0.680012622149
0.908744182655
-1.21152308915
-0.607473884761
0.351684256661
-0.356811245857
1.00997426519
-0.759959649385
1.00943238012
-0.320407766416
-1.27454718659
-0.202741159066
-0.301423279561
0.687861322207
1.11443438619
-0.942239789766
-0.159159305182
1.61120915614
0.38900576172
0.230786773122
-0.517910186059
-0.645239078629
-0.527709145116
0.385164349294
0.900427492334
-0.973056138655
0.812125887206
0.625341841948
0.128964765375
-0.690923037657
0.144544961845
0.623578038439
0.979183611883
-0.0691545524417
-0.978410241758
0.208556465272
1.18057279802
1.96261641782
0.297646600957
1.79737456102
0.266954891274
1.85629592892
0.270211716434
0.119906217031
0.921619604928
0.773604857678
-1.83680511583
-0.376328967204
0.557112656268
-0.944509193221
-0.739249712052
-0.449065542874
0.113703208812
-1.53368812449
0.473786345741
0.80523994595
0.909188644984
-0.0480424656912
-1.45715850647
1.74980137094
0.245689957194
-0.00137295268175
0.0656764541353
-1.09935200829
0.822000683632
0.322006792584
1.13922859362
0.25399613742
-1.8532821551
-0.0277339830229
-1.14791515604
0.668139783797
0.0198260490166
-0.869599310109
-0.929769729264
-0.562462559658
-0.00814470638085
0.675271082829
-0.796169878658
0.972611088525
-0.317698728953
0.526458147989
-1.28594384422
-0.0759223721506
-1.28794387988
-0.153920142569
-0.629104511442
-1.74480341065
0.909624959614
-0.944712627818
-0.00616582823495
-0.404670575883
-1.21580656699
0.141690336258
0.416667650435
-0.967098300311
-1.85559914304
-0.791876235045
0.320106294103
-0.479430672851
0.268929721466
-1.47640879012
0.160084860518
-1.91548670832
0.755415444515
1.49640454587
-0.164746962665
0.116043007835
-0.496646938302
0.67530400692
-1.1757396985
0.235318273245
0.150123828665
-2.75181355803
-1.29336253255
2.16367862505
-0.603070627357
-0.24879117411
-1.37331902608
-0.873177050276
0.406615891506
-0.0986347536206
-0.743847702209
1.11571878935
2.2843388195
-0.49371169978
-1.27190514461
-1.46096402621
0.354923901888
0.730081157859
-0.973942563703
-1.22205488785
0.867234852219
0.105402904413
-0.613281080028
1.73299254723
1.04078112802
-0.309557293704
1.50273962283
-0.275356032564
0.266530233048
0.922939454139
-0.871787728679
0.745509289448
0.391626301699
0.680901748894
0.139400373577
-0.236317983087
0.834865199257
0.867945658475
1.82868592956
-0.437028739916
-0.291095171686
1.53012486475
-0.685166401703
0.575878849813
-2.24930328684
1.1981273967
-0.656156551092
-0.528371411065
-2.25828577732
-1.68313573855
0.605176808305
-1.74472725579
1.47142182287
0.318906160993
-0.31999715432
-0.738520609394
0.696960472568
0.195277561967
-0.0489848610759
-0.166926179557
-0.175117231464
0.285111592824
0.382809751039
-0.10143317825
-0.171720831522
-0.684419695675
-0.461733245621
-0.342385750717
-0.646427110208
0.10670239929
-1.02413357515
2.35616991502
1.29413033073
0.324468672864
1.35410572071
1.21857942883
0.966481413264
-0.462243779779
0.168226436582
0.666995362737
-0.526757835956
0.621676721174
-0.94110429426
-0.803574206852
-0.529720987589
0.634056854431
-0.874618153841
-0.870399759242
0.958335203955
0.122331765277
-0.107596760732
0.152422437513
1.5274496035
-0.433674164189
0.847834567053
-0.991216536586
0.260835959215
0.171350036462
2.13485172138
-1.08117521861
-0.468084730825
0.226445069506
-1.14452771184
-0.874238177848
1.68623351915
0.152137929084
-0.478864471898
-0.109340480057
0.204147066548
0.285465107195
-0.930349854574
-1.16866619835
-0.225739211325
-1.07861057542
0.267604968553
0.793195677422
0.850786268248
-0.744611612856
-0.292198931996
-0.121331311845
0.371573685855
1.4862902668
-1.20818495723
0.466367917181
1.10902778102
-0.0182031413398
0.253486296131
-0.412794588127
0.251629952697
1.55597746155
-0.410884238274
-0.575935086276
0.689725727883
-0.701151277097
-0.413687845557
-0.14872840114
0.401355046387
-0.826164870318
1.72254834965
-0.423514025207
0.830609403353
-0.756531933305
-1.26667733482
-0.291350190735
-1.59592101873
1.13622097475
1.18058060248
-0.346143739065
-0.251219570873
-1.62754839856
-2.00651946608
-0.229828023237
0.259443638262
-0.525224644972
-0.206172539703
2.49164242141
0.807227020776
-0.388707295015
0.296541568721
2.43719221146
0.0315585274871
2.8577704672
0.287785194826
0.689414828656
-1.38208647974
-0.290280671894
-0.426852368902
1.79367711055
0.608762825172
2.3587384535
-0.161449145836
-1.06829715165
0.597923595492
1.70263398809
-0.337588087584
-1.98317698478
2.45318598123
0.528024516706
0.0645122336837
0.5083585658
-1.25045221715
-1.0561432424
0.44200694661
-0.447353672504
-0.898188311054
0.0731867292315
-1.18364340984
-1.23601555548
1.70141225823
-0.613626253356
-0.671260201593
0.768972139195
-0.333230945243
0.470806039938
-0.256348910274
-0.395366988079
-0.639837550933
-0.778669681632
-0.136223471097
0.130088547916
1.19218085141
-0.666433970042
1.09019213759
-0.697172958546
0.717033661281
-0.421728279604
0.816812278776
-1.19476884322
0.154843198787
1.48070417366
-0.404085087929
-0.501354525923
0.747509085774
1.09430050851
0.585531951132
0.0935725902126
-0.747609363204
1.979710169
0.531989148474
-0.132964720717
-0.498983081881
1.04766693396
0.375825941768
-2.00329513093
1.20163428052
-0.495904809691
-0.906629005729
-0.0480020729546
-0.682596717236
0.912083715727
0.252302837011
-0.816856398594
-0.593416222599
-1.67975761005
-0.831519785754
-1.25450737925
-0.851259216024
-0.953832043789
0.973960300133
0.641245078712
-0.33315409191
-0.916257110993
-0.242730988054
-0.349130788786
-0.809226597446
-1.28501722601
0.610893241952
-1.62660513221
-0.0608206485939
0.108064981474
-1.77951124884
-1.69824151885
-0.261626021484
-1.76112804162
1.62853178405
0.195938796535
0.887110830469
-1.34760558787
0.512489343184
-0.244985565303
0.532006356363
1.32187187057
-0.599960263712
-0.708405043582
-1.35311374558
-0.4190106276
-0.400317283136
0.411061893065
-0.600857126464
-0.416071472384
-0.315416402725
1.71388441887
-1.18018715461
0.312763258822
-0.446240656304
1.46184460334
1.89844460933
1.14775953751
1.22863846101
1.36687249271
-2.14313316864
1.96590878777
-1.32955424826
0.215447068523
-1.02956090075
-0.090100200278
0.527878340767
0.908942140162
0.597263660729
0.501752659332
1.45107180328
0.11726244973
0.600712924328
-2.29228864898
0.540262548204
0.868949924373
1.46064850032
1.12571548673
0.45864115836
3.1465026369
0.609276493388
-0.164794638303
-0.722107066473
0.161824174187
-1.95900336174
0.0428777486315
0.502058658485
-0.0321152236514
-1.3410775252
0.280037973554
1.71887384781
1.05532074153
1.15081585641
1.39703589925
-0.202895735394
-0.244222941428
0.575129072726
-0.971621529218
0.0271865861305
-0.860582142236
0.687744020285
0.596840146178
0.683869975518
1.05527150534
-0.53827392572
1.87367040645
-0.687860126497
-0.680972771182
0.550595398745
1.8884005354
0.635420860455
0.00692632167237
0.0352444650693
Score: 10