3
44
10
3
-0.540047212723
0.716016442518
0.572216816575
1.43980952328
-0.287672655268
-0.986476201271
-2.05768189999
0.929687305222
0.154489938037
-0.975810433079
-0.0348600871856
0.900789378601
-0.498519575727
0.340045287465
-1.39497480388
0.538132336024
1.00511483063
0.770531049659
-0.709897665952
-1.12592546612
-0.621700898037
-0.657489919563
1.16028201608
0.787646384801
-0.36357366026
0.346929876965
-1.49135650368
1.32191096044
0.545870360735
0.410682601362
-1.79446005051
0.562687757047
0.804152616633
-0.55635257245
0.105032886335
-1.06387111943
0.0268545616806
-0.527839579519
-0.264866229195
-0.416209718932
0.802174118457
-0.352714801224
-0.0727438796004
-1.17659852125
-1.58248218544
0.718324822384
1.4644548838
-0.0691948457425
-0.260707419611
0.574662964241
-1.0313855164
1.20637510882
-0.332014681735
1.02518524669
-1.15560785958
-0.153122588329
-1.40829107305
0.144267359386
0.290787159071
-1.05169914934
-0.873042643479
-1.2443176501
-0.585764576362
0.483677214552
-1.03050351825
-0.160067889296
0.576097644264
0.72044244011
0.833849415869
-0.78056179063
-0.65997227527
1.07439588167
0.180890401393
-0.248840581148
-0.76307549126
-0.795385222424
0.445925378906
-0.419847693313
-0.333378740266
0.614942419497
1.49071030217
-0.319795990626
1.27822526105
1.09573671991
1.50822346461
0.779484323732
1.74145114003
-1.98221669496
-0.0376481774795
-0.176164542011
-0.948578321293
-1.07930283885
-0.157044355378
-0.0828975422406
-0.508530616915
0.568556954877
-0.785644748023
-0.427500812211
-1.07656576106
-0.27710470752
-0.103568955472
-0.7215332727
-0.0449238376673
-1.05930188067
-0.361519454976
1.1235229474
-0.542541546614
0.307752183636
0.59587043135
0.181367693423
-0.947897345209
1.67785492312
-1.52354246396
-1.45370096893
-0.732705869046
-1.39058363447
-0.0530865767434
0.296264032524
-1.50547992699
-0.607541156863
1.67896054245
1.22548326851
-0.0282892316066
-0.16922653098
1.17138916524
-0.205469790076
0.573008864796
-2.14008274504
-0.565910426642
-0.73785095848
-0.9328501385
-0.638669909032
-1.28227007206
0.962951258597
0.34547930035
-0.373141303581
-1.60488413805
1.31856934824
0.667245298047
-0.077470933445
-0.100903939055
0.284787315744
1.06143027215
-0.890226016614
-0.478585033403
-0.585697671446
0.445173238272
0.233238567507
0.290623570046
1.588500266
0.27789743729
0.423005762395
0.0594807153862
-1.17327110236
0.049869028021
-1.07047213314
0.784779980283
-0.281798911731
0.93159667749
0.617263215939
-0.021371473232
-1.25245504399
-2.1745562964
0.181183298012
-0.487707184621
0.97739390376
-0.325012150914
-1.91962969342
-2.21313854074
0.0667330156802
-0.568076509581
0.670736760543
-0.403349368522
1.26332665814
-0.761448506764
-0.971386475353
0.377569158397
-0.403529365876
-1.04860207828
0.745943094149
0.667246270999
-0.0832043719824
-0.663234698784
1.31706780917
0.718349390588
0.48242757652
-1.2224845982
0.0093143260283
-0.230077328771
-0.00354520353863
0.0660426328832
0.11810853083
2.02738960262
-0.408995842822
0.891945908983
0.213787821523
-0.674892513845
0.342262485825
-0.501898585109
1.84290155898
-0.903318060849
-0.337446658663
-0.780017454787
0.3929596814
-0.937314988862
0.0935919452481
-0.771825190606
-0.139356917431
0.213879942684
1.65749859562
0.680176959255
-3.16738638435
-2.13807547547
1.25278439819
-1.45695804707
-0.471500193244
1.52558463758
0.210972382172
0.952431989967
-0.0673605767576
1.15693017277
0.0206877402759
-0.320562996953
0.077730194873
0.855240919641
-0.366152976589
-0.67170329076
-0.321025354855
0.390455688544
-0.116011512045
1.07055817254
0.167478919
0.575945391089
1.1641405339
1.46649250395
0.530562524532
0.31535123825
0.0107712053972
-0.22441032535
-2.29166307618
-0.0380779213505
0.574596793225
2.25666630468
-0.842132817261
-0.662526510514
0.0518058122611
0.774454276429
1.28893473674
-0.661036956676
-1.98282061407
-2.50570535829
-0.413632380702
-0.208409150336
0.769316149351
1.95095225505
-0.0325825577006
0.691593773465
0.433503416578
-0.343347888179
-0.294064141176
0.610194373838
-0.477577113245
1.70027549344
-0.00958387311281
0.338669050083
-0.445892557559
0.199296756051
1.30790689916
1.08971735024
-0.347604511358
0.680033879016
0.0954440600646
-0.0614463332592
0.996418912037
1.41952095352
-0.106520927162
0.58938375902
1.31487579346
0.265601219843
-0.188004473467
-1.05174346438
0.460001484006
0.498896825156
1.54798050803
0.180835125901
-0.922798602381
-0.289071263358
-0.0556772115685
0.00521927275623
-0.852100820266
-0.799393025204
-0.8666181172
1.58471446288
1.17783775446
-0.43039382515
0.910324004178
-0.812582555433
-0.526658451063
2.28124339221
0.118253898762
0.246126476468
1.10487300828
-0.453187236902
-1.64867750451
-0.327830482566
0.283881411738
-0.214180764046
0.27168731697
1.21361434796
0.0117113020777
-0.192463485635
0.902441474874
1.3462629817
-0.0371572435688
0.725254069067
1.07930674106
0.170752835706
-0.303277393255
0.982015805713
-0.338179089303
-0.358667430898
-0.865443815431
0.0384355792438
1.18882384771
-1.16845557614
1.69576996857
-0.438024381047
1.62186124063
-0.608997537564
0.410340047502
-1.85871635172
0.21304062066
0.907070037912
1.25536329153
-1.44494438489
0.827142045956
-0.514698538831
-0.0370373722073
1.54393438141
-0.893423840104
1.14339284043
0.454561714361
-1.15532435989
1.0478501217
-0.0863149553059
0.951307486854
1.80763613704
1.14260586392
-1.63382662805
0.0695919672043
0.0768426791552
0.669688913485
-0.187244712912
0.340000801996
0.342270415867
1.50478591837
0.689414771802
-0.774369415897
-1.75114611458
-1.15952079326
-0.455281189941
-0.565416115212
0.0896467883056
1.76347963525
1.09436971312
-2.1190026622
0.540540322142
-0.22584696675
-0.269002603581
-0.784602238325
0.260504016563
-0.727766346396
0.201868303465
-0.5894158529
-0.606982081141
0.898084038091
-0.0419924490165
-0.145838721529
0.0223593513311
1.17955935887
0.884120207525
-0.515727305458
1.15090085778
-0.256359375091
-0.386016802265
0.057737191992
-0.509494644678
-0.46885422524
1.03043664441
-0.488364055562
0.384863200661
-0.158138882519
1.48667424563
0.370931606739
0.414455840161
-1.21658290454
0.795807373592
-1.64783442351
-0.459988922777
-0.0431600852182
0.780238331808
-0.297905498208
-0.483666618799
-2.19001851038
0.120631403376
0.765203122658
0.660611136814
0.0876555898446
-0.952350370112
-2.19368932337
0.450553510913
-0.532539497317
0.216795584265
0.0972141445267
0.589606873142
-1.21206744604
0.206036072825
0.759747639178
1.39306508193
-0.466227475693
-1.5138753474
1.34885250649
1.14978365321
0.0259356269263
-1.57753840542
-0.228383538688
0.479015167846
1.0664830303
-0.129230244697
-0.00399081507991
-0.206587387779
0.483451787185
0.524778189624
-0.0841866200704
0.20561599892
-0.195518349489
0.844945849978
-0.0206089579715
-0.50389013787
-0.35565580576
-0.0333498181594
-0.103936105712
1.07240844672
1.93633978126
0.948327845713
0.136918177305
1.11380796867
0.823596346289
1.33771675652
-0.993864814991
-0.202046835732
0.398290917408
-1.87060350697
0.293481311461
-0.387199896029
0.385944001524
-0.756013648632
0.995259466652
1.19781052511
-0.483674997449
0.885599230648
0.805716867325
0.408346783583
2.30450065186
-0.29090585591
-1.1411270654
0.568658965762
-0.631079349847
0.0657628641247
-0.750909243687
0.469249555461
1.09751336748
0.734784692227
-1.49268288117
1.02263077293
-0.671616228847
0.268295616521
-0.663593735313
1.367406657
0.230777550442
-1.0173626086
-0.163438756144
-0.0708640270731
Score: 13