3
44
10
3
0.473009341828
-0.67799409011
0.861181977695
0.0010918908091
-1.45399474384
-0.626991265728
-1.83471758551
1.79534293862
-0.603085311392
-0.596271982062
0.829564616012
0.0437853795376
0.685384948326
-0.888391611811
-0.0885465483272
-0.448475355422
-0.3626593553
0.509407202925
-1.69216852547
-1.29826599595
-1.63966228181
-0.405370094386
0.111258752065
0.38246842835
0.153169747246
-0.280179740766
-1.68942342731
0.70471276658
0.251937250316
-0.453810718316
0.112851025483
-0.935760107962
0.997907964423
-0.281780154743
-0.327769354758
-0.208320337404
1.22862442844
-0.294215643299
-1.24786734786
0.0714268113888
0.0542377435778
-0.0931899227911
0.153352301692
0.0682844505628
-0.308965084359
1.43605144573
0.580353542779
-0.60069408208
-1.89557459424
-0.623558417822
-0.00728014047484
-0.476415189741
-0.152975195593
0.704700181669
-0.730671743543
-1.3325079265
0.0205123977883
0.102815381142
-0.772613092117
0.771740173011
-0.714257032545
-0.0436801702138
-0.0620409952759
-1.00592669779
-0.487660951636
0.65969413486
-0.267796576781
0.99803421513
-1.31784112606
-1.5653725793
1.22865054645
-0.387726320235
0.789628667119
1.19194902768
-0.619691584098
-0.80391280318
1.14130311046
-0.78802416273
0.869976562004
-0.308345293939
-0.437635967674
0.415379875
1.06798717123
0.797481675882
-1.09862984849
-0.202027649789
0.879822479164
0.782367775251
-0.637705357087
1.8075851275
0.631044116291
-0.793379494444
-1.43542664071
2.27892986987
-0.61094662216
-0.660375358057
0.439091136652
0.187577356939
-0.62384750572
1.03819183277
0.940701371033
-0.262617936753
-0.308385280439
-1.43154432424
-0.0912845178709
-0.398543511283
0.0764842271389
1.00486236404
-1.1084301794
0.34083414189
0.572515537278
1.69929025763
1.01985511683
-0.616946403111
-0.29722050805
1.04346190414
-0.874978417944
-0.203859357327
-0.405792053813
-0.995481705008
-0.165070326666
0.232298892387
2.12546989947
-1.49793954899
-0.918826297069
-1.04004305476
-0.0749373373746
1.68168911909
-0.892904001703
-0.0239593670259
-0.117511702728
0.0751904217252
1.07112476586
-0.138878284269
1.31582101886
1.33213017399
1.40797906655
1.91467404866
1.13940997509
-0.275854130519
1.01153643245
-1.89260327345
-0.625483695864
0.653219687121
0.347198758145
1.27550118777
-0.706109252357
-0.655660591935
-0.755142018489
-0.217678136079
-0.253532114243
-1.53558538533
1.47200987749
0.756564510951
2.92324749349
-0.0457875381006
2.04734777871
-0.592035217813
-1.63543310501
-0.196839832143
0.536464596693
-1.18936411099
-1.38612501889
-0.928341593232
0.386462142507
-0.712386243936
0.531489894862
1.24299907168
1.24444988764
0.743467935957
-0.363887435448
0.11976145311
1.46168519101
0.289067335886
0.295949365142
-1.0586230804
0.0431024081305
-0.954619708371
-2.46901139522
-0.499613774806
-0.0859850002032
-1.49812018822
-0.817416477138
0.287228284164
-0.32358332207
-0.426872259445
-1.41629082353
-0.161865890398
1.66364417046
0.0142541840979
0.129333283651
-2.9554730678
-1.80597670862
-0.315333522384
1.04061728589
-0.495693196171
1.03318462379
-0.7250782938
1.09429184466
0.450878488678
-2.80775737529
-1.62538287369
0.471117171451
0.495465030083
-0.658564395605
-0.882433389813
-1.26668001304
0.801024683072
0.761667167849
-0.827755077479
-0.711092247313
-0.258131815033
1.53479807952
-1.67800037674
1.45792367486
-2.85633522593
0.757712436091
-0.363597927691
-0.405836507133
0.521434525188
0.328919144429
0.321741408687
0.232731070835
-0.237658687369
-1.20609192915
2.90794732143
-0.0978840962083
0.918523766324
1.76906055315
-0.587884464309
0.207812299438
0.978964920606
-0.234240401988
-0.188937532408
0.799018985775
-1.39350682257
-1.61089266755
0.617745692585
0.240079860159
0.729824660564
1.1617172603
1.04649209767
1.88122761866
1.0206347846
0.591854058028
-0.0848741791887
-0.33675799652
0.8602625347
0.409158780661
-0.486801841819
1.33002697288
1.27880588242
-0.962505596082
0.132150744539
-0.298348214056
-0.489009462644
-0.729264674265
1.11100147728
0.028749983129
0.048681550237
1.64408283726
-0.836466667064
0.257313568292
0.878479631436
-1.67865203563
0.983618536944
-0.630504193737
0.615422418789
-1.27765031047
2.48509316432
0.662582970775
2.67234876648
-0.784693681743
-0.435776361424
0.366802843961
0.393809875826
1.97847395668
-1.08721142964
-0.673376225934
1.10717322337
0.477329664221
-1.79846087966
-0.196696441316
1.62815951668
-0.403083375456
-0.0115487664256
0.707796453189
-0.902753247766
-1.17735045859
-0.536634692054
0.375666537674
1.61784183505
0.0488997215089
0.492929384483
0.0233824834931
0.561961544093
-1.35511999008
-1.27880879964
0.889473996541
-0.899078406174
-0.00778084591661
-0.17038168705
0.275572020732
-1.30494092109
0.920213762107
-0.743035269059
2.09803330882
0.986921690319
0.0906796867004
0.389151561695
1.01133811131
0.535442548969
-0.00711189007621
-0.543772919538
-0.387524759409
0.0168392982238
1.78733286854
0.539990247232
1.09895204152
-1.53247245025
-0.938331657762
0.200827181467
1.53700720732
-0.215195501126
0.130253817245
-0.284008310849
-1.00118266531
-1.51345057065
3.16908078191
-1.22905882855
-0.505320118227
-0.653740565057
0.228019202139
-1.92143364992
1.74764348904
-0.350952643823
-0.893576343447
-0.459201726121
-0.323292572134
0.0436111439278
1.13113424645
-0.968157290235
-1.47208080464
-0.141049893089
0.976196935044
-0.117375953743
0.25102454547
-0.932116039283
0.196823415775
-1.04351430098
-0.259904670691
1.22068715097
-0.596204463474
-0.36664462779
0.23610356983
0.40628585467
2.15198921626
-0.40794481172
-0.114337385563
1.92420013187
0.407423688358
-0.252989175993
2.86420675127
-0.395911790857
0.465412349591
-0.628393023853
0.187442756439
-0.212745322089
0.622099764637
0.0794610067097
-0.406778215374
1.87689154278
-1.54250173105
0.529136574475
-0.0797501034141
-1.36579812766
-0.628059711946
1.06968324208
0.967130934601
1.03936656281
0.764772727792
-0.427643148613
-0.967848963105
-0.510479506606
-0.717880935115
1.28065169805
0.117468175797
0.994520915624
-1.14283076934
0.0198561834796
-2.32615610665
2.03990371076
-0.336468858486
0.638179790966
-0.412488155258
0.805453587662
-0.29431542712
-0.380266735658
-0.505223055149
-0.243685793352
2.42182645503
0.587808190139
-1.40703986648
0.401423732881
0.75858081884
-0.162568804958
0.918933610365
0.308033230184
-1.28082038675
-0.72490731048
-0.205013589118
1.88031972943
1.16076455939
-0.935237330446
0.219671698626
-0.774770550034
0.367069869985
-0.362763674193
0.762417788527
-1.48784946811
-0.895621809793
1.00891164454
1.00137682642
0.410745455574
0.628069061682
0.0782195159224
-0.0680959110521
0.1182123582
-0.843252507155
0.969944495346
1.39325265477
0.773828246952
-0.530929749887
-1.40955445783
-0.163564773552
0.0493273628445
0.939559126967
-1.0234425828
0.365251992927
-1.56193962788
0.618369307645
-2.71665778506
0.146799450016
0.173541115317
0.736522218279
-0.257792987651
0.212283103132
-0.0584861141673
0.00126549761584
-0.780746114319
0.999326548312
0.342546800646
-2.05635515838
0.898577691831
0.728501212312
0.909354515971
0.525879356802
0.26613013191
-0.293323303491
-1.50021013993
-2.04343357859
0.796959841562
-0.718689394483
-0.510829889675
0.46458597942
0.725981579404
2.42655711673
-0.993410691418
-0.102948524768
0.202899024815
-0.917620513438
-0.0674961311979
-0.628378408033
0.14517809298
0.0301669571894
-0.528230571943
1.61034327802
-0.663151695457
2.24166650079
0.227789071041
-2.22892123175
-1.76552118772
-0.779895532761
Score: 10