3
44
10
3
-0.682380305588
-0.506538176572
-1.44444140814
-0.833539313277
-0.122101261866
-0.55471009865
0.74093642664
-0.0529719654534
-0.965204252937
0.0582465695001
1.0591542091
0.432938533982
0.340431747809
-0.312401830686
0.226700306176
-0.924270788399
-0.364478597579
0.404705029978
-0.781740753479
0.17863567477
-1.53222852506
-0.0221151710784
-0.171130936837
0.670427923546
-0.21108111359
-1.97635499233
0.588551208854
-1.11972455566
1.56695583498
0.764087118854
1.44197143206
-2.37536841844
-0.894819408706
-0.729755548735
-0.159156184549
-1.16898226447
1.99075592362
-0.596845793696
-0.471730055781
1.6155307831
1.48546107847
-1.3439878679
-0.988396420066
0.617186225869
-0.00428824494973
1.01489472774
-0.903924610911
-2.06402718176
0.278630569636
1.12491806398
1.29661421949
0.349376097709
-0.195194007186
1.33554051917
1.76430866951
-1.08434995154
-2.92274629281
-2.5617575147
-0.449197048185
-0.32337617051
-0.210796276745
-0.531173887946
-0.87889134272
-1.25778944362
-1.07202208171
-0.536944548571
-1.68085806983
-0.0995283934044
0.286398245666
-0.61012384591
-1.52242109738
1.27574551279
1.37105529053
-0.624749668551
-0.379983700201
0.224939246304
-0.702601421103
-0.49622470703
0.105028120993
-0.516237018741
1.77239305605
-0.309342344481
-0.714532296537
0.41151574337
-1.23849389757
-0.608779265464
-0.801958265033
-0.212431737258
-0.461241759786
-0.7552447366
0.733593223942
-0.463723611111
0.858766492041
0.265581361398
0.80505584625
-0.730758270941
1.06257657023
-0.0517295025642
-2.19841391751
-1.01418018035
0.930202331595
-0.306075594379
-1.60693675863
-1.36502030242
1.52665433509
-0.0733578342421
1.85938355306
0.423773837979
1.35546655839
-1.27942159261
0.178986660671
0.141049966728
1.49888057073
-0.256874306845
0.239981400611
-0.431556047134
1.04639102515
-0.583142033789
1.58596126985
-0.954027231132
-0.670717049486
-0.358504314794
-0.446187002346
0.394132558765
0.743678341116
-0.440750366598
2.32846988029
0.57892208175
-1.39005008929
0.628149442659
-0.0661435580734
-0.761796408585
0.488388609146
-0.40770300658
-0.179800101216
-0.650543369468
-1.2856861561
0.602339240046
1.10499426687
1.34904919789
-0.682309916302
0.508316015639
-1.71654225717
0.638761984729
-0.460221463791
-1.05261469411
0.332214721095
0.664806526839
-0.144104239728
0.320061682422
-1.40881469721
0.599767076269
-1.84219610564
0.730934289611
-0.364225318957
1.75486971615
-1.28453809868
-0.422200974247
0.378010903868
1.74891354841
1.12923693456
0.287345718176
0.0794687437904
0.138872843854
-0.848665345713
-1.09784763448
-2.1815608255
0.17882852171
0.491175024679
1.26953729261
0.660077779101
1.18619239843
0.0996364246188
0.000865388750608
2.61393664905
-0.428004247873
0.304194483525
0.699159690842
2.07765871035
1.57307145737
0.0389335371563
1.93872356076
-0.458490626493
0.0202461367081
-2.25171757452
1.19671145254
-0.379800107191
1.95960986263
-0.357872999276
0.467914840858
-1.57252751222
0.864339475824
-1.65865295636
-0.54063344887
1.46213875853
-0.00831288078743
0.147621368903
-0.0822798160783
-1.28333214473
-0.375589175428
-1.0526910088
-0.823601461332
0.691814651166
-1.51878735288
-0.827192973394
1.07349897095
0.591028537689
0.67296729018
-0.853028443042
0.146049370565
-1.01404334454
-2.12691688547
0.295537406963
0.85853323318
-0.392430297751
-0.525612402399
-1.27435661076
-2.22122446806
0.773605318216
0.693389505092
-1.47155982626
-2.77916211192
-0.365329917512
1.49920777448
-0.414641076015
-1.21442169154
-0.195334053886
-0.764608042605
0.0821669389376
-0.895193875441
-0.547660760761
-0.539468219204
-0.699314904918
0.44208211098
0.342561721627
-1.57424574839
1.37110235541
0.206400411039
-1.08642380046
-0.330609547323
0.452486500735
-0.613881532556
-2.81435217288
0.719031994379
-0.0500074753578
0.301125320424
0.351980512887
0.247979468403
1.12512410907
-0.0980407792449
-1.30328981565
-0.629553989719
0.537117294749
-1.18461848834
-0.0611881468499
1.49811932152
0.672707915631
-0.387030277707
0.180082693345
0.444955263152
-0.548109686702
0.0341998236534
1.31375018932
-0.084059342906
1.33193241129
-1.14825586233
-2.31384623209
-1.85897409129
-1.25530087295
0.0318249878596
-0.484363099551
-0.232947578682
-0.106559489696
-0.350178256617
0.122840642454
-0.390073974088
1.08401014824
-0.137515294303
-1.4711398998
1.70713890616
-0.258442981297
-0.368745790116
-2.23905918766
-1.03223595278
0.37686402323
-0.389034983546
1.08919014257
-0.139913691912
0.67872270823
-0.979669017728
1.3908931877
0.982977176514
-1.45394390455
-0.65312517431
-0.897867099867
0.387564379317
-1.04946392504
-0.196717694902
0.563877393983
0.972474912194
-0.195006302997
0.145742746677
0.180231232191
-1.58067380205
0.127305702192
-0.140044634211
0.125263351383
0.618198676294
-1.26874010088
1.64622143429
-0.746178666565
2.57681704476
-0.5207551786
-1.51265373838
0.224867233063
-0.151845925598
-0.0410105856452
0.743922512839
-0.293380295704
0.935407471231
-0.210371218794
0.296272851789
-0.0824658471417
0.506759192844
-0.314211857684
-0.299797002696
0.566765393619
1.92887877237
2.43694564628
1.03321751403
-0.271670497128
0.425265410378
0.191486153177
0.14131259017
-1.29613873802
-1.08607327725
0.495351138321
0.216616201621
0.827492184836
-0.448895444381
0.283763051686
-0.409195788923
-0.448581527057
1.91195517765
-1.02599144645
0.28424312482
-0.367850397523
1.15204892641
-1.23471067091
1.52547866761
0.150846624472
-0.863254879095
-1.31137168084
1.35819064767
-2.37955623721
0.463029941
-0.423877672057
-0.355131118853
-0.228634029469
-1.46100598407
0.618209370454
-0.260881380527
-0.201481596395
2.07115436367
-1.36197770661
-0.295826187806
-0.29906228833
1.07163188632
0.883025452636
-2.40857993565
1.02721664099
0.0937993382556
-0.466429650977
-0.578407574095
0.524323616306
-1.52931643741
-0.494502561994
-0.962393334389
-0.107021494307
-0.37644219321
-0.74713537247
-1.72506023217
-0.697426445892
1.22680571684
0.371993832968
-0.479737324617
-1.36426451758
0.341454408504
-0.626507274455
0.305457826527
0.478247315859
-1.81523318229
0.138792963716
-0.353729061164
0.926631541267
1.17037440306
0.848578202524
1.82673238301
-0.543374085968
0.951040648053
0.26101726207
1.57412001485
1.03474177094
-0.828863894046
-0.678000472398
-0.482084332314
-1.24652579974
0.767520822727
-0.87036041063
-0.20697237538
-0.0862641797697
0.389484892175
-1.63921446886
0.990779495257
0.115216711108
1.03116606424
0.0317588677733
0.924151750102
-0.888154267948
2.234341411
-0.401851302487
-1.13944276457
1.32670855365
0.430383432731
-0.879656894873
1.16459174455
0.774758595104
0.0661004165975
-0.578360756215
1.33128634763
-0.059664182254
-1.73871527973
-0.20924508641
-0.180923794606
-0.655446506011
0.26696044078
-0.016332541415
0.246053713164
-1.08894787468
-0.1484214974
1.09319139794
0.0998525939611
-0.141148316797
-0.163296514141
-1.17449729827
0.305094349523
-0.681249444292
-0.35667420882
1.32871231711
-0.2360395651
-2.0949597672
-1.11786996843
2.05053172822
-0.655101082887
1.09483121117
-2.57153733163
-0.00854771839745
-0.749078240579
0.146990916739
1.49148362564
0.148232127467
0.200503644057
-0.912286539842
0.891765301389
1.80085768946
-1.50635329548
2.08738590773
-0.684887789603
0.476297155669
0.483440536807
-0.845903984365
0.501859514397
-1.35864322
-1.08857012863
0.0123853268972
-1.09748249628
-1.00700062148
1.0581563287
0.812125657975
-0.0651536572782
0.880752695097
-0.326744739428
-0.821121070437
Score: 13