3
44
10
3
0.0232030517091
1.64924014539
-0.443470571706
-0.879001698349
-0.517100415547
-1.70410619069
-0.0173364349161
0.680741943104
1.42048324512
1.51358655706
-0.930632466821
0.854110232684
-0.193054805362
-0.788348658162
-1.66763307403
0.142185323238
-0.244173526958
-0.0523539831092
-0.929039663633
0.842448156665
-0.289619040426
0.760320225685
0.313662849699
-1.14913762415
0.290235221876
-0.379650357871
0.48807178291
1.27278193462
1.00840414122
0.971563089714
-1.63037160884
0.444649101658
-0.481439311533
-1.93343973327
1.29736991079
-0.364958712632
0.0891656664723
0.531268900841
-1.20757191841
-2.37974926713
-0.758443134765
-1.62649822904
0.173888232273
0.0512394711959
-1.37292079117
0.401693741372
-0.903515128886
-0.771268113936
2.44015946786
-0.749419733347
0.698407516407
0.43170688994
0.187545987356
0.755127490414
-0.894934552176
0.012199384015
0.871743183439
0.0145405462307
1.55041208646
0.62804089843
0.813248178339
-0.724279305191
0.57737935442
-1.02745798425
1.28455079292
0.592616954475
-0.0534364313865
-0.772068714171
0.322903732022
-0.329479692061
1.29253171558
-1.62267379464
-1.41408363889
-1.36749607756
-0.455792998776
1.96942255035
-0.57999757927
0.0238334864857
0.420491404624
-0.28827032582
-0.63954032383
-0.416347970972
0.764793102568
-0.0634225201764
0.148728306791
0.140164992766
-0.922739361888
0.707039913593
-0.975729400529
-1.82970946645
-0.010764167557
-0.731178973446
0.0563811297089
1.9628132374
0.393146414372
-0.693787856432
0.415377719306
1.64345704409
-0.324096744383
-0.174284782566
-0.372785729852
1.46197618959
-0.572689339089
-1.23849549313
-0.80947734649
0.0888298944475
-0.249659967181
-0.378637453445
0.931062686928
1.27858420101
-1.39600898178
-2.53613718713
0.414878426013
-1.16889070047
1.79465251527
0.86748368107
-1.71890932982
-0.757582174199
1.2021722378
0.0793530036382
0.273451990553
-0.831761682066
-1.63766605367
1.30338815315
0.402679376414
-0.211883925604
0.574495747088
-0.686692524049
-0.982709746514
1.37728278177
1.44200228286
-1.42393739736
1.98630779562
-0.69468485418
-0.504793786335
1.32954294676
1.43818508908
-0.688275800489
-1.5220510112
0.983264300268
-0.865567342197
0.0465890189773
1.04381160557
-0.220340408562
-1.56529268881
-0.942544063393
0.914811746939
-1.88417706212
0.809656786229
1.36084812571
0.613042010068
-0.660183249146
-0.980109065961
2.79405489258
-0.146227421266
0.964412408668
-1.70408427136
-2.30540447499
-1.27500945877
0.0933668151187
0.656858948302
0.729090783745
-1.12580392385
-0.272244583794
0.625551151813
0.0789033783529
0.671173853158
-1.26608842008
-0.220083355835
-2.19206031445
-2.00328541192
-0.946817743438
-0.453377544864
-0.15245394803
-1.20435031241
0.0941155012181
-1.16099113999
-0.0965887070173
1.70150653436
-2.511264218
-0.636919431432
-0.101771393394
-0.257289859405
0.802202450127
-0.167307325731
1.33976907682
-0.318810148563
0.308457771777
1.44528799301
-0.710795832963
0.568645919561
0.136179709621
1.03016936234
-1.14134964069
-0.210443676907
1.45606809929
1.20139275395
-0.591821836447
-1.95832168302
1.05826128201
-1.00466793485
-0.117642272608
0.105956667101
-0.815602005725
0.212716166239
-0.645741255878
0.570652488366
1.27650855014
-0.0029110880189
0.533409800397
0.869210661626
-0.637042851339
0.139799710238
-1.05499610969
-1.27381551392
1.33231852141
-0.669602129784
0.950866430214
0.15897771638
-1.04494200341
0.263920735549
0.821595399522
0.327341101451
0.7541649813
1.02785958067
0.446331491021
-0.211627776877
-1.05994327061
0.0550438199095
0.510097609256
-0.879693351038
-0.251403979124
-0.520191629614
2.17020658817
1.48125889921
-1.02626155807
-0.892595283086
0.360942730383
0.291370115004
-0.512506385921
1.37469938066
-3.05648820087
0.67681606832
1.31946518607
-1.6645795479
0.460569791439
-1.0652202346
-0.258762205616
-1.6186251897
-1.08994404593
0.154574420492
-0.249498939304
0.684011326975
0.0908153193471
0.533062416959
1.08099040066
0.460688800461
-0.570775846074
-0.646637430965
-2.09150806934
1.24827237426
-0.292430731517
0.62830537479
2.42713269181
1.31247423814
0.150284423545
-0.529920064788
-0.0469862924134
0.0837081561825
-1.46459950432
0.00688552810735
0.722632997583
-0.80415192337
0.15585766809
-1.09777494338
0.914514686982
0.400492191362
-0.633897336483
0.955343397995
0.1474238857
1.22459412707
0.392807550068
0.288715012015
1.10533852325
0.869353701812
0.0684497391846
0.257803015293
0.0671137483342
-2.19136782015
0.352028104268
0.893937077338
2.32538201016
0.672258837725
-1.13938670958
-2.25761528752
-0.32261443011
-0.442627290632
-0.382301221744
-0.630482122094
1.11432084866
-2.35924293452
1.04021255882
0.436713041027
0.867792503704
0.187867012082
0.359340682828
-0.323857853271
-1.01427116627
0.236021301077
0.913055738394
1.63210920687
0.80870005319
1.17940894406
-0.291781069857
0.159241138254
-0.902465409684
0.162136419227
-0.366144977494
0.81646839925
1.31791740639
0.482119240865
-0.409959075075
-0.21539857357
-1.3421216172
1.11647936378
0.548655979394
0.356226923072
-0.301126056188
1.14901030072
0.877870748781
1.43474366093
0.180718639876
-1.49473235244
-1.28506416071
-1.25422197886
-0.145409889387
-1.31800574837
-0.46206827522
0.869343753491
-0.881110175551
-0.0185804496854
1.37876280878
-0.798736223448
-0.939866007709
-0.664113748837
0.438451206959
-0.574904003412
-0.135488441989
-0.0226914335331
0.302018263843
0.625806096734
-0.464773445274
0.640242264556
-0.497604428666
-0.0482990434891
-1.32585745614
-0.0996132800929
0.783868617821
-0.359972292735
0.320547712044
0.937312289016
-0.127276268267
-1.47818548595
-1.44536435926
-0.418156040747
2.17919476838
0.184777909892
0.576538622916
-0.86926061244
-0.610277380747
0.858331820329
0.439258374792
0.0503778257259
0.174642112642
2.34921574824
0.142512553717
0.0413736650568
1.98340514936
2.4891285339
2.93107251098
-1.17304354431
-0.211048557506
-1.83522318374
0.371260992504
0.182684557047
-0.645320273247
-0.300880519774
-1.17147793382
0.107962673784
-0.125239024292
-0.358675131534
-0.992696440169
-1.45350993652
1.89999935625
0.517315931022
0.426849152011
0.525463676732
1.27295963774
0.0835086148864
0.496570860308
-0.366873735751
0.8219093234
0.44106545894
-0.124093149002
-0.41996874749
-0.903132372468
-0.259596428882
0.518458947066
0.104658033386
1.27440615309
-1.39235013898
1.68982025387
-0.871539894334
1.54871279383
0.492200002526
-0.645274986912
1.38082241916
0.668879071628
1.31709211949
-1.82837580263
0.602822709085
-0.833564661427
1.21381854658
-0.550491346168
0.0466061624365
-1.67302393282
-0.754329573423
0.930504657015
-0.0816569527545
-0.0833093134542
-1.42278720559
0.537244416382
-0.633847821098
-1.17284551139
-0.166977600059
-0.228287108105
-0.430617796605
0.176413550135
-0.538536009151
-0.128191826297
0.0964709927078
2.41971478876
-0.900031742748
0.132358477351
-0.0741020579376
0.294130617654
0.0797867655827
-1.26334043251
-0.126079513429
-1.74324086376
-1.10975934293
-2.72191236581
-0.446316200624
-0.708305826142
1.01568678563
0.132809891117
-0.18914547036
0.728691531897
0.392160881904
0.787293752577
1.46581798787
-0.128809329579
-1.17476851619
-0.401847372368
0.219987929716
0.0406098892275
0.0938133784504
0.494710690278
-0.319008233622
-0.824574242609
-0.304886856516
0.783933744074
-1.06211433516
1.33816408461
2.50750984048
2.00098794614
0.038709096746
-0.526883825627
-0.397992163848
-0.992309992428
0.263718457395
-0.288796534583
-1.31721014587
Score: 1