3
44
10
3
0.562581518985
-0.415126554306
1.11662057874
-0.571385271631
-0.98401685585
0.220384587894
-0.273795297958
-1.4180500361
-0.703978703878
1.62066937606
1.05801981777
1.38580920659
1.2641421248
0.950229271795
-0.44028149965
-0.20368621589
-0.303989851475
2.350411359
0.255515488177
-0.406795388815
0.127563553159
-0.859142908917
-0.562121691132
0.203994560604
-0.54912231863
-1.43961719391
1.4793417239
0.127062346331
0.973100369897
0.932479405145
-0.149210462816
3.33834998885
-0.407758487496
0.0256479177936
-0.637538722231
-1.05477273133
0.710337946668
1.27426932412
0.625151204348
1.12876348965
-1.16226815834
0.106482120464
-1.54596176239
-1.9817789153
0.275286287311
0.498909472527
1.14921354643
-1.07985571111
-0.0295714163876
0.113152064034
-0.00142721600686
-1.49547226206
0.777752845226
0.328547087891
-0.247890191474
-0.382411757349
-1.06721971621
-1.23191898733
-0.347955209841
0.00828963490027
1.15199745617
0.482951594059
0.544817285627
-0.116778631822
-0.732382681547
-1.53518163238
-1.12005681985
-2.13073273925
-0.332059669159
0.184816205612
-0.40830486849
-0.180064562313
-0.199797349599
-1.46658364679
-0.490846354961
0.609596675533
-0.0806782905042
0.310620339879
-0.211761207029
-0.116870721038
-1.24782636439
0.156538865313
-0.205295712603
1.26779103234
-0.607090519487
-0.211075749763
0.143540468189
-1.2822072174
0.434657694899
0.51612600968
-0.129226790047
-0.494891593263
-0.474945386527
0.967657142901
1.82571471109
-0.188153394122
0.262862401459
1.41053421067
-1.40629106441
1.12487968045
-1.33628775379
-0.459697126954
-1.44654425627
0.174418870513
0.602628598594
-0.61249022749
0.871195214943
-0.182752185711
0.152979794833
-2.70272202211
1.76488338986
1.19274157858
0.0358022262461
-0.315783977549
-0.897541365589
0.153655662878
-0.0336094240048
-1.42543557614
1.79675407106
0.460786005304
0.831776558081
-0.0534199457374
1.18112268923
-0.436244792473
0.887083140869
-0.2526475123
-0.00577309097813
-1.26885355213
-0.879012354665
0.952282833832
-1.52233668032
1.97387664021
1.50471603147
0.15692745849
1.13275598149
-0.47851623862
0.363981747654
1.3700720673
0.197913670377
-1.52942026594
-0.0174919431916
1.47991880627
1.16571530752
-0.0440924623007
0.107985757367
-0.681158240285
0.1385354636
-0.437004935119
-0.120203030617
-0.0441187297405
-0.572366493346
0.215985922395
1.47303605719
0.542158944789
0.883686656823
0.490718574503
2.21495437292
-1.3012101175
-1.49484693149
-0.345992465068
-0.123145718129
0.274631747518
1.10389174834
1.05461062459
-0.477770369417
-1.43291936589
-0.66776946268
0.830759198416
0.485557339977
1.47256583127
-1.13922250681
-0.0354798863287
-0.183731006253
-0.345498779221
-0.59160944338
0.514917279148
0.197666305792
0.333767796443
1.11789596078
0.0856246643795
-0.172343356234
0.303981206688
-0.254544078567
0.355658841466
-0.23475211466
-0.230130895693
-1.32850978868
1.82639010537
0.482554906625
0.833545821126
0.125551021962
1.03798116011
1.79039433252
-0.970634478316
1.61880817865
-1.18822821919
-0.7721665297
1.32402014179
-0.63022454643
2.32937936137
-1.72872309241
-0.0643555760954
0.0493079390782
0.944006646084
-1.86245950598
1.67556097353
-0.344248691685
1.03299648603
-0.509698408035
0.443992504472
0.612868853655
-1.78585900009
0.925260214345
-2.34743834101
-1.61152296115
2.10966090929
0.00244120057367
-0.62293134538
-0.667621645689
-1.61976898805
-0.00918205867671
-0.035763968766
-0.572315198858
-1.34468772455
-0.042577481483
-1.42850220881
-0.903737190229
0.494049512256
0.338815371405
-1.31834094378
1.20116418249
0.469862462105
0.371614453108
-0.141558324989
-0.338026055757
-0.775628076489
0.475836106637
-1.67756158762
0.371461352809
0.282534983802
1.65337695871
1.06249251785
0.905131519514
-0.0811084060272
-0.325020947002
0.73750106916
-0.35169888683
1.9175099726
-0.20741050791
0.355214963285
0.650762180413
-1.13527041457
-0.374746739194
-1.57856033738
-1.60718634252
0.805733367188
0.360326576427
0.582784052023
2.17709555656
0.116371673798
0.654201679721
1.01474316426
-1.1631593329
0.0529031947564
-0.991187794531
-0.322524345631
-1.675064349
0.374507746176
-0.842996256856
-0.287584904397
0.416767054949
0.512505540267
1.05292174559
1.19147810032
0.846913618098
-0.457722964689
-1.52392888066
-0.713682480928
0.359389996617
-0.417739012406
1.36697567008
1.4837728168
0.645151929323
0.0203447657856
0.980698280394
0.189566497567
-0.454576219257
2.44454570663
0.716003288756
0.504901370242
1.97563600413
1.24804453405
-1.82113751379
-0.69821076871
0.0536349932535
1.22106296056
-0.471292995278
-0.277566172927
1.19135116308
-1.24103098205
0.188254126553
-1.28147623721
-1.47155036062
-0.0159831882496
0.43957551461
0.71489593483
0.364497693777
-0.800152116181
0.65141443094
1.38024498691
1.34312956632
-0.689460691879
-0.280502956928
0.5611541032
-0.895525564705
0.696039549957
-0.366622839031
-0.541841183012
-0.318456019575
-1.97377515071
0.870393430386
0.972323094692
-0.809284990919
1.54694703706
-1.80793375742
1.65113453077
1.00882453358
1.11736219975
-0.0375040394876
-0.266897239803
-0.477689327333
-1.17599495378
0.671648892205
0.743361664734
-0.153456485654
-0.32303171701
-2.14579997621
-1.42192129998
1.37375152679
1.45397260658
-0.0263005427278
1.6325534384
2.69823282745
0.856970573652
0.382146877116
-0.803366135792
-0.280166468877
-0.0972289222082
1.02526623186
0.842461883095
-0.498381417819
0.547308719415
-0.720961479373
1.66895577111
-0.473151606681
-0.284660060978
-0.288027738359
-0.371372468198
-0.953777206834
-1.81542016623
-0.00962483503018
0.671975317043
0.591643494973
0.568730633141
-0.248880646732
0.623796892329
0.812349643269
0.00743247290083
-0.0808700262695
-1.47736377813
1.18711327458
0.782268004153
0.884877010834
-1.77164219875
-1.33099275072
2.49199154555
-0.716191756361
0.458976930408
-0.312071662152
-0.160474429859
1.35692968555
0.777679307874
-0.800891413928
-0.256691567981
-1.43860870397
1.58224742144
0.590932711172
-0.217481077593
0.796432218749
-1.20048824812
0.743004079532
0.670925700254
0.0648097047062
1.17034765522
-2.16586067446
-1.03841931141
-1.43148260682
-0.0861825704107
-0.537854627699
-0.532082843047
-0.0847088958139
0.725976574041
0.643901263684
0.9480108178
0.0971434604116
-1.45664567709
-0.0260604525772
0.702777829553
-1.41585311851
0.46893388888
-1.53420900039
-1.6892552925
-0.660486806679
1.07101988017
-0.434545338109
1.11593989764
-0.128077662393
-0.324208932906
0.106988245899
0.760779381988
-1.99780208124
-0.359501950975
0.780484384886
-0.263781956261
-0.21752382901
1.01089356169
0.503738809166
-0.337320336926
0.240053264782
0.279486433827
0.857548287762
1.44157109765
0.0761031286638
-1.00998490342
-1.07024094336
0.596881588702
-0.0119729197424
-0.0757369807866
0.644758617226
0.538249448955
0.582563231795
0.602480341401
-0.271219499231
-0.141023006633
0.307570938505
-0.171707449979
-0.537700587674
-0.603489260569
-0.174613115153
-2.15655781306
0.0645909356788
-0.34022736421
-0.0734207556428
-2.61418369994
-1.43026945092
0.535179624995
-0.0887570272861
-1.0611439406
1.27992173796
0.171942281767
-0.259819872431
-1.04739577152
0.307961102999
0.635844949929
0.250997841678
0.615358348747
-1.07014106313
-0.918958603068
-0.233038225032
-1.45022483465
0.337608430983
-0.0320783874809
0.101617825376
-0.74978522111
1.26926466615
3.02248584755
-0.0540824225485
0.898554323872
0.406784009949
-1.25779198026
-0.451092468035
-1.11101603506
-0.99265085256
Score: 1