3
44
10
3
0.577596258748
0.0796772878713
-0.879650609593
0.138853264913
0.149421845284
1.02703408641
1.08297220734
-1.36820395503
0.832355486427
0.115585995524
0.3035401475
-0.0752635495721
-0.859416718012
-0.263363994559
-0.63336976037
2.85386883033
1.04275675052
-2.21758260998
-1.80984153848
-0.748225746455
2.33236523703
0.883318211286
0.313871002646
-0.288172653632
-0.268970741552
0.972510489532
-0.938396899279
1.61138339077
-0.674466997432
0.662701819908
-1.93535928298
-1.74459371301
0.976670415045
0.606660386493
-0.746264125189
0.582869691969
0.509244842625
-0.431246969173
0.89430488985
1.30625520074
-0.619803974446
-1.42146965189
-0.087985850431
-1.38034562689
1.48936210093
-1.48683237086
-0.131109893767
0.372890239249
1.8442669959
2.12264465043
-0.224568343027
0.593027363388
1.10115685758
-0.751214900393
0.0729635728702
3.13229157472
-0.874256530022
-0.221809800122
-0.601635594397
-0.680128693877
-0.89145562661
-0.303235392674
0.456460858499
-0.338123845665
-1.3719058721
0.480488136961
1.49268328473
0.981247692062
-1.45337931181
0.508923754501
0.897911196703
-2.61820643646
0.891174922973
0.696885696963
-0.582960236622
-0.608428760055
0.358823338095
1.55796807147
0.58740771359
-1.29781399773
0.186916054126
-1.77881459634
0.192966067991
-0.493465390411
0.608140961486
0.988948044577
-0.880694798969
0.600766629399
1.44131980614
1.32398589887
-0.412988800801
2.13690538043
0.218122361094
-0.63853602025
-0.799996721748
-0.853658738834
0.162413950471
0.111130073034
-0.00461018864415
0.649123644658
1.12510209941
-1.18501893404
-0.630905908185
-0.325944780288
-0.179230819
1.87435133903
0.0211258353218
1.33685571317
-0.359998441395
0.072712213705
0.861321355027
-0.0225100358016
-0.337568120656
1.72939295795
0.670059768969
-0.38937766575
-1.01899321622
0.666426129104
1.21997469183
-2.08680252863
-2.30577637936
0.664426431075
0.668347563941
-0.413329835045
0.487500466872
-0.336404727868
-0.245261915693
-1.43882419034
2.04882484477
1.17213114523
0.258754359736
-0.093660073294
0.204783700516
1.03568200072
-1.89502476301
0.572376824732
1.55431633054
0.966941905263
0.866515006011
0.450609958438
0.670240775283
0.985277353029
0.58608718176
-0.297388997846
0.593981811806
-0.713545919321
-0.536927463327
1.26909646678
1.00333461241
0.885545672132
0.824915846344
1.0123733357
-0.388982344439
1.1089151564
-0.474876205511
-1.59845307144
1.58144402483
-1.43800772785
-0.699145693972
-0.913756595535
0.240893143264
-0.615492595791
-1.19138153019
-0.903493159174
0.0863287492724
0.234968390154
0.921543458172
1.41166959069
-0.388812311854
-0.881047723388
-0.588551181915
0.472627464438
0.61340188738
-0.0995615807983
-0.457310334939
1.61141450092
0.0290847673055
0.623689366997
-0.611026547908
-0.160890662821
0.83612510346
-0.244229442648
-0.586437580487
1.54019924047
0.223053512228
-0.243620388683
-0.523641943414
0.316571374885
1.38497302117
-1.46179354905
-0.642614437288
-0.228879795891
1.41557215547
0.183861306785
-0.466706976098
-0.903882310396
0.742898934297
-0.854409734236
1.00254589876
1.12896614166
0.636170531006
-1.01655123721
-0.5774735122
-0.73301241901
0.279534745195
0.605191964823
1.09605479795
-0.0431078406365
0.25019339901
-1.78067111716
1.44862911162
0.550746534823
0.164661846293
0.0853988014619
-0.703697917641
1.60177616631
-1.66749906469
0.529356365949
0.851066606865
-1.511665262
-1.15467900068
1.049407006
0.80627388697
1.16367883831
-0.0236517045782
-1.3360304807
-0.364487652188
1.23953587827
-0.309435163247
-0.738536731233
0.68002093722
0.153493443219
-1.4600636342
-0.748220525512
-0.726437194914
-0.0127022767358
-1.4341011978
-1.04632748993
0.840442562421
-0.210801330387
0.748354903416
-1.6654531263
-0.0910231024953
-1.24967147849
1.98447671347
0.520217872486
0.401921498603
0.277130582592
-2.81051297697
0.225430089404
0.258152954219
0.907133915335
0.0388553419637
0.280583387301
2.33680435449
1.42565155618
1.9747468772
1.33011306238
-0.0819350590711
1.04331037568
0.551853885793
-0.824643306017
-1.69309239358
0.267594801689
0.99090050172
0.289695739056
0.752770357679
-0.483747022527
0.00861399306645
-1.35490397481
1.32552787771
0.387923089173
1.02708150156
0.552252918682
0.0786982929567
-0.213669238191
-0.131736520114
2.33550923828
-0.349801648018
-0.478795235661
-1.96758805512
0.0904357106158
0.203335252145
1.21854717015
1.19014107113
-0.867682133842
-0.522142269694
-1.37182296144
0.692973555711
0.664268779072
-2.1282830896
1.14094413654
-1.11757725166
1.09969476965
-0.565281663251
0.991117198755
1.13976732547
0.482363342571
0.348834794081
1.28833158861
-0.773002877246
-3.45010431045
-0.266930055388
0.265705038886
-0.172907722074
2.38463893885
0.0696586353081
-0.483821801986
-0.834378964488
-0.395579427643
-1.19198624585
0.305557068457
0.272524411284
-0.843080610589
0.279080676721
-0.397470291825
1.56041921719
-0.468118203628
-0.139086236103
-0.621785192914
-2.39703052473
-0.717408744655
0.948056229099
0.509399479854
1.12121354725
0.0265739795972
-0.637434427769
-0.966425478852
-2.27916604075
-0.312328074557
1.17630845258
-1.26917688199
1.07872598565
-0.825589125566
-0.162382053276
0.914295626204
-1.38504771175
0.616953124628
0.527211337277
0.498809173832
1.32155229448
-0.130826734358
-0.395291566311
-0.39567463682
0.63147409835
0.487130474063
-0.515998101971
-1.29600529932
0.484463981625
-0.252216415872
0.112024829084
1.28452892183
-0.25998981567
0.800458035593
1.3737918078
-1.73577192383
0.425457597153
-0.56984025406
-2.04490753656
-1.05477161351
-0.483326622358
1.16119210147
-1.7000510824
-0.199729163382
0.667554159635
0.298826161962
-1.54025460496
0.451226796151
-0.784222360165
1.6634415576
-0.190558080048
-1.04295859526
-0.725715679082
-1.74865933854
-0.98428869276
1.0132194636
-1.0178874138
-2.28142352011
1.02668621305
0.173624181657
-1.14529223076
0.315047146934
0.119138153189
1.58376860778
-0.58049787066
0.446737587369
-1.33824005266
-2.21556585664
2.33714424661
-0.228665714734
2.01149282536
0.556788068385
-1.71612580619
0.0445942873234
0.102999250128
1.25314873645
-0.293214080801
-1.71259243652
0.765934451522
-0.0901072510529
-0.33131090502
0.100215108457
0.273336633226
-0.552358975161
-0.669923083325
0.665256500174
2.03768581493
0.793554935098
-0.664433837297
0.445358861188
0.29605517586
-1.16038549943
-0.92894050905
1.13057005236
-0.259590693508
0.0339415893882
1.39438110305
-1.16684369835
0.898411498609
-1.56656744252
0.63576166868
-0.0258550293658
1.86065791291
-0.30902872349
0.0585558659096
-0.462631272956
-1.30583974708
-1.35185127763
-0.0538111572295
1.479132983
-0.877455574753
-0.632633332433
-0.219698661883
-0.18173997285
0.546175041233
-0.506180929367
-0.0206945233466
-0.836202970177
1.54015963212
-0.830672100895
-0.554446019515
-0.512769745193
2.33730522915
1.16306232406
-1.03644915855
-0.300494752512
-0.721334473605
0.6614887
-1.96969149013
-0.621391093104
0.0744608395672
0.247142817025
-0.591093760363
-0.0972332152154
0.767135514443
-2.06371575547
1.06615847746
-1.14289227024
-0.374069545429
0.540214358076
1.08342274711
-1.17879051598
-0.965232837192
0.190560215859
-0.103803986732
1.65181486669
0.377982418057
-0.470965394134
-0.854727960546
-2.20163838976
-0.485120369974
-0.571324664138
-1.36360275282
-0.740593601889
0.958879076081
0.586602769234
1.71323802551
-1.23353874005
1.72633710175
-0.25758827274
1.9784802905
1.0529989436
0.71887048529
Score: 1