3
44
10
3
-0.589727440362
-0.558928888247
-1.2470375289
-0.893447243224
-0.0327982586593
-0.643382164305
0.912209035457
-0.00216220787645
-1.16521447344
0.0330263524034
1.13632335152
0.468282852474
0.387275317644
-0.119555726026
0.251428898991
-0.839177770397
-0.25254097575
0.248705662468
-0.637595793049
-0.177829508301
-1.37824659
-0.0124649084665
-0.0356291528612
0.736214851125
-0.141769012567
-1.79669278416
0.608717937134
-1.18138112954
1.35522743716
0.840767608904
1.39141179885
-2.56380584378
-1.00469551503
-0.677891329716
-0.332639727803
-1.13625404009
2.11853372625
-0.643004100551
-0.293027279169
1.74381859018
1.39681495305
-1.41300226637
-0.642150974114
0.556893026888
-0.0264128669924
1.29319502349
-0.952565183634
-1.96084324691
0.31976173075
1.09516131723
1.22878704038
0.333330786822
-0.0538428273506
1.1415056859
1.70191907188
-1.08394615862
-3.14669576622
-2.27147881129
-0.383585542099
-0.385313984674
0.0296007190031
-0.475940805072
-1.03699271629
-1.1703924763
-0.907365432506
-0.421793869554
-1.71303529478
-0.0528681610757
0.299380040465
-0.590337121306
-1.59910992481
1.35461284894
1.60441721211
-0.452622555769
-0.391652738068
0.310764027904
-0.425419147536
-0.703302268761
0.132202140189
-0.460800531254
1.58702422882
-0.53830330727
-0.424196624954
0.510536352534
-1.15462241904
-0.671438121528
-0.495647247038
0.0452183925762
-0.314560242319
-0.598173400328
0.839209732161
-0.548790355757
0.836347295761
0.692751671785
0.824189140583
-0.614780084417
0.839329447749
-0.104337253306
-2.21720998834
-1.11034896988
0.651651794921
-0.472659092433
-1.65397276876
-1.40752214269
1.45328615222
0.0740097960371
1.72818839039
0.356142499373
1.28238876992
-1.20911128009
0.211384338424
0.315721123894
1.30480139497
-0.320364084328
0.0214367053972
-0.42568761548
1.02864061664
-0.849521167649
1.50322219233
-0.996023268098
-0.996303063669
-0.309200060896
-0.0278917159573
0.399592578526
0.911385669176
-0.689417808236
2.21707256787
0.6584868484
-1.20973932569
0.619688698153
0.160829361643
-0.392243802115
0.352334019658
-0.537454431596
-0.233665360895
-0.574465418852
-1.13021139871
0.765819082045
0.866187443758
1.28318402764
-0.735332662366
0.627145049358
-1.59502322408
0.798575228921
-0.451735991563
-0.928861053483
0.0793406331257
0.899429685671
-0.0764406677772
0.261875933764
-1.52366103282
0.818132375417
-1.60309279025
0.815880306425
-0.357693662996
1.73930260368
-1.16070814151
-0.365389229286
0.237425167221
1.84149699879
1.41535998299
0.0906698723165
0.276832104813
0.188282395042
-0.844867754441
-1.39185556292
-2.31521533899
0.254379227704
0.451342395925
1.13461067795
0.722929324307
1.05202183015
-0.148746998976
-0.076470276276
2.76922150341
-0.248401024091
0.185733194528
0.678767143315
2.1509219605
1.478360166
0.0373340010507
2.01691584978
-0.47625140422
0.102987643956
-2.13453631039
1.3831976984
-0.0838362502221
1.93666006021
-0.342566095861
0.859856545373
-1.60277675606
1.12428329208
-1.24744937866
-0.470234338331
1.50467100711
0.182888168407
0.109798220603
0.00270585250074
-1.07368060981
-0.499926477716
-1.00308635771
-0.65776940583
0.798698780342
-1.71521897333
-0.928532414629
0.840385236683
0.396561183673
0.65099931561
-0.812089398834
0.424768440599
-1.08408182254
-2.30804984493
0.406150918302
0.544185649401
-0.236963840214
-0.548954573115
-1.34328468776
-2.44014625853
0.570292462251
0.575352872558
-1.38037212981
-2.53687633271
-0.269963512728
1.63714778798
-0.176552777434
-1.28461520588
-0.206489208091
-1.15017101855
0.294544219331
-0.999560611929
-0.394194134759
-0.33937663808
-0.673089624617
0.547159003488
0.216418351868
-1.70092936473
1.24767520422
0.378465592061
-0.790278027963
-0.38736877415
0.619927651831
-0.562226706328
-2.86275651901
0.780259791963
-0.0777100611058
0.272145023674
0.464204836705
0.427968871214
1.16960854094
-0.131324613122
-1.38519680855
-0.859438444794
0.754220230331
-1.00660386406
0.0330009579014
1.35877867134
0.766992440689
-0.182494194938
0.0756674467571
0.338479326656
-0.429101752151
0.171820228803
0.852004706186
0.00579031746842
1.20641471112
-0.963716126335
-2.11114000417
-1.71439401766
-1.42491576495
-0.0861553918863
-0.62645522348
-0.111809150205
-0.142492247487
-0.560499100218
0.37468268506
-0.369848445666
1.12975684866
-0.17888988794
-1.3218697169
1.62055177552
-0.342390281202
0.0311794437018
-1.95211012107
-1.09341347762
0.507420955681
-0.4342940192
0.830626127283
-0.095106542156
0.658499113967
-0.710655654167
1.15199524599
0.905480800065
-1.45086345732
-0.766634310146
-0.958832617209
0.647525088843
-1.11394916206
-0.275775850729
0.281733403194
0.764264303087
-0.253076042523
-0.0851719284148
0.0797689809097
-1.42860966311
0.147213627624
-0.425947243839
0.0419848353397
0.3594928529
-1.30054896521
1.25077649282
-0.900824063554
2.86242625542
-0.720276290517
-1.78694349379
0.219131740986
-0.106902071126
-0.260679977913
0.893117035916
-0.37833333973
0.70576544426
-0.405515408344
0.540847266105
-0.303543871198
0.518686738431
-0.258019293474
-0.443402234148
0.463578844447
2.02769137212
2.14666448755
1.30145700556
-0.576169387382
0.0347737143813
0.0293598610194
0.170592707572
-1.0776345051
-0.984176835322
0.669145504454
0.294110141409
0.845671701218
-0.569737618886
0.176379550745
-0.312435356248
-0.264619630723
2.00440477906
-1.08675495885
0.165148967789
-0.274654943118
1.10232833769
-1.28207227864
1.42125951831
0.309131681291
-0.825809236275
-1.19811172853
1.28340516287
-1.90958034142
0.468318743154
-0.52144751593
-0.241332537253
-0.428074854821
-1.73235055565
0.538920509376
-0.192489180827
0.159495678607
1.91279272042
-1.49814029189
-0.275984835482
-0.656069633341
0.851556249652
0.9397694689
-2.3021603903
1.17340255501
0.30394768904
-0.387718660521
-0.396471025059
0.566586289309
-1.4028168916
-0.434536583783
-0.89177479322
-0.447326322797
-0.245614712464
-0.693352625437
-1.83777934125
-0.723083964508
1.19495774263
0.600165521502
-0.724363357697
-1.33278568197
0.453766238061
-0.529096435989
0.308681140973
0.472136460635
-1.79037044332
0.235191551683
-0.361095447915
0.675727790431
1.1720889372
0.884059880539
1.88854904588
-0.299751946932
0.955582043993
0.0850783901786
1.82990400571
0.925637112884
-1.00070852069
-0.735253600624
-0.534440183856
-1.13206476496
0.733988714813
-0.823770369134
-0.352550720716
-0.140267495409
0.550165526998
-1.65960802143
0.782667838116
0.131414527851
1.39480464995
-0.15191238718
0.997276475045
-0.872188437171
2.06536173205
-0.428766828819
-1.36542274603
1.2744105731
0.155506863449
-0.905371744814
1.05705211591
0.91815968569
0.176599179952
-1.10361070071
1.21903486526
-0.000279705541236
-1.81839100296
-0.384937497108
-0.00470787565569
-0.866169554809
-0.105496875936
-0.0322423853944
0.0850733821351
-1.18041523264
-0.275463254277
1.04923599939
0.0327759960366
-0.0598264118239
-0.235596294254
-1.38049388284
-0.0422612072873
-0.531368893255
-0.562335702231
1.29414245906
-0.19193745167
-2.2861292779
-1.39208201133
2.05295489582
-0.544538121541
1.05291716036
-2.37432140477
0.0476305205238
-0.939506289826
-0.237332476688
1.43376536872
-0.255346422339
0.375725566033
-0.891457720639
0.900328970094
1.91726124699
-1.49709815065
2.01431840121
-0.563579534675
0.443691826151
0.658792868365
-0.960160984778
0.598230131752
-1.51657918528
-1.25293824451
-0.0354764519288
-1.05428232675
-1.15907540805
1.07764421116
0.921228965522
0.0665381700643
0.985497843011
-0.34211868587
-1.03057421379
Score: 26