3
44
10
3
-0.587656032089
-0.617896193541
-1.24311943237
-0.702068864728
-0.241821832191
-0.54975064541
0.706571029369
-0.159853962586
-0.955471991073
-0.0759559083025
1.15101944945
0.446928832007
0.424933078312
-0.232872619099
0.0763029374787
-0.973798399418
-0.343164870633
0.284550681166
-0.53737144912
-0.166339087688
-1.42772252357
-0.0789123563454
-0.125648937062
0.856274101605
-0.154117399317
-1.81480971444
0.468797498375
-1.21931018443
1.5247958783
0.857018872335
1.3098166623
-2.61857365965
-0.911688710608
-0.863081544996
-0.206382570354
-1.24702520909
2.08928403904
-0.497632400563
-0.320865547141
1.69190886818
1.33879883515
-1.46537676739
-0.962925466069
0.764844911524
-0.0439270955612
1.17578735244
-0.793403870092
-2.19205946277
0.0640626134598
1.0043791304
1.30544718895
0.636055109465
-0.0233820402146
1.07921877314
1.6942364497
-1.16270501731
-2.92180379243
-2.44138605437
-0.387818190072
-0.364836336423
0.169775269394
-0.530604235697
-0.963000791762
-1.15769395029
-1.05782494643
-0.364819967539
-1.64845831113
0.0206845849701
0.0853385312362
-0.525116628128
-1.53366916161
1.49710880439
1.4547657168
-0.4425540369
-0.450824461254
0.155221856196
-0.530656889225
-0.578234447194
0.167833405494
-0.458690189109
1.84371418792
-0.345364431837
-0.634865142576
0.302601771502
-1.13254356797
-0.514356094327
-0.81947009556
0.0663264475702
-0.44424229785
-0.732357535425
0.722415697998
-0.430680583315
0.819428429961
0.442981963373
0.514521034259
-0.73381590488
0.848334276718
-0.16361951741
-2.23426579146
-0.932288230052
1.10957056515
-0.427571984279
-1.57104504369
-1.17988502907
1.27389848464
-0.0765822585387
1.87677265729
0.454222260352
1.27484678326
-1.23239903206
0.173552339258
0.217352956319
1.28994789337
-0.314461154538
0.0880479600163
-0.449874588105
0.786974487271
-1.0180499509
1.60500434452
-0.98399268951
-0.729000256858
-0.520108280419
-0.249302287568
0.529089776889
0.933979742633
-0.347416129999
2.21755472633
0.508260057813
-1.37765032209
0.458594886578
-0.212865417914
-0.39343119743
0.310348197325
-0.400873240688
-0.142871286227
-0.536974553664
-1.23552135364
0.529155124454
0.753626594653
1.2160605723
-0.775812392489
0.572364063706
-1.57827042948
0.709933501433
-0.407479628832
-1.10890351227
0.363420529183
0.701689604758
-0.00327600084976
0.336541056346
-1.39962560798
0.632058969711
-1.69763475346
0.832866650608
-0.444165474356
1.58646821685
-1.27107916355
-0.294596510936
0.238077767706
1.77688513783
1.19732082729
0.352038726573
0.166187078418
0.212906993029
-0.804359410615
-1.39111452206
-2.20949459636
0.174481723176
0.467565827009
1.28628156447
0.73243093113
1.15858324476
-0.00944952077697
-0.121085874916
2.73702674555
-0.317846607784
0.142729282317
0.654665888382
2.04881639066
1.34266296598
-0.0414257471121
2.1004828128
-0.427073079892
0.101941498318
-1.93289742548
1.32455340308
-0.405740983542
2.00807299151
-0.273575014421
0.606409943734
-1.51313609625
0.96314686899
-1.60542030318
-0.686309030582
1.39876072085
-0.0104283140627
0.170219872181
-0.122552256914
-1.20914854625
-0.487981605139
-1.06941432374
-0.696081765282
0.814260272276
-1.66788423691
-0.969229733924
0.86992065495
0.396590481512
0.550209881484
-0.940470208871
0.41756661451
-0.82947793473
-2.12240796881
0.299137090772
0.629234221622
-0.193720032643
-0.509083259201
-1.19181382828
-2.52611915337
0.37041973074
0.805292039052
-1.31050411649
-2.53942319319
-0.192689380299
1.63253760776
-0.231877639153
-1.13580251552
-0.197573022893
-1.13403145146
0.171300298561
-0.972361921494
-0.835224578073
-0.467316816855
-0.620481312972
0.598228110359
0.0927682909223
-2.06372547671
1.08796363818
0.0315713935859
-1.04948315063
-0.39468052027
0.459562032756
-0.717500013017
-2.75902827857
0.667219388788
-0.18208854953
0.180486382939
0.505678970955
0.409874285421
1.05456071717
-0.164928680494
-1.29075554744
-0.831805108441
0.487275029282
-1.04075339736
0.128701449673
1.43676184449
0.607824586484
-0.361554677673
0.0732033752192
0.340754862744
-0.592430116073
0.236820777192
1.00701443302
-0.192740410561
1.24105149691
-0.964810352832
-2.17765729323
-1.83382215524
-1.3567154842
-0.146588721245
-0.443230049148
-0.226777420593
-0.123497039503
-0.425640945269
0.351320861051
-0.458723062623
1.30177465704
0.0230643840882
-1.50446521075
1.77122653813
-0.413594108503
0.00901956211214
-2.0303685841
-1.23004027317
0.713106845227
-0.446668854064
0.925673266588
-0.150057436467
0.50176174142
-0.75441829574
1.06666968402
0.912763779785
-1.48619670328
-0.454979840933
-0.927114526717
0.56935085258
-1.14446969765
-0.165424473897
0.475791010617
0.56623445885
-0.200619331524
0.11588159563
-0.0172189081777
-1.18067736737
0.116010071823
-0.370441126071
0.0711980251432
0.111409861044
-1.2372163028
1.33437773161
-0.975263986326
2.78443131539
-0.791981065047
-1.65682474913
0.180319457828
-0.202189830463
-0.0249766077123
0.820228119328
-0.370591106633
0.644178393861
-0.252050333169
0.581888463847
-0.149229560394
0.631723723625
-0.411141628014
-0.674381295003
0.622209099453
1.97095817114
2.1382401506
1.00507330727
-0.591662140665
0.337006961766
0.312251319257
-0.0528919747842
-1.17662235197
-0.841478684336
0.654475647218
0.169211641405
0.915326978516
-0.517433576839
0.30749115143
-0.546050346974
-0.140362807576
1.92425907963
-1.03837387952
0.318861187667
-0.131622273903
1.18665418614
-1.22962109718
1.44089865037
0.113215780657
-0.767889099866
-1.39157190595
1.1970523772
-2.1600907828
0.36688841908
-0.521610220548
-0.167666482212
-0.406980583116
-1.70181831757
0.605875588368
0.0311771130194
-0.0686072689439
2.08563883798
-1.44269153386
-0.301695372373
-0.588663979588
0.904439001654
0.777271248535
-2.19576971275
1.0931910819
0.176913094779
-0.50844819996
-0.301295931073
0.5630855086
-1.49526929768
-0.546446979434
-0.737189172532
-0.40597904834
-0.323975645467
-0.628428909066
-1.94407375888
-0.601332708946
1.31720721102
0.463274558566
-0.720203796072
-1.1193431006
0.514305870558
-0.531824245293
0.375917626813
0.473817845279
-1.66435208771
0.0644893535926
-0.426094379446
0.596609465821
1.37893272922
0.807008435654
1.93869228165
-0.298473015139
0.949733833891
0.0750865991798
1.80315670627
0.942256071016
-0.780619974852
-0.823687180945
-0.37214994206
-1.19924428669
0.739520915736
-0.635659939658
-0.22256861527
-0.0834930675035
0.618297801798
-1.61344773258
0.854385183443
0.00152283391742
1.15148032467
-0.0677683149959
1.00077131114
-0.666698835396
2.25459862638
-0.315046208601
-1.29452922497
1.28489920972
0.154705509807
-0.695517892708
0.968127129433
1.01609647876
0.224546922961
-0.867362753138
1.11716953881
0.131529728913
-1.58105103609
-0.35826608793
-0.216120309551
-0.861857982116
0.298729055826
-0.0318963404227
0.0341271719321
-1.18468618617
-0.227366444509
1.14077520601
0.139449298778
-0.0605848346453
-0.056380092004
-1.19951197626
0.279902538687
-0.535746343145
-0.676789128527
1.10111911288
-0.137277924907
-2.15314539392
-1.11879092575
2.00183032849
-0.606563158944
1.06092927316
-2.44210840693
0.167924555784
-0.90447414707
0.0830069492494
1.39099164464
-0.274929142424
0.258771339128
-1.10866673025
0.832783462629
1.80272658557
-1.40286650667
2.02677980636
-0.709050819495
0.480702762508
0.321797568454
-0.929012801415
0.5378904422
-1.37810375006
-1.02780614642
-0.0555361719377
-1.18006772234
-1.08511807777
1.35417012793
0.662267514469
-0.0649998908933
0.936259969657
-0.528184826765
-0.949626089403
Score: 13