3
44
10
3
0.174885271457
1.61561991506
-0.620914915947
-0.999619570733
-0.463159869376
-1.73698314405
-0.0940920216038
0.73259767019
1.58252119893
1.54740024274
-0.921527001312
0.782770178676
-0.0721865756498
-0.872349254061
-1.84047744976
0.171745160691
-0.392120577217
-0.0327246658868
-1.11282215375
0.717955869409
-0.307093826663
0.991935391175
0.495036554993
-1.01567462669
0.360273595556
-0.135980656067
0.379739423947
1.39787218134
0.900540752831
0.84115980088
-1.61020958058
0.30423421073
-0.534527036769
-1.98242755603
1.31679107463
-0.33850437172
0.106756621446
0.495218069976
-1.33969161841
-2.37641173275
-0.961511184712
-1.49591943054
0.169861325186
-0.00387361098039
-1.54317861853
0.416376106683
-0.920793116943
-0.87579755897
2.5439547012
-0.857964657179
0.543229529644
0.323446307934
0.405600278591
0.652076224559
-0.593977363291
-0.328460602729
0.808288965144
0.230108716541
1.73672318391
0.49145845089
0.980000385917
-0.886812899882
0.617455923224
-1.30940164296
1.27093360914
0.583724104615
-0.134545599322
-0.673427558244
0.234071713897
-0.367286420441
1.2550289262
-1.58331217341
-1.54374842959
-1.27493505037
-0.223238684618
2.11912198472
-0.657423142288
0.132453266136
0.451702189615
-0.247111206583
-0.557110600284
-0.457466888779
0.682394427847
-0.0517910243519
0.36909170664
0.313338296748
-0.961564174696
0.74939794086
-1.12276474076
-1.70402508207
0.0332291892824
-0.675102414827
-0.109055589876
1.88874480092
0.289737110934
-0.716836405425
0.532805302899
1.76433236552
-0.368873078084
-0.220511179729
-0.442642825846
1.49565137993
-0.347935238763
-1.26419994243
-0.801426738429
-0.0643882302913
-0.117244926322
-0.222684872849
0.836507982786
1.30396610471
-1.38301437016
-2.7707583543
0.314382448995
-1.09483538563
1.57175454975
0.733030854992
-1.63393384578
-0.810008605682
1.09370121544
0.0865867291011
0.307736714842
-0.96601529446
-1.60270223158
1.24398059447
0.272090812316
-0.198805337431
0.630435930424
-0.658085174863
-0.902882905449
1.28985809894
1.5759403506
-1.08161987148
2.07683443582
-0.683895575732
-0.633353819892
1.37722493288
1.50898209595
-0.517169486824
-1.62732932405
1.27340003276
-0.767122495917
-0.314364819077
0.722707460417
-0.239070794155
-1.57197636606
-0.790543959702
0.726199249135
-1.78812770705
0.582765755852
1.48409496509
0.679096003587
-0.588757169901
-1.00980169024
2.93335284881
0.0373903945484
0.734426987487
-1.6094343744
-2.40308251788
-1.5314457724
0.215833446734
0.65111731121
0.715144446035
-1.07454049128
-0.315869831007
0.556060845199
0.240060829583
0.94759797054
-0.705525555082
-0.385081471329
-2.19409980752
-2.01280915024
-1.10275100043
-0.171891982633
-0.116787301149
-1.15819920967
0.0326612798462
-1.16176832297
0.224939888885
1.93707199524
-2.54685373912
-0.550235988568
0.0387598781401
-0.219433689216
0.699301380799
-0.144610058108
1.40861481824
-0.456005464655
0.387186880387
1.42691413951
-0.694436030319
0.573636666043
-0.0816666230987
1.2320321765
-0.955808708125
-0.24188179422
1.22170585563
1.33586332304
-0.483463290664
-2.11542773469
1.34595284268
-0.998348622898
-0.172130689867
0.0352129160427
-0.822228299409
0.251622187873
-0.718798211311
0.699431325354
1.20971506758
0.031822908542
0.632947069718
0.615528486661
-0.624713484685
0.329493310165
-0.870439989749
-1.32638552739
1.64124095553
-0.565828635266
0.673609401469
0.256580678314
-1.07018874452
0.0174111907671
0.947162845626
0.460045785396
0.692490287409
0.585641679143
0.462567597185
-0.371723406624
-0.858502881132
0.0815443080842
0.586102099532
-0.692114955588
-0.35557607935
-0.366637632091
1.97478952281
1.49669258037
-0.875218859374
-0.974017664093
0.276270428705
0.0598726186503
-0.287239821413
1.45022163447
-3.16557613267
0.499248991458
1.33957725698
-1.69115733262
0.391027907838
-0.978431785037
-0.383411735963
-1.85557622467
-1.1600687195
0.129617278078
-0.399202153552
0.597976317156
-0.0404846681852
0.461285821837
1.03592710929
0.312180554931
-0.464887873953
-0.800640584387
-2.21248104837
1.28323666837
-0.176172185628
0.519044821283
2.36983116105
1.36830462988
0.279821756027
-0.315580217653
0.12113105661
0.0769482404425
-1.59777747005
-0.136315951969
0.895750354097
-0.878027832871
-5.67603176202e-05
-0.962804530155
0.900430238929
0.205399567853
-0.693254034571
0.908815520152
0.388686413876
1.09581971069
0.542818098698
0.276249096061
1.27073698519
1.05360471252
0.110500101242
0.275893917937
0.199546653609
-2.03428992424
0.34159910712
0.906860553866
2.27325618001
0.580339655549
-1.37022191148
-2.28932196846
-0.458324029173
-0.658414697669
-0.312527597336
-0.569663428093
0.970538796687
-2.10720864569
0.923474996097
0.502272314591
0.825403103515
0.0930475365094
0.688340210594
-0.279437030092
-1.12036765425
0.247902815014
0.992534423209
1.59565580762
0.97361670101
1.22174301819
-0.385971184876
0.13138416589
-1.09125297071
-0.0284705830797
-0.356201633303
0.817805939056
1.32059889638
0.50926206741
-0.291062511858
-0.264673915417
-1.25007314922
1.1136251187
0.764662734333
0.442304946913
-0.239645520438
1.33245330096
0.890009854303
1.55871337644
0.144612943427
-1.29836100092
-1.55743207191
-1.16501253188
0.000356582607057
-1.25633209565
-0.496690386377
0.861994590727
-0.849699060167
0.116743308245
1.37095263066
-0.784769764564
-0.94136027967
-0.55088809581
0.51386873985
-0.680712559311
-0.015349372537
-0.216123128802
0.266015182827
0.476968123641
-0.435285831934
0.698980872039
-0.54490991599
-0.11929851158
-1.38584837252
0.0731011304402
0.703289879031
-0.379501216432
0.637367002368
0.99170683568
-0.00138884189459
-1.66846846377
-1.5821754533
-0.385381223642
2.11817906501
-0.0517151314016
0.640606945355
-0.654714394404
-0.441266123894
0.925110781808
0.708226001218
-0.0644140021924
0.127910066912
2.45428381198
-0.0369018504883
0.219505803051
1.77819000538
2.82171777794
2.65495350778
-1.20435736691
-0.162352074859
-1.89639325487
0.536894986934
0.194366602461
-0.536523994301
-0.11780656704
-1.23679056924
0.203801290957
-0.139631466334
-0.436185677149
-0.954289525749
-1.41911052601
2.02379139832
0.477361957483
0.510600430819
0.540658189508
1.21244288977
0.0478268653984
0.307443668335
-0.0925696121718
0.865208781205
0.572846356641
-0.279648989323
-0.510791897891
-1.1372636072
-0.219472950601
0.473124705621
-0.0928547995141
1.37009491509
-1.5173192385
1.54642863405
-0.96014503139
1.33031350471
0.382025783308
-0.522003120225
1.20989758765
0.636882675155
1.3316626782
-1.80341731688
0.844349028491
-0.926222882221
1.02459954161
-0.701261721193
-0.246091917093
-1.60954630249
-0.731819933109
0.801444503246
-0.0258860411771
-0.0797170882506
-1.40614676225
0.516010076845
-0.810436941912
-1.01625147387
-0.247506529432
-0.216947321198
-0.614475487139
0.21585574064
-0.390224558248
0.0922719186186
-0.0338337109061
2.14347438332
-1.02438831403
0.260496346059
-0.0302189469561
0.159417972847
0.211530493652
-1.20902707512
-0.110460522433
-1.77194452952
-1.24362072155
-2.67941249455
-0.87163137349
-0.548680330399
1.0098980147
0.25657426319
-0.096304636018
0.770798956503
0.407989755552
0.874538230234
1.44097742152
-0.355197939082
-1.36034795489
-0.267783550869
0.184132545155
0.0423143704499
0.111112806311
0.391508101834
-0.428857362276
-0.994846031333
-0.418751876604
0.865452437639
-1.26334961183
1.31525214489
2.60240405193
2.06825216673
-0.157388752649
-0.434863491319
-0.431584942432
-1.08537714673
0.420401631702
-0.108061657485
-1.56781696595
Score: 29