3
44
10
3
-0.760311251173
-0.708851969646
-1.3651848666
-0.757412261442
-0.302404840328
-0.607303988515
0.893424298504
-0.0392467706278
-0.91769163268
-0.146091174766
0.974869222111
0.44346240371
0.337275797225
-0.422811656732
0.180930002975
-0.791917975513
-0.388952071733
0.204175440434
-0.81543706801
0.305811880419
-1.50118589049
-0.143942387069
-0.163164317721
0.594671198611
-0.161687302757
-1.91703964338
0.610901212572
-1.25445007588
1.50760901579
0.721911697901
1.48634740013
-2.58589738542
-0.88708309043
-0.709052366495
-0.195163660832
-1.27879494699
2.04598533221
-0.581075285229
-0.159733595613
1.66717319068
1.56839752563
-1.25729218746
-0.911569681712
0.886315250585
0.0190738201167
1.21991083449
-0.99696025207
-2.26687561217
0.37560414501
1.09038522035
1.19164298887
0.518371297075
0.0260878921445
1.32002978023
1.69795476132
-0.963356517083
-2.96773864128
-2.39951008268
-0.361816326934
-0.165220764297
-0.252212654868
-0.372039914683
-0.835688323592
-1.11740820548
-0.894328672575
-0.583052734304
-1.64412864867
0.0524262404833
0.178752808845
-0.471026650564
-1.69004490701
1.38611506267
1.56230688621
-0.472693027663
-0.560325440306
0.205360757215
-0.827315045794
-0.588990477651
0.0801522885805
-0.567966489926
1.64435818557
-0.334998748276
-0.509257534302
0.383830068352
-1.06575988754
-0.616987601132
-0.673136078488
-0.250749797727
-0.273163260561
-0.971545936623
0.758529976252
-0.478147982236
1.0042778613
0.0782367511043
0.712145232306
-0.93961207637
1.06659430738
0.11459071924
-2.05778869799
-1.17141187872
0.943435196279
-0.689864909416
-1.62546397895
-1.45459145477
1.37807906653
-0.0737211652126
1.69611593403
0.435858976508
1.54664102969
-1.34948485138
0.0973317602293
-0.00434880299525
1.38727714895
-0.551858000864
0.273604406098
-0.489800543419
1.01549539194
-0.752783519514
1.68487831065
-1.00502588723
-0.775880326207
-0.214319636167
-0.254570587043
0.281607686506
0.74863095005
-0.442898805241
2.16044228079
0.385628829825
-1.16725862488
0.492309216662
-0.0929309266622
-0.417808003509
0.227744034019
-0.502983959642
-0.263495709009
-0.690528978931
-1.27377747902
0.675381091179
0.940561812894
1.44213244493
-0.546201895604
0.572663042401
-1.64412481161
0.678366030986
-0.341586259523
-1.17571337851
0.435876401906
0.714750459517
-0.278960744668
0.283853248409
-1.44097238925
0.793818164399
-2.01920999608
0.642474340817
-0.371207385534
1.65768683403
-1.12244031919
-0.363532561134
0.336916060523
1.91369970062
1.10635030323
0.273212637912
0.173212847735
0.305464722163
-0.946131752746
-1.16600609356
-2.05181755402
0.129805764783
0.567038493123
1.13065987009
0.748898181741
1.05847686621
-0.122637028566
-0.0646745010122
2.74578429314
-0.259038791689
0.282485036695
0.636584429366
2.02884951016
1.3255322429
-0.357379117363
1.95704826051
-0.133145837504
-0.0553315817322
-1.89549612292
1.24203919682
-0.277478838535
2.19787976882
-0.488116678336
0.364120380699
-1.54157725793
0.754851859025
-1.59940259945
-0.477656337644
1.68318515379
0.134310655857
-0.0632286161631
-0.0260841250673
-1.46777122435
-0.340600235313
-1.42587782456
-0.778501697674
0.902827112349
-1.54420930892
-0.925304693775
1.08142286721
0.466595367349
0.537460945864
-0.761807706716
0.274153304208
-0.868850277625
-2.23003717912
0.445988519884
0.765746726551
-0.373872127439
-0.498725283751
-1.2956554039
-2.6093796235
0.53032178922
0.803430569658
-1.36163625667
-2.52825244977
-0.29444236683
1.73537705127
-0.346745835946
-1.26133941083
-0.163264688693
-0.724732736981
0.357946780124
-0.771653175
-0.60556744757
-0.365580560282
-0.816081512953
0.58825235323
0.242769346936
-1.70661461853
1.00434755564
0.112036128121
-0.947210176312
-0.556746063523
0.216113414511
-0.618144247511
-2.97179067114
0.748152882767
0.00252734743474
0.328670944786
0.484002654111
0.202725998269
0.827394153432
-0.0368861635567
-1.41598605008
-0.842187007969
0.372620479204
-1.19207506715
0.116549241373
1.19681687349
0.599769258168
-0.329362498674
0.421920610514
0.519721026789
-0.682867326703
0.159905058063
1.14866675859
0.00491328157209
1.19259746413
-1.11905748223
-2.21627657863
-2.03474971268
-1.29021222421
-0.124179821505
-0.553234772993
-0.334465399706
0.0665682934451
-0.399850430754
0.219358781476
-0.0707148486022
1.29844490344
0.0781975785726
-1.66962229508
1.59721490968
-0.443038151693
-0.307900933077
-2.07268290747
-1.09137787057
0.457963270368
-0.384462724828
1.03967577
-0.408944524717
0.597666828626
-0.953803108592
1.53393823041
0.911516571054
-1.40978449919
-0.523579245944
-0.881423361521
0.63408687039
-1.08369291386
-0.00265789116955
0.750172406735
0.538317365109
-0.347541399675
0.123247606881
-0.144369328456
-1.45954683018
0.133920002319
-0.499265633617
0.220949002475
0.447648964294
-1.43963495891
1.67276269425
-0.77850159241
2.65359637957
-0.677908352868
-1.55504778284
0.104895464817
-0.309253291965
-0.0901336120968
0.681670796396
-0.376660659255
0.931859764375
-0.366086035846
0.229890850318
-0.119079248558
0.54094973841
-0.152554870428
-0.301776898039
0.37034290646
1.77951117294
2.41400831146
0.95020569165
-0.371910716025
0.24339897468
0.204185758644
0.0179047364859
-1.27677187819
-0.938941686737
0.509700616266
0.352097226081
0.898945204709
-0.550632025358
0.390666735863
-0.715414192585
-0.219628629952
1.80829060683
-0.846789846996
0.300896721827
-0.361094104018
1.21514340371
-1.31435971033
1.6603978834
0.0058848561074
-0.875325490185
-1.25278526399
1.23838480622
-2.41417053654
0.2374199559
-0.410679383702
-0.176213896897
-0.429147714089
-1.66745410289
0.713727217482
-0.302421801824
-0.0482533404471
2.16281182755
-1.5155390304
-0.254228808497
-0.47062702775
0.923962822746
0.836237804312
-2.37442139611
0.98469339836
0.321332043585
-0.319404893896
-0.473464762998
0.556564774068
-1.41296679045
-0.669804363278
-0.877838841888
-0.188151807013
-0.39801961149
-0.662670714628
-1.87177223925
-0.673140901805
1.18153369417
0.304764811766
-0.66288582821
-1.37065684822
0.319148095578
-0.75801510407
0.0106060561141
0.41311186567
-1.58765060986
0.140334676565
-0.21723594377
0.694460135066
1.13148719095
0.764788761316
1.75304299195
-0.547816412867
0.921127970323
0.237193786662
1.65784616035
0.707126786154
-1.07681740226
-0.945180027814
-0.455052229885
-1.27590739474
0.768658561462
-0.786148613271
-0.356968008185
-0.0759994290186
0.440569079614
-1.45967812456
1.00424828928
-0.0383457662087
1.11880917906
0.0391858648687
0.896127710841
-0.557893241677
2.0781334032
-0.590630164768
-1.46598402843
1.32047493622
0.091973956654
-0.973212136241
0.961446384949
0.997063612086
-0.0189991909908
-0.849993174365
1.50957193138
-0.141322403046
-1.52962112826
-0.172113782695
-0.150938703341
-0.787286089207
0.242129663932
-0.077099300215
0.245539866136
-1.17691426205
-0.28012640699
1.16495445385
-0.0221959834842
-0.0477512007987
-0.234680340404
-1.32440513881
0.447886101016
-0.725359570418
-0.389608162404
1.11402524933
-0.235516745368
-2.01904529836
-1.18548651744
2.09799926668
-0.641374628748
1.01766833753
-2.61797412428
-0.0173171108711
-0.844680192885
0.114389383321
1.72845574629
-0.0851059411692
0.284111741566
-0.97821537193
1.02693156483
1.97737470226
-1.36220936771
2.01772504241
-0.478423261735
0.2398012133
0.600060738307
-0.859481821577
0.44709140969
-1.54412460059
-0.994470683445
-0.0909572544053
-1.1118507208
-1.13578405118
1.29797543007
0.612999748061
-0.22506185842
1.01663802653
-0.531960731284
-0.93901644857
Score: 13