3
44
10
3
-0.623695625051
-0.61226881018
-1.26000632542
-0.862050245951
-0.229647404148
-0.767601372451
0.711616408764
0.00882670911229
-0.82323197658
-0.11105124534
1.08854931181
0.537809265121
0.164554930318
-0.425341213895
0.356254272129
-0.970432174525
-0.422699864241
0.485194338022
-0.735350319594
0.261098910618
-1.69103214495
0.0706312712598
-0.0483621815504
0.637947558109
-0.307414691572
-1.81190829216
0.48358069401
-0.937991595385
1.28678236061
1.00352135401
1.7469589418
-2.33820680782
-0.827241505817
-0.837625014843
-0.150672032314
-1.24728863253
2.10482808477
-0.812519648826
-0.312444482209
1.62211483137
1.48874136765
-1.11917987838
-0.884619536084
0.699545093099
0.143580588917
1.26503229002
-0.948000217504
-2.06605122522
0.422387073863
1.15374172298
1.18967057363
0.385709754742
-0.151594871849
1.31305968313
1.79205958472
-1.06073266986
-2.9365018609
-2.43204842857
-0.487529673752
-0.362109888218
-0.18818096231
-0.545803231881
-0.632817430033
-1.12919728714
-1.12254065364
-0.640849965225
-1.7914333534
0.0332184302487
0.217962670849
-0.65026778169
-1.42283405559
1.49766058158
1.19667946357
-0.582548177358
-0.330384040873
0.214017138479
-0.89507181923
-0.561063581957
0.0707318432194
-0.474880670144
1.7003765911
-0.0949080480766
-0.65192135872
0.265776923963
-1.20704314113
-0.613222317858
-0.800469191725
-0.0962074925642
-0.557526887786
-0.950940288778
0.665581478257
-0.458979157781
1.03666791716
0.388736366429
0.627659345472
-0.802483573477
0.990819908191
0.0391424853842
-2.2438679767
-0.975390729611
1.01893575043
-0.454143583368
-1.72166124053
-1.29937061433
1.59855467272
-0.102867980225
2.02611474592
0.513342083835
1.34446868167
-1.12648598226
-0.0109940784729
0.123770090812
1.42496214565
-0.315674059449
0.132894962964
-0.599402945273
1.00048650055
-0.674399142379
1.6174885934
-0.959734709283
-0.493370311414
-0.333690637584
-0.234181609976
0.610956279483
0.809359328578
-0.494894805001
2.10741588795
0.303377140041
-1.22160450323
0.496738922213
0.150094291406
-0.480930825478
0.32150039604
-0.538407788942
-0.186290880746
-0.353126647175
-1.09435242078
0.351655256631
0.854684913815
1.05867613825
-0.708662120487
0.566897496147
-1.36157580532
0.651612279949
-0.506578610614
-1.13894854777
0.380082727655
0.970198138386
-0.229715612371
0.222307604348
-1.29745086704
0.615986883005
-1.74736055084
0.806946163569
-0.242063408623
1.84017250226
-1.32498393127
-0.513299568892
0.303339113002
1.69287477175
1.04283635742
0.480007303668
0.208135666859
0.298515444439
-1.03545010602
-1.16756133641
-2.02269107187
0.254437185982
0.608031539203
1.23067963268
0.776553416576
0.994524198008
0.147632542303
-0.107834550592
2.51586688024
-0.238970023182
0.290100605476
0.704496687034
1.94276536984
1.54206846665
0.144001518024
1.84231604731
-0.174500604307
0.0862188857701
-2.10675778349
1.28727789297
-0.451533430641
2.06511645041
-0.559159973533
0.668323738266
-1.83230147611
0.90878854807
-1.70023342745
-0.471786786952
1.60711932425
-0.012391299813
-0.0138532755539
0.0957732512005
-1.35282833063
-0.416490004002
-1.03037764896
-0.935946680969
0.864043398743
-1.34071208916
-0.896471925656
0.877436637077
0.702571506674
0.501731168743
-0.859877363441
0.236446227353
-1.05524453605
-2.15664359523
0.376374947154
0.923984385591
-0.335655729578
-0.668946514484
-1.40584811301
-2.27057008293
0.419649746878
0.566203400668
-1.40485981043
-2.49530200472
-0.340271877258
1.45241204616
-0.31008610429
-1.25586984364
-0.267082476486
-0.827559714868
0.146952788672
-0.95661366413
-0.536987287513
-0.483787547187
-0.843386974643
0.678119053992
0.15991131556
-1.62147321642
1.09285301296
0.101502982754
-0.874646285734
-0.546284245531
0.345511910229
-0.517208333959
-2.84610048764
0.791047621252
-0.0818754392243
0.390422545781
0.483108657991
0.24954701068
0.896507695968
-0.108719378071
-1.34574655938
-0.787914433733
0.782711658169
-0.972826290373
-0.0669161984042
1.44536453396
0.714359907479
-0.416350120724
0.307582947378
0.364383306881
-0.629428068303
0.158696352844
1.23996769677
-0.0655965231579
1.165215774
-1.09701255239
-2.02809095572
-1.64749985099
-1.36268567315
-0.161997721601
-0.42966107264
-0.159596263079
-0.115388644683
-0.607148988777
0.279628122341
-0.39619136711
1.04465176381
0.198588402517
-1.4596441262
1.56230971781
-0.391393140684
-0.450359853843
-2.13992407854
-1.01434873408
0.499493677569
-0.377725372036
0.942548018077
-0.103830463825
0.486566769745
-0.719998840018
1.40011709609
0.67227989646
-1.51049854823
-0.565882391774
-1.02749545741
0.494973597401
-1.15881133658
-0.215344542889
0.664697934001
0.712262786078
-0.145883029968
0.115694502552
0.390818363748
-1.35509960964
0.210760752156
-0.240204064039
0.114973989635
0.500487226701
-1.3361415819
1.32568365171
-1.12623563947
2.64116963187
-0.786382195504
-1.89008302649
0.0648543998691
-0.014874177453
-0.0386083267392
0.658068216331
-0.294473587879
0.999527473065
-0.389697843323
0.4876761711
-0.245194478296
0.324540612489
-0.291939321012
-0.264768354706
0.385340871712
1.90173727145
2.35344167365
0.850426058752
-0.474165220972
0.331784784843
0.0719361775748
0.0949961478858
-1.26621849577
-0.946517305274
0.555860802151
0.285670576752
0.624383560196
-0.346310685508
0.240348751296
-0.427601106345
-0.392997380534
1.67066909194
-0.929595192819
0.274519935065
-0.537163861172
1.30773904339
-1.33469928462
1.34368232683
0.075169180956
-0.920260558741
-1.13772039581
1.22854124885
-2.1894059792
0.42302521598
-0.354188262378
-0.368577985935
-0.355690247025
-1.50363814575
0.704725254652
-0.248848727984
-0.0739917983796
1.86952627437
-1.47603677617
-0.212608394854
-0.251090405681
0.930077071514
0.963592545538
-2.37225876272
1.01286759585
0.136423493719
-0.567119385132
-0.40186521114
0.504574344594
-1.52268768785
-0.687954516789
-0.997809321617
-0.138462303906
-0.0663613957577
-0.60279236369
-1.79319031905
-0.447819492341
1.27322398994
0.3659068478
-0.379613332488
-1.27414515202
0.386263369125
-0.651639717187
0.16136979863
0.493897056773
-1.74835588572
0.208622155017
-0.13902175699
0.773406962811
1.1685963429
0.79127522117
1.82700945953
-0.366388805523
0.803198196865
0.328455828016
1.70585138822
0.869866627545
-0.830618982726
-0.769909777847
-0.517371145546
-1.32640006475
0.641806974198
-0.730987591226
-0.325316375881
-0.0370519699799
0.661477622116
-1.74948412096
1.13294113625
-0.165472379913
1.09798634226
0.0549044276297
1.21519300897
-0.681720504905
2.18786625781
-0.697581533787
-1.18545024075
1.41009283237
0.417713779909
-0.93944131607
1.16195782117
0.733425601609
-0.179222969816
-0.60048616255
1.36981970286
0.0676092407762
-1.67759955202
-0.485890942496
-0.029119580438
-0.686541142451
0.166477076546
-0.0755444822323
-0.0197842959742
-1.28096489097
-0.556670931243
1.06651062094
0.304688474464
-0.245709959885
-0.0726124903693
-1.03534324886
0.46454756186
-0.683554834351
-0.300502150919
1.19990312241
-0.190216396569
-2.13868520584
-1.30604907763
1.9659808619
-1.00783393362
1.17713275203
-2.63421471134
0.034780517767
-0.782091090628
-0.0314396239164
1.55341516003
-0.0255282202537
0.411724760345
-1.0050265447
0.752947517897
1.66214550867
-1.35989785041
2.17698347865
-0.532564076289
0.655606594236
0.557818906546
-0.90001066449
0.467515967324
-1.52813391461
-0.812200050672
0.103090451034
-0.990138461263
-1.2541719932
1.19316328922
0.796685611528
0.0206707217521
0.966220328194
-0.193327648409
-0.728821584824
Score: 13