3
44
10
3
-0.465413514954
0.724268326673
0.481401867754
1.37653462266
-0.565240945114
-0.976724345831
-2.21482951656
0.884770899531
0.131282823108
-0.91652968819
0.126002361505
0.908654008354
-0.434815215337
0.322487197537
-1.42807115457
0.728020208371
0.912584633649
0.772236613706
-0.65478542181
-0.956448253847
-0.755061447387
-0.893003725336
1.24322909045
0.828716370012
-0.218504899588
0.473787917927
-1.48835047389
1.43536918825
0.446644408558
0.279700498284
-1.80867686828
0.401729410576
0.648981584877
-0.444576851015
-0.0119004745967
-1.08075916744
-0.0931604177688
-0.288830307598
-0.253035687544
-0.629142612363
0.775818292947
-0.277669993623
-0.026221369253
-1.17477626361
-1.41414323458
0.516091593688
1.28946764349
-0.0391866214363
-0.394137299072
0.618026618131
-1.02505943251
1.16577554136
-0.271576026831
0.82996827021
-1.12855448381
-0.315751971071
-1.44642579876
0.3442008413
0.265652016632
-0.991044562521
-0.886784765342
-1.39464057287
-0.742440384581
0.425746249188
-0.990183068209
-0.238734394242
0.549277991272
0.73898030409
0.806317752474
-0.867927889986
-0.542319044456
1.17807220289
0.0441001463627
-0.142686720209
-0.969913514683
-0.702301578535
0.39471487275
-0.223915233168
-0.295527542334
0.534443009928
1.57541681502
-0.305362619626
1.3826294458
1.14476842764
1.67011924421
0.856204770806
1.93378327625
-2.22565146082
-0.0167220341837
-0.342602909341
-0.917637089446
-1.0454330696
-0.0434212803936
0.00544961774795
-0.425334911931
0.516275581345
-0.726806681528
-0.0640659307789
-0.891164167759
-0.256224916037
-0.0480772529825
-0.654441880226
-0.187408711282
-1.04084675465
-0.0619368810447
1.32391908433
-0.378285866945
0.418852416996
0.669556175404
0.0868031097164
-0.688580400785
1.60148281717
-1.41321207368
-1.33291503048
-0.574554112915
-1.28743044235
0.104303794973
0.182578457623
-1.51072038124
-0.649809968726
1.83951336565
1.22925942284
-0.013247677593
-0.106907283566
1.08757755513
-0.35651817719
0.268880734825
-1.99206974517
-0.489854359628
-0.699269217679
-1.03143834201
-0.614160914789
-1.18782162331
0.857493401048
0.402364444824
-0.375067379004
-1.82698065703
1.29234322679
0.781941249471
0.0125063963865
-0.0945475777024
0.300116371081
1.07598750437
-0.793874199476
-0.489614443912
-0.495726222846
0.318307850335
0.308602167199
0.473373729889
1.48225863006
0.068123501752
0.304871370901
0.0358188210218
-1.27950670973
-0.0250457174788
-1.08913148144
0.886128322766
-0.341331586896
0.853956564071
0.717293320294
-0.0646526437245
-1.09975065473
-2.00633590938
0.250075630871
-0.432611009768
0.756062494073
-0.334324460001
-1.92925632605
-2.3034661521
0.25810268381
-0.501308506109
0.715455585811
-0.302059340832
1.2635300317
-0.812114147531
-1.14178240067
0.352754125776
-0.502665740178
-0.949176838212
0.73245654808
0.699602096621
-0.105219233418
-0.823698427772
1.28206749006
0.674186723129
0.536477314871
-1.17043251608
-0.120792373808
-0.244969915364
-0.198433197418
0.0675306702751
-0.0423566293015
1.82357015823
-0.458311324792
0.930000120993
0.00223200521525
-0.654735860531
0.463063409204
-0.17755224012
2.05904819953
-0.758847301238
-0.109166516923
-0.780881700383
0.611640723433
-1.01980970653
0.0934793182921
-0.464049439567
0.113715220744
0.245617190789
1.45040532248
0.748886591835
-3.19539412674
-2.35768257054
1.10129389319
-1.55365405633
-0.487874987782
1.62907954728
0.139047263817
0.999915458447
0.0317047933334
1.32771642851
0.0328089523205
-0.284014049045
0.163300852136
1.11619202441
-0.532242684863
-0.531577852282
-0.217412719156
0.496352923671
-0.100068663502
1.23469594366
0.166587696918
0.68363597016
1.15785749415
1.42253909707
0.540911932424
0.442123186748
-0.117173215781
-0.249286483086
-2.1651999194
-0.23763145067
0.747421550598
2.55716512955
-0.749782397233
-0.66863496
0.124357189955
0.667554746175
1.24567191134
-0.777031688093
-2.09319409362
-2.60312141807
-0.316884700435
-0.254017729665
0.569833480368
1.9412439373
-0.203824177695
0.907805422208
0.165628259265
-0.29711785484
-0.311121945198
0.342644293134
-0.345331880311
1.80125268486
-0.223595632895
0.393032706128
-0.427593658989
0.0791087930407
1.19305129275
0.955252296047
-0.461272515869
0.69555535028
0.00764655397033
-0.0406682618915
0.936216414329
1.30704683383
-0.281866879314
0.482000904179
1.48994210412
0.141966711928
-0.285404261609
-1.05525043154
0.5228976568
0.527841996165
1.44163838291
0.266613680009
-0.918543677494
-0.494606142017
-0.00499402706067
-0.0732713231835
-0.793151720396
-0.825926287104
-0.623087602851
1.42681887557
1.21156322308
-0.460468308523
0.816759313651
-0.811330048717
-0.689347802746
2.27117136937
0.228762459061
0.263119144615
1.11494203113
-0.495074314377
-1.60986985457
-0.210663089469
0.324256038013
-0.114838903107
0.203285238217
1.18893102841
-0.0779145993939
-0.233962266019
0.896694286318
1.12984243799
-0.301864689429
0.849552678698
1.07724673657
0.0152343262314
-0.136728869633
0.829772020052
-0.530829350381
-0.361848369708
-0.657568891875
-0.00893167917123
1.16415896642
-0.995652472146
1.53095227712
-0.585095461314
1.53819297784
-0.629642067398
0.430004467459
-1.88431930157
0.253139051085
0.885405477237
1.30610977561
-1.63289399373
0.848114125328
-0.685443359277
0.105373266331
1.52843316884
-0.962964677272
1.20902233646
0.350865982642
-1.30191825223
0.897241566722
-0.136279950241
0.869870443282
1.87383818675
1.38387196145
-1.79016400378
-0.0351140682775
0.280404835794
0.540167344456
-0.245436166503
0.565979638764
0.259872495314
1.58960233407
0.769830302892
-0.626239833214
-1.77459027659
-1.05982237589
-0.465829509768
-0.511231138726
0.223959125926
1.83142729889
1.09977419586
-2.12419886889
0.540084216694
-0.333066355893
-0.466240963185
-0.970478026538
0.206708482714
-0.720365357581
0.349254003823
-0.298800885936
-0.493900318289
0.936132684164
-0.416909980742
-0.0671215664073
-0.0637787198416
0.931138116457
0.775660485584
-0.356468423456
1.06480742777
-0.131063546086
-0.331549016873
-0.0836664878232
-0.363931058678
-0.504267469873
0.982173404524
-0.692099690018
0.429427020171
-0.0877768258997
1.53640557329
0.580590960616
0.424677904208
-1.20736411738
0.570358744472
-1.50784165161
-0.353584043803
-0.250878765652
0.849753570303
-0.0227726087783
-0.535705098803
-2.12189981982
0.00702669402809
0.776381595389
0.736905188918
-0.188330151329
-1.01006160226
-2.15173165645
0.256399175276
-0.600595630059
0.304837438843
0.083792307607
0.565879666939
-1.34540466177
0.431218131095
0.850982694911
1.26796285713
-0.468863646727
-1.46214029327
1.26446439588
1.21682969854
-0.144046286651
-1.66873760827
-0.256947610153
0.358407252304
0.843807751371
-0.0581047989369
0.0584420566716
-0.188848795327
0.474456956828
0.374367548727
0.0315141046617
0.440142582958
-0.281691986205
0.981198621216
-0.125086910318
-0.422601253135
-0.395093108914
-0.259378284643
-0.401404083714
1.08045955441
2.0083619607
0.811268481804
0.0188473085817
1.10261845336
0.926819058023
1.06770312595
-0.995899070899
-0.32170647321
0.43217646216
-1.77748937407
0.226895132009
-0.516841324791
0.491280506219
-0.865303974493
1.25917933232
1.12530648788
-0.273433465417
0.732003986615
0.862014781848
0.521869461382
2.48664105259
-0.393503515118
-1.1647655842
0.405415807422
-0.665177435572
0.00034656781437
-0.91642367619
0.516865419071
1.22414666501
0.57089974287
-1.34569608489
1.11666976874
-0.670090064399
0.361246262686
-0.587248357403
1.50733135447
0.0785008143022
-0.875511419268
-0.185458908724
-0.0589864578368
Score: 13