3
44
10
3
-0.039528490605
1.58679701386
-0.569415977165
-0.856033117005
-0.698708444074
-1.59589967184
-0.0182163635743
0.597560795644
1.43034439263
1.52759340795
-0.792200563057
0.67618320881
-0.19610993264
-0.756867238125
-2.07052938106
0.0744595643731
-0.376571912182
-0.0362688044338
-0.836171718366
1.08563455013
-0.175718026943
0.853081715057
0.350259872707
-1.1782264663
0.558500892588
-0.269832866177
0.410094638243
1.28539609644
1.11083294404
1.15906995579
-1.58562866687
0.446532634873
-0.518586310581
-1.92828698288
1.28687966949
-0.497470977254
0.123360062846
0.623334464771
-1.21900411394
-2.36848484512
-0.80775083079
-1.46362696188
0.0756713393805
0.079954929026
-1.28628313058
0.637075088112
-0.848589719405
-0.823384577991
2.42251057966
-0.849543802265
0.701244545282
0.127400385132
0.226100757708
0.726288292112
-1.02586627907
0.102223736134
0.934622678203
-0.00590708665812
1.50399395743
0.664108898511
0.879011758645
-0.78228906721
0.508501055751
-1.31211183622
1.16238189666
0.542331372697
-0.340819304236
-0.698487809678
0.297915753639
-0.492011455345
1.07823229952
-1.71962728077
-1.61717919797
-1.29076945814
-0.493574347063
2.07447439135
-0.511821040061
0.123836579422
0.346750072595
-0.350850135481
-0.633614971348
-0.263581555501
0.774047875126
-0.165296304495
0.0124223159057
0.335579158979
-0.929523861289
0.696492231113
-1.11225744905
-1.57894280315
-0.315750317498
-0.605415957401
0.156636210275
2.01728166218
0.274960210356
-0.95500497826
0.349261747007
1.50486823462
-0.155875189717
-0.204771619326
-0.295883363843
1.58077814321
-0.350546002822
-1.31605094118
-0.872290210745
0.0453789847529
-0.0060622720319
-0.310806672323
0.907009074656
1.31854539735
-1.31846516731
-2.66093641191
0.254089500828
-0.938363378135
1.7494675651
0.630487359536
-1.70653532943
-0.760511688628
1.12445664006
-0.167425787368
0.361403840629
-0.906519257149
-1.70689681813
1.1940462088
0.397783754915
0.0176260764184
0.640517382425
-0.774933096381
-0.924024527525
1.4616237478
1.75003771351
-1.07612971018
1.83481748984
-0.85385837047
-0.568382386355
1.30546115123
1.41799845424
-0.749980392241
-1.66503665889
1.17310620395
-0.922016466243
-0.119259306431
1.00606724825
-0.216867313232
-1.52050038414
-0.961723846999
0.995334690182
-1.55716378773
0.705601241329
1.33235681598
0.758240141463
-0.678386898462
-0.946269537003
2.82008148431
-0.0515599990205
0.976755084209
-1.45527547328
-2.34483856594
-1.24743718316
0.156467800302
0.716238593996
0.732341859961
-1.01917864973
-0.423188639782
0.72642699733
0.146347016876
0.836248688685
-1.16691177002
-0.217942732606
-2.15442886662
-1.81527953685
-0.904288203801
-0.425692852931
-0.0943675446337
-1.08911300909
-0.090037707198
-1.11391043387
-0.0133859897037
1.92307038272
-2.73462277116
-0.626180016239
-0.180978303502
-0.490231794808
0.789312839025
-0.306357953548
1.52044611887
-0.484154011645
0.532162312708
1.31775939221
-0.774828195243
0.27334226777
0.250677648447
1.26668722423
-1.19213271579
-0.476414518741
1.37263572257
1.28559247123
-0.629894001969
-2.05089440067
1.32827694321
-0.910521657676
-0.205240171402
-0.0237410787663
-0.720262938471
0.210963072761
-0.479781670891
0.590634454096
1.1631912809
0.0118974611528
0.669291260523
0.776122428348
-0.596226435094
0.128384629596
-1.18903161851
-1.43643047572
1.47160384466
-0.709521279164
1.00820333797
0.314798029375
-1.20467993322
0.211540571178
0.971191014979
0.182166363295
0.609570084719
0.935627227316
0.382649566306
-0.36924972838
-1.23934259113
0.110103173076
0.450572896178
-0.779277596018
-0.369821686688
-0.555279638287
2.24301575964
1.62584845832
-0.888467269365
-0.804462651877
0.475546907511
0.101726222485
-0.553129667045
1.61028318688
-3.08710868301
0.492568644272
1.30868512982
-1.69885480005
0.705597315509
-0.972612641805
0.00740586126339
-1.82258571611
-1.03557726744
0.242035660882
-0.33606870679
0.836335949827
0.0922632474545
0.328555606041
0.802541173135
0.548609023299
-0.61466411761
-0.844988827557
-2.01584255366
1.14588606991
-0.474948714508
0.559291911263
2.39894564715
1.28954231622
-0.0169319021949
-0.51450113454
0.0327005406096
0.315637850642
-1.57991604864
0.0823624392602
0.884261131274
-0.616562751498
0.254626144188
-1.14848157992
0.76475862593
0.339081425719
-0.569270250286
0.763380919351
0.261052955824
1.36203972995
0.431935323808
0.332190180583
1.47472390346
1.12302455377
0.114319403785
0.482748122597
0.138500991044
-2.06010040053
0.1519234374
0.859436825945
2.15080900805
0.426667761391
-1.33496524478
-2.3701671394
-0.498186224536
-0.837599726892
-0.414100905025
-0.593118017094
1.25730699214
-2.19086783751
1.08009856714
0.605732589489
0.751624141304
0.236053324304
0.714124357007
-0.34733799272
-0.981618063332
0.248140318408
1.05612503322
1.46734830525
1.0267406906
1.17125401359
-0.0307574926701
0.0139512056888
-1.04794276912
0.000951465701946
-0.612910285817
0.615115647053
1.27394699808
0.584448737856
-0.394831557305
-0.133251138693
-1.21031842562
1.01465855707
0.44865896835
0.216803088451
-0.0421622211624
1.17614979437
0.756125402996
1.53941892776
0.269965815078
-1.49988828753
-1.43435317949
-1.23069820029
0.034301979844
-1.22798659041
-0.258225436122
0.911078788977
-0.855773826986
0.0617317078214
1.35396002571
-0.78109415897
-0.90292157185
-0.815212485155
0.276067186605
-0.658859849358
0.0108073677114
-0.229443286987
0.24365894127
0.790650621439
-0.336943324396
0.692869995932
-0.487388488419
-0.222453956957
-1.27518279891
0.0033332690718
0.457034155575
-0.480883685724
0.432815863069
0.915017256469
-0.362348956296
-1.64307091937
-1.71838626812
-0.313214181244
2.06378542597
0.231051416107
0.357693120425
-0.600467893018
-0.349001218689
1.03237864898
0.530656237304
0.155603035863
0.140589403917
2.4166255305
0.40009104928
0.0104917360785
2.07549520541
2.61656652931
2.73998052043
-1.45747079641
-0.305389122643
-1.60441918979
0.503950827366
0.0453670122348
-0.458759541043
-0.21357218438
-1.1347866568
-0.0548543342415
-0.291824010428
-0.343342135474
-1.02312794168
-1.57797547936
2.06793123028
0.435116706949
0.62124093616
0.662341619449
1.30203126413
0.175153498759
0.31713495599
-0.256490465805
0.717209098138
0.591612824242
-0.155016114973
-0.394761070397
-0.919640993522
-0.134134643686
0.711873489343
-0.0942815871224
1.26842017343
-1.57329355195
1.4865764851
-0.688741949358
1.39832297793
0.333462801439
-0.41590940086
1.25259201741
0.809713890198
1.26657887339
-2.00224087191
0.770924156096
-0.875867539198
1.30043047842
-0.346703222157
-0.122777817167
-1.80339534929
-0.818380182208
0.812502000562
0.0842885341723
-0.100293056543
-1.40246248232
0.45184993059
-0.72259251634
-1.18237401074
-0.169190266033
-0.0884288617456
-0.461926450595
0.288804966177
-0.360805801795
0.0224306789785
-0.017114009083
2.2793891003
-0.940561869189
0.0473408088396
-0.33568568738
0.453338172353
0.012568991545
-1.1209287575
-0.224180986513
-1.80249647788
-1.11771859117
-2.80144219528
-0.902937788129
-0.706891446881
0.852934393297
0.0952332779046
-0.0898494022384
0.690646992736
0.33145931296
0.66101731802
1.44343900724
-0.134689046385
-1.39536778779
-0.236194362706
0.139055451354
-0.0044627574735
0.287627110403
0.239531081969
-0.0863632692804
-0.996101914209
-0.511440180223
0.734102598962
-1.01106411862
1.42786851189
2.47132245766
2.02528699783
0.0154037790227
-0.700075708813
-0.430902289977
-0.914142978956
0.196405421293
-0.205753902172
-1.43646270034
Score: 13