3
44
10
3
0.527248061689
-1.78742483962
0.0775584679611
0.394398436933
0.0927281267796
0.797423979184
0.333823378839
-0.453773439269
0.344813834815
-0.124460639061
-1.02381724046
-0.621875516264
-0.75507347836
0.616935682486
-0.888867081233
0.111225566702
0.777469282838
2.32560418755
0.85064004281
0.0549445083907
-0.569861371563
0.000899570323541
-0.0483534284622
-0.765422730746
-0.78603174847
1.39482451692
-1.68084355435
0.558144481775
1.65229544806
0.779757983056
0.292461947654
0.208994313994
-1.03550253466
0.30820454316
0.178291052773
1.69984338182
-0.215487915114
0.31077540633
-0.847866804972
0.00627126617058
-0.419377168192
-3.00123022746
1.37044794527
0.952197485744
1.06842864076
1.22516543297
-0.917015202294
-0.207890788
0.42678756322
-1.20904812472
0.404030984283
0.74555557074
1.22771572493
0.700633350672
-0.594485940082
-1.42827107827
-0.410302707641
0.0425805519691
-0.617795245651
-1.75403979199
0.928480664858
2.10948814655
-0.223774641114
0.708960649851
-0.384044913719
-1.20350181062
0.0597733782799
-1.08384908084
0.0333382912032
1.6964942671
-1.76952829008
1.87275238239
1.33722627688
-0.225777031606
-0.382060139541
0.275754886338
0.271158269088
-2.03782409948
-1.99639454974
-0.646573642807
-1.44729760573
0.0356028858939
0.65619394161
-1.56780590314
-0.332550980459
-1.28923015882
-0.102144870045
0.917838929892
-0.661374705959
-0.0622009311014
0.426571306364
-0.349846312588
0.296827873626
-1.84132020585
-0.564329895736
0.0417909103408
-0.701309776705
0.154777256396
-0.101038155855
1.9242129658
-0.048555370104
1.93273809637
-1.93496954714
0.780760768945
-1.20695681199
0.589144745794
1.19724962354
0.795730019917
0.217306736922
-0.655310369815
0.426827823189
-0.367916024248
-1.69085987684
0.335083039109
-0.509664621568
-0.897519490392
-0.694993433074
0.359837904593
-1.39272977885
1.32269280923
-0.313882832801
0.708177462905
-0.279893890681
-0.0745412998739
-0.88906953021
0.311877451273
-1.71703698011
-1.15986983473
-1.09199776155
0.0061382957252
0.640827565221
-1.97850795457
0.39010409601
0.126386141623
-0.572586521667
0.332697236682
-0.412252989517
0.639839244958
1.71578065305
1.31869497781
-0.0293420596476
0.700533698741
1.44690668521
0.344349110947
-0.265194040851
1.08667054303
0.00427376905446
-0.0607771514252
0.863889677844
-0.178108936209
-1.18670729288
-0.46456431312
-0.788747688104
1.70385100621
2.03729257619
-0.484035095647
-0.285640522002
-0.145914597342
-1.36695326944
0.285351696777
-0.0899273329471
-0.894182313018
0.423195132139
-0.708414742306
-0.379860985352
-1.30480664117
1.73830982355
-0.710932916325
1.46087370681
-0.253388149627
0.405343965018
0.526697671632
-0.418153064913
1.07595399542
0.0357090586171
-0.451344611164
1.02009347182
-1.29512227828
-0.0982072755272
0.353626576364
0.10269624909
-0.454800913158
0.609423137807
-0.784036521287
-1.15039521846
1.36734749767
-1.91478414903
1.0807849281
-0.777277457703
-0.380370267614
-0.621606943858
-1.24624335705
0.0139237292177
-1.67988855256
0.210138153114
-0.490754594532
-0.325328166559
-0.162242974013
0.00561858917102
-1.29952094837
1.30222644708
-0.922032087146
-1.61030993127
1.56600654015
2.54404646807
-0.0079942087232
-1.04169510572
0.908631700748
-0.780116239807
0.791302354627
0.142499300883
0.271996244371
1.12405210664
0.513410944557
1.24720968227
-0.598951811919
1.09885535161
-0.890481996526
-1.06515560164
-0.148381252666
-0.898818841762
1.16706534047
0.897296101342
-0.171602001602
0.470450925503
-1.47447243237
0.29120031761
1.40712095675
1.9907431559
0.0667202729337
0.945415949674
-1.61878829542
2.54334665258
1.74571549067
-0.0430466516218
0.354236491999
1.36033384447
0.0766027237063
0.304428602301
-1.24381061432
-0.836064342929
-0.351863315161
0.740891200121
-0.424264828754
0.98593308531
-0.348241184798
-1.72246144146
0.428296583676
0.139246343081
0.213104482744
-0.602668719328
0.419854038097
-2.40078458298
0.574921234362
0.524009720433
1.43298876081
-0.181064705073
-0.905120590779
1.12326045894
0.0990859944845
-1.29540109294
-1.38262197021
0.0389982322383
-0.397810947264
-0.540665026984
-0.0856210753517
-2.31683763258
-1.40145502659
-0.639346159753
0.424884511373
-0.427071799457
-0.219757215137
-2.73461831822
-0.815888931754
-0.412271377907
0.264189018957
-1.05447553077
-1.38285105568
-0.331253921466
0.561473908736
0.413763121584
0.148194986637
-0.231047298911
-0.490506097067
0.445495925276
-0.328112069552
-1.73907872877
-1.21735235006
0.12589252751
-0.348389324272
1.10495894408
0.265454565272
-0.142556427885
-0.303731122034
-0.399737032788
-0.141125303493
0.0251519695692
-0.392380704549
0.650411271657
0.735107830116
0.633852250762
1.54681363571
-0.35190837767
0.173111223416
-0.488680286384
1.29582626678
1.1601793944
-0.580043077022
-0.0939772728534
0.279271361128
-1.29288198698
0.0704964986705
-1.2462936856
0.0967148573775
1.35957548105
-0.799904330403
-1.08784297307
-0.702517805835
1.13519040795
1.03886579087
-0.4730558668
0.462850094425
0.189691262598
-1.2071819955
-1.54260126849
0.67031069904
-0.924039957556
0.309044959457
0.64653859753
-0.493755509119
-1.25455157256
-0.41335457618
-0.195940280418
0.641914852483
-0.610718316199
1.1052145278
-0.909234670684
1.43257724511
2.02511565113
-1.79098229227
-1.08333114084
-0.509523753485
0.0664579605256
-0.281329126
-0.0172536712188
1.67653318537
-0.0350261729249
1.00197633347
2.07771752211
0.102293206634
1.00952841501
1.79683597423
0.495538178778
-0.112489288289
0.435267814943
-1.05403441191
0.402139248861
-1.5299417488
0.555584160818
0.35892880411
-0.743076238287
-0.309349220855
0.46583506522
-1.03026052031
0.442945959676
0.895163226587
0.583413811886
0.640618406339
1.20505797049
1.3202118323
-0.551909836311
-0.579213410812
-0.87735371917
-1.4039677411
-0.293528631029
0.10053658332
-0.700391035989
-1.26490233676
-0.272753490839
-1.18073958237
-0.557048094119
0.241405034176
-0.878851093066
1.94402853571
-1.11933858257
1.09627769394
-0.691354117735
-0.0409285213765
2.68999653214
-0.11779516986
0.48751172669
-1.13779355114
-0.0206106066723
-0.342768101931
-0.893824970138
-1.69327906043
-0.305350927769
1.08742819695
-0.285249727749
-0.776110061546
-2.07880716363
1.40370253748
-1.03389413078
0.36753018144
1.64031396992
-1.12448674779
-1.02421772462
0.138828216973
0.780190248227
-0.903070586877
0.361820233386
1.30950311737
-0.362357456109
-0.932396489841
0.148757632511
0.538940733459
-0.534599827616
-1.86897619487
0.169986097479
-0.0427956819916
0.31772445147
-0.352663949727
2.31995519371
0.191992492779
0.708385913914
-1.03041355096
0.52474510655
-0.0453101284062
-0.344102875101
-0.382768688344
-1.2338643633
-1.9947062362
-0.321737266478
0.673315161447
0.279920859146
0.838056092838
-0.655162758025
-0.0398320238973
-1.22615151244
0.573965695582
0.617026831148
-0.237620110941
-1.06379113631
-0.284713185575
-0.817503186936
0.737025342016
-0.351695763138
-0.35269799125
0.251572007378
-1.60860620633
1.34300968608
0.264775575638
-1.14695065036
0.291382443609
-0.00857080106784
-0.13327563741
-0.332092778813
0.836677192651
-0.317290287126
-0.0420653206685
0.184739603578
-0.642013566913
-0.460018607568
-0.0305460103481
0.0401986280914
0.113481659531
0.196742208058
-0.880775789979
-0.293092737953
-1.57539887263
0.728237225073
0.0347413785839
0.32218003243
-0.296803684656
0.0921428661426
0.328355013602
1.0114835027
0.215543848288
0.428950746845
1.35816086275
0.787601945308
-0.919996587472
-0.993298798699
Score: 1