3
44
10
3
1.97138760293
-0.620854014688
0.781937817971
-0.649733715814
0.844529949809
-0.878095062927
-0.71579325257
-0.753406966144
-0.545949886645
-2.4962023441
0.338620100866
0.591843932638
-1.10728131755
-0.386365591662
0.265441768019
1.0303044476
-3.48240557685
-0.793191886637
-0.401686639602
0.605805854372
0.0505047700102
-0.994949568366
-0.784737316494
0.444913072687
-1.36895423828
-0.877669664282
0.967019804273
0.407241872022
0.652584095578
0.136886202806
0.87420892365
0.15807913904
0.237427360458
-0.680964403617
-1.91985515484
-0.855309668269
0.901239042526
-0.170667342562
-1.41245554226
0.9324872951
0.074917818214
1.23413729558
0.469732590189
-0.569456896051
-0.754879490223
0.237303841739
-0.645310110389
-0.123084746476
2.70849161887
-0.141347196975
0.878962837705
1.65591210889
-1.58718219675
0.161005954837
0.151484700968
0.481404472474
-0.802926904225
-1.18134745327
0.646823784481
0.33734834094
0.820248040835
-1.52508389786
-0.121683328841
0.735102784733
0.517090668497
-0.386818324437
0.256041167028
0.138477512851
-0.410585882808
-0.450104577934
-1.08936896095
0.078648458919
-0.163582567971
1.95865255384
-0.402781832236
-0.137682706844
-0.90498999296
0.459520068293
-0.804575298147
-0.113013437024
-0.487087808195
0.166623926719
0.262461727694
1.21713655404
-1.94636074001
1.01823990741
1.39139778448
-1.6545004961
-1.14077931427
-0.246030441135
-1.86205067086
-0.680633845584
-0.147716076363
-0.335497205417
-0.799128901261
-1.15772218368
-1.26479110381
0.915046793872
-1.2977781466
-0.526394059206
-0.485268213525
-0.174565543156
0.539088227222
1.58944461713
-1.54462890287
-1.81626261262
-0.232877964821
-0.107560017517
-0.00830186476664
-1.19849444718
0.734123180422
-0.240847723148
0.0896396916639
-1.56925559923
0.0769382128092
-0.862927491213
0.163648235094
1.06103180293
0.973110274395
0.874048385006
-1.43314434688
0.253528692891
-0.277646713513
0.42272999445
-1.21393734735
1.16182290578
-0.373356136884
-1.57950170801
0.467257808767
-0.170563017721
1.55881429758
-0.823477163661
2.03296080369
0.275798885549
0.550931817189
0.100603903769
-0.616776708585
-0.754968998532
0.293111402899
1.64277393029
0.526784396157
0.0807233247693
-0.257193130746
-0.142246346061
1.00616544364
0.669180669577
-0.206499222645
-1.68520838548
-0.670623017153
0.119950308947
-0.467248047268
-0.272123662426
-0.905181272965
1.28835304409
0.4506319404
-0.379949798643
2.04556339306
0.789671042562
-0.361248021449
0.17941136348
0.287064639959
1.54809058347
1.33836398072
0.519672261874
0.0972414936163
0.105883676501
-0.248373316303
1.92015492629
-1.04347221673
0.703483640036
-0.22967573245
-1.49534076778
-2.10708365264
0.243233982812
0.50951777792
-1.45421914841
0.286438787154
1.38413175299
0.188918496955
2.1657026519
-0.26942198247
0.0106778102896
-0.835547555884
-0.179838186961
-0.667400257598
-0.147629406375
1.60187700772
-0.783959437559
-1.04929304707
-0.330460681098
-0.721479767549
-1.00903518898
-1.43948410496
-1.61787131838
1.4684442707
0.832866051112
-0.421781738779
-0.749769442155
1.11278618125
-0.690371010099
-0.259965239902
1.11058471226
-0.225269959125
0.909845797491
-0.392579845038
-1.11008025255
-0.676021940188
0.645500957491
1.35001815733
-1.30934782728
0.600467429518
0.0976879314478
0.971398892915
-0.865944412227
0.0725836684688
-0.429998703001
-0.205923218098
-0.756504624757
-0.460078292608
-1.6158134037
-0.6099908694
-0.241357260472
1.67975600474
0.385123253083
1.18518941172
0.225274096262
-0.79998402601
-0.319940169038
2.35181253235
-0.164170956557
0.889019885056
1.29936901009
-0.309111972916
1.11320513817
0.607217093154
-0.577673758182
0.815915546004
0.258537172278
0.128507997013
0.172123163502
-1.64035536769
2.16510010465
1.30382870313
0.730179644317
-1.94585220207
1.24661552533
0.362508029992
-0.538820968574
-0.26425869666
0.494121104099
-1.06973642708
-1.23596700265
0.685432539115
0.0819316083733
0.417135018405
-0.440053570057
-0.388392460768
-0.282352087804
-0.723586425836
-0.713815475764
-0.639742741384
-1.63587629151
-0.543516981787
-0.557254718234
-0.707749853452
-0.339171516995
0.803502168522
-0.23490383097
0.214090970006
-0.337139461495
0.721335616178
0.311368298789
1.26657959524
3.05685086693
-0.844385316332
0.595747335147
-1.98294743652
-1.01923839654
0.323754907581
-0.372969411331
0.548820569981
2.01674992029
-0.683192286048
0.480833787885
-0.232821720652
0.222422224413
-1.35063923845
-0.486232198085
0.413447631547
-1.17866810793
-0.404634294421
-1.76009763236
-1.43299124093
-1.61899985823
-0.975546859932
-0.0175026008633
0.669268756495
-0.575621890082
-1.02775076009
-0.8299930603
-1.87135467065
-0.00834623697776
0.55620648658
0.0875596618979
2.07350390995
-0.0688687757072
-0.57774505002
-0.377807960724
-1.00466271783
-0.848634913304
0.77172461053
0.111627928124
-0.248297633218
-1.17442565351
0.24396557699
-1.25140642789
1.25861049585
-0.576862668155
0.10730606833
2.11594692562
-0.119607025765
1.18055510522
0.697444726752
0.0992672365154
0.193008991253
-1.08380718644
2.0074778069
1.03290846158
-0.897638321742
0.450239782087
-0.417766244142
-1.0283833785
-0.178381297977
0.399603178524
0.616821987362
-1.12702085999
-0.344400762983
-0.949919172728
-0.656546618213
-0.401538158609
0.626006245716
-1.40333749185
-0.0741380089299
-1.70010236192
-0.234098292035
0.611443880314
-0.313989755359
0.454576041198
0.178780867021
-0.743363372866
0.790658306296
-0.294983983594
1.74013643916
0.0773113631286
-0.526232772829
0.812847069249
1.08267931879
0.254895554751
1.70522486609
-1.39510939917
-1.15096967268
1.10536334918
-0.66207915805
0.146020560994
0.014394674631
-1.26929545277
-1.1410293872
-0.976482602862
-0.593529816479
-1.57478604419
0.215777443023
0.0723126312737
0.544421885013
0.465588633415
-1.14419732609
-0.419575515667
0.308173157912
0.0801373398064
0.340423664376
-0.943736491696
-0.400974870904
0.387417017253
-1.3631591771
-0.4778653398
0.55578150816
-0.468760289381
-0.556571222518
-2.48304518573
0.497004530328
1.18209685642
1.36413680101
1.43852265535
-1.97879508283
2.04557627891
-1.28312355001
0.00852385961884
0.46433175873
-1.24531867743
0.0525923390143
1.48816534903
-0.210983774928
-0.89823449271
0.105114332684
0.155377710995
-0.817405817133
-1.42481401863
0.771752364588
1.76965731809
-1.83702855057
-0.1511769853
1.57294632681
-0.267406098427
-0.0517878590407
0.0429417707946
0.308492935007
-0.654791256509
-0.111612755471
0.650219796453
-1.91942236628
0.487428599539
1.0832202731
0.566656246171
-0.422619670559
0.970224017573
1.42461304617
0.779557173815
0.172390645142
1.51202810741
-1.58938588788
-0.120718245996
1.4153470297
1.36667883726
1.21685003691
-1.00876733038
-0.963222835269
0.754124750563
-0.313655133574
-1.00830981104
0.0432682467763
2.96477575296
0.661861305782
-0.668226552131
0.858182539604
0.0209921419641
0.646159189258
-0.62853859728
-0.483735565725
0.229107568566
-0.762802189523
0.945305211025
0.279269697732
0.423610899245
-0.508153767656
0.32632827246
0.7507938749
-0.306574384232
-2.04205933168
-0.766635418096
-0.400097570531
0.0272855119154
1.35177255304
1.40447735271
1.01464992275
-0.398146550039
2.01487718693
0.927310015854
1.58165506895
1.41590640347
0.672016197306
-1.73071714482
-0.423909015014
1.09411607908
-0.327786353315
0.450730816577
0.090418585648
1.07985474627
0.682011888265
0.641348601579
0.042738516306
-0.582557356516
-0.167268986254
-0.0479007074901
-0.0992804091099
Score: 1