3
44
10
3
-0.579385090162
-0.553016421783
-1.46762231466
-0.920939725382
-0.178157318629
-0.591624888537
0.824794253061
0.083008250849
-0.902056829391
0.0347725158367
1.035033744
0.420098538845
0.290654112463
-0.298789318179
0.329340480606
-0.828073502271
-0.437278934606
0.371384395026
-0.604071347725
0.199931921513
-1.56983621752
-0.0314602183454
-0.23053477204
0.652281038188
-0.20463408806
-1.84660082614
0.633859312854
-1.1449429472
1.59699795938
0.736744913909
1.47619314849
-2.47388600034
-0.864332717353
-0.668923665733
-0.165375504295
-1.29511328543
1.95693579189
-0.638905201715
-0.447630573252
1.68226524298
1.42211734227
-1.41822295961
-1.01232853637
0.837726408948
0.00174374069903
0.891702856275
-0.93582407958
-2.05146112392
0.387111164103
1.1515212112
1.29462488576
0.427792333722
-0.277192468632
1.28802463433
1.81144247183
-1.08780669126
-2.90107540853
-2.61769912386
-0.432036702007
-0.289769590036
-0.206544332148
-0.419693520963
-0.608068540436
-1.23942104893
-0.957208581444
-0.418705237468
-1.72298397129
-0.0916248074677
0.196186623137
-0.511966291337
-1.44789996991
1.51060668007
1.47682804692
-0.661274622737
-0.400059765152
0.139145712477
-0.69313935895
-0.327321663478
0.096227003984
-0.626233686568
1.70796045449
-0.216343870431
-0.719650250167
0.480394147796
-1.15719193161
-0.59125183774
-0.806954564402
-0.149289911073
-0.368032039278
-0.804145377718
0.724682341547
-0.492595581032
0.85806131419
0.332609536808
0.684910850986
-0.772284446613
0.815029420051
-0.0477522095984
-2.1092055619
-1.08486322455
0.98145257304
-0.369095417443
-1.55543903141
-1.40508138658
1.49016060073
-0.0579172989102
1.71382060244
0.568485266583
1.35600233652
-1.16748227418
0.138086282211
0.155201633903
1.4652684463
-0.282294175264
0.190614980522
-0.359077627017
1.08517791339
-0.770884490064
1.62286355096
-0.841485166734
-0.739384900943
-0.473518442942
-0.505893353905
0.332785231104
0.787908755523
-0.47901856926
2.24319021624
0.579415618809
-1.26948382017
0.547628173069
-0.0762289839205
-0.778203212101
0.335342960638
-0.419107030727
-0.0609438060909
-0.627370506394
-1.27794572049
0.435911305332
0.966556724731
1.35295632164
-0.738320158549
0.517072922853
-1.60778828074
0.566925230552
-0.399679432087
-1.22909976763
0.403167175775
0.706283589428
-0.193369363118
0.495461881022
-1.35946591104
0.498255659311
-1.75333830105
0.811571169416
-0.327199632983
1.83069878029
-1.23738278276
-0.417357338477
0.359438529687
1.79518410704
1.16936297359
0.448019918676
0.0360715552471
0.0203537188619
-0.800735227595
-1.03809402388
-2.19069754858
0.172639095308
0.573325110651
1.35251516318
0.694485403405
1.06113478724
-0.00502876983101
-0.0491966429372
2.62365657095
-0.359124900019
0.143067688953
0.794703004397
2.08185376299
1.55265168665
0.0254605162041
1.89849095037
-0.389863255579
-0.116267054202
-2.19104934274
1.33619997058
-0.441661198624
1.9542892021
-0.464803706179
0.573180280911
-1.59708894205
0.751733322221
-1.56819506985
-0.444784763726
1.51976952053
-0.0741623735692
0.160318653942
-0.0625375259949
-1.18750767881
-0.238077574055
-1.13766219638
-0.749463483827
0.772976768726
-1.56997233402
-0.851682211182
1.06658227583
0.539589276217
0.630245468562
-0.697010424657
0.239952567766
-0.963934459819
-2.26163373195
0.500307356304
0.823790344114
-0.426106499764
-0.733684619683
-1.25397957242
-2.18506370782
0.720397295402
0.770525747859
-1.33980891289
-2.69353696905
-0.381900425309
1.55439503895
-0.325761306396
-1.18136527144
-0.331106402175
-0.789984260673
0.189330865337
-0.866337324433
-0.539234899993
-0.326226946898
-0.612419342601
0.496519596999
0.326453764493
-1.55831576067
1.34082023266
0.189454895935
-0.921372264477
-0.275272993037
0.510684135953
-0.545958545196
-2.73358393084
0.82149708266
-0.0119925033412
0.318354243787
0.434701982531
0.234115265944
1.00439972201
-0.0432565153943
-1.41205982104
-0.821271544884
0.613768223917
-1.32461607846
-0.0416661380007
1.37942603132
0.682513421277
-0.473564934866
0.150167906873
0.396890431132
-0.571669649336
0.124292607885
1.29111032491
-0.0362961880179
1.15115087135
-0.99485124678
-2.28098728958
-1.90638314708
-1.24851700148
-0.032764635299
-0.549707982613
-0.0722787174433
-0.104676521195
-0.519588760003
0.270796248849
-0.544291289086
1.33410689587
-0.163952341899
-1.49801160862
1.77080950586
-0.326800102559
-0.357814619611
-2.20081024919
-0.86888701267
0.449560384687
-0.344409182711
1.06369864673
-0.237754665567
0.518550010689
-0.89030615076
1.52163768714
0.838931432112
-1.33207525848
-0.561713403446
-0.915329913028
0.532539248461
-1.03621876495
-0.291090310037
0.374645152263
0.921327728428
-0.18785914774
0.0240232044575
0.117490964274
-1.46037298772
0.144613245375
-0.351390787893
0.172225141193
0.510740750921
-1.20362295884
1.53538725305
-0.744617349032
2.48321989414
-0.537927844908
-1.71300966337
0.285068458693
-0.16713296806
-0.0328372936727
0.694697742758
-0.186345518379
0.990559320904
-0.356570207445
0.419580502696
-0.308486708667
0.574522622118
-0.426895105122
-0.422595837147
0.595898657503
1.89963143026
2.42091317341
0.970926093594
-0.194449460106
0.404459025851
0.271812691981
0.0155383633376
-1.47789102019
-1.00503378363
0.552536793438
0.337261746553
0.832843388479
-0.52651658498
0.0884905745885
-0.482224490331
-0.421892225136
1.92201435889
-0.850433346078
0.433075899971
-0.333676658521
1.01704178481
-1.25794265297
1.59238010857
0.174660849524
-0.921298309135
-1.33469052148
1.22569025627
-2.25926282047
0.448388655683
-0.338576216293
-0.457096338644
-0.304755398088
-1.46262760299
0.639706077497
-0.302220810152
-0.040524572786
1.98600002327
-1.38780341572
-0.358243163682
-0.389228960137
1.0552947885
0.913511193565
-2.41127524771
1.01064491895
0.0820800271978
-0.496362823239
-0.480023445786
0.488003305267
-1.64125418797
-0.469049043761
-0.750960570784
-0.0812164760334
-0.23231038402
-0.704329431568
-1.83427470348
-0.518945812782
1.19483748278
0.360409153031
-0.562255087747
-1.29456848331
0.238620377773
-0.420986439505
0.203841338045
0.536715012801
-1.820760314
0.162797719242
-0.226698535221
0.810633238284
1.33981607722
0.93395160714
1.74288825898
-0.438026462516
0.910244546295
0.354784288034
1.6932948169
0.964507926566
-0.799266730578
-0.650701997398
-0.448460640409
-1.14469552177
0.745795571604
-0.8019648651
-0.384237064778
-0.146260824722
0.518343317343
-1.55509658668
0.864754232559
0.251609818125
1.00964175742
-0.00770816929984
1.08327826379
-0.958686497348
2.1068266106
-0.215765830247
-1.14045599171
1.23964095238
0.356611674964
-0.896162611905
1.16943217075
0.719838366202
-0.0364090237485
-0.650030208625
1.40732174795
-0.020042969012
-1.72363577055
-0.296116957789
-0.203533395039
-0.618225780275
0.363034086194
-0.113738289773
0.185656191333
-1.04277996012
-0.269087101364
1.05952406826
0.0531997883878
-0.157401961507
-0.082848391776
-1.27614480423
0.246198675809
-0.755829103456
-0.352185746447
1.36550144961
-0.188814579223
-2.02223718088
-1.18663249699
2.03109232039
-0.612513347493
1.02042408236
-2.60624078282
-0.189186639134
-0.65540559355
0.209413513935
1.53518226692
-0.118914451728
0.134270039237
-0.890979556513
0.831441816567
1.67496183851
-1.43942445766
2.10365954459
-0.625441314258
0.517255292201
0.514726196989
-0.87891180363
0.483246520494
-1.43911075106
-1.12846540088
0.086691663275
-1.09469049908
-1.11588025517
1.0847430715
0.826925098012
-0.0757356948074
0.874526033828
-0.266142652309
-0.74098045545
Score: 13