3
44
10
3
0.368239208834
1.19629948405
-0.282033121259
0.0216691562307
0.823303649579
-1.73249368099
0.508593947536
-0.83204481643
0.233440538354
1.10320986615
1.02940288268
0.486701861189
0.0645269682361
0.0561637780099
2.59181108092
0.116908066915
0.904214804213
1.62065468179
-0.853664083955
-0.0378683594033
-0.477811217495
-0.445021691195
-1.40917807276
0.226020154097
-1.2801260581
-0.625351030348
-0.290303680181
-0.592125565361
0.287785398177
0.172022873064
0.435497543136
-0.274784218267
-1.69244269232
0.671550702141
-0.565496952765
1.42935791597
0.0601575508923
1.17636409714
-0.27869296257
-0.423236883244
-1.57506128596
0.419073496711
1.13912893775
-0.374286995665
1.41774532054
-1.65933033499
-0.261486328237
0.257835618495
0.298792729654
0.992734769139
-1.15780835495
1.37565527396
-0.135423506847
-0.142176257406
-0.0295445593438
-0.628668151476
-0.339552995346
1.66818079255
-0.11006269461
-0.107711282629
-0.671721809129
0.124398066984
-0.131506476764
-1.5389435798
1.80736402786
0.499198466503
0.599015760944
0.0506679766336
0.726408359934
0.412819511682
0.357284328374
-0.520596156855
0.419723959181
1.18524108485
-0.35642968126
-0.0726371727891
0.652756676906
-1.53239550316
-2.33955404984
-0.208624891856
2.37293068726
-0.596864400746
-0.55287993204
-1.08899503923
-1.540029991
1.28534932528
0.0969952654623
1.0485966135
-3.13054695019
1.881908671
0.526556440467
-1.63441911603
-0.471017918407
1.15793597408
0.694187823919
0.251409123538
0.571349644627
-1.05855120424
-0.183922488528
1.6596691734
0.0720866914754
0.76175782754
-0.705836673855
0.0256776782898
0.0716613873218
-0.534607291794
-0.582421283687
-0.518550070598
-1.34840126985
-1.66238372231
-1.11967294417
-0.898201130188
0.0694207164147
0.174875542862
1.36289978258
0.759738402749
-1.58821109029
0.536663971624
0.191887082113
0.909396950118
-0.0854634513234
-0.349544334492
0.559873850036
1.60544113333
-0.227997806044
0.831516790078
-0.551676612534
-0.358429765931
-0.571794587131
0.349439204384
-2.10427861849
-0.505743394108
0.680900307472
-1.21770497396
0.0365655135401
-1.61349861961
1.06431869186
-0.0673787637988
-1.20231243218
1.50216466516
-1.27512703252
-0.603818571693
0.251889358918
-0.612196547979
0.829786762141
1.9191276348
-0.591550951191
-0.777842851185
1.39617017335
-0.158901353159
0.260715722884
-0.53654410574
-1.30347940624
-1.08944153456
-1.9780894803
-0.33840333739
0.837085982397
-0.63200710638
0.563041864146
0.488912377588
0.60928542074
-1.22672734265
1.45157648042
0.173064492613
2.07334652861
-0.300918840272
-0.973967385357
-1.33695818892
-0.0318406734359
0.14249917799
0.761536646545
0.212782309329
0.835471735951
-0.375077852444
-1.96433066026
-1.82392415983
-1.6326071452
-1.31609489459
0.0528518144017
0.90020068434
-0.412748498434
-1.00991344042
0.738555147948
-0.102309730734
-0.263062904379
-0.774199473047
0.955474890802
0.360877827885
-1.65246831486
-0.354076846788
-0.45544778484
0.0748398785934
0.729604753292
1.12227870991
-0.778304987868
-1.481943172
-0.470233010225
0.461304369423
-0.253206111444
0.647637915969
0.0293814736437
-0.808504885276
0.414972269794
-0.967606029102
0.258414149062
1.74395947817
0.719471368552
0.551013583015
0.632242192704
1.59163918556
-0.864691660899
0.0925248100034
-0.168868533021
1.37834358162
-0.899629443667
-0.0236836483624
-0.340734277526
-0.062044397449
1.611630877
1.43609795878
0.465679663113
0.970619421071
1.10834680421
0.607496204359
0.775867350181
0.572665618842
-0.728118784367
-0.188223358756
-0.038582925048
-0.0102326802617
0.172598742765
0.151149098927
1.10608078621
0.755392289657
0.0844030951811
0.590116496789
1.82989322304
0.575289413566
-0.243757556873
0.532322426069
-0.463878967561
1.40190140415
0.323016724764
0.823932877522
1.70536197067
0.681290322954
-0.363824292152
0.714944595717
0.387493615888
-0.133159658446
0.846920617182
0.560107358717
1.33028403273
-0.913071952582
-1.25493436716
1.34747052194
-0.735883030106
-0.303042920754
-0.541821260369
2.80655318943
-1.12493152348
-0.383254067833
-1.27397931831
-1.68262046999
-1.19403742968
0.919957250061
0.287980833942
0.957869020133
-0.518683816765
1.09050517279
-0.767852896146
1.31656636363
1.34133412303
-1.63419533654
1.07031234892
0.584358361867
1.34101901899
1.1485550417
-0.0326881228855
0.995882913118
0.995130869638
-0.112050761651
0.0893389819671
-0.460341925328
-1.09595314588
-1.71522405266
-0.214897423981
0.0814009033991
0.0609563520066
0.674184017402
0.281006598756
0.0620048852423
0.432658833856
0.76283081067
1.46630985854
0.513992536695
2.43494123326
1.68823747253
-0.667398183934
1.18451454002
0.449115150822
-2.51742585855
0.747698885728
-0.683484554367
0.533864104022
-1.90512350217
0.563863982853
-0.0952378831763
0.0313822968226
0.19002785282
-0.520698931179
1.0719570703
-0.87831465342
-1.8437704518
-0.956898605903
0.181852955329
-0.850704540564
-0.428116277522
-1.18545975741
0.668073655734
-0.653938295462
1.46674501498
-1.31058886257
0.056283020973
1.68895485646
-0.373740998043
0.0357461871162
-2.27091706424
-0.162128140788
-0.931224162981
1.92798988143
0.251643508039
-1.21552169032
1.07609688169
0.403107031254
-1.24916903437
0.537800053998
0.291976135172
0.815433634229
0.152053951973
-1.77288811201
-0.270309503889
0.472450730052
0.239823615896
0.167890365994
1.29564241146
-0.121586754924
-0.797058041502
-0.559168576396
2.06541326147
0.657785986746
-1.60373411988
-0.496140084924
-0.648074016685
0.915935341389
0.386392423144
-0.114330868027
-0.223860415333
-0.589209768752
-0.110298649964
0.21980969089
-0.774405875265
-1.11061688206
-1.72516802701
0.412417127506
-0.366908220979
0.406591201492
1.20063122836
-0.328294111849
-0.0506060693781
0.844045048255
0.886167315542
1.87149923804
-0.0340860877637
-0.409799049836
0.413378984557
-0.486352943543
0.4818026394
-0.0724527950064
-1.07064876021
0.92165475947
0.561537438635
-0.207481406833
-0.280712904144
0.940223014188
0.20830338839
0.747798239813
0.12011389829
0.268965533148
-0.671351246795
0.615295709453
0.905845271429
-1.12978166842
1.35491949981
0.410611965284
0.203323795972
1.97265912852
0.0277347371027
1.56676618408
0.286105944623
-1.17474843072
0.223054848053
0.209147145674
-0.654264738595
0.0839042353133
0.145388803814
1.77195960472
-0.603959627105
-0.890631342446
0.47816875107
-1.54328765883
0.161376794176
0.21765043743
-0.613719835365
0.286187897251
-0.312168961972
0.395309721076
0.0411078793482
-1.33117772652
0.248608342375
0.67520754001
0.288090916526
1.46768533494
1.97131142815
0.0925691536344
-2.77840351908
0.160163239213
0.159372754911
0.967995541552
1.00781671356
1.70649581423
0.365752302797
0.257282379242
0.98525488144
-0.914291389043
-1.66192673392
-0.588394883067
1.85077758756
0.725450726
0.322468595967
-0.0475348933737
0.479731145801
-2.01994246016
0.331825527631
0.753297785797
0.1824725308
-0.32325842048
0.471390659535
0.63498288456
-1.58406659909
0.727233259745
-0.0181813473174
-1.59983730062
0.478512473693
0.486091531148
-0.231497202545
-0.63576253902
0.3460812146
0.541646115229
1.86180963163
-0.344180018286
0.0156336175089
0.436094478297
1.40991476077
-0.201922687529
-0.36560688949
1.68087998141
-0.775761728206
-1.01229286063
-0.025773019479
-0.0501242505623
1.37618369873
2.8213833662
-0.291493702188
-1.23863624753
1.04506330891
1.37576554771
0.878095188364
2.62864907955
0.60342319081
1.31456091473
0.169770816571
0.0310621741404
Score: 1