3
44
10
3
-0.876879175913
-0.519577149799
-1.43782148363
-0.730592697395
-0.0122763775873
-0.412538066661
0.745454374592
-0.0700698061921
-0.973171253244
0.0651895285049
0.873866029005
0.431292946961
0.469279175138
-0.203714298237
-0.0611942170826
-1.19965781097
-0.681975998312
0.553968649948
-0.700437770072
0.0636163252601
-1.37298493592
0.0622911510736
-0.13182308121
0.46598999524
-0.328766204841
-1.78177722978
0.348583162776
-0.856370786861
1.48924084342
0.631497549991
1.25556766994
-2.56898690915
-0.835084859496
-0.617827982166
-0.0646042555081
-1.14251819177
1.92956897288
-0.610637600675
-0.292859315393
1.57874655702
1.30212696902
-1.14848040979
-0.971754123276
0.572400914456
-0.260378385384
0.96093229553
-0.889547800863
-1.99587521933
0.212635943626
1.09143529818
1.04121338573
0.632900315843
-0.338324901687
1.15382731128
1.78576086211
-0.726966328064
-2.77728773843
-2.23911708991
-0.393645312032
-0.228190086379
0.0203689742205
-0.528410328582
-0.892713084839
-1.26287919664
-0.867730320334
-0.458920560472
-1.76741845456
0.10606739119
0.181602037487
-0.639262563542
-1.28704853613
1.33225892117
1.62203678708
-0.490489830535
-0.424202941521
0.295571292773
-0.472129230982
-0.560818370494
0.0359608955033
-0.481952129696
1.88052594397
-0.277756033347
-0.568807059299
0.637471780535
-1.12862931938
-0.836272719625
-0.485604451136
0.124507146653
-0.23485911905
-0.958460580493
0.891326337592
-0.486051133494
0.996264957741
0.408617809709
0.558760643668
-0.643033927734
1.05652887
0.46446519449
-2.23319040483
-0.919001119009
0.991331055382
-0.475990258744
-1.67158231191
-1.35080803425
1.33999846195
0.128508260099
1.86243839955
0.133899120132
1.52472049115
-1.32866240536
0.0589648659437
0.298589277842
1.40523614793
-0.271888411351
0.346902611872
-0.55111932062
1.17071891912
-0.849119431796
1.74140585502
-0.871723445235
-0.713129934805
-0.511606046752
-0.22684924924
0.462853529441
0.9176696816
-0.575984835461
2.18747651972
0.389928407752
-1.25379226265
0.399245318031
-0.20167894806
-0.609669346045
0.295246130803
-0.449321086462
-0.177592024701
-0.518183840073
-1.11312980665
0.48178556686
0.857105510686
1.35658906967
-0.75852666341
0.710430209712
-1.60691439603
0.638533399664
-0.269365552681
-1.24029587985
0.498957024022
0.800142832897
-0.299114499551
0.307371713068
-1.25904389938
0.642645156372
-1.74610929785
0.6434586744
-0.651063610029
1.6299735688
-1.35219384112
-0.483601475407
0.13159948552
1.67807323542
1.2194298163
0.406738354305
0.177425674284
0.158376204421
-0.872695934923
-1.29331916986
-2.20241312025
0.29356045726
0.436752955909
1.18718348179
0.621313223375
0.772091745784
0.00572997658858
0.120142464815
2.55399092338
-0.299903560675
0.112522550154
0.605219870856
2.1283114843
1.50044241994
-0.10701126278
2.01052880934
-0.0942714574635
0.114733906658
-2.09110042584
1.28187322349
-0.304518464759
2.06451397556
-0.305523919749
0.608325530868
-1.39907713581
1.10369964139
-1.78313303255
-0.697928608044
1.56787164831
-0.0189496136353
0.20495830167
-0.312225458511
-1.02610366773
-0.305044308487
-1.14182701673
-0.92681352952
0.867787853095
-1.65158655785
-1.048589456
0.70828271778
0.778099961589
0.697851976798
-0.947504995034
0.344666197633
-0.826900908384
-1.96934508301
0.314533641332
0.496086472296
-0.356543714494
-0.507664249952
-1.25332155098
-2.28790877854
0.376543365062
0.578409757423
-1.59645257983
-2.50564866138
-0.29228156437
1.5006183995
-0.37501366853
-1.28911553258
-0.289881188235
-0.870028103287
0.448465411511
-0.91326561331
-0.726207794313
-0.427969513049
-0.589392454532
0.310650451381
0.128536665505
-1.62915088057
1.48996584656
0.212250339338
-0.753777966251
-0.431356394771
0.386814762833
-0.795811195109
-2.9028564678
1.04647402664
-0.0931382022715
0.304800031844
0.571522127556
0.327878613273
0.766917643905
-0.414437999781
-1.5331057517
-0.927019784225
0.788608340733
-0.989587912722
-0.0413737084267
1.20979829864
1.05942176066
-0.350874346625
0.249239226031
0.0977735023118
-0.542215881238
0.0928639770562
1.34216004174
-0.365879617683
0.984093789341
-0.728311719467
-2.12847524005
-1.8961537669
-1.30012259507
-0.041719781412
-0.456053321629
-0.249470326859
-0.0949503966244
-0.54282427149
0.185265201322
-0.54875104208
1.16813257127
-0.0245204586838
-1.7996610853
1.58509117119
-0.139374098941
-0.31490609947
-2.08291924735
-1.01355453996
0.406314868763
-0.377637871773
1.0238452997
0.134145716709
0.503150732571
-0.807995304612
1.24129156521
0.863157577366
-1.30867306059
-0.746638626708
-0.984088169491
0.632200692792
-0.909142772964
-0.194225430387
0.441276703994
0.567870253675
-0.258171938772
-0.181682736134
0.347125307869
-1.32504208045
-0.0129863336527
-0.216588365037
0.0602186225864
0.444314496607
-1.15788887066
1.51855662235
-0.742961331231
2.56042446771
-0.575674106556
-1.83830508892
0.206972719933
-0.370401574474
0.182060720281
0.500530027147
-0.445878759661
0.905822793932
-0.415014703438
0.297756145261
-0.129446880638
0.568631757305
-0.100213147524
-0.515643084761
0.482337436039
1.68261780897
2.13184174087
1.09768212828
-0.224483477791
0.294419222866
0.0607878239329
0.216291674886
-1.0191188838
-0.983376906705
0.523039273303
0.351874128648
1.09174588515
-0.279915530754
0.393960375814
-0.402766836914
-0.453378974883
1.78522132682
-1.32964830905
0.221743018322
-0.474475530422
1.15812919353
-1.03706979401
1.3051685742
0.254923327479
-0.708596547537
-1.41466546773
1.12665694995
-2.09908893976
0.248984866504
-0.639818137699
-0.116889758534
-0.551857542202
-1.66131386172
0.593495355384
-0.372915283726
-0.117836472182
2.11382477961
-1.40305930217
-0.0624527241595
-0.440828955235
0.93839820052
0.591986439459
-2.11368248679
1.02682874364
0.078867137999
-0.552174158097
-0.319145700527
0.285415176287
-1.63722457175
-0.732147262591
-0.639119035262
-0.50562668258
-0.18391283834
-0.724197395667
-1.73585794684
-0.399963068914
1.14009992585
0.123385101522
-0.526274939369
-1.16221176471
0.487242498045
-0.353373770684
0.272856038206
0.443663426205
-1.92741590151
-0.236109371429
-0.317270576292
0.809997981497
1.19264139731
0.973791770848
1.99890290219
-0.473920503925
0.891169264208
0.430210198934
1.53815930979
1.08075042284
-0.80815622246
-0.911261710972
-0.449222327593
-1.17594743221
0.623335726435
-0.640605141061
-0.244683662644
0.0292989366223
0.541653754188
-1.66696744809
0.813406956125
0.0138770465083
0.967203303647
0.043446337323
0.923167618747
-0.79616359363
2.2846370385
-0.411485494207
-1.08337648246
1.2021554478
0.350733191251
-0.81492390803
1.30602318887
0.917337404804
-0.121805216519
-1.03420551552
1.40415303173
-0.239159614322
-1.43987096825
-0.510804726766
-0.30026840495
-0.668848459416
0.314856825951
-0.0716506069475
-0.351677760305
-0.9819983319
-0.397692076552
0.936747305899
0.0147255529833
-0.0386428131307
-0.158703487112
-1.32398024242
0.0879088164745
-0.62220950097
-0.538095064825
1.09801834238
-0.160334160161
-1.79269236956
-1.02067227301
1.83155746701
-0.798085389514
0.971907360167
-2.61294411805
0.152494533795
-0.870635209972
0.0181815356574
1.61735076401
-0.0776598240008
0.417714563343
-0.818678389048
0.905347294705
1.80362264069
-1.22939976541
2.11355544586
-0.796182039339
0.551678349826
0.47711004741
-0.841952008929
0.564003821263
-1.21408617569
-0.984272374805
0.0103845644624
-0.996223183556
-1.05248726391
1.02089563928
0.837855383574
-0.0906313742419
1.05695871506
-0.270758906801
-0.933721605603
Score: 13