3
44
10
3
-0.675403965645
-0.443828162731
-1.40076671757
-0.722583227038
-0.210920518273
-0.557864478995
0.835595053844
-0.234204345531
-1.07749959485
-0.0115027804097
0.951528006596
0.52571901113
0.39248518752
-0.184317149027
-0.0944865602046
-1.08582789012
-0.438979490348
0.239686296999
-0.58484516469
-0.0333139372638
-1.57989422327
0.0425889737237
-0.278458969149
0.55584762982
-0.200271348376
-1.76250308232
0.626620659555
-1.01490706174
1.44527576518
0.674050724851
1.32072345903
-2.72031301817
-0.727682768421
-0.685163492227
-0.357135201606
-1.4718069289
1.98428393767
-0.509540348787
-0.103146298245
1.88071851052
1.30742653493
-1.35247818649
-0.849147609689
0.770930020996
0.131812858512
1.08991909311
-0.611035534713
-1.94738376768
0.0452597079597
1.10295632112
1.27254785458
0.477897419551
-0.279031216656
1.35885001825
1.80534085237
-0.678615421009
-2.90451416415
-2.32881557457
-0.459494680074
-0.347388895856
-0.199564816323
-0.440755701228
-0.9067776957
-1.10936093697
-0.86167078821
-0.473570048379
-1.70096466035
-0.182211146891
0.217500501306
-0.32953807327
-1.51551158106
1.25939270278
1.44886294114
-0.626148566933
-0.478431824943
0.273148005266
-0.829431112271
-0.562667819353
0.0660695093717
-0.345678250368
1.96131821519
-0.309027977415
-0.511517862531
0.482069522028
-1.10745550003
-0.82364150177
-0.677103782969
0.153839315203
-0.0887308802982
-0.892462480595
0.684801663297
-0.245056644115
1.08385602174
0.478314440252
0.666188055978
-0.62023208572
1.01597465084
0.233625798547
-2.25075506727
-0.954104228764
0.843527213004
-0.523231568932
-1.7385722094
-1.48215030086
1.61161196922
0.0677867466603
1.72049648809
0.443322431098
1.35100947354
-1.38015876042
0.248323020097
0.249048555568
1.39282705436
-0.115135913995
0.211644151857
-0.518580540842
1.31548708102
-0.658080845571
1.67149630071
-0.978983360219
-0.666979887977
-0.473851416696
-0.171213841156
0.551995373312
0.929597176256
-0.618535794158
2.13060372114
0.446381279018
-1.30086027989
0.664744080676
-0.0380944663829
-0.661721469944
0.4671669149
-0.552407052322
-0.168840008913
-0.56240919965
-1.1883287989
0.628523512191
0.777723380613
1.36400416335
-0.835725676443
0.759442691693
-1.64481667621
0.700548426777
-0.534088126235
-1.12355834192
0.352907759275
0.800776479396
-0.122982095495
0.31981908013
-1.40060195104
0.795848940787
-1.92459231952
0.679114015075
-0.649965006428
1.52475704857
-1.20844310677
-0.186078769471
0.313068286668
1.88648529008
1.24347201744
0.251552602748
0.238710385462
0.128289990092
-0.832220910363
-1.06844659043
-2.23558430582
0.210138353213
0.695359322662
1.30959446971
0.781442422604
0.955124896981
-0.00622925384682
-0.137363348214
2.6301369972
-0.490157579106
0.18788666413
0.869720496096
2.08904222958
1.34217259835
0.311979533888
2.05901721255
-0.200278701908
0.0169981936499
-2.12946126811
1.42308203033
-0.318832533722
2.07308301868
-0.168829664376
0.604061194951
-1.58156506274
1.05703328379
-1.70833026126
-0.64362073967
1.56566161499
-0.0384382913702
0.129676783472
-0.22105697155
-1.06707525865
-0.386403390354
-0.924400336861
-0.929066759047
0.830388605237
-1.62282621714
-0.904279963944
0.919724136487
0.617460838299
0.492948200974
-0.943366848132
0.52819226453
-1.06662122409
-2.39462552139
0.337451303141
0.585694073461
-0.444461330918
-0.421666985208
-1.15695910109
-2.40520543354
0.768547340601
0.570127785961
-1.18994090284
-2.69725850324
-0.125914779634
1.47566086581
-0.221427130057
-1.32974897147
-0.372311636217
-0.788343273705
0.38562992464
-1.07401946277
-0.512490634466
-0.51212694382
-0.82360707184
0.518922869466
-0.0556219342326
-1.65845623353
1.11552470717
0.316017292243
-0.848564556814
-0.210751366565
0.490352792561
-0.55151036599
-2.84585010821
0.872509857117
-0.27945543198
0.300546060315
0.609788620098
0.0986972836445
0.912362774111
-0.129459256767
-1.69701212198
-0.600068706083
0.652732405663
-0.914444206427
0.0356538956425
1.07949717681
0.963839227739
-0.357867058836
-0.049886298602
0.149625456755
-0.643441847726
-0.134595318712
1.3044352455
-0.116372269018
1.1831154022
-1.119076588
-2.24456682819
-2.05752923388
-1.4744478785
-0.278025668931
-0.119031745374
-0.146583938459
0.0145459192087
-0.433206858642
-0.00138456411217
-0.39965642722
1.10688173187
0.0921259094432
-1.33886436759
1.33549487291
-0.0115478453428
-0.232949338102
-1.98643730506
-1.0009874574
0.547648783211
-0.291447106563
0.90333297178
-0.26419260621
0.414930017784
-0.753493214069
1.50844390106
0.75481820634
-1.36020093055
-0.71901478292
-0.997754716294
0.680961230779
-0.860127536285
-0.258764820192
0.501227914278
0.67517072535
-0.298197924957
-0.161812785325
-0.0275507685051
-1.21517823358
0.215768816957
-0.328151105225
-0.113483737189
0.194221966818
-1.42278861691
1.42743544915
-0.601460082715
2.60748185147
-0.558662185669
-1.80851132068
0.314314724548
-0.208537573519
0.226200587699
0.679211083315
-0.24976139371
0.801164693138
-0.628893764017
0.405991094482
-0.231374053788
0.665194665101
-0.128236555412
-0.641819229152
0.616151661608
1.79699803298
2.29626450377
1.06957679687
-0.60124391127
0.234465561542
0.295229197531
-0.0581900464824
-1.16858960496
-1.00049906146
0.534574181726
0.242997877973
0.786269774663
-0.292622791626
0.20666869204
-0.387024531782
-0.506868777606
1.76729059509
-1.097195034
0.299174132779
-0.315949189689
1.21891361799
-1.17982922098
1.47419629184
0.322485032309
-0.917697500896
-1.43568731441
1.09278622185
-2.17678394957
0.35553567358
-0.491252271225
-0.204967685622
-0.525239631732
-1.73564146331
0.719156995235
-0.32191368559
-0.076167293076
1.99645196788
-1.33818622463
-0.193312260277
-0.510716229915
0.938664426768
0.770841867568
-2.22850775797
1.19703153332
0.290581453344
-0.263939997847
-0.633229720457
0.500080289849
-1.5389025055
-0.593483796356
-0.94393353302
-0.354578359573
-0.0882772390138
-0.307523701557
-1.83618617155
-0.510385838124
1.28367727759
0.26797329222
-0.341704860998
-0.909380851113
0.522676179682
-0.495260228266
0.284683475255
0.422915598649
-1.82888763859
0.030292013496
-0.345993963612
0.865195720497
1.07455020584
0.862452069054
1.86415652387
-0.677601593885
0.956934429674
0.377993532857
1.79334536633
1.25349014927
-0.792456281725
-0.842939141415
-0.503876761041
-1.290433244
0.713693825897
-0.497197701508
-0.116876380884
-0.182514973654
0.374865420409
-1.85118199021
0.975715380123
0.151782194792
1.05024013073
-0.0861854931254
1.02431070021
-0.851969450794
2.33323275615
-0.248984226221
-1.19262695542
1.31614904865
0.440320778563
-0.90937547284
1.20480825167
1.02618846978
0.155070776662
-0.878936550876
1.54745977741
-0.209094103725
-1.71368617343
-0.287944734555
-0.354554343076
-1.00304301686
0.22856811363
0.0111636575665
-0.0604921497307
-0.991630619056
-0.271384330803
1.12619497279
0.210312301728
-0.139691790456
0.0339972427116
-1.37874825248
0.240776020175
-0.529551939177
-0.481170185881
0.967150285331
-0.0840145641747
-2.29848717522
-1.29456341835
2.07106071531
-0.662147660216
1.28941711364
-2.61524011132
0.264121689607
-0.810708304983
0.206115577812
1.61938790434
-0.0113659296885
0.404840534906
-0.78339672365
0.779123396121
1.72764578288
-1.76257027963
2.03945127431
-0.587322186337
0.483130605986
0.37669176869
-0.950247999008
0.833352857919
-1.12944421158
-1.26482572252
-0.340971250451
-1.26500093621
-1.01414170178
1.10299172414
1.03917855957
-0.175033180544
0.896365500469
-0.26780612866
-0.835011143682
Score: 13