3
44
10
3
0.68380179534
-1.67969780913
0.987823617716
0.2873830323
1.11345674375
0.362907275246
-0.0106294691965
-1.77903737579
-0.972080375218
-0.772043233988
0.219724761502
0.0833515757976
0.424543416888
0.648155178051
0.0128343381722
-1.62547483302
1.0500699133
-1.6181905118
-0.255965873302
-0.654109715037
-0.377050087559
0.617031358586
0.240061376271
-0.737733602761
-0.658994723453
-1.14483858904
-1.25536188929
-0.239825972725
1.06949276704
-2.28806192146
0.091617765373
-0.696632425743
0.824884563781
-0.0626047588103
-0.213751802016
-0.042189089973
0.0136270639327
0.260709685796
0.649312957602
-1.82098036286
-0.440668117875
-1.00657455542
0.41239593893
2.60393130626
-0.940110343355
-0.445444098268
-0.71757070628
-0.685448200319
0.83560055555
-0.371096707274
-1.93219561778
-0.979778950736
1.08832598835
3.31512247525
-1.41344060051
0.768254699074
-0.619922303899
-1.61871562363
-0.767645092363
-0.907360606324
-0.446533691686
-1.24661657245
0.14133813979
-1.03667302301
0.0578492850387
0.284993801727
0.169293181679
-1.03029525166
0.0418203391195
1.27928169075
0.0518104599248
-1.26225209899
-0.481076272197
0.317481850143
-0.469114667767
2.05603770157
-1.88395715974
0.472127577897
0.450004005345
-0.223354217121
-1.25385449345
-1.85251271022
1.66484162774
-2.0984424964
0.787468377708
-1.13667051571
-1.2894989173
0.349386970916
-0.443109157602
0.182907801523
-0.929718046463
-0.121560388024
-1.01397328553
-1.92886119307
-0.419878995908
0.208994469438
-1.65980341779
0.356898322154
-0.0270760456317
-1.54732900457
0.511348102118
0.947931861733
-0.178762625737
0.619329183035
0.608695772441
1.78436456793
-0.600872310265
-0.196904703402
0.405170416681
-0.457583382474
-0.118190507951
1.99672676439
1.66617713453
0.0607361867284
-0.677619969051
-1.09824350712
-0.152971402519
0.0106522244409
0.256830783334
-1.94397581725
-0.98102896531
0.918087820751
0.613568741467
0.615485358248
3.20009944591
-0.483507947009
0.842822388946
0.131512922457
-0.203853000624
-0.136473200759
-0.260298752105
2.13667947426
1.81723576155
1.28806932067
2.38492624332
0.00749295426503
0.353649434298
0.249413807411
-0.263610553379
1.16292164898
-1.61797692708
0.572644853023
1.51479413563
0.35998332651
0.806792208404
1.44326093944
-0.224792928764
-0.354607095184
0.237870032254
-1.03620325914
-0.0555987602246
-1.23522100754
-0.156471999646
1.69119040966
0.085061019067
0.999271845056
0.178511157821
0.743898798987
-1.29722767616
0.505033558274
0.998639699919
0.0969796468816
-0.522912245733
-0.139344623678
-0.350132211023
-1.29087600728
-0.597553680539
0.451077207145
-0.58903703398
-0.852655490193
-0.0932092489475
-0.204123902453
0.52605703416
-1.19495878948
-0.360228658208
-0.269322478777
-0.207175370615
-0.18256282227
-0.189956246961
1.41350669813
-0.679728203164
-0.289837751705
1.25778237479
-0.259786532496
-1.74701460611
-0.807402893645
1.59784414746
0.60584624071
-1.34477894989
1.12110433933
0.446732553257
-0.234877045002
-0.5463508556
1.28009132195
0.0169392172095
0.754342104122
0.727135259834
0.136288364636
0.353434278538
-0.360209568544
0.0576881505299
-1.30808979881
0.845614207926
-0.441779409695
-0.850672639543
-0.887736359565
-1.21638945233
0.931520665949
-0.780873849155
-0.778302424949
1.62196904938
1.14790882483
0.351316067626
0.519301099762
-1.75015937168
-0.0741825484729
-0.842657059421
-1.03229690928
0.232932605472
0.346089653874
-1.18805156834
1.635618651
-1.90243481829
-0.696161169854
1.05279775439
-0.172085398168
-0.437295101415
-1.1123530996
0.447114477964
-2.3744439411
-0.745425481974
0.76566986194
1.43945581433
1.3011439956
-0.592077954152
-1.21715420367
-0.544542109411
0.348603430658
1.55411644648
-1.87681798118
-0.173237746098
-0.276629324332
-0.690372059165
0.829974009954
0.552778807447
0.929363752051
-1.8326593395
1.52814682467
-0.154512105352
1.17314444946
-1.54704028691
0.237707542475
0.177001799139
-0.600154202901
0.269274130674
-0.0998467150613
-1.02664120786
1.07646069262
-0.311674913595
2.76833692051
-0.00454296974849
-1.63593707127
-1.9462415986
-1.26920281505
1.13050964727
-0.477488678668
-1.51078762771
2.04175635548
-0.266198542975
1.24344812116
-0.614147247652
0.0263666319554
0.520460187411
-0.0904866476052
0.111666955303
-0.394490707283
-1.02677366239
0.967290056227
0.259713892586
0.218915111664
-0.789638082596
-0.212803170346
-0.204380687237
-1.16873912558
0.385377149478
-0.063163129187
0.225267624086
-1.05817342084
-0.510864935878
-0.859308361201
0.609385692751
-0.227578525253
0.416157437421
0.147602480045
1.69788814598
1.23284891426
-0.423060885736
1.04791145207
-0.609891116842
0.240495536386
-1.43993637669
0.503824838266
-1.39645626282
-0.649554882353
-0.0415102385356
-2.1673400914
-0.899107457964
-0.167472865786
0.622468125512
-0.133353591585
-0.245169748931
-0.862767874019
1.07527291129
-1.51334559105
-0.37748219159
0.685243019255
-0.23937415962
-0.450330740193
-0.359465665359
-0.398451726912
0.045329383629
1.03480195353
-0.274547826623
-1.61436086427
-0.643202234638
0.127385661371
0.159107815388
0.336199432231
0.801955319353
-0.58003290912
1.37246800092
0.355683740495
0.965711687655
-1.08950570948
0.997441976826
0.226118651025
3.16694494579
0.273912016297
-1.27810478966
-0.55227810555
2.11235294559
0.150639521308
1.03063820122
-0.201782020712
-0.790763451318
0.581081629626
-1.5572088809
0.231046103573
2.66515024401
0.611112237247
-2.57482454352
0.46755340011
-0.742198206442
-2.5908510968
-0.700711038608
-2.14438005667
-0.951552377985
1.0855760027
0.342720117939
0.657104983496
-1.08502377888
-0.877605356377
0.331824109844
-0.528053037775
-0.654602406377
1.09820572279
1.04907309014
-0.131127793345
-0.0405806177089
-2.45568494984
-0.453369016058
-0.686518044999
-1.00286542754
0.962786650756
-0.422275903579
-0.315411503142
-0.0941144862742
-0.504808243845
-1.61683239052
-0.373087766339
0.20212711863
-0.888344505658
0.296324212725
-1.60473213658
-0.625964626381
0.972142200669
-0.603954376976
-1.03165904979
-0.488400305623
-0.509385903425
1.1435399325
0.358147228335
-1.04349200842
0.247400348356
1.96583834
0.522355052733
-0.941932087727
0.510612550329
1.11579557397
-0.539316611878
-0.321257702646
-1.22651280709
-1.02727364532
-0.810555624996
0.316761739064
0.393908725803
-0.0688599054674
-1.90301726099
1.99681895173
-1.07664798939
1.43942905899
1.01517838399
0.469666327391
-1.6684199695
-0.963815055701
-1.12884607143
0.192063057956
1.11960219663
-0.672082403515
1.02990279011
0.876746030926
0.725785478682
-0.0305352705789
0.159925223404
0.565869102591
-0.440560339248
0.643088500805
-1.4995599026
-1.5819844689
0.460776927976
-0.152991744407
-1.52909748588
-0.847031031821
-0.251069136017
-0.695898473396
-0.0670655132419
-0.450116957495
0.672516471188
-0.87186465832
0.459078510941
-0.415113679241
-1.37880944764
0.133607649266
0.922733404634
-0.574318616128
0.235570353053
0.987465448269
1.80108283045
-0.439299120087
0.0859093005382
0.915329188851
1.63262032597
-0.514675915289
-0.395894486768
-0.650542568198
-0.145711138364
-0.565186438166
1.51534992369
-0.221042982108
1.5335682451
1.06442181867
-0.672307527249
-0.248884173292
1.03777626035
-1.46968877642
-0.51292046554
1.28753238943
-1.07002478758
0.762684760387
-0.338437254815
-0.689582392865
0.357554119374
0.584793708177
1.04023454301
-0.437585781585
0.347459398213
0.592962256216
-1.57567289257
-0.775412726311
-1.21765592877
1.24902924491
-1.97490858852
0.33951922977
Score: 1