3
44
10
3
-0.236880773418
-1.31308542814
-0.867407937713
-1.91458084143
0.740423668221
0.821724141969
-1.33801521918
-1.89051886922
1.68584785449
-0.822050564019
-0.387928308183
0.109327916168
0.62900142709
0.936162209986
-1.33810502564
-1.42929766952
-0.822171571859
0.210727054965
0.35109940269
-0.649584953982
1.90317122336
0.818612757782
0.894967777119
-0.847749684674
-0.637029709486
0.0292951308726
1.19378894786
0.968474405619
-0.928695396408
0.233050064287
0.345974525059
0.0418960694779
0.266974249706
-0.0347677038632
0.463361435129
0.391796392379
0.962510942928
0.585985714582
-0.580482428022
-1.12020495899
0.218459072309
0.858262581072
1.07514531992
-0.402904664018
-0.111587387598
1.61752904871
-0.186114622415
0.558507865239
2.23737321153
0.168685560592
0.482558146717
-0.050990379679
1.69497975016
0.0173988982282
1.48311238453
-0.123531655063
1.10120895258
-0.453300368028
-1.26381911708
-0.569319813398
0.533837561247
0.424938682598
-0.455526760548
0.977993211083
0.866260019889
0.542768136408
-0.0421632697542
0.207647434072
-0.207928639126
-0.315500020982
0.212651203453
-2.46333344057
-2.48205178502
1.30021182308
-0.80727589852
0.695101114149
0.110043670237
0.212578308955
1.29974692705
-0.476893454644
-0.796378383962
-0.24493945164
-0.636895170972
-0.0765041870795
-1.55160159592
0.298385499104
-0.389246229286
-2.11385820852
-1.61050888701
-0.499172169405
0.524950704808
0.274423802728
0.521312348502
-1.00094954201
0.359441388108
-0.223432946433
-1.8063215362
-0.495354549969
-1.14922480625
0.499094500191
-1.12591874589
0.710086075837
0.5812095133
-2.27131805494
-0.0333852583553
0.104476566024
-2.06664947102
-0.133239081505
-0.352704216286
0.292614915725
0.102233020708
0.422760929599
-2.31225520116
0.642172955262
-1.88107669327
-0.988767069129
2.43561934292
1.46012437379
-1.50519412671
0.699735752603
-0.891952613194
0.591865456623
-1.11776664982
-0.600368081318
-0.553432267645
-0.421591521222
-1.38879090748
0.160376021534
1.69765534486
0.0849158771299
-0.133194486896
-1.58675192038
-1.12695817934
-0.732412147752
0.347453195114
-1.76879294998
-0.162402894215
-0.406994809238
1.29721887595
1.27836774981
0.822182734735
0.491917783526
0.190099557201
-1.15321909116
1.51158651968
0.663333077308
-0.837418154054
0.958832870157
-0.838794683902
0.715658760423
-1.79681299648
-1.99832120216
-1.91414603142
0.0761428277886
-0.369634733318
1.82211063966
1.8571833597
0.923481656008
1.01801222771
0.984006397988
0.939202473147
0.223368353536
-0.249847881143
1.81481347528
0.201745654897
0.342078783768
-1.78149666934
1.26352975781
-0.159549392297
0.0586844107078
0.458971924083
-1.18676795045
0.519014331771
-1.47848386171
-0.123958111702
-0.262183109504
-1.2849615716
0.826276190159
-1.67112652336
-0.93271341426
1.52509278977
0.645193556281
1.04673381816
-0.223150116037
0.319143663726
0.1541495739
0.650630744262
-0.72212710989
-0.652579942846
-0.298867891215
0.541890089496
1.8427294844
1.11010531643
-1.82948287709
-1.02105167899
-0.885143376639
-0.434765258106
1.65338462922
-0.215464650025
1.61304462793
-0.220902912321
0.892295901184
1.83170896023
0.141083091865
-2.95279259691
-0.126784488036
-0.185390144174
0.579605911288
0.0975222963125
0.214608476558
-0.744360346352
0.748780856665
0.816374924125
-1.71242291876
-0.510345702375
-0.0585586447793
0.00452166704138
-0.907962616707
0.422477284506
0.977987606117
0.0627232236559
-1.46510890828
-1.86512292559
1.35576796809
-0.640830159747
-0.531297117699
-0.363277271583
0.211021067867
-0.972355588018
-0.538824542694
-1.12512072592
-0.325093430889
-1.16572408912
-0.28753847552
0.33899851171
1.23160429563
0.634646958489
-0.329192488475
-0.415932677224
-0.280811666962
0.161524825272
0.135092116628
1.53749070883
1.41754848302
-0.586699106901
-0.368011274844
-0.897651771965
-1.33435903787
-0.654121773875
0.777127357941
1.1999934921
-0.5908761891
-0.00508399645156
0.894641834534
0.165690719064
-1.26606405782
1.14593836719
0.354423149347
-1.39597803056
0.560609674573
-1.40901916202
1.40229048824
0.491528090154
0.210097186022
0.741069314575
1.6551648684
-0.0464886373471
-1.1500067447
-1.36233096348
0.966906017358
-0.625933544423
-0.236181097207
0.653469448447
-0.68752708587
-1.08317924408
0.716334574279
0.175743237754
-1.02748623533
0.817313156203
1.12751030851
0.811617162802
-0.860377804076
-2.09239748529
-1.19405015517
-0.439466446269
1.88528745537
-0.0950145151806
1.11642748003
-1.43275260465
-0.450307412639
1.18522558948
0.178241692092
0.469775558223
0.526344287251
-0.0199704095474
-1.30590607794
-0.948246621494
-0.531377360021
1.61053103613
1.5356689993
-0.596037352503
-0.26090296585
0.143818828362
-0.0892231130251
0.345844342195
-0.763229066605
0.406291719395
0.0171755596977
0.296576331122
-1.46607609349
0.30183799482
0.140288212678
-0.239121507743
1.25553790314
-2.01023750819
-0.605486530189
-1.00142871923
0.308369764582
-0.925413847318
1.20938220743
0.00903052985725
-0.310551268677
-2.03721610958
-0.324975375846
-0.00667456528732
0.0505197636417
1.04991039257
1.26679407006
-1.61876896114
0.0621853002897
0.280137539858
-0.928828927206
-0.477620395792
-0.541808755281
-0.102104473221
3.0084977333
-0.431762277274
-0.17186162958
0.465276934811
1.32006694828
-0.424634324129
-1.92219616904
-0.042559541219
0.493743141406
1.14395364044
-1.52917464893
-1.09882822335
0.913051641231
0.540001062913
-0.98223960902
0.904036349259
1.18410105002
-0.314525727271
0.356525899087
-0.906586102836
0.0452805534099
-0.617712399489
-1.62267424773
0.0426855226056
0.796333222481
-0.977773202013
0.0990926493089
-0.188299231745
-0.788530575384
0.321928923123
-0.257156562959
0.450035724439
-1.25247710607
-0.104971020408
1.09751368405
-0.253288146178
0.0784352104528
0.608208107955
-0.0392339614105
0.991639779414
0.924747079078
1.91805775839
1.95549945711
-1.82020055382
-0.517734063619
2.00259377354
0.56577950827
1.82439997286
1.06133684598
-1.09567102958
0.769708188361
-0.890733181299
0.826925800711
-0.411154884451
0.446613443768
0.866717698098
-2.20894491006
0.350271634202
0.532207740955
-0.0125210102772
0.86901296378
-0.756953561728
0.949895576642
0.0286368693779
0.705062028361
-1.72612150696
-0.214852178756
-0.885706451536
-0.687919594661
-0.207166091719
-0.470831982082
0.859551436189
0.370588397183
-0.450995400905
0.301306210732
0.253385954908
0.103143398175
-0.397457534477
-1.00121975612
0.133300232953
-0.402733702958
1.8964158138
0.445143470459
-0.817651864555
-0.338981483269
-0.825967721277
0.744344970828
0.722776692888
0.723313425588
0.483924543966
-1.61405169296
-0.867262746144
1.02891034089
-0.321390504214
0.17209962274
-1.08971378042
-1.18189238592
0.706321886171
-0.430492740601
1.03400846755
-1.63549007354
2.22900084721
0.0510692337196
-1.00504422526
0.822445150709
-0.107667927065
-0.181159872916
0.276776308521
1.84950936083
-0.0362064251938
1.42479541091
-0.512052842571
-0.410653980908
1.36315550432
-1.16651105068
0.173752482082
-0.941418966668
-1.70614175248
-0.994167411348
-1.13454245315
-0.815157088269
0.320392829911
0.964508208501
1.23955889173
-1.11079880633
-0.693523800307
-1.37889520378
-0.0208102231416
0.607248225372
-1.30404884223
0.471332575675
0.242771148854
0.250952706261
-0.649495374695
-0.447149595937
0.69015617186
-0.249678284386
0.432419915726
-1.30321665966
-0.471687571756
0.928032908247
-0.643712667038
-1.00622086691
-1.20125405447
0.737659300345
2.01930387037
1.57440317113
0.578067297873
Score: 11