3
44
10
3
1.79151531185
0.489046411573
-0.0320779151732
0.794165245864
-0.240315002632
1.16179251964
1.88229496902
1.23717628683
-1.1192365486
0.917952508608
-0.985983855716
-0.513143733108
-0.515188775139
-0.0987152012203
-0.858977761224
0.0659938168237
0.953699985627
0.261797023835
-0.645254580599
0.0290911373317
1.24333634191
-1.02433055853
-0.633570893555
-0.632394659844
0.0621045892519
0.269464356172
-0.132523053295
0.635977391984
-1.10834496099
-2.18421302829
-1.08119034714
-0.146790165792
0.624676964718
1.52882371811
0.513852983655
-1.42558281811
-1.3235642182
0.188803573133
-0.0472665743681
0.0458851643132
0.764662517576
0.349181262295
-0.674260779874
-0.809076654827
0.924505443075
-1.96229513062
0.178926874317
-0.420782090299
-0.726749670558
0.612886151743
0.730850737754
1.16833416283
-0.13105120244
-0.271551703291
0.0055913447754
0.282626154727
-0.331912337363
0.919187988499
-0.928786698161
-1.28243844692
-0.882442219468
0.95954126722
-0.201261363852
0.56231894587
0.0985680070472
0.263688301711
1.41073757774
1.89357157651
0.243851578234
-0.237264856586
0.129550039224
1.0129857218
-0.417237945771
-0.994598904731
-0.669308803035
-0.471403298401
-0.41795786435
-0.206809614865
1.44159160437
-0.367023044338
-1.31909983602
0.762952659665
0.548545947158
0.0822395499899
-1.15750768454
0.796462492105
0.273217679483
-1.78334041063
-0.546420561422
0.597047969866
0.417105154864
1.02918299688
0.662996239498
0.380514378994
-0.993847337082
0.49663888699
-1.03058789275
-0.58147912954
-0.195731285846
0.313503220067
-1.4431426653
0.346320994135
1.32831032343
1.95691020209
0.542074610071
-0.121655797908
0.00895358261276
-2.4750828162
0.443672701368
-0.368312958483
0.138779654133
-0.268893001294
2.29044594754
1.26708233397
0.399116990933
-2.42031138459
-1.07561555392
1.29851038702
1.32285650861
-0.187524289287
-0.0380535573199
-0.563310599327
-0.379927338769
1.17838506064
0.544596853923
-0.000292895060373
0.672577986054
-1.62978021871
-0.000373676174963
0.105963763961
0.642461682797
-1.46416042324
-1.26019074347
-1.31591810613
-1.40196611535
-0.0725047032148
-1.0330981821
1.15595127811
-1.66858709132
2.44580064918
0.752011123568
0.716567311403
-0.399457024265
0.345798511678
-1.21381974
-0.988897752826
-1.81314671487
0.547039777895
0.378571548948
-0.0870102639254
-0.388777694941
-0.516095705541
-0.205827811454
-1.89344033572
2.25022355347
0.943978398297
0.380541115154
0.460108785639
-2.48513526897
-1.51999734822
1.4073455853
-0.792373143723
-0.389939358755
0.0744240408415
0.427881993482
0.236462996719
1.60182396583
-0.86739044757
1.19436570548
0.19778896926
-0.0822261369745
-0.837208410242
0.646518293246
-0.938646602855
-0.894594129452
-1.26125790572
-1.11616751843
-1.01385647502
-0.201016786917
1.77446952846
0.0228625443596
-0.273518082237
-0.168372568159
0.173217760443
1.93901813907
-0.485230887404
1.0835516503
-0.26026575768
0.810011320104
1.73891403731
-0.250861380379
-0.0607179465758
-0.561723581903
-0.389871448409
0.381797970778
-0.109734617201
-1.37926830507
0.246311352191
-0.58217950132
1.89974299621
1.00976140535
1.22316377585
-1.37683887763
-1.10548142393
-0.774070348839
0.293181021191
-0.605209436
-0.970542617205
1.7575336297
0.14062786886
-1.26626738686
0.677359258227
-1.26256337628
-0.824853883357
0.596300886639
0.371226885978
0.0526032360891
-0.293809108806
-0.284228442712
0.769622373964
2.18503021401
-0.587164987011
-1.83503672356
0.33886686992
-0.428810165735
0.260185046058
-0.800457421281
-0.667516588735
0.922464233696
-0.774929520081
0.450028622447
-0.313259550344
-0.172742880082
-2.66052002766
0.069606038587
-0.324517927386
0.471384108061
-0.509987860359
0.323274541888
1.31558945442
-0.618380257433
-0.879585884576
-1.54895731073
-0.61496661486
0.24394011682
-0.867524922063
1.92352955829
-0.384081195001
0.679761052708
-1.24861252861
-1.1863087189
0.795104788525
-0.355650869646
0.356992928757
-2.04836169115
-0.183477961492
1.23186954402
1.10963743177
0.15478029647
-1.0175522142
0.275905543359
-0.74066475656
0.287218915932
-0.375193501751
-0.160719760781
1.14671780485
0.129813443483
-0.680174811462
0.425097900379
0.901392350075
0.296349712043
-1.02021710593
0.384779716983
0.59859648424
0.837219513725
-0.250848537746
-0.808510184415
-0.249350675518
-0.75664766382
1.29789610276
0.859328536359
-0.553383451347
-0.930512093812
-2.18495768056
-0.708327180321
-0.89793253612
-1.46008083259
0.710811088405
0.69490944654
-0.571163217826
0.122021580834
2.23596952653
-0.0827894730031
0.0502355732858
1.10754385517
0.127502663879
-0.555969339479
-1.31806573963
0.994587915547
0.451775197907
0.179664252236
-0.818058303317
2.27638338026
0.899384269077
1.79553464497
-0.709794977121
0.699925010018
-0.237613950792
0.873582733329
-0.0455119127232
-0.533216754207
-0.81598540724
-0.0365034563864
0.680448632955
0.0184613301317
0.540603710244
-1.93937103739
0.0997373189246
0.265612483079
1.06347292513
-0.502469142072
0.890800855763
-0.454173670591
1.71604517728
-1.45514424057
-0.864564823453
0.0723493466925
-1.43210866617
-2.04691567878
-0.234725943924
-0.767016763015
1.06166883883
-0.854601581376
0.855821822315
0.127673795324
1.07299191139
-1.13692074599
0.409419025324
0.234734369211
0.513144302183
0.474119183744
-0.575613367066
-0.405341630076
-0.391812807514
1.66975363074
1.12732791053
0.0658068410063
0.377025029456
-1.26712404088
-0.78789594657
0.341659199714
0.42195903483
-1.28087992174
-0.0621595811839
-0.912310080209
-0.89228606272
1.5120965048
-0.625809295125
-0.3661685676
-1.26949550516
-0.0912638033902
2.35556110891
-0.998217522134
0.171351256596
0.309866876719
-1.1696268764
-0.378475893516
0.813996151224
-0.300727036338
1.83944460546
0.955408692989
0.689373182162
1.07100520812
0.375167228801
0.543470007508
1.19781983071
0.763510383161
0.0777022587005
-0.9412027985
0.993043878215
1.40577973437
-0.28250540024
1.36218987433
0.858281925181
0.81575199656
0.356701882358
-1.16145240663
-0.0733800149685
-0.487162595033
0.778172791223
0.264065962196
-0.00187988714777
-1.10541055523
-0.141182898
0.0919509721978
0.00368287814818
2.03949152296
-0.277210054011
0.00454971171214
1.06980706733
-1.14873605548
0.153669408148
-0.201276566929
-0.71150034816
-1.84259677594
-0.184005607187
2.09871874591
0.17300231089
-0.790306699337
0.594589887478
-0.952639448768
1.04466967114
0.0369087654524
-0.356871976938
0.291707367998
0.117926829716
0.150572091523
0.548119095968
0.569755933436
0.563989672348
-0.834506108145
-1.71867369607
0.752166322148
-0.80048743906
0.486978449675
-0.925300102948
-0.57147524507
0.065196412006
-1.38999882398
1.18434444748
-0.817815830526
0.301562236342
-0.334118191146
-1.19335132114
0.203275396268
-1.70169806695
-0.745415301072
0.170964852383
0.83884887955
-1.06878516361
-0.473715118958
-1.12092204662
-0.241126656657
-0.760385947369
-0.450539399881
-0.451939884267
-0.712467165983
1.67867339331
-0.722310338661
0.410460471176
0.863703410728
-0.280738866801
1.44897965857
-0.129839332874
1.07215294633
0.717306961468
-0.544857252556
0.702090209786
0.130560141326
-0.32007839625
-0.301123038775
-0.429792157468
0.589033165752
-0.967909850884
1.21844189611
0.356990917787
1.06711544824
-0.323001059094
1.47203240614
1.74016001985
0.309399360566
0.266806114194
0.859706857435
0.548473073973
-0.22695234968
0.597851417129
1.11717730657
0.684127830782
-0.522670344513
-0.719005093304
0.102337949582
-1.84308260581
0.89123483728
Score: 1