3
44
10
3
-1.42294745754
0.213614193836
-0.522510823927
0.752132533739
-0.568491282173
1.59451963893
-1.09257859201
1.31464792198
-0.839601696277
-1.73179338216
-2.65848440122
-0.795203467537
0.275392363511
-0.26543688454
-1.02309043256
-0.431695509573
-0.484223768319
0.0864429883967
1.62510390528
-1.01565630823
-0.266638536287
0.697570643219
1.27006372793
1.23538850895
1.38497920322
-0.940200968946
-1.894484642
1.18815496326
0.42614130847
-2.07409585906
0.0287146597383
-0.579614408742
-0.354023048193
1.50941999408
0.240302787152
1.19529808066
-0.804742051671
1.76136483085
1.73225835795
0.472066423329
1.38026971753
1.60481305177
2.01377719345
-0.496397509329
0.824095838417
1.42402583063
0.388843131827
0.942117299404
0.612963246016
1.35745392521
-1.02371841637
0.0623620632012
0.833886729384
-0.229315594924
0.761609095393
0.0515271484565
0.367806400423
0.811379721758
1.16078333748
0.734799193441
-0.934637284535
0.461100357529
1.43437372
1.69039329797
-0.910314271074
0.461817480076
-0.162400101087
0.0834768151476
0.761022371589
0.608990008646
1.5929759913
-0.640319827744
-1.46149632848
0.51266161847
-1.38501554169
0.798567409939
0.234216721386
0.016504337237
0.555717759682
0.969119197945
-0.594291716915
2.45904261671
0.00677401104912
-0.833259315066
-0.567725450498
-2.38998842671
-0.0168183711931
1.0188451428
0.634831114749
1.83911914518
-0.770798154842
-0.0226362118688
0.12145032621
1.23502033431
0.331468097479
-0.295547571076
0.308710070659
-1.50058435854
-1.4535452554
-1.77111271249
-2.53224196355
1.57810478778
0.794909538508
0.528842810186
-1.87748446691
-0.713839016832
0.313078197935
-1.1483383301
-1.17234133302
-0.814965138139
0.149918795399
-0.769227257831
-0.00406320375177
0.175189092895
1.13645274863
0.686616075602
-1.57097017083
-2.26769812372
-0.727354600237
-0.247235043785
-0.547684782328
0.930586031484
-0.165632817052
-1.64092101919
1.32143267853
0.357846580987
0.801037922003
-0.788218045023
-1.66474073292
0.0211382571606
-1.41603676537
0.053122178153
-0.491989850726
-0.377573106776
-1.00718029549
-1.37925706929
0.614970425788
-0.308693439752
-0.614663356038
-0.602535143914
1.37423358623
-1.24330284863
0.670059502836
-0.803832373236
0.127465016212
-0.118254579061
-0.211209318686
-1.17876022988
-0.865626975774
1.27378435659
-0.00061756218861
0.0312840097394
1.03509169923
1.38150808959
0.769001719028
-1.46542344965
-0.295641165397
-0.603160480282
-1.54212495501
-0.663059576735
1.21392454334
0.474397368603
0.266395596827
0.305308894504
0.746353613969
-0.896967502397
0.953433563824
-1.17250110772
-0.641875529453
1.30046123554
0.571850237833
1.06184492503
2.23014211456
-0.87013793387
1.85689846204
0.251175501924
0.303285156249
0.477935459584
1.49727257392
-0.0374629728608
-1.56038971928
-0.0876552132136
-0.145375917866
-0.986124227839
1.77057746594
0.509542452197
0.96908736977
-0.903000579671
0.379894818666
0.24685655252
-1.14425861752
-0.531606122579
-0.216375985956
0.153818819805
-0.157275515614
1.05220434856
-0.167719161379
0.8666268325
0.486007962114
-0.415908347273
0.796915342294
-1.6084407831
-0.412703629875
-1.07062813881
-0.728960976449
0.730339390459
-0.590188348629
1.45558939996
0.786362543496
0.498609103719
0.610625160786
2.09521218541
-2.0514303455
1.25923765336
0.4425155707
-0.229452273929
0.453156772994
-2.34218969829
2.0167704047
-2.4863264167
-2.27383485499
0.478838683312
-0.010615863301
-2.13577278933
-1.00044514471
0.177285467485
-1.62282680914
-1.59334498481
0.992318558851
0.077594291342
1.03196374545
-1.38621418571
1.04755752533
0.579733190268
0.306280867106
1.06129926624
-0.769374305508
-1.75879928877
-0.912546812504
-0.47331002778
-0.146374086477
-0.0620842839561
-0.232579806783
0.0816399470088
0.315520494145
0.945822192296
0.975531425919
-1.06788739366
0.661844294437
0.259406381562
-0.316288672682
-1.07887436741
1.08346679841
0.275581754989
-0.618181438935
-0.0945491553598
0.752892545317
-0.208738370177
0.797533652948
0.120837954326
-0.222340134607
0.601272077225
-0.0862173413894
0.35606875376
0.383495436352
-1.72275653646
0.140942906772
0.356173308426
0.862145617849
-0.298816165052
0.0179074494573
0.690283676775
0.68063021173
1.69771360148
-0.525370525303
-0.651382636722
-0.281237209054
-0.235085274167
-0.290248811535
-0.140199564201
0.183568973668
0.282311837566
1.22458121877
-0.646666240569
-2.19025349979
-4.34542215001e-05
-1.17007688549
-0.396400770443
-0.981997204917
0.564114394962
0.88940102167
-0.189163582383
0.137731439319
0.0606086259188
1.23750144604
0.270683876445
0.385801190911
0.380226623105
-0.824892265799
-0.665976479941
0.0041030855625
1.18990926349
-0.302094624771
-0.228026507588
-1.27714209927
0.382356616108
-0.00464196130914
0.944824595842
0.397948387749
-0.829337090203
-0.55422455275
1.46008775939
-1.82817328105
0.309548961256
-2.32262722415
-0.844343413535
0.924863404894
-0.419936518064
-1.2828359915
0.649344040313
-0.150125238661
1.95620400412
-0.70625166
-0.317699604333
-1.13716412544
-0.921952464991
1.71362073579
-0.843766516735
1.16611973626
0.673386309482
-0.55123732884
-0.197094824713
-0.929191400967
-0.0201080953408
1.08172108291
-0.441443458326
-0.261741763786
0.948758797396
1.86942861706
-1.57112614301
0.729486242903
0.587897676235
-0.645508711454
-1.16022298779
-1.22046784194
-0.947662258928
-1.1716705044
0.902901146599
0.205635919283
-0.628507558743
0.516994040301
1.35487976533
-1.17409240201
0.381955857434
1.03613993723
0.323343382187
0.310842884495
0.837030373175
0.140946942429
-1.01566164653
-1.19109283384
-0.426024427924
-2.23857425071
-1.12629512033
-0.103534601626
-0.0303838804587
-0.2003593218
1.91480256607
0.667546208913
0.950389590523
1.08396653544
-2.72115764309
1.25384621478
-2.60192905018
-1.17026200012
-0.797992803132
-0.934725118694
0.373146467507
1.09578439413
-0.705300562502
-0.896343895187
1.01519591328
1.06376223575
-0.13404580875
-1.36059131547
2.44254757959
1.21650266395
1.436834004
0.210951408549
1.19667674555
-0.426606263975
-1.06204687638
-0.338078042285
-0.824367349763
-0.4279621011
1.56524829412
1.87068801843
-0.628688472639
-0.988469297232
0.878745978704
0.333336194445
-1.4268019099
1.27183145592
-0.740733579631
-1.4433230711
1.18291283711
-0.752006511164
-1.27407973559
-3.32705530214
-0.691370747332
-0.477269748721
-2.8277186152
-0.707662422114
-0.23892655178
-0.712213038873
-0.264490630392
-0.132543000593
-0.137596863415
0.143533148342
-0.0847675130785
-0.811530073103
0.421755830751
0.598111156681
0.290667179856
-0.317265625488
1.23779211529
0.117966603423
0.436489293679
0.709174822264
0.985456489228
-0.839808812606
0.119109567187
-0.452523244591
0.349302736013
0.848623483319
-0.118609015167
0.908718292033
0.887526010861
-0.720317536863
-0.062350530331
-0.359017758736
0.158858951781
0.404521483689
0.0172872929751
0.810714651621
-1.46188213214
0.88863794052
1.60131638901
1.8890338292
-0.130554799449
0.918763415511
-0.148786358046
-1.16679289935
-0.384103686631
-0.336637894012
-0.012535624286
1.18548499234
-0.721011979279
-1.16658546614
-0.750099985951
0.108704955416
-2.11239287649
0.110870168522
1.31959892319
0.724138046147
-1.6477813535
-0.711280705384
-0.462420134824
0.45083279333
0.990542712249
-0.607390228132
0.305577638586
1.05555910641
-1.39616926657
1.58568745767
0.379908607221
0.483924592247
-0.289366429587
0.986693723719
2.22018152186
0.100967380602
0.18234588745
1.31443710336
Score: 1