3
44
10
3
-0.456912717225
-0.762596179745
-1.15591928814
-0.87360151283
-0.0116775564744
-0.644328617795
0.79121942907
-0.0182650671882
-0.944200693623
-0.0974121338914
0.905387716931
0.514547994742
0.44499619772
-0.432399055246
-0.100343349719
-0.827308137118
-0.245579770186
0.1206950462
-0.856374706729
-0.281027725591
-1.24217444844
-0.165160787359
-0.156341201012
0.706954852132
-0.0130001173509
-1.8965173367
0.557497668211
-1.02208853971
1.39718475434
0.634062695627
1.53792716102
-2.61833315579
-0.949135400134
-0.610165111001
-0.19536067187
-1.16516430088
2.15175439175
-0.60812595615
-0.279399190142
1.72692546973
1.38409149131
-1.79483852163
-0.822333849611
0.675746113294
-0.0780408948456
1.2572183864
-0.815354829228
-2.05951281944
0.177195203519
1.00642838158
1.05262166325
0.398695174516
-0.241808148712
1.19879842189
1.91932624741
-1.08624044495
-2.84228191771
-2.4470610409
-0.574564630931
-0.312291642695
0.136557797567
-0.659715910822
-1.02625826801
-1.29016064717
-0.987941611668
-0.407670221801
-1.58388556487
-0.0543386046726
0.118076754526
-0.396588151461
-1.39595485735
1.34366411227
1.53315056808
-0.39719176141
-0.608185053479
0.209562087196
-0.689555690499
-0.535241998763
0.188977397242
-0.296361161667
1.55190406181
-0.300149830593
-0.615675866189
0.354452371437
-1.17852329267
-0.780813302204
-0.628295989041
0.112825291351
-0.344597419234
-0.922929885457
0.843193072576
-0.261551649474
0.98101988352
0.639749684921
0.566737885089
-1.00217693335
0.980196653645
0.00333014137062
-1.95076539336
-0.962913911805
1.04474547655
-0.496207835889
-2.01174742054
-1.19323239799
1.46097556529
-0.176911257142
1.79573611408
0.391540317878
1.41089042078
-1.20919601904
0.129706172281
0.112282427042
1.39244920033
-0.347075416443
0.162615761257
-0.574682340667
0.970701130526
-0.768108682345
1.42044476464
-1.00638406812
-0.844964229863
-0.392319447224
-0.116276694921
0.471382197912
1.03209527776
-0.360114632058
2.26365199934
0.618598295941
-1.26326053408
0.538866622623
-0.107777407688
-0.408903010424
0.359061753184
-0.219282828798
-0.32686412329
-0.6494831757
-1.08639022322
0.414582255975
0.659249734061
1.20839535228
-0.781173565711
0.849780419578
-1.57246743225
0.663715781725
-0.415100011362
-0.961007141785
0.457665186576
0.737593746456
0.0787051693808
0.454627644522
-1.42707717146
0.616878185817
-1.66475938123
0.728932177734
-0.38331419273
1.47156098377
-1.24313873739
-0.293847057706
0.256539871366
1.56051496357
1.27845514436
0.097607378429
0.077988459143
0.193569469925
-0.735119123769
-1.14490505819
-2.0615970336
0.287843397964
0.402057790744
1.3765745469
0.910351677046
1.12601648002
-0.104280722598
-0.201661041416
2.6385499406
-0.376316611137
0.109814759282
0.566206765755
1.93362057787
1.466096653
-0.00819919289255
2.02135339275
-0.366502826336
0.0483024143949
-1.87229811784
1.33310302426
-0.404312727941
2.27981331384
-0.305199252119
0.670101285214
-1.41766931576
0.997003778255
-1.62626545708
-0.364659315937
1.27237906931
0.00904332736997
-0.0178547984246
-0.0560554753277
-1.09430548947
-0.539864222427
-1.10137223128
-0.820334581984
0.901195256091
-1.61762117872
-0.926324372452
0.846641429471
0.710727944823
0.512691059428
-0.78465509412
0.318773586812
-0.86552368829
-2.0952133866
0.376564504209
0.769209387939
-0.508263481072
-0.495349635765
-1.31672558498
-2.4306536409
0.478265695823
0.621281439526
-1.40036241666
-2.53578521535
-0.228561753982
1.67878441203
-0.453324974821
-1.22141792662
-0.31455886359
-1.10652603559
0.414741569923
-0.994380657238
-0.773887909136
-0.197245791237
-0.63202593014
0.763652585376
0.201829002724
-1.98173153526
1.04124691501
-0.0560377645212
-0.972345684437
-0.680672694416
0.552294650776
-0.625543936506
-2.76972995902
0.632495520366
-0.0287713219669
0.291801698334
0.545210908881
0.304249282161
0.812804306362
-0.0768056253339
-1.22773757935
-0.581128287442
0.533831017702
-1.11731159295
0.0402383380398
1.62205461927
0.795848466012
-0.167569775143
0.0970510544502
0.563422932581
-0.536659507507
0.32916254733
1.22552416773
-0.0804379352165
1.10289840969
-0.973076483141
-2.35352680187
-1.79424953685
-1.48001738648
-0.167508273849
-0.442192730458
-0.16457894708
-0.181077798503
-0.564035160018
0.220202495363
-0.185133758749
1.20529833505
-0.0122154450838
-1.56399854062
1.75290239352
-0.510817018963
-0.104787697956
-2.05882338276
-1.13167850313
0.632084831953
-0.394498876863
0.946291185305
-0.136258023531
0.61672469327
-0.726852044382
1.33997119477
0.969022470044
-1.33216248904
-0.645807630848
-0.909959406307
0.559283603155
-1.05083236214
-0.194330068637
0.328941938914
0.514500945178
-0.499953686213
0.129287439111
-0.230401098662
-1.40621174318
0.204632177334
-0.268665368514
0.234301465294
0.446757718213
-1.22933663199
1.41080494716
-0.986355484661
2.70071854756
-0.57126326386
-1.55833643163
0.409709871281
-0.121742285152
-0.133533935433
0.774166936347
-0.320584921683
0.747941019288
-0.293468257573
0.495019146431
0.0102447142644
0.650142242525
-0.420179395549
-0.54932945661
0.692535691884
1.94696025051
2.12177122427
1.09926915553
-0.515159332099
0.162270149178
-0.132316587481
0.296688005351
-1.20478706374
-0.896597989687
0.488539822629
0.0340588593313
0.861007750603
-0.413196365857
0.227877271899
-0.553512076892
-0.222675231584
1.96723582805
-0.975071524843
0.219750495027
-0.288418429585
1.04953855636
-1.56930431525
1.31778633414
0.317749176283
-0.659830247053
-1.33705434551
1.39079940166
-2.07097912825
0.421717001343
-0.395314924229
-0.358456021366
-0.307330122448
-1.67394993877
0.785151519514
-0.0925213065191
0.00953204877367
2.10619929557
-1.41074014029
-0.293136618852
-0.435138726127
0.737906544148
0.964303402956
-2.30379120721
1.36649878106
0.0766212606957
-0.353074314403
-0.329291653267
0.468755423279
-1.37495424113
-0.535239855853
-0.817422528546
-0.391149696267
-0.326063023129
-0.77709837004
-1.822942895
-0.603083241314
1.31808248788
0.460268674401
-0.753043282365
-1.17183876651
0.539741218255
-0.639294483652
0.355988410245
0.797122077816
-1.74512603782
-0.0406099290583
-0.445845787619
0.714869902004
1.31782665935
0.783786967078
2.01131825733
-0.41798059239
0.845902647312
-0.092297414504
1.72685166177
1.05148842215
-0.879908691776
-0.978165811204
-0.388679931776
-1.18787474844
0.790333582902
-0.456885252571
-0.164073719263
-0.0780313235686
0.587057140166
-1.72077272596
1.11279623974
0.194960954236
1.20317005975
-0.155595858355
1.22181417975
-0.796711833028
2.11239735118
-0.581466008178
-1.10456013288
1.09542208397
0.380636060813
-0.888806043686
1.11299584471
0.95334475489
0.165898524055
-0.770698936946
1.26979166624
0.19062100323
-1.64597139399
-0.391126522284
-0.0485314700915
-0.820463440506
0.0842509417036
-0.0769412164975
0.306159586399
-1.11219628872
-0.170838888347
1.12101581884
0.0784630470149
-0.181684450096
-0.225482684901
-1.09932024929
0.301605847267
-0.524782594755
-0.575279825583
1.3161834505
-0.0227466013119
-2.14241764473
-1.20690899279
2.31748785226
-0.550693223484
0.942818632289
-2.67064151612
0.175205716569
-0.994961745575
-0.160705909307
1.51447030064
-0.313375024743
0.274038587425
-0.9836411618
0.971906674977
1.69352577769
-1.55618293219
1.83539211276
-0.806212898777
0.402969097203
0.65454156258
-0.861289346792
0.514191033429
-1.37707075285
-1.00251399668
0.017819564682
-1.16811176061
-0.978082692837
1.34250508224
0.864557974301
-0.150352998759
1.16185883475
-0.596385653534
-0.691139453467
Score: 1