3
44
10
3
-1.06189537753
-1.23332550562
-1.10041247587
0.930541314049
3.00101074256
-1.75995188555
1.26427508534
-2.19097627246
1.7054180648
-0.100925022197
1.17886744251
-0.273312930458
-0.90929910369
2.14155260794
-0.93139898589
-0.816725170803
-0.314981036958
0.25728337
-1.27179182528
-0.0202883443173
1.79434179491
0.706932595281
-0.544886952503
-0.393066305244
-0.776576373086
-1.19566287656
-0.252544995674
-0.645925573104
-1.97891799639
0.45748094063
-0.382927232069
-0.644965331109
-0.36735327525
1.41448230177
-0.671145370229
-1.17751061173
0.419798409311
0.281861960927
0.963197338054
-0.640964361902
0.957874530912
-0.354897577085
1.40426753767
1.12651947815
-1.48128939392
-0.67628313096
-0.485820739562
-0.315582179453
-0.402829140178
1.16398097618
-2.67420736562
0.495755407714
-0.0498093424056
-2.29951452065
1.16570737073
1.02255669852
1.18194096062
-1.42147503601
0.0670075969531
-0.969155717265
0.741473384729
0.422772203936
-1.16860449136
-1.16667232642
0.0759665346196
0.669761655923
1.30309326321
0.805581651628
-0.783068335116
-0.361002164602
0.00852427507934
1.1784490015
1.25420566033
-0.816199596001
0.250108202499
-0.96091975408
-0.760911507168
-0.987666117344
-0.697084783995
1.62828030815
0.553604136451
-2.1022500532
-0.364355358768
-1.33365577173
0.511154742703
-0.666599584994
0.69242426753
-0.779742506408
0.334016751561
0.820724786693
-1.97834596483
0.501932776278
0.411193145689
-2.32232952057
-0.263638866576
-0.115349207466
-0.667084740178
-0.291305184741
0.03338658347
0.633640854272
-0.145309711522
-0.0307930109247
0.121063914048
0.604942123809
-0.769054868886
0.42248097709
-1.16075254802
-1.67482887815
-1.2287881712
-0.351685425713
-0.189234827676
-1.0501282274
0.0893678221792
-0.387866987352
0.620986537162
-1.25321461246
-0.65541478394
1.48759491971
-1.41478678432
0.727196507057
0.717605146262
-0.0319177683155
0.267989854313
-1.64806910462
-0.416727627301
0.0710782011106
0.339299267815
1.87591381569
-0.603189898556
-1.19098723198
1.76104586091
-0.486705425808
1.40535609796
-0.650192407254
0.982462641477
0.0296612391602
-0.0893641960564
-1.05786885099
1.37473523381
-0.383689598825
1.11451862665
-0.203790235354
0.167304032949
0.335989566524
-0.565144117611
-0.0118561424521
-0.0966167076591
-0.405037153496
0.870293266077
-3.00734061182
-0.800972484844
-2.21588874643
0.683824889721
-2.58703310191
-2.31687885879
-0.852246261594
1.82814883666
-0.195909183684
0.825472699934
1.13011745665
0.727952988088
1.44292965471
-0.0554512013605
0.986345631059
1.4584502316
-0.0081913894455
-1.62689695202
-0.293487609723
-0.468209649683
-0.753094143274
-0.127203047401
0.331964611106
0.167983453332
0.43852335721
-0.225529310917
3.12899025025
-0.303693093828
-1.0920848104
0.876893665484
-1.92026497652
1.68153035347
0.191578534804
0.130713177777
0.201540521823
-2.89919168002
-0.820950968588
0.4319501545
-0.140488139163
0.962036594334
-1.68439477238
0.379102006757
1.4897172522
0.60254039181
-0.734975329898
0.73739302482
-0.791496237093
-1.03939446109
-0.00223618978847
-1.14682800198
-0.0378906006808
0.890957919613
1.56359739494
-2.05994585447
-1.15815061095
-2.21202022304
0.975489541113
0.555862353238
-0.130742701833
0.337066008341
0.603391949224
0.173892015675
-0.291926371946
-1.39057795781
0.899487081222
-1.8290806965
-0.10554183809
-0.922010805826
1.23887971026
0.0968113833181
-0.0667677838672
-1.0914767021
0.842062034551
0.792670633877
1.71728563836
0.144344975613
-0.834306713243
-0.195851177048
-0.131617772227
-1.35985437722
0.956854670306
0.382312085329
-1.4955213974
-0.930375595868
1.02918564631
-1.01871976461
-0.611088696955
0.337292725017
-0.494097484138
1.78474528677
-0.652962555874
0.151337222794
-0.431012707949
0.927101226952
0.754901260048
1.44403136832
-0.320014096384
-0.314633909398
0.155973468454
0.099592624454
-1.24232655451
-0.704334995906
-0.242378292783
-0.548428796449
0.365713264167
-0.507977280239
-0.218374929973
-1.36484486793
-0.813850442184
1.21999242173
2.43159335002
-0.809760546809
-0.76033980165
-0.935292839689
0.640838857974
-1.89301567542
-0.480406526959
0.996848289162
-0.116430553205
-2.16218738253
0.759497067273
1.84263436294
-0.238051620593
-0.125867026922
-0.597006641678
-0.300926417532
2.00311775372
-0.071695760878
-2.01331741888
-0.207980157538
0.328184474604
0.314728751792
1.15672622477
-2.24846430868
0.277213667737
0.0672341609824
-1.75633466027
0.163582470774
0.0136235854131
0.0180324232554
1.24799365922
-1.01871966467
-0.59903657837
0.0286612988846
-1.22451426538
0.705660842268
-0.0950068164055
0.673593543906
-0.174767797629
1.26850316932
-1.01079990571
-1.05974405864
-0.795923072889
0.309674596157
-0.717741757876
-0.569257365058
-0.107174298093
0.400515723525
0.0257886659329
-0.322049498948
-0.366692325797
0.301294370606
-1.52741442084
1.03252826347
-0.20983353405
-1.54715319223
2.70947597123
-0.663108927913
0.927682386437
0.0605194424165
-0.213465757707
-0.412148245062
-0.147590396263
0.0159197999248
0.245082439703
1.21731119654
-0.170090629903
0.894356045895
0.294029624262
-1.32342102872
0.17712973683
1.20277524951
1.0298193625
0.641822625225
-0.193631476417
1.05047385241
0.410208361459
0.866621584984
-0.343567640712
-0.109710542668
-0.400879585444
1.06633032423
0.0796334625456
0.238587052525
0.384556585174
0.102489782749
-0.913773513592
-1.18957374911
0.137016943703
-0.186031397824
-1.13098207971
0.926505156454
0.968036465949
0.261332975257
-0.182062039274
1.0743768542
0.487007895836
-1.24897978971
-0.467099115284
-0.590838318217
-0.331402160105
0.92030537138
1.64884610085
-0.391364628505
-0.0144668906943
1.87879339482
1.8657070507
-2.1362392198
1.11162058087
-0.150936593752
-0.936229454367
0.764665422334
1.18939619181
-0.495944223499
1.68856279686
0.0545747283208
0.862194228905
0.0369740540982
0.273287236473
0.914482484459
-0.0189041305526
0.941660912719
1.00074667593
-0.231356649891
-0.111159776838
-1.75159832501
-0.816970937695
-1.38868915153
1.30267632263
-0.256568634053
-1.0506542563
3.18523806119
-1.56440712432
0.420092830355
1.94286092879
-0.701793854567
1.14249551977
-0.0511856453183
0.759350223694
0.40117782209
-1.37693439861
-1.10562801439
0.265271207806
-0.863835411108
0.463955233317
-0.207601834987
0.0626905200398
1.17902850054
0.567840107201
0.207974605818
-1.45786157777
0.0147986787724
0.787654237615
-0.977278222427
-0.943940356026
-0.424765116967
1.38700307856
0.445304876846
0.988761091176
0.143753025203
-1.13395168158
0.169211526982
-0.0717203655105
-0.916629402376
-0.890958512657
0.105875825436
0.882181953191
-0.848587020868
-0.326828681157
-1.91794888956
-0.249387002391
1.38623286067
0.123526238493
-0.0490687754464
-0.775511513258
0.343069941408
1.48664685175
1.60664165147
1.15553423246
0.810741635827
-1.03382599108
0.0465451810746
1.03702169153
0.25741597353
-0.977380063977
-0.11776300833
-0.635566083927
-0.126561963859
-0.340258568616
1.73914958998
0.922495751133
0.319174572117
-0.356285049247
-1.68610927743
0.818795326115
-1.26875666312
0.937806247198
0.693866836496
0.831161501993
0.0923779218718
0.351001034822
-1.32640521546
-0.405189807365
-1.48871945379
-0.378235188792
-0.16858539829
1.71726152455
0.899630043468
0.478219598465
0.503421528338
-2.4528834149
-0.421946536843
-1.528224314
0.191679955778
-0.417318601228
-1.79544153724
0.100578931839
-0.0382005181967
-0.930136047883
2.60837500464
-2.63823736153
0.241347842345
-1.11913927574
-1.87071617086
Score: 1