3
44
10
3
-1.09095613691
-0.398156078204
-1.31303061363
-0.80703853202
-0.206346854374
-0.873705660553
0.703469481637
-0.189032573119
-1.10640026287
-0.0742693520446
0.924335461384
0.361238345258
0.322501331134
-0.112440671389
-0.182596034541
-1.23783117841
-0.572074123134
0.226982622482
-0.700203507483
-0.0148247123188
-1.34612472763
0.0343983921911
-0.160255325934
0.749448522232
-0.222672700966
-1.95353869414
0.657695898814
-0.886362632242
1.29746888768
0.676824306598
1.18996590563
-2.55905754248
-0.757253847221
-0.653847771272
-0.101506104289
-1.46822980355
2.13736999853
-0.792580365292
-0.171327908821
1.66502904669
1.49526057179
-1.11930626167
-0.822421385108
0.640765614978
-0.220151323479
1.06224085086
-1.12279839433
-2.11732733891
0.313420251719
1.21148984376
1.28926946794
0.654302995787
-0.107493341465
1.21707973509
1.70671096236
-1.10324933331
-2.80424201714
-2.23438735946
-0.16761861683
-0.334052062628
-0.0864309548459
-0.739912485698
-1.29257092878
-1.44729581841
-1.09359732507
-0.506202470484
-1.57612490148
-0.16835514934
0.171144804955
-0.579857605015
-1.44677236146
1.34973151475
1.5479953103
-0.782183352593
-0.577750537599
0.236647085417
-0.66767864482
-0.63744844947
-0.031938563772
-0.393613885771
1.7139965882
-0.295199363904
-0.516712621048
0.318977502526
-0.980108728045
-0.817070557868
-0.216585858153
0.00336742455796
-0.291389432404
-0.75667568115
0.735579010734
-0.303021484077
0.963301642955
0.584433664782
0.697099552785
-0.406123461037
1.11069725682
0.0176845859076
-2.08634864618
-1.05779021497
0.905871195902
-0.400638749738
-1.68028688033
-1.52538624737
1.38937285527
-0.0680373446619
1.72780487702
0.52600215269
1.19005902546
-1.05584334823
0.186561101918
0.0724127636982
1.36811650154
-0.142415008188
0.353814394008
-0.460767369326
1.19219219278
-0.472385221296
1.58026805748
-0.904841016847
-0.755987584325
-0.402652676352
-0.370598208361
0.364598707816
0.828774342916
-0.766134381703
1.87795203831
0.511949551198
-1.39980074156
0.538880656136
0.0827184109561
-0.341576207123
0.302960909625
-0.34037134786
-0.185872560262
-0.52320499241
-1.22590188537
0.588421140581
0.916721638817
1.30566776409
-0.753720648049
0.703941491642
-1.60841722098
0.732148182733
-0.432571822868
-1.05063547792
0.497498731283
0.780444925963
-0.123040149384
0.261670122996
-1.5013684943
0.692544333983
-2.11041442206
0.534226296196
-0.422634510754
1.44622880702
-1.24718358911
-0.375795028469
0.148169825636
1.76461451482
1.19143117819
0.266734880339
0.107120111285
0.325824262708
-0.840013888211
-1.17501020372
-2.32454603606
0.281443217721
0.604814410246
1.20606496792
0.871760766019
0.981281259314
-0.114301031335
-0.0247413077352
2.5971394983
-0.429168645029
0.149168009725
0.690237094979
2.12899182899
1.52129717788
-0.00660145176124
1.9570091701
-0.202681523762
-0.0202874659626
-1.91311976317
1.49572030369
-0.368116699352
2.03484968469
-0.354694828827
0.378763173651
-1.67653446083
0.889926212393
-1.72829849718
-0.517486504453
1.44986103379
-0.151472879603
0.110348966987
-0.161694905773
-1.16483394924
-0.549538857357
-1.0776634434
-0.860486749501
1.09071703396
-1.46133141724
-0.777509597932
0.991795902666
0.504319364745
0.513752241067
-0.636559998223
0.332301178278
-1.08833582633
-2.06051927248
0.454606099981
0.485755735298
-0.595409817723
-0.503379558342
-1.14709787247
-2.26726044919
0.487883207255
0.69745528029
-1.17224354731
-2.49417338602
-0.254975226469
1.32090962475
-0.491147374595
-1.35287546279
-0.406204914507
-0.895536302448
0.128477153391
-1.09314710149
-0.727633106755
-0.362276534322
-0.598679946252
0.48411755799
0.152514929578
-1.75251526965
1.24407082569
0.347871912755
-0.8704788051
-0.600405426788
0.483342692758
-0.644139682495
-2.74762236513
0.890112338192
-0.370632332
0.226539985996
0.457634183561
0.288046336499
0.716996226407
-0.26641414718
-1.46974560373
-0.754582894587
0.776120569625
-0.835512652593
0.0953602956521
1.31233195933
0.75680926122
-0.238016330273
0.307354281039
0.238225462099
-0.569237775641
-0.0554044944896
1.21261950558
-0.0977479477666
1.0627014498
-1.16808174298
-2.07427406733
-1.88187475678
-1.41280217701
-0.0635270204295
-0.253612153933
-0.149674425682
-0.153776959672
-0.475644984391
0.169106534686
-0.438435856575
1.33826498135
0.110940887767
-1.73135355266
1.63379497242
-0.267086669785
-0.292518172849
-2.00939518287
-0.946481912904
0.268614544894
-0.315435362535
1.05767187504
0.0320294635023
0.402153605058
-0.950164610797
1.4880849244
0.885482555295
-1.07927195713
-0.540253305935
-0.875489375312
0.804605999449
-0.946787431924
0.0481153612476
0.474069675724
0.796782521472
-0.0171198454599
-0.121461359558
0.180737010645
-1.40116169108
0.0709204634851
-0.436681863672
0.0545798302123
0.266036032849
-1.37542064689
1.21454944293
-0.744140175929
2.41598239834
-0.644094901112
-1.65190974976
0.302679311888
-0.16269956129
0.24003767558
0.641826778054
-0.319156233951
1.02595487919
-0.209305290576
0.271445498564
-0.320143388706
0.527420999367
-0.300264626622
-0.486680632234
0.379090109039
1.86524800749
2.22023699639
1.12864286292
-0.429746860828
0.144994235569
0.229262433389
0.0663533557439
-1.15151451161
-0.95284684468
0.369738828122
0.488249417054
0.741834697789
-0.490340593422
-0.0294401285561
-0.372066223326
-0.298063819374
1.86527941842
-1.09998429614
0.185310520996
-0.202784070588
1.15995344579
-1.14438366115
1.54958623887
0.23258539515
-0.959215082615
-1.4038968172
1.12865873069
-2.04682879489
0.286097239935
-0.638431229335
-0.239316825171
-0.322229246163
-1.69628843505
0.750285710938
-0.312973389117
-0.218290180172
1.85880643868
-1.54665785864
-0.505607218207
-0.496219174676
0.809493319133
0.975852181281
-2.15653583376
0.921725311327
0.237995957064
-0.300937942123
-0.644721285985
0.75133527808
-1.44831182602
-0.621875909443
-0.923671809029
-0.172455625281
-0.0995274420389
-0.568544855065
-1.69760198969
-0.446720897469
1.14575472027
0.477600211688
-0.442165451824
-1.290935563
0.365553749876
-0.617927183836
0.0795204501933
0.760893863903
-1.82804972075
-0.0572540187846
-0.227707689439
0.770662385385
1.07180421111
1.01104508594
1.59532737413
-0.427559078566
0.890233149667
0.363913929706
1.75498654047
1.05221896534
-0.638010900473
-0.880591194932
-0.397304183452
-1.06697523645
0.702531253074
-0.720999848951
-0.436158177861
-0.0506896094492
0.418711932107
-1.4755666445
0.883810888475
0.0287929402841
1.101927566
0.122586628538
0.851910967436
-0.717200485399
2.11047158242
-0.517125837393
-1.28108693268
1.14166922947
0.368587780709
-0.923282850692
0.983557957125
0.918154727775
0.176543985789
-0.691768195393
1.34051901738
-0.152158280011
-1.48198173044
-0.35593765153
-0.204508372294
-0.693868904584
0.295755716828
0.238010921219
0.100224778891
-1.10981808238
-0.36340407106
1.05841808079
0.232914821052
0.110094395229
-0.0365455663676
-1.14772067237
0.218059716636
-0.61757669321
-0.483680726071
0.949885176602
-0.251084479934
-2.02752794983
-1.18085005686
2.24746669875
-0.660832148881
1.10752832745
-2.63043758754
0.0337995640497
-0.732534815952
0.28645164028
1.36947009801
0.0138998226158
0.288700017136
-0.957999205238
0.868084397966
1.46679676133
-1.60374243381
1.97838064431
-0.608264518017
0.366802011559
0.506090243872
-0.892222492872
0.682983400575
-1.45065342106
-1.07640619656
0.134084534797
-1.29400222939
-1.0114552716
0.864144919503
0.853726916235
-0.236053582614
1.0648743001
-0.446132628539
-0.959700294349
Score: 1