3
44
10
3
-2.03013444764
0.537888096826
1.86589439401
-0.471618057778
1.18052276879
0.202322827466
-1.02305807191
-1.13756956053
-0.695410032138
0.056666851737
0.302482238637
1.66113482161
1.06588494958
0.665923976978
-0.12108500738
1.2774109102
-0.934189525735
0.964808835512
0.0712508612832
-1.20586213175
-0.32230109948
-0.0404752162366
0.172316715575
-1.3959713988
-1.32301616003
1.64112316645
0.789225588267
-0.526874763762
-2.81662254353
-0.361744245314
-0.0918113056875
-2.19368128314
-1.23907169726
-2.12352747643
0.209457452952
0.440488732502
3.12630006823
0.521351015909
-0.661200829229
0.146245942827
0.217948410391
-0.181849961021
-0.523462362689
0.121877017443
-0.648400457815
1.10801421717
-0.353034712313
0.0553043880964
-0.522919848455
1.62454866601
0.433118787112
1.60621083124
0.260791538215
1.08418798516
-1.48366971996
-0.0574843688003
-0.332392700594
-1.12040224826
-1.06109986568
-0.161052612715
-1.24217560312
-1.80004742615
0.574630680276
1.33586490178
0.81274072796
-0.242068576652
-0.597007641013
0.614514836131
1.04157686788
0.287349926356
0.151939598843
0.364104881297
1.98469084515
1.23749507133
-1.18721616538
0.0171305851879
-0.207991870117
1.3683783791
0.804576770002
-1.78794448654
-1.04873588796
1.01655568191
-0.383996376266
1.00145404242
-1.75162762325
-0.65994736378
-0.426498690958
-0.0650285825814
1.32925587633
1.04847361016
-0.113848859934
0.0172855368631
-0.955174414054
-0.274922049332
2.60655543667
0.738417489687
0.907875877058
-1.89454122475
1.68838362351
0.938586069695
0.892772066422
-0.218521175704
0.0246998388194
0.308420449608
0.00191407982439
-0.481377394778
-0.506526485977
0.161868319326
-0.882522929636
-0.64295294446
-0.0889079832578
0.676089971278
0.0739332204172
0.129620615149
-0.508793401618
-0.687742239242
-0.249339003017
0.559371532339
1.66186564938
2.7950544642
0.557635068461
1.23925196983
0.757506328724
0.132729405784
-0.103470339438
-1.07333356092
0.749208582985
0.841010509741
-1.75238276929
0.139528431441
-0.638968692591
2.13506174552
-0.577514991916
-0.672237505975
1.17720542323
1.01580995025
0.299731947368
-0.271463568503
-1.18136485419
-0.828770828601
0.323960011919
1.189720151
1.25750925723
-0.715014703847
-1.42440731746
-1.04288284626
2.1239983047
0.343809873531
-0.0991990536987
0.811198535049
0.373080475865
-0.541898283639
-0.218586779821
1.01050761972
0.047790777369
1.35976112686
-1.68504704229
-0.650248880964
-0.000631023852
0.661279499564
-2.10547356353
1.28944888947
-0.0558838778291
0.620643064243
0.61435978907
-1.9759981325
-0.143796292332
0.810562324904
0.676972827838
0.0226094024089
1.27392512999
-0.682410185482
0.993842514221
-0.916862242344
2.30905238887
0.993618441723
0.0091235357822
1.40020624252
0.529211644585
-0.475954484234
0.394077017156
-0.471414604999
-1.29441289645
0.976344875519
0.953504628011
0.905790955975
-1.10474377905
-0.00460604597173
0.0254013658191
0.709463226695
-1.74034482031
-0.754141001456
-0.325779139562
-0.118603794518
-0.343111157816
1.57809809899
1.48173922995
-0.626376407385
-1.33684817877
0.258226986304
0.379736731575
0.631642777386
-0.354966153945
1.10480237233
0.369830623963
-0.21446508361
-0.803364491882
-0.632538202889
0.377228297903
0.853805533981
-0.0437161926764
-0.570260465376
0.757888260226
-1.54388506907
0.483489756997
0.272733918217
-1.05628345885
-1.49837436005
-0.973902979752
0.945960014369
0.498658587151
0.279964319846
-1.42751909678
-0.265141473672
0.48252063849
-0.533988320461
-0.275732440048
-1.1831887225
0.799572853589
-0.924673362556
0.294353944868
-0.412686174174
-0.229049748632
0.547711294647
-0.327924914211
-1.01841003246
-0.0514888131503
0.690326177559
-1.21255112945
-1.44540526426
-0.68569242581
-0.894356805738
-1.25580070666
0.911378110379
-1.58476080487
-0.403601384506
-0.394012205363
1.17696687769
0.757478096708
0.976002026773
0.516171046328
0.988298708095
1.25598003271
-0.515598167661
0.275541199212
-0.539904803958
-0.426329116305
1.1243463045
1.10951655696
-1.08843747588
-1.82964025345
0.683284007901
-0.116466596574
-0.401091309969
1.59238302236
-1.13469460617
1.63471410655
0.339118866382
-0.978683910787
1.51321181464
-1.01755254783
-0.167744648028
0.318976610822
1.01530207054
2.45316825464
1.45990222438
1.89375076037
0.0978147727723
-0.356785856116
0.287828067629
1.25924891559
0.0441289364091
0.343196487429
0.0811556479488
-0.324958909124
-0.907460232321
0.740547456223
0.861375658686
0.18909237185
0.933365038295
0.908177317321
-0.0969675981761
1.77361596068
2.28989343367
-2.17146286284
0.895312887566
0.198958896171
0.033466627979
-0.647734445078
-1.77653870959
0.117563710968
2.24028700125
0.956721572267
-0.165583623612
0.621816927775
-0.520373364952
1.36383578748
-0.368842015526
1.58538621073
-0.364976192142
-0.0399647651359
1.11600645784
-0.342183410819
0.815999233835
0.108885210066
-1.36250222393
0.12335294028
0.00523599562671
0.593330942315
-0.648716148181
0.675130702042
-0.56065664565
-1.89197802433
0.527721559868
0.380200269616
2.34589229851
0.285994313107
0.81506688189
-0.490316604652
-0.188027202251
0.466690236761
-0.496560707176
0.893220408511
-0.308772099619
-0.0952274142816
-0.919881110703
1.01767878273
0.53334905625
-0.456066354285
-1.59463696767
-0.224238644952
0.347617481591
-0.172749694391
1.00886750433
-0.677472071038
0.557775021851
-0.267627278476
-0.268417313362
1.32956249917
-0.165987918554
0.138093440828
-0.237928256162
0.684074561681
-1.10424435199
0.927163174988
0.391191780191
-0.0657261048013
0.602940769775
0.114142021792
0.173937790012
-0.186921307639
-0.203355422206
2.29178555221
-0.431110169712
-1.60299426753
1.13632069496
0.4891750297
-0.555593435088
0.5409819839
0.411934029841
-0.418595025692
0.841000359065
-0.348103478496
-1.89387289017
-0.457447149099
0.0703522419668
-0.875926380262
0.134918037237
0.012428341817
-1.03459920104
0.440138165792
-0.658259457546
0.308787768465
-0.590142860396
0.622375381359
0.534733643212
-0.985680441251
-0.88298640793
0.468869353306
0.989444247482
-0.703869574691
-1.41305233904
-0.149842925277
-1.19901001629
-1.02128905293
2.24346052657
0.249577018087
-0.342566236211
-0.919160126061
-1.30495270045
-0.271108910756
-0.124265047022
-0.992317751162
-0.149267710416
0.522888164869
-0.0889006381496
0.843991599059
-1.64081172474
1.54766324669
0.182069785729
-1.41952014331
-0.359044156761
0.277844495606
0.352030701791
-0.430029996082
-1.94848452513
-0.510211741276
0.45074917416
-0.730890468284
1.18732492462
0.390684635159
-0.262559243337
0.44627434006
0.654908911775
-1.12473723488
1.27551961361
-0.112058073439
-0.980999576998
0.798318714008
0.520931255227
0.872863761103
-0.371849901237
-2.27851491002
-0.565635643908
-1.10869962748
-1.20320257676
-1.70257804437
-0.775327988518
0.622238258416
-2.44415247649
0.277258077842
-0.756353618594
0.61951070149
1.41884637811
1.89000938301
-1.42305713807
0.156362036888
-0.349753734506
-0.535938063143
2.38211947559
1.76416437697
-0.240633033041
-0.11597167654
1.04427476074
0.072303017951
2.87895812286
0.770272609229
-0.606751204875
-0.273378086319
0.538783195963
1.2109673795
1.08701113248
-1.34195034416
-1.06336530024
-1.77932203182
1.14497105904
-0.720126726809
2.03742176864
0.130565934563
-0.778087161722
-0.761801562855
-1.2200186411
0.793049744127
-0.811530719641
-0.435520685156
0.124617355346
1.12418133366
-0.224324376745
-0.136940683877
-0.369391879356
2.00848374167
2.06296228682
0.194909399101
Score: 13