3
44
10
3
-0.66928144621
-0.650462671521
-1.39506639823
-0.960360939177
0.0431653286847
-0.658615745159
0.815979681235
0.00263029680868
-1.15284655131
-0.0305044869594
0.980294852059
0.436982072163
0.297450146691
-0.436524345767
0.0780251233021
-0.795971745192
-0.294072617696
0.432750752126
-0.780550140164
0.18384318829
-1.45460930519
0.028953573437
-0.343921928102
0.641056849158
-0.204188886841
-2.00260842381
0.560609233071
-1.04692222033
1.27393758951
0.653889064118
1.49090016232
-2.4491615389
-0.925213261449
-0.797444618717
-0.280017738261
-1.06985990611
2.177894106
-0.58094712243
-0.331802388459
1.68092315764
1.30750234106
-1.35323977658
-0.778684062701
0.60945344264
-0.0989418732409
1.17216656958
-0.984129847309
-2.03976576539
0.297189213957
1.16883391025
1.29655848753
0.300922409884
-0.110318082181
1.30012385457
1.6781397816
-0.913957591685
-2.85538829304
-2.56987415411
-0.642757065906
-0.367153555035
-0.275045110712
-0.603463519275
-0.761857900167
-1.20979332669
-1.0624085177
-0.503614609805
-1.58735622263
-0.0787806552264
0.219426812523
-0.686484216708
-1.47247155485
1.39405698131
1.51134834642
-0.469506079702
-0.430783115533
0.167810590218
-0.621537726428
-0.397421159277
0.106371049166
-0.552256183098
1.85905685023
-0.389756536636
-0.595710124676
0.295400266059
-1.1620685603
-0.687004993454
-0.618346902817
-0.12538749173
-0.412465512984
-0.873198455379
0.807461926697
-0.428566715841
0.867158272268
0.385945489732
0.697809359273
-0.638395934148
0.951189094426
-0.120433247053
-2.20539074559
-0.951320889831
1.03777168708
-0.417940346734
-1.50988175232
-1.43641925176
1.45754263608
-0.35824738467
1.85377701387
0.519511128994
1.47308124782
-1.37622462678
0.039122819426
0.240008688915
1.4433939604
-0.51734069791
0.214322503991
-0.425997087263
1.1130946408
-0.61761642111
1.69043903682
-1.02068452293
-0.631608846645
-0.542801965572
-0.416335496472
0.498747737006
0.778418534647
-0.439743334232
2.38328712556
0.514791092717
-1.32970684181
0.594062038284
-0.120970637606
-0.510672547739
0.331918633474
-0.317319640514
-0.134362258259
-0.613350628542
-1.39781708585
0.556108829429
1.05518890243
1.25294022297
-0.78321101909
0.472212062683
-1.51649217038
0.724906501159
-0.619789161774
-1.02198782833
0.404136713865
0.832229406921
-0.207907649616
0.192226812294
-1.32011180242
0.661018196663
-1.97971445762
0.847136217957
-0.453847618197
1.71251873604
-1.24307160377
-0.425905983328
0.393840073523
1.75390708309
1.18594614607
0.299099996945
0.00189521000322
0.145945388
-0.630964737018
-1.18059025925
-2.09585197376
0.11062601417
0.49883677733
1.20802057121
0.69673148423
1.0745171938
0.0642508261209
-0.0736649881386
2.77937839774
-0.339437525657
0.215842639158
0.594877622799
2.06989743408
1.49240777202
0.0928706790532
1.91833720209
-0.429485347798
0.0790118699208
-2.15169084038
1.1236156038
-0.448351965002
1.94445283501
-0.249454019142
0.634846382146
-1.77450663155
0.84696912074
-1.64091799771
-0.662783285635
1.31088583718
0.141744573121
0.0821377699168
-0.101569608688
-1.0482713096
-0.365259771893
-1.13199700729
-0.769187052865
0.882992445602
-1.58623604547
-1.14496882432
1.0916086642
0.496813811165
0.477990603889
-0.78776454414
0.282453667293
-1.01597475657
-2.03047652924
0.404510161228
0.742244406433
-0.458995633203
-0.642614346141
-1.28405276207
-2.31447623473
0.423706156145
0.632450529392
-1.40655623747
-2.60307796838
-0.374396766804
1.54597206679
-0.46907449835
-1.00280199898
-0.325662207236
-0.832250640581
0.0331558215529
-0.869258283608
-0.577523302714
-0.339353854989
-0.829411941815
0.685911963295
0.161320650501
-1.55204931683
1.47478063657
0.124714480215
-0.804019113237
-0.517896408105
0.317913461295
-0.603177674618
-2.90873976033
0.687214048677
-0.00760107397635
0.464338027368
0.424973772786
0.251754958473
1.02678851385
-0.27895766284
-1.4112271881
-0.755379562615
0.564814511766
-1.28124320224
-0.0144940965354
1.46505458524
0.647467785394
-0.52024689432
0.210522043455
0.423186198929
-0.539930755061
0.121620683632
1.20632419255
-0.130358140762
1.17106110871
-1.17336266178
-2.29323480923
-1.92716812824
-1.34678295371
-0.16129584356
-0.375971522334
-0.294560585269
0.0913732001915
-0.395272641371
-0.0434325519581
-0.36983230943
1.25724113504
-0.0491041160898
-1.5253210544
1.73638086845
-0.451507151444
-0.37155521169
-2.25147418945
-1.24204421506
0.226805311463
-0.402811573729
1.11864996167
0.0827940365497
0.631490568236
-0.793506974549
1.52968962116
0.982013412964
-1.4270316759
-0.476218873737
-0.90424239922
0.417484829525
-1.08065274622
-0.29007086279
0.5191288237
0.922326630163
-0.283763367829
-0.00333218518911
0.0612698268785
-1.50586338181
0.141704426079
-0.410474972381
0.074666300371
0.637415865386
-1.2867819435
1.60337832629
-0.864640702743
2.44618045959
-0.513807891025
-1.52838999888
0.108064212566
-0.0693613267604
-0.0790603134854
0.837403844968
-0.376031069647
0.745697243689
-0.333154753433
0.496846599217
-0.153609571542
0.473794814081
-0.364031872765
-0.329275776537
0.515355621524
1.88817382716
2.26653561563
0.92295291453
-0.110674329144
0.218091704573
0.311394393645
0.0445610014134
-1.20843456586
-1.04745507256
0.39466631579
0.343006880018
0.720560407681
-0.392212171106
0.138559755185
-0.516675115216
-0.497802856334
1.95715722265
-0.906091373906
0.236002248669
-0.279205938152
1.1228679556
-1.23727951714
1.61974714636
0.1946900774
-0.721383970693
-1.18859837164
1.22645892356
-2.21124254648
0.541396434725
-0.366712423874
-0.304779320639
-0.398779289214
-1.42040006716
0.623137185658
-0.308065539392
-0.0334679420334
2.02461153307
-1.37866613275
-0.348956766478
-0.372476280826
0.996170633773
0.826779798876
-2.30030915791
0.974842194915
0.222644704845
-0.293808891937
-0.394014657807
0.517346130254
-1.57978886973
-0.531926883665
-0.864207346499
-0.226190809163
-0.207421287603
-0.784519192579
-1.6930672855
-0.599022830668
1.16490032424
0.389018921505
-0.478295426037
-1.32730851354
0.569728932171
-0.599827854488
0.237361427799
0.658232590862
-1.79558201415
-0.0427098755073
-0.120091330349
0.913165819853
1.28686324572
0.752630858522
1.78739180049
-0.473548470767
1.05248494376
0.35156267636
1.58687095396
1.00872832546
-0.877552351547
-0.859257122661
-0.545057442735
-1.27035488123
0.69020947336
-1.02218780888
-0.362209409274
-0.176233623638
0.408157892209
-1.5824714762
0.882582026688
-0.0657972256946
1.08843070333
0.1347596444
0.989351433802
-0.851347411947
2.23015825485
-0.520336310641
-1.13822303469
1.23637751938
0.449855761537
-0.809925699953
1.13780720659
0.723436622548
0.147384871603
-0.606538634932
1.27441260573
-0.0348599927107
-1.83772194621
-0.273857260572
-0.173864506503
-0.747906548846
0.337185279883
0.0010188122306
0.297680029157
-1.12701062548
-0.326163710501
1.14598648211
0.144915670576
-0.169661101385
-0.0976411780517
-1.18821861079
0.28890233309
-0.703028336121
-0.443442480903
1.29955034805
-0.198442764976
-1.99444968227
-1.23860852448
2.01999319874
-0.513356968001
1.05117538271
-2.57980999559
0.0887530897367
-0.716381078473
-0.0859954055283
1.63900814387
0.0755320629443
0.11931017859
-0.92171420406
0.862242249141
1.82260907825
-1.44564948817
2.04356404537
-0.756550950667
0.505612113331
0.555718022651
-0.944466624178
0.562385071995
-1.54175515005
-1.1242566922
-0.132401335535
-1.1008591146
-1.20012486612
1.2088669412
0.740641749246
-0.0680764006842
0.81734993249
-0.411268536336
-0.68531260554
Score: 1