3
44
10
3
0.969028922211
-0.211259644972
0.157470773316
1.67981000731
-0.367365339439
-0.0734628319561
1.85165185801
1.59296143426
0.83774909588
-0.665620807332
1.07936539082
-1.83682843017
0.182153713667
-1.77997148826
1.04367983412
-0.78255284886
-0.724866930684
-0.663530542631
0.109172607922
-1.00381812333
-0.0557258652788
-1.1423808235
0.126279130312
0.407224673653
-0.134952983075
-1.63750668177
-1.8828493471
-1.12244484626
-0.872464544503
-1.61346359437
-1.52107289555
0.597786457211
-0.995655562523
1.41983388202
-1.01354041496
0.675723448249
-0.0228316723345
0.896554236943
-1.12991584866
-0.929162770953
1.09051976633
1.40957482481
0.271206399243
0.315967702109
-0.23392709454
0.453593269709
-0.159468615881
0.100934645663
1.13895881266
1.82032418324
-1.26409244677
0.393711266421
-0.703246140048
0.505027083965
-0.459866389112
0.559514968605
-0.0980456229859
2.4957317867
-1.22373168665
-1.13337466551
-0.384838421506
-0.658271234683
-0.827255543965
0.750784385584
1.6418062979
-1.43124597264
1.1182131355
0.95956765706
-0.319817003938
-1.38285821676
1.88657650047
0.142703244076
0.265858118709
-1.8091586567
2.04916829839
-0.0497921833594
-0.759459515864
1.46583970559
-0.410587163294
0.381045959502
-0.574120753417
-0.0640726222044
2.06458784397
2.88442511769
-0.640758156904
0.0444135385038
-1.66292262822
1.33852482302
0.33567398491
0.248799432455
0.873565509237
1.27286129769
0.859604548533
1.5448017504
1.22603392426
0.286149491778
-1.81649507511
-1.09581524839
0.0367660309055
0.95059052884
-1.13539204275
-0.224498187662
-1.21695101401
-0.324907258012
-1.40792553812
-0.497978630773
0.269655790669
-0.0248908067517
0.483587301955
-0.0551965594646
-0.0829588969706
-0.241852771519
1.84951667938
-1.27124284411
-0.0189816387062
-1.3966052128
0.594439707278
-0.057222776241
0.097890915635
0.573192494958
0.0433726745839
-1.88803230841
-1.34166568761
1.01140669823
0.0818580153257
1.52219198453
0.173981673178
-1.23410287508
1.27018144727
2.72597874202
1.49167516129
0.855124791212
0.212930494452
-2.35405191632
-2.08392531726
-0.842778611432
-0.0902096996062
0.446202037743
1.50299657051
-0.0721662002224
0.467546230722
-1.60676402451
-0.0266110998598
-0.0496776771066
0.927032358461
1.64945653205
0.246225022164
-0.479331004986
-1.03074249306
-0.867034872652
-1.02645138527
-0.227010065448
0.716906234813
-2.07221035084
-1.25222339868
1.76340360222
-1.25394220392
0.706424127259
-0.184338788424
-0.121743310854
-0.15125374357
1.02799762482
0.808347773542
0.545735727488
1.04914501724
0.197110489646
-0.0346015182611
-0.223972828146
1.20844692486
0.869594606858
-0.17412015841
-0.632993638884
1.17891642126
-0.122996115893
-0.166398406837
-0.301365287781
-0.089263858393
-0.984607396076
2.0755555163
1.19346015197
-0.931032120032
0.212409440631
0.297490917083
0.19381266863
0.1783956501
-1.5311500713
-0.241201413858
-0.164497941017
1.06902283969
0.126367236242
0.262738649673
-0.259560594405
-1.1741716919
-0.352721662663
0.0707726967199
-0.742551040699
0.207355937488
0.0917980998693
-1.55787507519
0.824257525877
-1.5024441434
-0.490769747888
0.195665831242
0.123207480237
1.65588490781
-0.881731831366
-0.080701652449
-1.13931611946
0.717212307811
-0.39545912443
-1.40585614847
-1.53780304738
-1.02937487769
-1.47191187378
-0.340368621527
0.539503923597
-1.51708412399
-0.504007648294
-0.618387082874
1.47579413022
-0.683601609195
0.668854044595
0.48735772773
-2.60640085631
-0.938746548642
-0.512866100978
-0.433118084264
-1.13519110396
-0.295698513703
-0.5910440291
0.102895431983
-0.0901108896793
0.00316053270463
0.861106275118
1.46640226356
0.106364320714
-0.484940954843
-0.127439388972
-1.13420142082
0.717514151474
1.13586788854
-0.0559227479716
0.82178055667
-2.11848746706
0.184661339803
2.97503648245
-0.138056859505
-0.728561736912
-0.829369215789
-0.939915890371
-0.13799177379
0.145247846258
-0.419453595839
-1.18792367331
0.128702191434
1.18481828863
-1.89977459491
-1.32519187709
1.67131471082
-0.914467767665
-0.783972476774
0.269247946727
-0.970567855563
0.906189017173
-0.910449158994
0.501255297134
0.789565967638
-0.559177201222
-0.59236959544
0.599539048229
-1.33522050879
1.65251999351
0.464370944677
0.683999263624
1.69285915853
-1.34561223652
0.421163024042
-0.970889279472
-0.575799025188
-1.11593845908
-0.202008638336
-0.885966527449
0.714212829489
-2.33785602551
-0.88173822652
-0.950806281924
-1.04323468392
-0.0310794652789
0.816973950362
1.02308594623
-0.952866285685
0.13087580156
-1.47055275834
0.370621325578
-1.25374430159
-0.648098202895
0.159693782786
0.866967400532
0.803555222642
1.60162018447
0.383543378285
-0.474587661142
-0.364491699681
0.609451743382
0.117982179234
-0.0903067575387
-1.0116722912
-1.46113767014
-0.443354402082
0.0885348430316
-0.719286347156
0.185793877222
0.345791959321
-2.02674062776
-0.0329101861656
0.836707917247
0.0629700220931
-0.288860235612
-0.579664463111
-0.37912713257
0.544271491665
-0.0444127029132
0.412087537034
0.0324925842036
0.991982843229
0.248940083424
-1.30791548365
1.81373254471
1.21705859143
0.297714575101
0.596516221413
2.34097381423
1.04211428468
-0.0396122482902
0.484478333635
-0.0229007934199
-0.903107366151
-0.603301396287
1.36836926921
1.87713004808
0.0852129837041
-1.02949242813
0.792198803758
0.0158382745671
-0.729734127258
-1.46489618733
0.624235054496
1.11520076308
0.143175021553
0.397569833586
-2.54263590573
-0.358268263041
-1.54994659768
-2.01214046072
1.01785025166
-0.222472665926
-0.180846745548
1.26801306814
0.539216621965
0.944983892727
-1.70269047121
0.179160571343
-0.0205661929966
-0.881707657727
-0.0848695376341
2.25996484187
-0.025921753864
-0.0727805040053
-0.34516871583
0.905024307253
0.465210877714
0.721910547759
-1.30293255192
0.0141712106699
1.90328820177
1.27048669046
0.710722303729
-0.762060830184
-1.56046789624
0.741276227126
-0.652235411801
0.170185731677
-0.23241217529
-0.554469446323
-0.395103450673
-1.85762159335
-0.0394647931759
-0.754312304132
-0.154401191758
-0.0142836957726
0.430838730292
0.922158919291
-0.136418120543
-0.471421744311
0.800714335326
-0.244392743976
-1.27025203016
0.0122845033829
0.0459381564596
0.649437679427
0.597186416887
0.0707145410964
1.76034193646
-0.926969468654
0.99102816127
1.76953127749
0.109064619082
-0.198067635695
0.273488368657
-0.160051753603
-0.862294303035
-0.847245625757
-0.703505517778
-0.600080903807
0.16304990511
0.206024732085
0.51727590975
-1.01162647842
-0.118421766594
0.342477250991
-0.773145996011
-1.38668843523
-1.9033116007
0.137614957763
0.11607922671
1.39974534634
-0.548834203903
1.38395548088
1.37990156424
1.36350059866
0.0567896673262
-1.03928613522
-0.550942937434
0.162160225412
-0.389824776914
0.0211196535436
0.862421144815
-0.262853358303
-0.372349365948
-1.02704928594
0.811002507904
-0.747264019767
0.212826208524
1.12941671495
-2.04212810133
-0.158344315492
1.34590097022
0.317759071479
0.166319973453
1.67700087796
-0.353729560714
-1.1461980083
-0.821094279532
1.11216516619
-1.30037964821
-0.887317884659
0.99231411605
-0.92850802086
1.32579215877
-1.16372056239
-0.0627820447483
0.0123726164309
-0.770270346818
0.355381998406
0.139022217805
-0.595134899604
-0.707129393501
1.67272282141
-0.079460640127
0.657471255977
1.1711173357
-0.0133151792115
1.26370088192
0.0853708411287
0.678126915853
-0.389687931554
-0.972582842992
-1.40955886237
1.79145819064
0.447704912583
0.775934035748
0.326250802029
-0.139089335333
Score: 10