3
44
10
3
1.82085823894
0.284975580119
-0.470374120223
0.357298252462
1.11947960356
-0.722973537591
0.278881329074
0.810804346172
-0.879252046551
-1.4872757022
-1.57251800772
1.59381479751
-0.669026077885
-1.46490651773
-0.694531610812
1.36747344584
0.452990622807
0.541664092001
0.778198938904
-0.3824531853
0.404653045596
-1.32719938997
0.0147914236963
0.0396118791341
0.0570959297415
-0.974054538026
1.32054801497
0.419123142486
-2.123186732
-0.219025377215
-0.323070501576
-0.742280325198
1.47347344671
0.901201218247
0.205185272212
1.40895761921
1.0021235205
-0.215563621231
-0.439697671061
-0.524835958426
-0.49936933238
-0.977006846734
-0.215268789013
-1.92737453945
1.2789763554
-0.180757477706
1.11799603
0.965988432821
0.487376633134
-0.15133440553
-0.83352555287
2.00357165241
2.16498573917
2.0158476757
-1.03309362028
1.56446427604
1.52058384704
1.82652014835
-0.00708881399586
1.87528574705
-0.459602476991
0.999119496367
-0.102176981003
-0.721923935604
-0.463235109719
-0.903742084334
-1.12215420372
-1.58129583098
-0.0841324117019
-0.654694167634
-0.488159257451
-1.78922711823
-1.22134211221
-0.928533960194
-0.461989271148
-0.0667461863248
-1.16416083192
0.812483385617
0.747716495262
-0.728188370211
0.928227945291
1.64300265286
-0.00753637784451
0.0557673152324
-2.60831376006
0.364152079127
-0.12142535458
1.86974122762
0.219244969172
-2.51155186875
0.181244104912
1.89013531427
1.930653937
0.416629980868
-1.02157294496
0.573532095675
-0.247591273716
-0.753588957228
0.345404786441
0.687631329018
0.713657545985
-1.11247605235
-0.586064918622
0.898834371425
0.961644197659
-0.209997943705
0.115747763748
-0.56965337784
1.35296146633
-0.121751662211
0.94186020001
1.22201702687
0.975537516394
-1.2154311773
-0.680609185709
-0.659806092811
0.841346385158
-0.729799749193
1.31967179114
-0.108647359712
-0.909265228482
-0.409455165762
-0.739758038479
0.402454195513
-0.441444236851
-0.0712825229812
1.46413522396
0.143460719222
0.262624145577
2.41640444906
-2.62245165691
1.77868071539
0.322155237272
1.19794530556
-0.591445490277
-0.415411498338
-0.712568094543
0.0792887383256
2.71549198048
0.479235873325
0.984231711287
-0.393973710259
-1.37946912521
-0.28909027497
0.635985359955
-1.88126640376
0.704732664529
0.883916639247
1.14213307379
-0.574647152692
1.1978652117
-0.625380158372
-0.982175636071
1.19475215655
-0.154778200984
0.843117000873
0.863033751269
1.83200544629
0.76906874066
0.670672391914
0.657372566037
1.19685359402
0.394229862334
1.42156252853
1.11395235771
0.13879785634
0.0669563184638
-1.09192063327
0.706869347851
0.595075061153
-1.33739342244
0.555975816925
-1.31372310748
0.221584020562
0.111000872895
-1.27271750532
0.655537774723
0.97356298348
-0.192499808551
0.286135609593
0.222406637386
-0.532179871795
0.0983493299259
0.582603957929
-1.48292186547
0.943900265079
2.2537522506
1.70160075394
0.196988452146
0.311090069013
-1.29938070906
1.2356605278
0.516225755173
0.729224135289
0.852765655365
2.221738828
0.58621995074
-0.773811830721
0.213290498525
-1.19366114876
-1.03280352028
-0.500830861034
-1.38358793296
-1.17459859433
-0.131705689302
-0.457181788448
-0.476983580679
1.28187756173
0.453945407907
0.209715517387
0.398058906971
0.779325839098
-0.435512048588
0.108656968233
-0.0666628466424
-0.130444152449
0.232673692593
1.43397909407
0.0708717500792
1.02200533982
-0.267020805888
0.111706241659
-0.174300255364
0.334173131083
1.75838429275
0.610528114481
1.51060867657
1.56080789147
-0.70421336873
0.895784482231
0.817209106086
0.0606192796162
1.99137451581
1.88408203939
-0.538377905546
-0.831115393107
0.336575000459
1.20625415621
-1.29211303637
0.429140409326
2.05456485976
-0.268695350891
0.232908152992
-0.554477016882
1.15502548875
1.0508682684
-0.279325231257
-1.68859290367
1.13191371432
0.161960446348
-1.82429266279
-0.847105725885
-0.632046000195
-0.21899144207
-0.0534021592404
0.234825623638
1.63212175794
-0.217971996617
-1.71737355252
-0.360121112695
-0.953371009836
-0.0350399849716
-0.985436981795
-0.764356191195
-1.7342691484
0.162540021509
-1.73974046821
2.8095653206
-1.13260110249
1.03735744481
-0.913430673009
0.468436587669
-0.217151573138
-2.11491881716
0.72125046601
-0.528178175379
1.7349569799
-0.520985109968
0.987115647829
0.459898384789
-0.708736034333
0.529921107611
0.702353813514
-1.04033820558
-1.17783232065
0.334192012129
1.26889288832
-1.57073494045
0.238503368383
-0.364526535848
-0.939739195692
-0.989438745144
-0.635855700171
0.814754363855
1.22866086397
1.25371579005
-1.69000620477
-0.0385052668443
0.134210176648
-2.51663715903
0.330465954867
0.932512771728
-0.708497823464
1.36283547727
-0.61103044495
-0.621889752058
-1.83262737259
-0.785187256768
0.202332597825
0.700863031427
0.716203945415
-0.286334868172
-1.35821457275
-1.48488360632
0.115861056574
-2.61680369886
-0.615216318871
0.879851176319
-1.20136325643
0.431863640217
2.04339863614
-1.30323147689
1.3458702896
-0.919677314216
-1.09884258407
0.525703066729
-0.474232948909
-0.222970432696
-1.04149378
0.721524921678
-1.10729916924
-1.26491521233
0.595552364147
0.822428186366
-1.98445842746
1.55840380691
-0.53820319667
0.0601837452579
0.31018745566
0.547402151082
1.42349770551
-0.496657435015
-0.205796417333
1.96035948723
-0.342730104016
-0.812022004782
-0.879021312967
0.701298571331
0.547858083747
-0.5880802171
0.800546626325
0.403053953842
0.592294558803
2.54468279083
0.0655919031212
-0.322931249966
-0.343116659453
-0.125759424199
-0.776848269792
-0.186221598966
0.174685850739
1.32144240554
-1.08053691369
-0.30515933937
1.41510002332
-1.77320958088
-0.274542533316
0.0558927040915
0.888053020903
-0.00129369239353
-0.682390159097
-0.284317317465
-0.591747812732
-0.593530315746
-0.108461329435
1.71642704103
1.38994586395
0.0419742113475
0.653554814187
0.339243780958
-0.549236495444
1.87219342215
-1.03812735843
0.163296965496
0.260771987505
-1.55473894687
-0.615212247485
-0.261622468685
-1.41892555516
0.151919053013
-0.00788953284103
0.860092387288
-0.961591053579
0.757811984757
1.16376324186
-1.06488793511
-0.664583301859
0.462050492688
-0.558605638915
0.284729686568
1.12474698353
-0.283911255036
-1.36068238517
-1.03456813304
0.543352934645
-0.315036795993
-1.78920512937
0.825958360931
-0.00635540757969
-1.45387770085
-1.59320211192
-0.244801721415
-0.133386221024
0.112696641874
1.47700987051
2.24377748584
-0.647554622161
0.952089090434
1.66567903089
-0.624166967645
-1.42686378007
0.497854716002
-0.448609670989
-0.469180241979
2.50252512061
-0.676289626259
0.498959398405
0.177718711834
0.678867923202
0.58375000364
1.05870713763
-0.153549807432
0.848854510182
1.14292326302
0.949273491176
0.925409801459
-2.06417434737
0.907307907072
0.989996226212
0.42751907867
-0.991733289617
1.68858243516
1.84732482631
-1.71224780037
-0.949771002582
-0.447660756578
2.0888941338
0.0439446291419
0.674002439862
0.603355673209
-0.64065038837
0.343938268068
-0.151559725514
-0.812091313626
-0.997984962792
0.48171812951
-0.486135294029
-0.0537237745341
-0.344575151973
0.0997656551406
-0.560855186332
-0.394874091317
-1.05536598445
1.3786623952
-0.535579093619
1.33989101166
-0.680269498377
-1.79277388369
-0.994259306984
0.261957906457
-0.745888733331
0.383450452776
-0.0977654097599
0.336853779265
-1.00261747574
0.21919500556
-0.463336044714
1.0012317988
-0.459971491835
-0.0254847376732
2.12532790026
0.220616543213
1.73401058407
Score: 10