3
44
10
3
-1.9278662016
0.495134078739
1.89752702357
-0.394342020868
1.01546775972
0.155814837834
-1.07994673111
-1.13552970594
-0.61876681155
0.00830188640256
0.251235777104
1.78485108273
1.03396843448
0.519539325984
0.0773448040332
1.36169252391
-1.04006726784
0.929710451664
0.0174120774966
-1.23414369422
-0.505953100517
0.0702340215093
0.0905445419427
-1.32113211785
-1.41844423739
1.61838737117
0.579372590937
-0.474431300134
-2.78216794811
-0.450011140875
-0.0162713336498
-2.13707653531
-1.27423114884
-1.92114614391
0.267586306255
0.360952162803
3.11819964888
0.513384274697
-0.612354328415
0.150782581161
0.336642662316
-0.157852186158
-0.448156701016
0.0802261652515
-0.653604906086
1.12726896241
-0.362905672274
-0.044963977833
-0.533002834575
1.57308545845
0.41285316816
1.45854077548
0.200403901088
1.02704421755
-1.4136734331
-0.103013060037
-0.280631413866
-1.10844964497
-1.0103610025
-0.251608212395
-1.29118958182
-1.83645924672
0.47431724052
1.18250357429
0.795144330064
-0.47975856273
-0.38410852228
0.50427571512
1.01635476643
0.0681703128811
0.179245345942
0.315581659986
1.97763820896
1.40259108617
-1.0738948852
-0.0880087234387
-0.206188843059
1.32116588607
0.722328016849
-1.73018627912
-1.06539132761
1.07568237291
-0.414456151377
1.05005240892
-1.85017961705
-0.568418069949
-0.440022913514
-0.105034262637
1.36032659072
1.06521966788
-0.056550766792
0.0291149074938
-0.747441234462
-0.38353696602
2.73119243249
0.790236039953
0.806662202351
-1.85614797115
1.64538656649
0.821803713479
0.955610267613
-0.332475851952
-0.0965778952984
0.309962441221
-0.0442421584126
-0.423427113665
-0.407994381705
0.195861607423
-0.920361615518
-0.624488113684
-0.0647339816864
0.669563132448
0.0303787852353
0.0386208012019
-0.434176674786
-0.707219210021
-0.158989170317
0.544164169279
1.63220564077
2.68723971175
0.529222901855
1.23182424868
0.748858578158
0.128323730691
-0.0580769678264
-1.02240711264
0.614144236986
0.639153422486
-1.86391400798
0.138600482522
-0.471308035776
2.08422320452
-0.663059526975
-0.702519988909
1.18850226273
1.12227333725
0.367700654713
-0.32623609692
-0.920852786723
-0.780715335593
0.241308284718
1.01462340619
1.22639216523
-0.840529523511
-1.46230259173
-1.18641970753
2.05221341052
0.368995759859
-0.14106811186
0.744074642422
0.411135583039
-0.519898909844
-0.189738831758
1.10084003596
0.122071958792
1.29393117157
-1.6621956594
-0.586928784908
0.0146596637468
0.718019579659
-2.13880920338
1.29926542885
-0.113623158463
0.54027460424
0.667271784051
-1.96230261091
-0.136984535495
0.815003718942
0.640772734885
0.0713447919307
1.24448657009
-0.649101425266
1.0462619863
-0.842412759698
2.39680725811
1.06038636314
-0.0453704363339
1.49622384915
0.519190821727
-0.584340573994
0.378360681697
-0.480792004874
-1.30469762673
0.98106006411
1.06682430934
0.964259420853
-1.07849596818
0.0106062928978
-0.0265226953278
0.728416261418
-1.73611352413
-0.827522859768
-0.279453449961
-0.171149322851
-0.256905452759
1.61482336383
1.56502810859
-0.65003756693
-1.36976071132
0.309697819541
0.22119618652
0.556387482303
-0.471714791161
1.15138942905
0.39616733065
-0.121255147016
-0.870084627249
-0.613251486639
0.514413351061
0.827778787749
-0.168728055704
-0.549004617783
0.690628197941
-1.46328876429
0.33119429631
0.188556036818
-1.24244727988
-1.42356334609
-1.08951417595
0.921782893275
0.35592129327
0.307147954098
-1.39097639139
-0.332145410319
0.561500497764
-0.482758707395
-0.414374902805
-1.18929339245
0.804326574335
-0.820462002001
0.404057037603
-0.273032048209
-0.24934384167
0.532116245142
-0.347887426636
-1.01335712558
0.0532965200295
0.632169242251
-1.23050080873
-1.45955853694
-0.67681579228
-1.0074055335
-1.31806875532
0.846774986861
-1.44916416827
-0.297713018299
-0.382586246888
1.10958740375
0.840468840027
0.966026282783
0.482858459986
0.995491469927
1.21901361301
-0.53580626424
0.19387497276
-0.648972495251
-0.252284636484
1.15274909322
1.19327270714
-1.13672014334
-1.84899926057
0.504902325088
-0.0915592917543
-0.440855004037
1.49480798262
-1.24444229214
1.79341003555
0.183139013766
-1.08911340505
1.35180808956
-0.988914139061
-0.111105156174
0.374129242765
1.13391770536
2.4812627387
1.34609033475
1.91109097002
0.0719450974797
-0.349692945323
0.338275152651
1.27146073358
0.241718626385
0.44691158659
0.112399779209
-0.29059997647
-1.14244172887
0.860274460202
0.941702338638
0.141199899828
0.979150487832
0.855814742161
0.156990137961
1.80582078266
2.34483177233
-2.2667245952
0.988561455305
0.196386161851
0.0157656469143
-0.606246999856
-1.84555330688
0.0775099310634
2.29474250573
0.964454047051
-0.247687789508
0.582906265731
-0.514228176657
1.36948251435
-0.403739021613
1.61316572546
-0.396157502389
0.0181198698853
0.989104166622
-0.384268434746
0.862551039961
0.0807201404527
-1.29263287349
0.160557340855
-0.113691967572
0.699157794485
-0.63727526549
0.623160635444
-0.540989623639
-1.94940139153
0.534905315541
0.507159724344
2.35619858008
0.230289375163
0.888092071652
-0.400668299518
-0.368931851248
0.437156372034
-0.499380569631
0.919449696556
-0.219721287035
-0.0514863055466
-0.88156645169
0.806126122063
0.647528606887
-0.510383854283
-1.54712476301
-0.21396268225
0.29892752626
-0.191565318873
1.09941490187
-0.637867095261
0.646855915327
-0.168741010584
-0.297469166513
1.33049629972
-0.15368300081
0.128839636535
-0.302271552984
0.451172656617
-1.17811798747
0.967305099773
0.308869139767
-0.156143710001
0.614173265893
0.196293521744
0.393250593996
-0.126685138865
-0.216597474779
2.37441203426
-0.435047252814
-1.57949429819
0.958742434709
0.552301615916
-0.514803719432
0.452507235806
0.365287831979
-0.280917528438
0.792144347059
-0.276483602879
-1.93729423669
-0.470368026244
-0.0840685070402
-0.840730995171
0.147919918458
0.00385320464976
-1.05970905948
0.422032705153
-0.710342005087
0.331560310567
-0.744119889681
0.525879675513
0.547284850684
-0.836821590842
-0.863112550021
0.503841996149
1.01945766828
-0.851962609733
-1.54311953259
-0.169468364638
-1.09311970077
-1.06176493159
2.17102433546
0.352481917613
-0.133596066208
-0.796317826236
-1.19966051861
-0.310581922055
-0.182519605733
-0.875869412379
-0.209409400154
0.518958263174
-0.0475528140064
0.917841726396
-1.64728500412
1.48612316243
0.0745833164949
-1.59482434305
-0.394235965405
0.190586065098
0.345991322731
-0.50235570365
-1.78323838837
-0.503232607027
0.338141525786
-0.610097076718
1.24256826469
0.371971675981
-0.499015205135
0.328454412227
0.695209614453
-1.26830178929
1.30320659314
-0.0856245226138
-0.997598876358
0.820231263062
0.642415569467
0.9874057941
-0.225927044247
-2.34141442168
-0.539609051674
-1.01004920198
-1.23151137219
-1.59573376724
-0.85532430528
0.648036530074
-2.50952378697
0.376579160634
-0.674196368292
0.473622880173
1.60121596482
1.77332145773
-1.37075918054
0.0583727492056
-0.322939857475
-0.508969953393
2.34405470437
1.77501604898
-0.227204000957
-0.128883834315
1.05439600726
0.0715548274279
2.95806404525
0.7807316094
-0.696116986004
-0.144338914873
0.646736235136
1.17712106176
1.08137344643
-1.36268411248
-1.01234782894
-1.83737934965
1.13832537715
-0.57923449648
1.93958048768
0.377236258456
-0.784669635154
-0.716588716054
-0.929700672474
0.811785405853
-0.755654298508
-0.381076458042
0.138302190097
1.07472948822
-0.197150725908
-0.207183042906
-0.385020312916
1.89568212172
2.06452106478
0.06414305615
Score: 1