3
44
10
3
0.622528511666
-0.275026151449
-0.247976172404
0.321639965358
-1.30999783346
0.0551265160304
0.953038711226
-0.960809159014
-0.0258029440179
-0.13158904786
-0.213441393509
-0.626863150148
0.0519532271527
0.374584212571
2.09985794688
-0.870949874496
-0.194600929854
-1.70186218449
-1.69353070355
-0.840274105801
1.83769112723
0.864799284819
-0.429169881925
1.94273427314
1.11317830655
-1.04379921706
-0.915126588475
0.195099169683
-1.58801600193
-0.249309252681
0.0564144753432
0.543941575875
1.35744540667
-0.77764720124
0.0444222829455
-0.294586200701
0.105829824349
-1.12034298566
-2.14010774465
1.91778705066
1.24687927736
-2.05860554036
0.629857936825
0.549127548987
0.119395670037
0.077436687985
-0.281071416656
0.11100510906
1.88521125493
0.431559252563
0.0422754909922
-0.926045519713
2.04002979858
-0.669251468605
-2.83067473829
-0.097703213025
-1.24506325622
-0.274453484224
0.327823217365
-1.85660696224
0.243017876512
-0.652375808483
1.20646916912
0.461034317641
0.632206003464
0.87456380882
-0.040038770398
-0.0194861265106
-1.26222382578
-1.04775600795
1.09735279196
-0.611319309585
-0.770861556374
0.0197357144614
-0.427580253529
1.09774380095
-0.62653727094
0.260999085432
-1.14933703323
1.26492691842
-1.0641093629
0.778454367224
0.206041097194
-0.117824175303
-0.231994474939
-1.13451139861
0.147011824269
-0.21311123274
-0.756439033996
0.206825163797
-0.0380331981379
-0.960646160132
-0.451524010249
-0.766255742984
2.53840002578
-0.661814904027
-0.635212770344
-0.712247274491
-1.03129216326
-0.0489030820536
1.18873993444
-1.66878195332
0.719187329908
-0.0830330175334
-2.6908687008
0.706268812807
1.12150588458
-0.904325626911
-0.233036455905
-0.298834863601
0.42943863555
0.641558540065
-0.718696120023
-1.82019229245
0.395413339929
0.386119960043
-0.362503753408
0.806263516908
-1.18469873646
0.625170018757
0.348544107163
-0.578252098654
0.399084753058
-2.14382972024
0.0271287735988
1.27378105236
-1.55631143223
-1.31284278404
-0.990786041686
-1.26085994975
0.280900866913
-1.4684417661
-1.4246222592
0.793155598014
-0.0818748976151
-0.726254011891
-0.17278509639
0.683923016726
-0.153539867089
-0.623955327446
-0.757494224315
-1.20404989068
-1.69246718772
2.97671289604
0.649100186243
0.805223233293
0.640676809338
-0.449004536284
-1.31945553735
-2.00617364625
0.42935329345
-0.481891030225
-0.0984968227063
-0.808801262626
0.699206602892
-0.211543045948
1.89804879836
0.554781834157
0.668268861397
-0.0287109802265
-0.936268650861
-0.504950608683
0.180914725042
0.841625735698
-0.296203902736
-1.48915658064
0.395445924799
-1.03530444213
0.437634899957
-0.637429404393
-1.15027266292
0.487297870786
-1.00334601759
0.52799915086
0.545941225619
-0.105301060963
-0.759631007368
0.138914181298
0.05863378484
1.35102978756
-0.912276191458
1.87742397941
0.634999476389
0.00343881299616
2.62460564017
-0.216526076142
0.114186493836
-1.06758605467
-0.221859243065
1.41066928841
0.0576730743247
-0.273917508841
-0.135247530596
-0.226031619708
0.22669091988
0.0378920828022
0.969645069593
-0.375298039777
0.30043538469
0.651035590519
0.163096096362
-1.36125449931
0.404925785377
-0.247661637684
0.136526843752
0.0573717909882
-0.179371499679
-0.116049163383
-1.40358150711
-0.152718584553
-0.0741809112518
0.586471303509
-0.133147940879
0.113267423708
-0.434625147764
-1.59768851381
0.166845368946
1.68482237645
0.276266252688
0.953550670859
-0.392110325231
-0.455703337651
0.367742753873
-0.539359583397
-0.64065438729
-0.377240988911
-1.76693556581
-2.09106307137
-0.949453968081
-0.737764772508
-1.41041534806
1.70477784153
0.07849507916
0.696036548884
0.726082896992
-1.01716156855
0.2917654918
0.563026848534
-0.244877022199
-0.556316838274
-0.571115281547
-0.369307862879
1.18787909074
1.71942610077
-0.508033892811
-0.458886916799
-0.394822631041
0.0100296804436
-0.274648784114
0.318246170523
-0.980107661963
-1.71177796657
0.381471222713
-0.306166442218
0.882096726644
0.600855184408
0.93833643447
0.704263086041
-1.34062000983
0.654951898335
0.138265453061
1.57520127066
2.19880137381
-1.34465141373
-0.925113785145
0.503631562652
0.0449119447713
-1.21583640902
0.767101987318
-1.17156710789
-2.43440557302
0.569738213553
-0.0517027693189
-0.601127057873
0.548812956815
0.980414936589
-0.622718081765
-2.0839077276
-0.89831319586
0.936368844659
-0.781350392102
-2.2097495142
0.0711305685335
-0.119034287329
0.140471930305
-1.09977768954
0.257534102214
-1.65389860974
0.251219752287
-0.381253759259
0.618848672834
0.479957588506
0.87240763519
-1.10287160504
-0.1321630901
1.18150559592
-0.754977605567
1.16447330725
0.298594485773
0.738284641662
-0.368169187215
-0.434343417725
0.0922953230985
-0.317206836472
-2.54105608336
-1.71006861475
0.289173183458
-1.74989987519
-0.767321075214
1.11181690058
0.542635580828
0.409152310115
2.05396773742
0.24096298994
0.968984886046
-1.25000434226
0.159888509306
2.98843610437
-1.20286149882
0.672917644873
0.0831154496863
-0.489594192223
-0.698668220376
-1.04903268934
1.30134364663
0.77615831957
1.09149200964
0.788134235569
1.83955682828
-0.0173383586647
1.06991646762
0.343566509534
0.577800834069
1.4623396712
-0.379509472017
2.15129972079
-1.053228062
-0.57011570487
-1.23863879305
-0.898011414406
0.63905250964
-0.722953906265
-1.26844746339
0.174696028512
-0.476502969162
-1.33135614736
0.692824264975
0.437111478589
0.576952733156
-0.832789790901
0.664817017693
-2.10502014482
0.120205975321
0.198993017437
-1.24227042158
1.75970114835
-1.24231297387
1.90464589053
0.756191657317
0.0833829244448
-1.9892242217
0.082956979433
-0.264138014836
2.60736746889
-1.4680258604
-0.53208608152
1.24812239606
-1.88831837169
-0.538843890725
-0.378967361914
-0.0832760313945
-1.9158624266
-0.0205096264197
-1.73121002832
-0.285863955733
0.248022666863
-1.26610907911
-0.364005395649
-2.37600781391
0.489433056073
-0.126409616045
0.185971865415
1.23971181467
-0.562809617022
1.70946754983
-0.0770702122224
0.188301896415
0.15739463369
-1.2465233895
-1.60893348058
0.86069756141
-0.0897459016379
0.764906491875
1.28845064261
-0.988319212701
-0.342419589482
0.377668459717
-0.613338053185
2.12130180434
0.71373869043
-0.682356481793
1.4324343324
-0.6138054707
-0.87632328116
-0.612545511817
-0.790367942958
3.10590664956
-0.80155184856
-2.42078136409
0.391597184754
-1.07692502275
0.557190003931
-1.19457021547
-0.996139251485
-0.738898415656
-1.18655663229
0.989422797484
-0.418224637002
0.866106547086
2.23097635343
1.22202180697
0.125342125883
-2.38556532571
0.576881225006
-0.531471362897
0.533404485144
0.0293399480553
0.0906448793243
0.161201017226
1.14157409999
-0.310256874091
0.587798416533
0.0935337167563
-0.789169996562
-1.83935943749
0.662163919603
-0.533872234089
0.911668588082
0.485870307969
0.654857995078
-1.0928022386
-1.47065616091
0.163760045242
-2.50092601784
0.755685894084
-1.92754869609
-0.149636710866
0.202881649814
-1.89979070215
-1.59157648868
-0.699159763052
-0.515637515338
1.09334294311
1.28724452468
0.323172995365
-0.761326617968
-0.288349026869
-0.332466830872
0.0661571993251
-0.96434443087
-0.905691228131
-0.697287820106
-0.0291411608471
1.02882928319
0.232079575077
0.263284516712
-0.861515388673
-0.503039209636
-0.677446747207
-1.66784611507
1.45674359987
-0.953620197719
0.4666882994
-0.243703828838
-0.183598887188
-0.0469924126784
-0.736711447136
1.13276809641
-0.287309149054
-0.0707553890583
-0.493991519418
0.432556024433
1.02903611896
Score: 10