3
44
10
3
0.121221007733
1.51084097748
-0.428778486829
-1.04832704265
-0.493478680037
-1.83938010102
0.0530893796717
0.456041069767
1.49302538361
1.47693359324
-0.881238231868
0.920893259072
-0.117369533794
-0.826443465836
-1.76136850458
-0.0580063694117
-0.369125380466
0.106667389752
-0.91871295175
0.89652010059
-0.316603509368
0.723843592061
0.452445585732
-1.26697284825
0.39367788717
-0.42542985286
0.296433212439
1.22597907348
0.999119901541
0.995469149437
-1.69400850723
0.401024814433
-0.616039309366
-1.97447636593
1.30375271086
-0.393209448025
0.151408525268
0.516911305599
-1.19456675883
-2.30899578405
-0.868576572867
-1.59371263935
0.0154676147166
0.00533365648489
-1.45500670044
0.449310199793
-0.83496901495
-0.926890821043
2.36937661898
-0.884332646984
0.411485550172
0.386417062577
0.330218213898
0.860853213303
-0.92261023597
-0.138643735994
0.944601173099
-0.0192626917426
1.69886502984
0.297595640357
0.859526139387
-0.824161438376
0.562896591664
-1.25147762862
1.33842487576
0.410553969982
-0.276062262068
-0.7198582323
0.209871314775
-0.234832602995
1.00762698249
-1.69329781612
-1.55725933894
-1.29620585593
-0.396748507388
1.97217730549
-0.268515453273
0.00990161415866
0.238572659642
-0.121559259421
-0.597326391953
-0.518259847548
0.665016566044
-0.0797885153223
0.157130319209
0.113330955269
-0.918047226027
0.665523598964
-0.923789858406
-1.87093724396
-0.118162873274
-0.670777284053
-0.108299940575
1.92928030231
0.296156521359
-0.650980007368
0.47684182705
1.52917720724
-0.23744045812
-0.198164342553
-0.332397819829
1.57249695283
-0.332112425674
-1.18997692993
-0.815173228067
0.023265635228
-0.124508694658
-0.53375879365
0.94882304765
1.2615534129
-1.13969106546
-2.79542848071
0.438029791974
-1.15446536163
1.78628892952
0.888953603052
-1.57299829436
-0.9141714689
1.07719498551
-0.0115166159307
0.330290498905
-0.870940732029
-1.81341660754
1.13041957435
0.306272972976
-0.252148786031
0.498476066966
-0.531520156479
-0.872096332058
1.33621500011
1.57456969293
-1.16173361668
1.92269670752
-0.731117815693
-0.563806453207
1.36813392993
1.35804863491
-0.725696780419
-1.65530545077
1.14614888156
-0.736093356115
0.0829050623721
0.860307468632
-0.315652341222
-1.50586171127
-0.867064971982
0.841028383642
-1.70681164886
0.81835343302
1.51338527585
0.719439391197
-0.602535457056
-1.04690541838
2.72061547087
-0.147280160761
1.18025196197
-1.64052469761
-2.31906262406
-1.20985203642
0.173332930752
0.663666816032
0.599938906432
-1.08410988675
-0.317292663289
0.680695339499
0.0301230382035
0.72925866596
-1.17634386836
-0.221439251242
-2.16306822742
-1.86973984876
-0.905473868179
-0.404538182711
-0.0448899345848
-1.20185732054
0.121938115637
-1.20258391156
0.083128919423
1.75145049487
-2.5459143555
-0.786524149657
0.0168849569728
-0.291585390491
0.834187696654
-0.10527726627
1.50004348078
-0.441152446411
0.27486206596
1.2846450793
-0.617368622467
0.558492550474
0.287321270935
1.22573838397
-1.18684224814
-0.310850328295
1.46838832155
1.14789507475
-0.529746442649
-2.01727190723
1.04466263384
-1.14673852001
-0.216816787234
0.118158798349
-0.736847298664
0.0127180657753
-0.657468702139
0.575245911344
1.10461871517
-0.106895517101
0.491391600863
0.522398132569
-0.703737116456
0.0134228945857
-1.16194348284
-1.29226943513
1.6045758017
-0.647009014637
0.844842489573
0.199119752047
-1.16964167636
0.253236619162
0.84817795529
0.399926302682
0.724198234374
0.789921697683
0.404353526393
-0.254268602342
-0.9625919078
0.124332769719
0.390910495349
-0.949197683567
-0.16968037442
-0.531881764105
2.07571927747
1.38094359302
-1.04659305331
-0.861112458465
0.243960991768
0.220215566109
-0.436541165185
1.49335951449
-3.12869762803
0.660180042435
1.204226468
-1.7523348619
0.520666544634
-1.11686166196
-0.156747261986
-1.50411401482
-1.31951254778
-0.0138950097795
-0.381386028695
0.756019171142
-0.0891857269119
0.603523092617
1.02682334207
0.564756851321
-0.468907911216
-0.731409392825
-2.29859577786
1.26348996411
-0.421817446884
0.571147157646
2.64388416468
1.05578431144
0.355560694527
-0.361845195447
-0.0129019646161
0.28145245759
-1.43959902613
0.0492300251194
0.721118668016
-0.540277362566
0.181035691896
-0.788932142554
0.981753573663
0.454661855085
-0.67007016544
0.942200804342
0.188345842416
1.25578599036
0.538483754718
0.28811717576
1.24111866632
0.859829626642
0.113074361368
0.268981777447
0.14909945707
-2.10345405224
0.492797093702
0.904889863239
2.10882896217
0.555459586267
-1.26887912872
-2.31888851697
-0.511428453312
-0.481909445523
-0.19468401383
-0.725622509937
0.908251119631
-2.29056477328
1.061309284
0.625892380551
0.7712564509
0.231922307807
0.429278055187
-0.293268847426
-0.86397299701
0.358329626216
0.997056646993
1.35308685695
0.913139113941
1.31359965397
-0.151927271511
0.141096849582
-0.883642446406
0.16264236754
-0.475683233354
0.945307785644
1.34449576359
0.50775778987
-0.395680709641
-0.364529123513
-1.3329530205
1.17386800484
0.623149280388
0.339109575132
-0.134692784522
1.26915613679
0.920817133052
1.38302972543
0.284208376241
-1.41518508635
-1.25615643085
-0.934902630758
0.0247692452337
-1.31251939178
-0.496254940134
0.890500129521
-0.852167241101
-0.0790700741108
1.42935653286
-0.820716216938
-0.903754536486
-0.707831087936
0.20186335783
-0.754715350849
-0.287972640804
-0.0554285971077
0.220173201197
0.507014986173
-0.473983913461
0.669017566168
-0.578777251535
0.0151144238918
-1.43402771686
-0.080696954653
0.856866191273
-0.474279835172
0.344958610405
1.02935666706
-0.136831828903
-1.82525900794
-1.3124094379
-0.579338087328
2.34955835963
0.156506196064
0.503100737041
-0.797787241616
-0.596130105313
1.02170858834
0.565688451074
0.112810553083
0.142766075562
2.44912827642
0.191343091305
0.125381526533
1.96250278907
2.56516706056
2.92614793606
-1.23588647488
-0.230149253741
-1.78558090857
0.422147005488
0.0936606978948
-0.438609347861
-0.148991438203
-1.25025121393
0.129893871985
-0.0283748869585
-0.256719508189
-0.948396437988
-1.3342554738
1.88815075048
0.557713636779
0.422929717728
0.46099574294
1.10456513748
-0.0684150953733
0.277009375631
-0.359268310853
0.847377220391
0.359153629301
-0.127208976598
-0.315621435751
-0.88443778118
-0.0811774736279
0.441588792062
0.0439979230503
1.29563616271
-1.50525194841
1.48457721226
-0.714784455856
1.72584125632
0.402886946916
-0.605960615118
1.32143559829
0.814341366968
1.18729309696
-1.81958186599
0.652437244398
-0.932369210942
1.11658132095
-0.489970655682
0.228639800585
-1.52207366294
-0.876213109303
0.828897353633
-0.0561250812027
0.0475079289327
-1.36291765861
0.66066246567
-0.438357595039
-1.05023646649
-0.174585775239
-0.16298949344
-0.387258648546
0.404992623081
-0.527069763307
-0.103089594774
-0.136068704937
2.41886331852
-0.862253699536
0.261339855188
-0.150983118705
0.310009789836
0.179793581915
-1.17175196414
-0.119651822971
-1.58701747478
-1.2446394745
-2.70216138692
-0.592339192367
-0.577554662867
1.10342822379
0.162300545258
-0.214631323788
0.788159762893
0.417477474352
0.741515346725
1.31525922805
-0.352182273001
-1.34505297035
-0.309573342067
0.17664941045
0.0646684861112
0.180482258859
0.535465604656
-0.394361407802
-0.941399596223
-0.362517270338
0.595928768094
-1.28765069609
1.28397446098
2.66537036378
2.03157919363
-0.00295207034038
-0.499007937771
-0.208017195175
-1.13215660665
0.340796524747
-0.346674508483
-1.14212949754
Score: 13