3
44
10
3
0.161161378259
1.48331768473
-0.535185419969
-0.945639370902
-0.627659678863
-1.82718315081
0.0575452254302
0.664996998509
1.3549862433
1.39060191817
-0.649497138764
0.831052717046
-0.0813168714637
-0.925747952917
-1.8913375059
0.127377677567
-0.27057154525
0.0419802579726
-0.78125033639
0.742228622184
-0.10805861319
0.820258274858
0.41459109979
-1.15069390802
0.436083245339
-0.341829021734
0.445132218628
1.36919790287
1.03265523249
1.15819220151
-1.55794481167
0.551396990073
-0.554925610186
-2.01627630251
1.25076600268
-0.398156685742
0.112241433883
0.57376951725
-1.20899517976
-2.35106962899
-0.855132474042
-1.66619993178
0.157486112846
-0.0291127596408
-1.22952881041
0.390119911452
-0.96595154887
-0.948203539177
2.49714197991
-0.846054357317
0.544195950231
0.177483430784
0.344292424996
0.805015444497
-1.13344645139
-0.0296109867804
0.780114505922
0.00425144970182
1.61369902237
0.584006094283
0.853677270308
-0.878288250123
0.575326169535
-1.24000076536
1.39157508159
0.539292181806
-0.12174830305
-0.699613972051
0.290454714352
-0.29603057114
1.28752287593
-1.71498586294
-1.51726964984
-1.21833707881
-0.489251428798
1.86036211835
-0.638600803872
0.274052267513
0.237580191465
-0.181920058497
-0.499874875083
-0.42741236073
0.644681159921
-0.148850008286
0.0101546318371
0.268694737942
-1.05231123832
0.998015895579
-0.989889234843
-1.67901789122
-0.23362412704
-0.602844831849
-0.0521661227358
2.00108150351
0.110074448088
-0.86724460318
0.479333816605
1.46166078774
-0.11149678154
-0.303297165628
-0.40047645255
1.56759943537
-0.412845756607
-1.24176252806
-0.845674199788
0.127056558324
0.0736135915307
-0.301365815382
0.942611074668
1.42117779404
-1.4687060703
-2.55855395058
0.467483112721
-0.929922858458
1.70962377878
0.611526331919
-1.70931313567
-0.644083311523
1.12175308927
0.153287324785
0.300530057357
-0.965204805561
-1.75466707252
1.22625148703
0.509796463918
-0.247397499311
0.663541280082
-0.701148476774
-1.10349745063
1.3016549621
1.53065615321
-1.0979740377
1.94657042767
-0.91218813843
-0.665523787601
1.34887405255
1.5824105949
-0.506296488272
-1.77299498432
1.07610141181
-0.814032478706
-0.0485980150208
1.02411343125
-0.307377431734
-1.45916061729
-0.882364914701
1.14575296942
-1.72025576288
0.783630634654
1.52538706379
0.585750474939
-0.590051700172
-0.76160404173
2.8971241409
-0.123340960719
0.996877682101
-1.47966043687
-2.41642610172
-1.1995163593
0.339418690874
0.563802623435
0.342780944473
-1.07045374508
-0.416925557119
0.552635469676
0.351457084369
0.917426315684
-1.01406012568
-0.263023876854
-2.02873661753
-2.0188837379
-0.880254064034
-0.449513239064
-0.189996551478
-1.11190023225
0.116132758248
-1.03749992533
-0.03987884959
1.7627592292
-2.7122814794
-0.671622447174
0.0850307261614
-0.337375304638
0.74845400794
-0.303063548824
1.33541102116
-0.375565716857
0.476990415375
1.15682244275
-0.721647635159
0.434176512103
0.18808912949
1.27070302353
-1.09486075629
-0.441881301214
1.3710126526
1.14087948085
-0.53257132479
-1.9208411993
1.01796183046
-1.01406492476
-0.290279619047
-0.0323972668927
-0.691314907193
0.198306589039
-0.633778064594
0.469189059491
1.07835719796
-0.129157262726
0.731673243838
0.790835544586
-0.634168417161
0.137115359161
-1.06790382003
-1.30314635584
1.55764520456
-0.797922195772
0.802692556844
0.247418297069
-1.00719374544
0.151836800263
0.82874908575
0.166099716342
0.6284271346
0.99817831499
0.395300291252
-0.38566361723
-0.940746997092
0.0361760152629
0.340034029877
-0.735378425524
-0.407390029189
-0.5548327359
2.1286025657
1.38896305112
-0.964431927072
-0.906296863769
0.35644320181
0.219101180927
-0.607768016345
1.4724535206
-2.97982514145
0.65985883991
1.38687839738
-1.64118976769
0.816980188433
-1.15028499235
-0.126720017858
-1.64656031356
-1.12016448106
0.0934597162278
-0.237205224782
0.870092572496
0.0765272949671
0.494311482032
0.77740690982
0.394714788125
-0.661447188953
-0.609238881072
-1.99507066237
1.15077133866
-0.524097486146
0.467406862047
2.54221298429
1.0907486757
0.0711813024997
-0.55568122163
-0.0395089116183
0.379399307158
-1.46186749633
0.0608976445805
0.83696320453
-0.712915752316
0.351237487444
-1.13887247165
1.01850620688
0.454107717796
-0.65231297542
0.868569494678
0.0564685029591
1.24164596961
0.560668818186
0.284671324509
1.35860909936
1.16913673786
0.324406398267
0.269707212476
0.202289946289
-2.03102383175
0.410145956783
0.840546636863
2.3113981935
0.542806236038
-1.29258776936
-2.20245818857
-0.351831252975
-0.605384013813
-0.392506419365
-0.553664355114
1.04632565926
-2.25901383279
1.25479804411
0.578646266707
0.714025439945
0.201461657681
0.557141136613
-0.397116216596
-1.17281214886
0.153801568488
0.826295567892
1.5630277024
0.727182221042
1.14574809333
-0.283624091287
0.0561110405806
-0.847545490876
0.11655639137
-0.553290983327
0.714788965908
1.04837370203
0.488329284512
-0.584669699024
-0.265463150927
-1.09230965663
1.01200365799
0.514154224297
0.452331653712
-0.106673862401
1.43293341711
0.7631708479
1.40569371646
0.336924604146
-1.44882216958
-1.40325353585
-1.11740781934
0.19004571026
-1.42096050118
-0.527409248973
0.807705374216
-0.802015305006
-0.00211422247706
1.34080648186
-0.836935275102
-0.744562956844
-0.510030111223
0.301941479699
-0.713346581392
0.0681002309738
-0.122341536893
0.460155331748
0.588816743941
-0.458085865712
0.697058237488
-0.53611212317
-0.144812173878
-1.30833274073
0.0802709777783
0.753332650534
-0.44103953359
0.430098186073
0.946263036988
-0.296663423171
-1.65871325543
-1.74181054758
-0.528781781582
2.23806717201
0.110015468303
0.532333985582
-0.781956445382
-0.475649076308
0.722648408963
0.506804881682
0.0761655887747
0.124173712903
2.48428958839
0.042226413149
0.166227401596
2.0506639637
2.4523857219
2.96600077434
-1.40775163826
-0.291868515683
-1.64417968842
0.511686067121
0.178207998301
-0.632724724274
-0.0899730418579
-1.11232948089
0.144520547033
0.0542027340886
-0.207653998966
-1.04843191671
-1.25824246528
1.90162560154
0.472278297199
0.406075126654
0.566385321994
1.24790992521
0.0827559605958
0.133366582314
-0.455595218412
0.967410704539
0.519298331716
-0.264318920702
-0.381325414819
-0.929957529
-0.36540918667
0.519233030737
-0.147644379233
1.39523203464
-1.54737848913
1.63086462283
-0.632808363059
1.45821684764
0.45440041184
-0.525059280193
1.15466292043
0.567893317792
1.42458743598
-1.79856389626
0.831607671092
-0.771946308295
1.10692932218
-0.754969882835
0.201596645687
-1.61956301298
-0.861558654918
0.977200694913
-0.130707334464
0.101662832347
-1.4444677015
0.590033346822
-0.867226960317
-1.31401916007
-0.0866573039046
-0.307110426884
-0.418918949629
0.29301319079
-0.465604049192
0.115497572544
-0.15622722427
2.12875621692
-0.82389237409
0.277081627045
-0.31711295818
0.421332427095
0.0102784174202
-1.28791011034
-0.17353279287
-1.88356129427
-1.19360408551
-2.6371926399
-0.779369636113
-0.8848551116
0.818755918588
0.291679053865
-0.188934708688
0.718229362244
0.254375335811
0.832085007844
1.41994748714
-0.267097014213
-1.47742829294
-0.426406016961
0.0400454731528
0.241712696695
0.0694350772934
0.230387980358
-0.108725675675
-0.970996118085
-0.303313137896
0.802092829433
-1.08636109037
1.52222802471
2.56816836372
2.00241137845
0.0670729949839
-0.677201269032
-0.264827717153
-0.959815898454
0.309835662646
-0.142003811856
-1.48810144188
Score: 13