3
44
10
3
-0.464770872701
-0.611765431958
-1.4896723239
-0.818404443716
-0.17691564708
-0.804372427419
0.80709624721
-0.210337505556
-0.999766816793
0.148498469118
1.23186395629
0.528860715196
0.261871701073
-0.456786307725
0.13690713277
-1.03907411739
-0.285631730454
0.375026755869
-0.619662869438
-0.0722664944402
-1.37960156825
-0.144143502632
0.126631029417
0.869563659884
-0.169019120959
-1.74473495062
0.653730912938
-1.08849967681
1.2923877952
0.710955501173
1.39621526103
-2.60559092412
-0.919292372975
-0.612666415178
-0.157839134325
-1.42710668423
1.86347541774
-0.629507622853
-0.0283047394806
1.78041610946
1.40232048154
-1.41647676364
-0.704601263901
0.407124538711
-0.00396538475991
1.2576510187
-1.027129456
-2.11670097316
0.272487863959
1.00908558358
1.1461832926
0.452553643021
-0.128884226972
1.26940400769
1.96812467328
-1.12064439552
-2.97491751305
-2.20641710763
-0.399909748918
-0.208681803834
0.12939715076
-0.472870012302
-1.05893468214
-1.1258975042
-0.730746081222
-0.476085095234
-1.73464323261
0.0104732491014
0.100116928768
-0.588995419895
-1.55366390145
1.43548306957
1.27829863127
-0.541505265949
-0.601500309579
0.243428612885
-0.515698729939
-0.649261841704
0.253212632821
-0.617133918555
1.79277164399
-0.260711213672
-0.419941388069
0.474504290815
-1.12912662391
-0.56844323847
-0.637906702842
0.105701713607
-0.334601438839
-0.862963682985
0.685112739533
-0.447100369545
0.840217419149
0.569756712892
0.545799962279
-0.720960327466
0.761437085038
-0.150054243531
-2.43627211767
-1.05296521257
0.875828785587
-0.601772670742
-1.64428930671
-1.26027396546
1.53606525399
0.205723152909
1.75840614728
0.480165125046
1.21967769455
-1.2760370052
0.167058888797
0.318542525926
1.31049117482
-0.201765044513
0.050246191845
-0.417382469456
1.04258335646
-0.767536387385
1.54269599416
-0.928852138486
-0.810026400363
-0.428020379929
-0.304115776053
0.396879940357
0.961777255113
-0.645676000889
2.06582504911
0.367686730629
-1.2002952133
0.505420299991
-0.191635582623
-0.393737230053
0.102312840123
-0.433439557729
-0.388120261898
-0.63101297942
-1.25339014923
0.608598747343
0.620551849109
1.36978694267
-0.68036991766
0.693820117848
-1.50183334544
0.671293518022
-0.427414006008
-1.05794244099
0.275706491658
1.01490526146
-0.17878345863
0.37910298104
-1.39242308116
0.728117389426
-1.9381790842
0.879374532992
-0.482897115646
1.89964187786
-1.33021629011
-0.327664926898
0.503037225858
1.67672447822
1.41602573448
0.182269848677
-0.0908981757082
0.321827575398
-0.823294252747
-1.14064941818
-2.13885426483
0.198292413179
0.371080042646
1.25290887699
0.820100652752
1.21221190873
0.00211224972563
0.0155051033283
2.70915108647
-0.203983293962
0.204052148272
0.701979400556
2.0730185765
1.45800266738
0.171545152768
1.95251323871
-0.500979453969
0.185291476692
-1.87177973753
1.38047762149
-0.241832986132
2.03439174232
-0.407774487367
0.487949504422
-1.494840065
0.87850990626
-1.43615305518
-0.615020805714
1.45870448668
0.113175413292
0.130666029909
0.139442948598
-1.16099187583
-0.563998856898
-1.21194436598
-0.690772328819
0.91666237264
-1.63588839169
-0.936202286803
0.809595632308
0.549643079262
0.685783266115
-0.935945597185
0.566106307477
-1.08882597691
-2.04056515026
0.349628787742
0.580793670688
-0.238967427632
-0.731257799965
-1.20846867984
-2.46421647702
0.667005904058
0.826039191953
-1.35250240832
-2.45785647565
-0.274985350725
1.59356658185
-0.430808534974
-1.11875832371
-0.265549021386
-1.12174251978
0.321401081923
-0.809825434111
-0.569498595614
-0.433995962803
-0.74025450634
0.665039334688
0.252290491966
-1.91308942796
1.18174192439
0.342644489516
-0.940296713333
-0.356075085285
0.368907051408
-0.626370808492
-2.95946175325
0.803300920562
-0.209219223506
0.21699556714
0.474232840865
0.482124637975
0.808997879955
-0.242279738413
-1.48585851206
-0.865734606944
0.631236593185
-0.919662042751
0.0441213023084
1.572621584
0.603182063619
-0.209055751169
-0.153953980565
0.473063802923
-0.801799557512
0.131867276681
0.91666403378
0.0694401464128
1.19707730144
-0.942957219849
-2.3603815327
-1.68076491353
-1.46256016134
0.000696067661091
-0.405108673739
-0.165300355037
-0.120159912829
-0.57808353557
0.274131628504
-0.377829276656
1.3424666806
-0.0837527985774
-1.51913884866
1.63549974001
-0.447293802111
-0.297870226545
-1.86035905978
-1.11471432114
0.538727628083
-0.38336485981
0.904346624685
0.136471542247
0.523798642782
-0.845312092663
1.3077497643
0.935647922444
-1.31358551751
-0.661436023809
-0.830788230026
0.506728321154
-0.999427108017
-0.147969747595
0.382328104588
0.75929608657
-0.335905899979
-0.0703559185987
-0.136840963696
-1.3003273499
0.251912424259
-0.30380766139
0.220943767029
0.284317355622
-1.35131664176
1.20831840805
-0.929012664897
2.89591249276
-0.701051961172
-1.62110860091
0.1049330587
-0.0232481028043
-0.306681243307
0.800529654048
-0.384866180269
0.728461599857
-0.322270957733
0.244473901738
-0.172104036544
0.534101509815
-0.358066782065
-0.64563273407
0.718840281632
2.15420839273
2.02595946448
1.26509194977
-0.605858198594
0.0462609613649
0.233762298396
0.297154300336
-1.01941177121
-1.23865960463
0.554790543703
0.300239246642
0.584441568818
-0.614336049928
0.216260749465
-0.325367118997
-0.179216551988
2.00999445303
-1.02937582962
0.27551154952
-0.187155439895
1.21421716961
-1.34309688506
1.35847034251
0.269598957409
-0.801161763188
-1.11471746234
1.22006968148
-1.9702169311
0.620114111878
-0.64282539376
-0.130810885685
-0.496246867781
-1.54544604417
0.653555933142
-0.160204191055
-0.00129868623801
2.18033162982
-1.3970680974
-0.359240422616
-0.561245951862
1.01647205857
0.86686417908
-2.17868919885
1.17211054334
0.26997278204
-0.341969882233
-0.503389164845
0.531688301453
-1.43449604101
-0.512161544405
-0.90233174863
-0.160224709112
-0.319734571952
-0.792889827405
-1.73901621318
-0.73106160301
1.17992619797
0.484022875094
-0.791906616644
-1.03122118111
0.318430411749
-0.635167612521
0.268686950199
0.685770218528
-1.62608865545
0.253164627716
-0.277280260378
0.759695327401
1.36475430284
0.945747726773
1.96533874787
-0.454736555267
0.933941058475
-0.0161736445733
1.82019947785
0.961198797421
-0.970312063906
-0.660177508654
-0.409096131489
-1.06549217503
0.729276368698
-0.717937001014
-0.461929001303
-0.196796784673
0.451629750355
-1.59087202658
1.04377147766
0.163202892571
1.17275652461
-0.125078975984
0.875209799102
-0.832874387145
2.11979619484
-0.544812051559
-1.27463396257
1.28840004797
0.107206997541
-0.840484748941
1.04065732441
0.97966964741
-0.0762083217228
-1.03002666165
1.17321246058
0.122025942475
-1.8252566682
-0.562731133079
0.0489758967061
-0.817654257372
0.196370571219
0.0926457852397
0.0306134441108
-1.02698024597
-0.198003155863
1.09973938532
0.0440283654255
0.0485349075722
0.0514256805403
-1.21754968083
0.213750123992
-0.379261673037
-0.569277487485
1.17397771427
-0.305378486374
-2.28782006306
-1.39619755095
2.09662442766
-0.628369813161
1.02956976781
-2.56979751359
0.0901627190663
-0.919984681473
0.0952776547395
1.42973116434
-0.22009516847
0.451664937553
-0.95785820657
0.807623019421
1.72694169302
-1.33990743438
1.93698326148
-0.663047300007
0.321312718701
0.754737383421
-0.796116145617
0.558522373431
-1.48754431038
-1.12286099656
-0.155128276011
-0.942758670114
-1.17418568785
1.18755025819
0.720219243497
0.00528388440148
1.0405546367
-0.4782295868
-0.856610603691
Score: 21