3
44
10
3
0.443380449753
0.101964211587
-0.716998542473
0.293975130703
0.282668514029
1.07510740452
1.16967092963
-1.30277015685
0.796885193015
0.224699999698
0.243154411281
-0.147193096621
-0.945869398534
-0.0857206389348
-0.757581987026
2.79731665157
0.980496944041
-2.31659025878
-1.82878446415
-0.711663050967
2.26442554298
0.814390642078
0.410338675296
-0.307228535261
-0.417402435319
1.02920216515
-1.03669074397
1.65193744905
-0.625391086284
0.633388374074
-1.83953307091
-1.77912601296
1.03165214866
0.832856064357
-0.757517913049
0.553377417406
0.468881662152
-0.367444778142
0.705333191697
1.43503482363
-0.643351646283
-1.23188852696
-0.000900882720072
-1.46355916607
1.51990221161
-1.62140403111
-0.126994404273
0.184230570841
1.83269952764
2.01300165379
-0.168170044901
0.504155669763
1.12955790928
-0.718758345351
0.17583162259
3.07333165298
-0.819906303529
-0.30513088662
-0.748172084391
-0.697839726628
-0.877822618903
-0.254374055476
0.455570144579
-0.414831270499
-1.20419817388
0.389264114988
1.44627536889
1.14076781828
-1.26600512977
0.514417696818
0.870182595444
-2.42788897755
0.771634485069
0.912841429439
-0.553788873221
-0.602146075931
0.384185757518
1.38916937736
0.680321632555
-1.25392229717
0.024869846671
-1.75346225318
0.141485520175
-0.352731665861
0.516549247133
1.01423290411
-0.946384291841
0.742567364172
1.44842870487
1.34037166051
-0.429754398596
2.2024607527
0.348538588357
-0.526515461338
-1.03968073944
-0.760305558244
0.0391193499648
0.265898298421
0.0294428504592
0.444260781055
0.906192923527
-1.10390328356
-0.609434422778
-0.219054306052
-0.378468604436
2.03865758754
-0.184467308115
1.38715515125
-0.367040737615
0.102709633407
0.901579485934
-0.153434612709
-0.309119026169
1.84377021314
0.529909499987
-0.577454622797
-0.944708490205
0.823084550578
1.32464339481
-2.09500454654
-2.39163057099
0.84358190487
0.559784768866
-0.369272244474
0.522793369345
-0.348521750814
-0.235701479226
-1.26261651361
2.07110587909
1.23260430476
0.291982588332
-0.165465328494
0.284979299401
1.05095429408
-1.84243355845
0.53634320083
1.39073261358
1.15214712053
0.816313151596
0.37322465804
0.651416246571
0.838810312211
0.569778766584
-0.351219717281
0.56378621318
-0.726286318774
-0.48020769654
1.15132261997
0.947915664576
0.887993771144
0.842711166914
0.801169922873
-0.259237986589
1.03604323847
-0.514628115634
-1.24317875274
1.47685595961
-1.32549479731
-0.801504802494
-0.765976423496
0.358583116511
-0.605008960475
-1.10579715531
-0.937353650241
0.302219080085
0.395893095822
0.855187120444
1.44694582837
-0.496325002475
-0.821714253115
-0.57905920795
0.383578354512
0.763098556204
-0.187854526975
-0.599757483052
1.70760867936
0.225177670257
0.982111123461
-0.630646041242
-0.0919827163098
0.539197859576
-0.421605650061
-0.716930235488
1.44006469361
0.177144520157
-0.242433093642
-0.694844114541
0.281288914954
1.83069464303
-1.42234937675
-0.776751501868
-0.0923766486189
1.3103970879
-0.0375249344685
-0.507107693199
-0.745196130022
0.921001546638
-0.845392683107
0.996254922036
1.03169828033
0.60225559895
-1.1900962497
-0.51192937097
-0.756054527044
0.394776692728
0.63951336966
1.20243396787
-0.0206378859663
0.075453643607
-1.71116186506
1.46100935345
0.419361276255
0.333006955854
0.121740550479
-0.623199039038
1.4933449276
-1.75505709578
0.577330508431
0.923171062182
-1.52963087735
-1.17320168722
1.15985173445
0.837276573008
1.1746958738
0.191503347804
-1.38339547785
-0.312533700707
1.34654343898
-0.370655937366
-0.833077099351
0.640586989415
0.345318925594
-1.41248847458
-0.62519531231
-0.612987049096
-0.042336582653
-1.33859030388
-0.893089093093
0.97873426236
-0.154423773615
0.745470673555
-2.00915780408
-0.0487092298583
-1.29438926581
1.88011665146
0.422342498603
0.278206071226
0.246869351122
-2.70569152948
0.189794199887
0.27841135531
1.00128346957
0.0708747806746
0.279765943296
2.33122369303
1.40181173151
2.00907870274
1.37244299054
-0.181337759557
1.11534570092
0.652366272514
-0.815680522149
-1.52300804922
0.325529360693
1.1190334674
0.292087430256
0.712475700994
-0.310909616193
-0.0912998727356
-1.17821321906
1.05864503042
0.404918258515
1.14216241466
0.525487282385
0.188149155357
-0.112428103854
-0.151479230588
2.30752755537
-0.189525141864
-0.386365430952
-1.98840722397
0.0454404999969
0.218122414244
1.09338340426
1.40628959349
-0.930035247866
-0.372612259782
-1.4611276318
0.520097118833
0.648734030449
-2.1133815795
1.25260308816
-1.06137692022
1.17467393836
-0.597105355719
0.81189594835
1.20364567511
0.411748158251
0.450633326758
1.33502915328
-0.649756396759
-3.55303358115
-0.175562383599
0.26823151348
-0.552510173556
2.40040159329
-0.056028113802
-0.346138303002
-0.777733220672
-0.56410436121
-1.19913730363
0.3158893333
0.260875858833
-0.881038123448
0.208991483396
-0.387658550942
1.47396024791
-0.490838394516
-0.131419241018
-0.496715186695
-2.26395423514
-0.747606573402
0.938145791647
0.586823775816
1.24469357561
0.0191124406242
-0.686678165494
-0.885849242348
-1.98992273103
-0.294531156436
1.27811685156
-1.41036996721
1.01031620416
-0.847067329451
-0.206748801004
0.897209193294
-1.46429036036
0.724811933581
0.539220112808
0.379990325897
1.39031365935
0.0011818638362
-0.413122719534
-0.329796822352
0.804027895953
0.434477673701
-0.596727126039
-1.17550283073
0.395685378806
-0.116872508234
0.177607983053
1.28911153077
-0.242646307666
0.991653466178
1.3461622972
-1.65504243384
0.423855934099
-0.459755540285
-2.22283057416
-1.03821207327
-0.461556645866
0.928094801806
-1.70315932098
-0.173312520678
0.576318884213
0.163154374128
-1.45722447481
0.514576644342
-0.771224246036
1.57033599191
-0.0729884096972
-1.38327269051
-0.71658738371
-1.80119056652
-1.03527670933
1.15274186886
-0.927073600039
-2.24108296433
1.04137886503
0.104641946687
-0.851918048354
0.337529161016
-0.0262975224569
1.45795247537
-0.468402086202
0.580798167981
-1.3768238591
-2.11053497003
2.1365937732
-0.0862461879156
2.06605981319
0.663405561422
-1.69276147193
-0.196987662799
-0.0460978668384
1.20106972031
-0.394418355754
-1.60092336574
0.927297740441
-0.16610815067
-0.531244047827
0.143555662185
0.39442921185
-0.58863789423
-0.566340342571
0.729736659507
2.04512078833
0.806244999416
-0.751185880232
0.237583083239
0.241876449137
-1.01037897257
-0.942573387056
1.30671611291
-0.192390839072
0.113142295666
1.36232079076
-0.975940291067
0.781613247059
-1.6463628237
0.76730379067
-0.0319247713419
1.86316474953
-0.335342179568
0.291783473652
-0.276170329725
-1.36480658431
-1.34447111544
-0.226688696333
1.39000605703
-0.680752618298
-0.377962513931
-0.261268177872
-0.294088640824
0.625278856586
-0.589337317035
0.0367350081974
-0.820859573585
1.53060556614
-0.998984534617
-0.447319179059
-0.598136340773
2.41485983154
1.04416045087
-0.949476342245
-0.271650771716
-0.657642030607
0.429675843621
-1.90591971504
-0.677661569116
0.239206528181
0.217411606723
-0.512116499256
-0.14092473532
0.829989801583
-2.05574683829
1.08980817769
-1.19649048822
-0.240810758698
0.419830806667
1.04065104184
-0.949970496752
-0.927667622374
0.232863553725
-0.0404597306279
1.70812051246
0.282359648311
-0.602239670799
-0.787737244873
-2.21092511995
-0.442912110163
-0.504695584612
-1.26599086776
-0.52613912733
0.764801630916
0.567863472345
1.59807472203
-1.25587541877
1.63682598369
-0.287866169516
1.88459084296
0.966332245859
0.573698631306
Score: 13