3
44
10
3
0.0820917626357
1.67228035337
-0.40755378134
-1.08451411344
-0.310884861225
-1.69137097217
0.00282557768594
0.577490365729
1.4748861808
1.52498889203
-0.914782146498
0.477966880205
-0.109401776457
-0.828290434439
-2.02745483254
0.201636561326
-0.263369422938
-0.013639924148
-1.1618206588
0.669321389107
-0.259074214669
0.716973239258
0.568289558579
-0.992060766133
0.409737890025
-0.16324261591
0.420063423891
1.33643652077
0.956590450558
0.91740711844
-1.82088969647
0.466500686928
-0.700653576308
-2.01065795764
1.27705101989
-0.271364836607
0.22781768634
0.68957935766
-1.10430085005
-2.27341075832
-0.936872043022
-1.59171114487
0.0711791316231
0.0607444276845
-1.33197840526
0.368380509884
-0.984995551012
-0.812660709857
2.63653722327
-0.844121965677
0.652058127448
0.19018296802
0.455794642359
0.504337722986
-0.910709994388
-0.153228766408
1.03814668931
0.0395886780257
1.45876683858
0.275034506659
0.887840321138
-0.869571491908
0.872233749174
-1.02804875246
1.34748968513
0.30747776452
0.102474079621
-0.854402147417
0.263877108733
-0.450779544648
1.23961823631
-1.77836725568
-1.18313563365
-1.22570637961
-0.299363000262
2.15218688859
-0.701220035937
0.117523459647
0.492506560761
-0.253139349378
-0.561619491829
-0.452891822121
0.759780896035
-0.096088781659
0.196064640171
0.298091586788
-0.917576040551
0.672452335498
-1.10833158692
-1.82423619938
-0.13275820112
-0.827002392011
-0.024713925564
2.08986760326
0.200288329989
-0.860039590866
0.515791287876
1.57008806645
-0.218277179676
-0.414469855711
-0.338906442398
1.44051480316
-0.208780063546
-1.31639681051
-0.744258664515
0.0131976841578
-0.248757708318
-0.105105568156
0.764433072316
1.3128273353
-1.41757804864
-2.82015945617
0.298137611751
-1.03187621327
1.61863310145
1.03349247934
-1.81779595905
-0.912920911222
1.10853435646
0.172825385495
0.537196604611
-0.631745721313
-1.66143279632
1.29002142616
0.422812856161
-0.144297782227
0.569930509882
-0.64178938599
-0.998397553679
1.41241947862
1.45277079349
-1.02090137942
1.88186928784
-0.739954113114
-0.439724368557
1.36566528787
1.36499892946
-0.614478773949
-1.51258044775
1.07408817483
-0.722463910366
-0.327453144151
0.946292320054
-0.294423166253
-1.35814467451
-1.00990331881
0.851478223876
-1.79501342171
0.723361050657
1.50718568477
0.821711464189
-0.637750884442
-0.936659654659
2.85022182294
-0.205103338056
0.896343122918
-1.71734422627
-2.2600945712
-1.24271147149
0.0171527470428
0.698964773042
0.631828786016
-0.906950160949
-0.149653005139
0.504163729043
0.250509219505
0.691372857052
-1.06820849843
-0.321642367907
-2.25319756122
-2.05983448746
-1.07904998024
-0.432943835885
-0.00248043823493
-1.28204318191
0.118644204926
-1.01471757882
0.289952078132
1.94436537755
-2.68434402192
-0.752256911434
-0.00239619206351
-0.195256352777
0.763468644702
-0.235503651749
1.42046944256
-0.242022674561
0.504592329773
1.38981141369
-0.730474255661
0.649499707179
-0.0677223550789
1.27848897361
-0.930008186965
-0.290763595053
1.41258189663
1.27830499386
-0.611068532049
-1.84458450757
1.27527102911
-0.960112588738
-0.232539627345
-0.0602386309589
-1.24684327859
0.235418603098
-0.578252292685
0.586375532284
1.11832571149
-0.144861417281
0.811647712888
0.680242266962
-0.577367834927
0.290924226082
-0.96809099453
-1.32794157584
1.56056962088
-0.704382925753
0.744520281694
0.420839573748
-0.91753728437
0.177404149599
0.833415349854
0.347472038923
0.645128870433
0.758734786385
0.28229956599
-0.613296798797
-0.82885065026
-0.0458280876532
0.452652382842
-0.714742195669
-0.199697369764
-0.392169065462
1.98067363449
1.54671744949
-1.03336447747
-1.04856490829
0.397911583218
0.175200205514
-0.613130712124
1.41696543388
-3.01667922631
0.713967809195
1.39664446266
-1.55699047561
0.425111920941
-0.929127533105
-0.287038999747
-1.88590571053
-1.05565335878
0.1624603395
-0.356454620918
0.729247185282
0.178284456205
0.459594382092
0.91402579098
0.467508398242
-0.247915841894
-0.838848803301
-2.11449514497
1.37567933472
-0.429461630597
0.719427299098
2.37908047396
1.11423231207
0.173950881333
-0.571912278374
0.103900858188
0.164017526824
-1.46704749063
-0.0819639566502
0.988824714076
-0.830661918029
-0.0549314420415
-1.02773102029
0.953657216418
0.256831627092
-0.713115255136
0.741765299175
0.240882705407
0.987768120024
0.663443338056
0.262329537775
1.41857435041
0.916704999328
0.15714930785
0.470202225584
0.215843974899
-1.93541455158
0.311170235809
1.02188761036
2.40496593399
0.708926259201
-1.29642091648
-2.4029732676
-0.360346557519
-0.728483304286
-0.460922941036
-0.68348417757
0.998570495612
-2.04218856769
0.914620940171
0.55722300265
0.776379797673
0.206735463913
0.612511941433
-0.268014030718
-0.948300801326
-0.0158136318909
0.999838949271
1.51345186127
0.994550826996
1.38902334129
-0.272663851611
0.0847386170454
-0.917928261695
-0.0753615677111
-0.354538776969
0.775631067797
1.14144987675
0.56048361559
-0.39127526614
-0.394801136402
-1.30854209682
1.08213246442
0.731137854852
0.610122003889
-0.164881107513
1.16230395385
1.07911008212
1.32885459606
0.0390300106028
-1.29719668156
-1.35759968628
-1.06375037632
0.0295607284012
-1.20835444229
-0.355464035602
0.741535378422
-0.826629162114
0.0855433366213
1.30782312863
-0.873160674569
-0.790592509085
-0.478594326631
0.369355145843
-0.696079718018
-0.0336143562602
-0.316543485026
0.206272019331
0.473669946339
-0.449425847613
0.632031008635
-0.449802662234
-0.193799066919
-1.38984907034
0.0481122665039
0.83967188104
-0.252018301217
0.622043353072
1.10804541815
-0.0903399035575
-1.56559949741
-1.54885123815
-0.275837996583
2.38379887512
0.000600181735749
0.632319104402
-0.743478591121
-0.614197887205
0.931219986253
0.68070627062
-0.0949365576066
0.255973786251
2.61324405509
0.075910940026
0.0779287486924
1.92972971362
2.51123457214
2.89681604923
-1.01589812544
-0.18158196444
-2.00134066882
0.436645677187
0.244998842729
-0.562680086615
-0.149569979232
-1.17641147465
0.156732967588
-0.135403859696
-0.322626377338
-1.03172450469
-1.5206010678
2.11194550166
0.557288534554
0.391615437828
0.454559380613
0.976188645589
-0.0192912922016
0.274422233692
-0.133673983948
0.83846909015
0.477268468636
-0.162305541262
-0.426286653904
-0.923176737463
-0.386470977694
0.64634959682
-0.263863809305
1.38524414714
-1.4310690197
1.52682951237
-0.829794075505
1.29440036186
0.270154405864
-0.568523852329
1.31391673489
0.642145043475
1.13167613221
-1.7200132626
0.633112339916
-1.05967643422
1.11756793732
-0.713811608153
0.0246020216275
-1.65985350319
-0.745904383667
0.671245745177
0.0201339228786
-0.0998967235012
-1.48898873938
0.700830806357
-0.757037407603
-1.09029268139
-0.259324349793
-0.266636562363
-0.328247240123
0.204617692154
-0.378192617903
0.0117070489835
0.0338499665617
2.18996720822
-0.837194623342
0.292086166237
-0.200750544015
0.35084719081
0.164363262349
-1.25219027807
-0.0893343601812
-1.67276403298
-1.00719467006
-2.78398118668
-0.788272800128
-0.609391217715
0.989498980842
0.0514555608048
-0.151471392409
0.751548540262
0.303954221613
1.0562697739
1.5465880709
-0.013095953294
-1.73701767601
-0.404560403271
0.0655823874002
-0.294442930685
0.274989570484
0.224774928947
-0.398858326216
-0.7322930107
-0.419405077988
0.916313726469
-1.14179130589
1.24639570422
2.37377365022
2.01226119453
-0.0487499929565
-0.557752516174
-0.235492998409
-1.12065386735
0.345847927089
-0.310796522532
-1.62537155218
Score: 1