3
44
10
3
-0.185006489264
2.44734223745
0.345503250317
-0.787944246062
-0.177608942578
-0.184247355199
1.52682846194
-0.614966421213
0.519170867007
0.989909359956
0.210487565778
0.627200816413
0.540561220627
-0.359881250035
0.0616747760588
-0.672228817731
0.280181877479
-1.08665834456
0.895086823921
1.4517880804
1.51944195181
-0.0972174463015
0.195638334456
1.29771140777
2.27217541879
0.278646328729
-1.69277975509
-0.69385066456
-2.95832150273
0.72120940562
-0.502595910496
0.601963082003
-0.347651240569
-1.30138112526
0.0918205485172
-0.126597380384
-0.866170710152
0.259171761908
-0.266646630378
-0.858754100886
0.252657400158
0.426868091383
-1.2962306306
0.595789903347
0.74923663279
0.683665435676
1.20845179715
-0.875607249921
0.0548728676061
-0.267251611624
0.735142078773
-0.622151795902
1.61940417492
-1.37641844969
-0.535067337001
1.23298630294
0.260556347165
-2.13210135944
-0.463637462613
-0.0238743778675
0.286940401122
0.340146759206
0.632799285283
0.0227573887498
1.40625953779
-0.484969639837
-0.0607136208712
1.17443167037
-1.00349895354
0.394761164064
-0.437292218032
0.0606948542973
1.46652105092
-1.38185983635
-0.522736189885
0.319292645415
-0.254009493895
0.910586941417
0.802280474711
0.799088299132
1.24308555685
-1.36007940205
-0.201391189559
0.278415720193
0.406020372609
-0.322058311702
0.43216094231
1.13649441033
-1.50491681556
-1.8795095361
-0.632011691389
-1.33414869288
-0.537044953379
0.946350574964
-1.40705438167
2.4781192729
0.162031622036
-0.434403035621
-1.31753743317
1.05886621257
-1.18418516724
-1.50550222586
0.183504250385
1.64207178798
-1.33724203795
-1.74686678882
-0.0605187216586
0.829024711401
-1.04689302229
0.00560831489042
-1.80214921674
1.56895356114
-0.189920331055
0.172891205553
0.322982885406
-0.558565727195
1.54403956031
0.687395215348
0.83887803317
0.748888197798
0.126616817181
0.105250713567
0.527387368671
1.12224368928
1.42524217425
0.272511618131
2.21660725502
0.277750928233
0.336628640537
-0.864010522072
0.448609508694
-0.632396982246
-1.73892507929
0.564323985181
-0.202677255618
-0.346393014176
0.175303653378
-1.09431190324
-0.932605622553
1.3823867877
-0.648642898485
-0.195017704683
-0.602606711976
0.94627948668
2.11015419098
1.17440145214
-0.209648966919
-1.14195589045
0.288797507386
-1.9447691584
1.24697647478
0.564127698292
0.958958887159
0.99112447203
-0.241277938711
-0.0135647235096
0.99808322666
-1.06612646027
2.55052627229
1.48232895429
0.376101280625
0.0873731355155
-0.802219361748
-0.824214546742
-0.925988193753
-0.469133784652
2.12391238132
-0.00469104442494
-1.30660554233
0.240408456695
-2.46107886013
-1.8574985424
0.826534126281
0.56538814804
-1.12289106302
0.664495410864
-1.08195990575
-1.41449066227
0.294572009089
-1.25625890516
-0.703077161641
2.88388321818
0.531713512421
0.548875129443
-0.464196179711
-0.415873587892
-0.232222186704
-1.40364994204
-1.01020866977
0.471448187883
-1.39936958483
0.859055828319
-0.70533799598
1.88131327649
0.33529159817
1.13838700735
0.00757898447769
0.497217195428
1.43683287177
-0.82710757635
0.0535915383537
1.5981018035
-1.67099927711
1.61676439794
-0.738857429133
0.789808342242
-0.400402509493
0.347377155128
1.90240837635
-0.226708894308
1.47271182519
-0.299220914918
-1.41941556548
-0.0755721737026
0.737858591488
0.167056371313
1.70606620502
0.424373583769
-0.705496988131
0.272399786112
-0.0254337140213
-0.0710506528923
0.981952793606
-1.17466291588
-1.24618464974
1.68141534938
-0.684373707081
-0.0803127109156
2.2390638113
-1.15536007073
-0.583532404302
-0.110048535258
0.218657447322
-0.317550982513
-0.0446524643657
0.697823047105
-0.980071080164
0.795029625881
-0.0639340700343
-0.525699579637
1.04507760227
-0.404528257614
0.383083436928
-2.27805260963
0.916079670559
0.302327047256
-1.59828969276
-0.617430974667
-1.51465463191
2.06905458708
-0.0079198635691
-1.41496486532
-0.596786419648
1.74740676167
-1.91965888492
-0.0346831177594
1.0318355984
0.625305003738
-0.242186352193
-0.632120369619
0.23225396744
0.188053761531
0.131699385138
-0.782729281468
1.48791235205
1.05157367963
0.0702149477603
-0.972853997459
1.32481086574
1.35578463063
0.309426475212
-0.0838624179034
0.625558924475
-1.91288405543
0.153196148117
1.63330113951
1.25824942401
-0.139116323375
-1.70667412049
0.807043737455
0.0665930642224
-0.925913330008
0.669835450763
1.2924984528
0.581266977177
0.928608926825
-0.357405487764
0.805024154034
0.759273628053
-0.611578143617
1.15106069246
0.137582191554
-1.62857603236
1.72852471413
-1.05511155058
1.2258316329
1.40860889195
0.969979064315
-0.0913105697953
1.07997308004
0.952613018918
0.388381895123
0.220284853003
0.0576937385002
-0.629304387466
0.920784851021
-0.690291296062
-0.0252247836987
0.0128389226832
0.899321035017
0.938490795772
-1.66626603977
-0.713991885814
0.825027995121
0.646846302939
-1.73918398549
0.400649654034
-0.932085838077
-0.137332061491
0.16994715818
0.986001949656
-0.270862101307
0.599403083306
0.616182500296
-0.470459181279
-0.0420783754529
-0.108628143312
0.0544461018598
0.406910076256
-0.733306957043
-0.355535782913
0.708901769644
0.698223092951
-1.24142022629
0.339344745968
0.365883549418
-0.667483533521
1.65994703787
1.6439055137
0.896414470264
-0.480311475942
1.35331785473
-0.0873219479447
-0.784743791495
0.672952336543
-0.270419693756
-0.138397112342
1.73809876232
-0.94136573085
-0.523903069216
-1.22894608015
0.182566561843
0.780526633044
2.99342693684
1.05737074328
1.45696006059
-0.658309228297
-0.0518816262151
-0.425698878679
-0.161899059133
0.729464035169
0.0494397085131
1.17653739784
0.0398633925909
0.949066771081
0.870810600079
-1.33824006033
0.448820004672
-0.233624360929
1.38581234314
0.552026680218
0.720723250173
0.844799020218
-0.347620622503
0.619793249484
0.228956289856
0.941233807197
-1.16110903491
-0.451744282979
-0.645156447752
-1.24201391268
0.490303918205
1.48600581565
-0.343824636523
-1.00950429909
-1.3454722956
-0.115242108697
0.939438555227
-1.75023345235
0.0102748372867
-1.06551484263
0.860749368947
-0.333691504297
-0.538966160443
-1.98971557263
0.349451234945
0.768452105039
-0.151815649119
-1.03847203047
-1.50285902437
0.517642143147
1.26063553395
-1.58562241355
0.359501209705
0.241827417802
1.5184228981
0.00740214246264
0.0360360642654
0.621600312031
-1.33668230277
0.00675631580656
0.242885607744
0.523290551745
-0.709617279792
-1.89369177714
-0.0485249894015
1.76003700829
-0.389960234329
0.589138106047
-0.636168061311
1.14872346646
0.97596758982
1.42439534707
-1.2371051482
0.24019913458
-0.381191658172
-0.162634579657
1.40118970097
0.62921119975
-1.36794587448
2.3545768054
0.704799897565
0.311297237827
0.568683250573
-0.428873876478
2.14664999769
-1.67324627767
-0.63293326351
-2.83992904474
-1.89497799651
-1.83236621039
-0.814743396978
-2.54866367419
-0.210005639825
-0.026698131616
-1.44462159864
-0.30803432934
-0.324723336646
0.350053843793
-0.0957638385504
2.20870065692
-1.51294303158
-0.711065187166
-1.21571964389
0.520800536078
-1.1748594953
0.795155737293
0.243611887129
1.2209783532
0.150093619187
-2.21523102739
0.0646821004929
-0.940005442121
1.7410776287
0.157459839975
0.942955203839
-1.09423488079
0.66755056902
-0.610050002781
0.404313602058
-1.39652407668
0.407157094024
0.565712913811
0.454321344515
1.66843404873
-0.23322407874
0.834450701799
-1.37005884903
-1.00626082766
0.65592988377
0.105170940635
-2.25018795867
-0.0335188846279
Score: 11