3
44
10
3
0.127397285486
1.3900781879
-0.443828512042
-1.0474216117
-0.357180167867
-1.62934930424
0.0445124141381
0.599660046644
1.54142805281
1.38998335993
-0.89028060496
0.740949417724
-0.129268221188
-0.703578205922
-1.9066635753
0.0224330761389
-0.415824354674
-0.0608938166768
-1.06968936303
0.663521068939
-0.221656106477
0.719945353433
0.62837900774
-1.00606417977
0.32065617731
-0.170533962114
0.613289612936
1.24624540099
0.987472395211
0.908818711234
-1.84281296648
0.410716121868
-0.582897928846
-1.98629709711
1.216754688
-0.309417770412
0.118406277443
0.558653315811
-1.06633471436
-2.37140536491
-1.08842011284
-1.56689120201
0.0421208646124
-0.02633998346
-1.18463789319
0.409497144757
-0.935336128039
-0.895024919562
2.51468492626
-0.740425227085
0.484828827069
0.33549747187
0.500682530799
0.644295809744
-0.806003541491
-0.034934152685
0.924391484014
0.144237685926
1.6625054511
0.446004046895
1.12002671031
-0.701961473655
0.687615649778
-1.25364271781
1.25065652526
0.371321257221
-0.0609956087022
-0.649833120961
0.319188572543
-0.685368736272
1.08510390375
-1.66083208119
-1.46080473251
-1.23167407538
-0.197112547691
2.03592269875
-0.627406763452
-0.00885794525599
0.374201043713
-0.326448713838
-0.613041277306
-0.463978567219
0.777184756045
-0.138771458192
0.152730265739
0.259410430081
-0.999860813744
0.499846643183
-1.06270039297
-1.80108019367
0.0295897174309
-0.807055133795
-0.0759431461362
1.87485568828
0.163250500611
-0.650370271771
0.469835685204
1.52205262902
-0.390563071867
-0.0387708160575
-0.338555228827
1.59997862391
-0.384907017052
-1.24735724574
-0.743196784058
0.068959067411
-0.276364821817
-0.183221151507
0.941825418208
1.23061500035
-1.37590047607
-2.60478866633
0.436150307835
-0.944014741061
1.58846459923
0.85965844917
-1.57821551453
-0.939528727461
1.0208291523
0.121041552113
0.363291244244
-0.92725005606
-1.57850050102
1.00037101104
0.63214905706
-0.0481600370655
0.572830975412
-0.710041396838
-0.96067808003
1.45516587894
1.388125115
-1.30427417054
2.01960118762
-0.610682987392
-0.508708764963
1.4443792449
1.36548765932
-0.447737334675
-1.6817186352
1.02886484742
-0.649536786014
-0.178616786501
0.804058492643
-0.345766675172
-1.55248735462
-1.04487845663
0.85151183662
-1.72784786192
0.647810436134
1.39887041715
0.833148945472
-0.529573101884
-0.916791258588
2.76184037603
-0.1807963693
0.772053222651
-1.60584587305
-2.29966536433
-1.17025805927
0.150661647226
0.831790424774
0.636366172797
-0.970599077507
-0.168789438129
0.625879661805
0.240051612702
0.929965127971
-0.944153512078
-0.272306877992
-2.15681343796
-2.05358022517
-1.20599152793
-0.433072238619
-0.0476209422995
-1.16460239745
-0.0464873784421
-1.13096808697
0.169170629978
2.05638593855
-2.62665018913
-0.661185796601
0.0499690572173
-0.36936898017
0.747546818216
-0.217371460101
1.53261738017
-0.423065478051
0.523655873034
1.3799643489
-0.548445514349
0.487886092162
-0.16059728624
1.13935697703
-1.03860317649
-0.331680362701
1.44760814604
1.26988959742
-0.391480762881
-2.00477655898
1.19759263377
-1.02307558936
-0.00943304612497
0.0733145605851
-1.01598649183
0.22184062639
-0.553223320679
0.828793799985
1.07301063315
-0.186293519238
0.487538383205
0.574749473623
-0.474028784165
0.145786387814
-1.12036888017
-1.29842427159
1.56326703714
-0.632706349238
0.752652379891
0.381767817874
-1.10080966292
0.123912322988
1.06302691037
0.417517634065
0.60748729525
0.719096270786
0.364578829257
-0.472836577556
-0.96259403802
-0.0728837910911
0.625716264258
-0.776097677226
-0.365396562594
-0.428325789288
2.02958794803
1.37367936037
-0.879184893877
-0.802733424076
0.529631236206
0.183516436304
-0.424660182613
1.29949346438
-2.98592466349
0.718149473307
1.480332451
-1.58068544841
0.544176310012
-1.03326687222
-0.226849536764
-1.75646347496
-1.04642815311
0.0705178208472
-0.311262590548
0.619673639633
-0.0131966648164
0.288600042751
1.01872439122
0.401671662122
-0.541052340972
-0.531086300185
-2.17736965256
1.4304807323
-0.506734698909
0.573366239145
2.4377023684
1.26465672693
0.337090476146
-0.732553920457
0.225113250987
0.141048924146
-1.70626400025
0.11142675846
0.923727232317
-1.02878205933
0.116772579069
-0.897369105328
0.810107575341
0.36567619236
-0.48205896235
0.870829324528
0.229972118408
1.01914826785
0.520826746601
0.249652315762
1.2613155571
0.896072845821
0.141862059984
0.381645742075
0.0687776019634
-2.0028727326
0.138690587959
0.975522777329
2.15033440345
0.707394638062
-1.51207300451
-2.30836752194
-0.572096842865
-0.646823426321
-0.416609185724
-0.583262921737
1.00775720072
-2.16819861389
0.981073507129
0.637620441618
0.791112541269
0.0608000703181
0.625251488855
-0.363489333024
-1.02149889188
-0.000556460253215
0.991791188878
1.53780089164
0.871513863215
1.13202506452
-0.106746156117
-0.00998390284553
-0.961280669581
0.0608588699447
-0.457138598997
0.728385017776
1.17471265429
0.549496575674
-0.373797589134
-0.442258779104
-1.39315570722
1.1007409833
0.58989075787
0.497820271363
-0.0745993748081
1.146188964
0.889502120289
1.28653169599
0.255472156166
-1.39406335872
-1.53019472905
-0.9971887893
0.0137994373389
-1.27613363
-0.476176462685
0.769172845148
-0.761278455935
0.10770324446
1.35774356492
-0.956747710022
-0.871455176063
-0.651234427472
0.351347378056
-0.840813734547
-0.0595418940522
-0.0149793197637
0.0811784367454
0.441932152519
-0.350776624168
0.666028455805
-0.428990847622
-0.266274434838
-1.37540402625
0.086388500159
0.755061412557
-0.279420583984
0.547576744347
1.01684933596
-0.287929934042
-1.57234104567
-1.61624205969
-0.286537994324
2.18899072754
0.235427359829
0.62008107942
-0.822457255621
-0.580021193344
1.07883696284
0.741255754015
0.122040906721
0.146218136768
2.38334747587
0.180327896015
0.0436300425802
2.02389943537
2.58355237548
2.8542926755
-1.19930187121
-0.0809972072952
-1.94388557043
0.45826089219
0.256883711766
-0.552503130749
-0.270783784674
-1.23280371779
0.201047244178
-0.0652535831503
-0.45582439489
-0.837217090824
-1.45867817131
1.96092923248
0.415521524387
0.65103424253
0.559038555634
1.07064054739
-0.0462921916491
0.244501680915
-0.208138306627
1.0158033159
0.454428153084
-0.228930517766
-0.307968101366
-0.910589501503
-0.180284811705
0.511582636238
-0.256935855877
1.22108128304
-1.48757929155
1.37991854311
-0.722346018798
1.27423232116
0.198060924273
-0.61069268556
1.19322321996
0.697858648581
1.13699989317
-1.73025222882
0.598939109198
-0.922803069473
0.988288328401
-0.691547883016
-0.0473043541337
-1.66429192746
-0.683928980981
0.679229298471
-0.0359033253234
-0.101073038164
-1.42862221211
0.739664108537
-0.781070363972
-1.15554804586
-0.0563472097728
-0.252044592746
-0.526518942529
0.149698030478
-0.324307420374
0.0646280600655
0.0355797783752
2.12385627633
-0.909779602794
0.20163268662
-0.0209233444509
0.226771522316
-0.055475897915
-1.16165984737
-0.127667277088
-1.75716254221
-1.2379142699
-2.74975095922
-0.555600530183
-0.514828278083
1.04857018988
0.145832260208
-0.0941819104931
0.736448272254
0.341252196106
0.73879561629
1.27594321193
-0.292775881754
-1.46237685641
-0.325599456119
0.15039044606
-0.156798657516
-0.00803045753853
0.267672186258
-0.529069465499
-1.01792830199
-0.299351139907
0.849033960042
-1.15930648531
1.1721057909
2.45564060671
1.93581178555
-0.0204913015876
-0.484177085127
-0.391418797581
-1.08916391426
0.357018431186
-0.224239522336
-1.54599797484
Score: 13