3
44
10
3
2.21142725569
0.676255148701
0.238361878032
0.690020210423
0.984122899368
0.984119591244
0.618842323877
0.0856444170405
1.5767952999
1.43923486223
1.00847561411
-0.374728786861
1.23782481654
1.25817910343
1.06843824249
-0.442183086345
0.442083126983
-1.70713559845
1.00141355644
0.177897630224
-0.00127172215848
0.756105602997
-2.27976292403
0.621779114452
-0.100922593485
0.972764214869
-0.773329780425
-0.159288877487
-1.71316866877
1.48727782197
0.407375986217
1.4972632991
-0.774879012695
1.15369760918
0.667200744246
0.344575412702
1.22456828644
0.186781108336
1.34726706502
-0.490400228062
2.58489250474
0.612289316132
-0.748301447107
0.135591941837
-0.0360988673716
3.41365501725
-0.0659198500227
0.734040994393
0.418936177661
0.650760476639
-1.64628882085
1.06062697746
-0.19877500057
0.742299044891
0.0192941205321
-1.65428677164
-0.22258738004
0.270966502293
0.682385270159
-1.30089195018
0.611311744908
1.72086062221
0.948547847285
-0.0193230987982
1.21347663027
-0.511601800493
-0.561099862016
-0.36869798842
-0.500255726485
-1.54981366793
-0.11976852477
0.0339213156865
1.4666947632
1.35453679491
-0.125759375324
-0.287171422944
-1.63032597579
-0.0930301067771
-0.651517895428
1.35256583837
0.640391171692
0.0522481108884
-0.580208130553
-0.939083764151
0.547555035529
-0.84760262642
0.540269730402
0.401684210571
-0.597985635786
-0.377385609809
-1.15775996238
0.0652739062361
0.391763094395
-1.11525484405
-0.660344367662
0.548103504509
0.39469427726
-0.735537729444
-0.186753055354
-1.33917824928
-1.57023992917
0.717982463174
-0.356034316755
-0.0836643896558
1.24208886015
-0.536801443658
-0.189091706251
-0.319579135027
-0.12068722618
0.304325195406
0.0431081789798
0.608743341057
-0.31267025679
-0.478812913643
-1.3573417661
-0.763446971455
-0.0678274081166
-1.43707681482
0.256790658198
1.37282618438
0.401851805582
1.05511403792
-0.441286001211
0.300385665756
-2.74450476397
-0.517186089728
0.245926800543
-0.131615534766
-0.850653799959
0.16348362593
-1.70072804252
0.125546734693
-0.76580689017
-0.0234271677779
0.67295778274
-0.930190342921
1.41326217989
-0.196422416461
-0.368672000263
1.37066938604
-1.71805427474
-0.00800968260646
0.175391817099
0.76847361655
0.192297951453
-1.61793285182
-1.2147129764
-1.66243533409
-0.217022928549
-0.67959589998
-0.54317616998
0.686993840905
1.64593741635
0.34400043367
0.0219251512107
-0.41044457481
-0.514589553684
-0.382037123295
2.11538515464
-1.07844569726
1.0972097244
0.10104250559
-2.22021194497
-0.895911063861
0.727776148803
-1.54847396634
0.00590223308365
0.942959123262
-0.0907000114006
2.73314708733
-1.73961507769
0.00739328825768
-0.982595083063
0.409546958158
-1.26691919971
-0.184238577361
-0.125907889305
0.167347353167
0.631590307673
-0.290423343276
-0.562557547425
-0.282429207068
0.731768166915
1.86557235896
0.186607856194
0.136659040099
1.6080864961
-0.229282371476
-0.727103305969
0.489029678779
-1.58232773409
0.465619681615
-2.95794747607
-0.55409081163
-0.0450794473561
-0.617742420409
-0.13903027406
-0.563040141404
0.377289345705
-0.68664698434
0.319766981851
-0.40538796232
1.00760697058
0.0246284147585
-0.841663453396
0.268653253729
-0.907880918242
-0.124143393471
0.709619158906
1.08928831526
-0.235286186065
0.544855527101
-0.777665678404
0.0696815450407
-0.259117615149
1.70657396411
-0.88361128129
-0.248364263979
-1.76634060494
0.995323376191
0.846042565344
-0.926235976913
-0.722232806053
-1.69701345206
-0.982155659756
1.12385596398
0.300278403933
-0.425996774317
-1.5073659236
0.482457241469
0.473250202718
-0.487396165622
-0.987533141585
-0.421215370697
-0.64563608894
-0.163335615558
-0.329721548692
0.246181177943
-1.06118170255
-0.155568256494
-0.125016396268
0.890739513541
0.495442173261
1.65900737361
-0.167746830315
-0.726373039807
-0.876334675585
2.8697985386
-0.377578986195
-0.44804672049
0.131413429445
-0.0228498395794
-2.88315098084
1.50234728227
0.0872721629109
-0.390694617556
-1.11560678899
-0.344257884253
0.497521909825
0.302022795463
0.350010144192
0.491757974091
0.233902002617
0.726658747374
0.785062867791
-0.319901691172
-0.945905574052
-1.17268755454
0.800569137995
-0.543736857176
-0.649416444418
-1.31867676464
-1.17310063671
-0.177836142281
-0.584157630745
0.0206316718374
1.13772877686
-0.872853001801
-0.294611833484
2.43735409016
1.28707860909
-0.354924056738
0.894857707039
-0.311465072674
-0.454315981567
1.27041665029
-1.0945667134
0.108462959139
-0.0809539999415
-1.98742515767
-0.175580646513
0.528139084076
0.630014539644
1.73470151064
-0.178627280036
-2.3279665421
1.08084822119
-2.08682379762
-0.559007967731
-0.166626116223
-1.41355342451
0.369012741403
0.163736122669
1.17876637583
-0.575696988477
1.41650488158
0.764506216285
-1.3211357396
1.91824505762
0.729873434274
0.0759963401095
-0.291508568006
0.147084599992
-1.15414530485
2.02305218012
-0.288657322831
-0.0683475545936
-1.12195359608
0.95554746176
-0.468492700504
0.943985456558
0.0457575585944
-2.56254206534
-0.949637363612
0.227967050976
-0.343399575652
-0.668271858436
2.28595517763
1.25270580785
-0.23708963438
-1.21201814512
-1.959068106
-1.04159667387
-0.110616571064
-0.728940295959
-0.945683784365
-0.1112248773
-0.166117480945
-0.34266171104
-1.27365595051
-0.443399505941
-1.17432620492
-1.34835477415
-0.458583209933
-1.12707758654
-0.818041624683
-0.167881846076
0.66788819009
0.738758609166
1.32073202257
-0.82522213799
-0.882934466121
0.41593808919
-0.451691884961
-0.940063638623
0.296738548983
-0.409525804482
-0.690581776034
0.1076410839
0.197223271696
1.01952312327
-0.779995648435
0.593485502812
-0.136574017202
0.708220039283
0.625208783296
-0.0937388722422
-0.280837257183
0.866850351203
1.01399013276
-1.30040492852
0.633543065864
0.143334771116
-0.592235064684
0.385747454833
0.947789535161
1.60608382941
-1.06985900527
-2.92292319975
0.932316613755
0.161525158378
-0.0832133580188
0.808909905702
-2.0392087421
-1.50958535248
-0.577368514423
1.22480627342
-0.442971918587
1.12247347556
-0.412098464191
1.49644969725
1.63760442864
0.604547593911
-0.991266948897
-0.793357562522
1.71643459496
-0.8185073909
0.380530975671
-0.614769696351
0.0284482741354
-1.62401071405
-2.24218226581
-1.11341165374
-0.593787033924
-0.631908878668
-0.352841714864
-0.204524030644
-1.16266481295
0.45128075985
-0.717377794651
0.956619433021
0.640447552742
-0.707305845402
1.35774413755
1.19257808516
0.0588360720964
0.961134863357
0.802784736497
2.1882191356
1.7196295253
-0.737290646539
-0.960103444448
0.000378466900271
-0.322939330185
-3.10643302317
0.597123959356
-0.180890269912
-0.348834398216
-0.644568186877
1.65115059284
-0.683964636894
-0.0989332711147
-1.56870379355
-0.356031832179
-0.560157779361
-0.0414020089117
0.0637703917961
-1.12045138744
0.114535722627
0.268392870052
0.163840765811
0.37306257857
1.30970624335
0.182492021362
-0.866854192146
-1.03318567594
0.656913739884
-0.864811395076
-0.677315083321
-0.904919037157
0.956729393868
-0.0437961429445
0.376479551943
-1.34329885412
-0.510144747828
-0.638180503366
-0.442993683718
1.18833579696
-1.15627472564
-0.235063677404
-0.335713256011
1.72132256618
2.06198169334
0.370474461731
-1.58044979167
-0.516769853238
0.949869210613
0.0846858480445
1.9754205432
0.141529271569
-1.01750460884
-0.693071305643
-1.38359084878
-0.279068485599
-0.899568015284
-0.366419991288
-0.599088458282
0.458619805474
-0.0372532623015
-0.450229698538
-0.855132233599
1.01804277397
1.1241024064
Score: 1