3
44
10
3
-0.926188650151
-0.515830716476
-1.21010842894
-0.884604150588
-0.262347872892
-0.269984164529
0.800927238891
0.0704000311187
-1.00922620314
-0.0834737870011
0.737015919245
0.523315600073
0.347766864833
-0.212525050457
0.0190924885931
-1.33776955385
-0.391841312611
0.523280494722
-0.641212387728
0.0534391813303
-1.41533663616
-0.07622032385
-0.25832838048
0.377522716704
-0.398597014422
-1.97705760084
0.300969196652
-1.20295949273
1.51006426338
0.574143983367
1.25631098035
-2.73192904117
-0.796377120365
-0.881800642334
-0.294153790629
-1.10610315853
2.09981510138
-0.547964395917
-0.216745294081
1.62335409242
1.45621471225
-1.27372526583
-0.984731509987
0.670299039846
-0.134963726144
1.00703521469
-0.939722824664
-1.93176537732
0.251425987264
0.979007571135
1.15500290702
0.650320678574
-0.400082054331
1.12803300988
1.74042962093
-0.876911009911
-2.82691421238
-2.20743532963
-0.477775920804
-0.304370638582
-0.112761904596
-0.582455436162
-0.862154619333
-1.07565818184
-0.935804059169
-0.446982257487
-1.69481049289
0.0473132639038
0.302032216501
-0.675496165509
-1.43267520714
1.27030682771
1.71830697953
-0.595410144589
-0.464110648496
0.181794750909
-0.436219115613
-0.581374220412
0.0738233159877
-0.441359237841
1.74369780128
-0.589889439787
-0.473449047563
0.533148209202
-1.14089170495
-0.866545698686
-0.552917232504
0.0650355361227
-0.255207006788
-0.750005348533
0.813344291475
-0.46432154536
0.950772135013
0.424915625554
0.508862141804
-0.481800893665
1.06286717556
0.22608677411
-1.94305242186
-1.09578538423
1.21149338114
-0.203515373897
-1.4958655617
-1.59068260878
1.41342191985
0.0526752306277
1.70922061864
0.294694166469
1.53114553598
-1.40559721281
0.012408056814
0.29182698582
1.37991319931
-0.431552009818
0.250124757072
-0.616456745906
1.18071802756
-0.865203550277
1.62321333973
-0.914839437851
-0.751101078765
-0.56833463101
-0.269862593551
0.380914859306
1.11437030696
-0.720972463318
2.2478881446
0.46968200189
-1.47914112772
0.499476144362
0.000365814114517
-0.404245307655
0.294207270689
-0.494109472975
-0.0590822462196
-0.5612932634
-1.02637987502
0.568778526646
0.866770297623
1.44980479764
-0.676545622772
0.88224357474
-1.50958775594
0.796181513316
-0.18591587703
-1.09838784713
0.5004758048
0.862737259267
-0.35319636863
0.426191687801
-1.36881070628
0.858269345756
-1.90211113826
0.715340379936
-0.543976817192
1.63781845992
-1.42586721071
-0.511720135003
0.292899646253
1.71627062305
1.24353495237
0.398064701143
0.0742139463964
0.206898744691
-0.696221228839
-1.30401041524
-2.20564027746
0.278938925819
0.453871746965
1.12151537056
0.690242238668
0.686262894628
-0.0348250066758
0.240590327316
2.51279687641
-0.417355114134
0.144191792517
0.525931446589
2.25498959473
1.40482167179
0.0642112682446
1.91366999308
-0.108908796821
0.0560152236826
-1.973877776
1.5840431812
-0.356531458575
1.9729379279
-0.307229008159
0.669091420526
-1.40311736792
1.11135127791
-1.87338705025
-0.722126741153
1.56672287303
-0.0773502359667
0.161404923249
-0.177410953678
-0.953776079143
-0.339210140703
-1.14652042627
-0.947259978456
0.976171775811
-1.55352646055
-0.809626571872
0.801373649927
0.756545912206
0.815133302056
-0.898869921886
0.206370482444
-0.802651645159
-2.08920081843
0.551460010726
0.539705738025
-0.118063353359
-0.50620801279
-1.23043652981
-2.25225490848
0.572618364659
0.702246788902
-1.53361621597
-2.6583444542
-0.129619353087
1.59627694003
-0.587717763586
-1.52399680289
-0.187596042865
-0.838227474229
0.425829134332
-1.07657628942
-0.670919033193
-0.227263102262
-0.771041200674
0.480454506683
0.133968752632
-1.73713552379
1.36421184734
0.137272201976
-0.990108859137
-0.398160963225
0.476496310931
-0.66484742717
-2.96477142877
0.973965172666
-0.129794090246
0.441399951795
0.528821777205
0.279720380193
0.765911735968
-0.388175383749
-1.66317626222
-0.842674203799
0.841358369282
-1.01632156231
-0.0669330317575
1.04836546602
0.897089214238
-0.325397551654
0.126286144129
0.141609568892
-0.78743634888
0.0752724483813
1.27863710692
-0.347113563033
0.836462742741
-0.851649065544
-2.24522834272
-1.96853528819
-1.30188052055
-0.348224659285
-0.290172542536
-0.145583833916
-0.0530827310222
-0.617548473585
0.225711091375
-0.49572859804
1.21620363346
-0.0446979665619
-1.67521140931
1.7293006095
-0.134389001868
-0.223725187375
-2.01514234691
-0.987113869854
0.318792334628
-0.542721536131
1.01324071174
-0.0414931776245
0.415633596589
-0.797037777136
1.496649233
0.825279435252
-1.47910387562
-0.696869850675
-1.04575087375
0.636141664523
-1.02246867902
-0.227267879819
0.600569023623
0.419398095028
-0.412761971718
-0.208619301093
0.295395214857
-1.30036267768
0.0630458840692
-0.307610716719
0.0741172487583
0.575897132393
-1.15234785842
1.3325677351
-0.719071404601
2.48269694076
-0.549978634311
-1.64917183364
0.0487372291189
-0.231567910012
0.0661545073437
0.429463181766
-0.401183982827
0.898525059746
-0.483067057412
0.522939694914
-0.307273256814
0.594792348037
-0.032838883141
-0.442885113629
0.587677474013
1.81098275161
1.96999366118
1.18147350338
-0.42958849627
0.340042512286
0.238274358639
0.127154479
-1.00184998729
-1.04112540946
0.579223673176
0.407380875461
1.13523342196
-0.368191922546
0.14189396319
-0.346977097858
-0.446135449989
1.83432220933
-1.43082827694
0.118932736001
-0.318271453946
0.991597653057
-1.15656211064
1.81671010508
0.155790042566
-0.771415988085
-1.35327613044
0.913501898675
-2.04667315694
0.291737948866
-0.70419707778
-0.138338209432
-0.736982009977
-1.702184232
0.590649810226
-0.458632291003
-0.145971616437
2.12312676225
-1.34574787147
-0.135002312139
-0.551515063426
1.04678533533
0.661778535925
-2.14424896712
1.28765613763
0.285409797909
-0.476740996544
-0.339021609687
0.513546845119
-1.75722746936
-0.864212334888
-0.655940668689
-0.530599344085
-0.270794932123
-0.647890924727
-1.86040995786
-0.517510476806
1.246438599
0.381716640283
-0.447797375551
-1.17049194357
0.325744571149
-0.469674687951
0.147404500072
0.567475429431
-1.87695681212
0.0264664863708
-0.127818490041
0.778070406993
1.29242613698
1.05051936769
1.85572029797
-0.679923100792
0.790639681844
0.359443527111
1.37301947441
0.978241015585
-0.785977621183
-1.01473046588
-0.415013258963
-1.19093206826
0.806451411019
-0.857248969425
-0.330177744406
-0.110739115556
0.435317069166
-1.57768154385
0.892813800383
-0.177681284755
1.05900875655
0.212239328728
0.890834890765
-0.898028672429
2.33137183146
-0.440441292943
-0.976938260124
1.09386923233
0.223533857699
-0.89383736109
1.00457749358
0.816544395457
-0.0244717804994
-0.919938816563
1.29683290115
-0.187179569212
-1.58069390243
-0.438449579093
-0.236841220952
-0.825873069938
0.421509991664
0.218241654687
-0.374389414332
-1.01412590911
-0.587660549724
1.00153860604
-0.070182342303
0.0419165932658
-0.180977899814
-1.30745308581
0.181430960123
-0.792321638582
-0.505638556372
0.95679736475
0.0542636160708
-2.0310806285
-1.11710441797
1.91553267402
-0.818039225272
1.0600885504
-2.53882624267
0.177992566474
-0.804033457702
0.103408854494
1.53979830567
-0.0286756443681
0.285309085966
-0.874150901091
0.973877690612
1.68961463382
-1.31940902528
2.11217076118
-0.66107822841
0.455115533602
0.384914006054
-0.830468148173
0.463447356402
-1.33763251814
-1.14539508733
-0.193991331036
-1.01547574104
-0.910819451702
1.23807439663
1.01144369769
-0.00530408721777
0.932520691989
-0.363476736604
-0.984730706926
Score: 1