3
44
10
3
-0.864688995677
-0.563269422626
-1.30582307274
-0.718591377391
-0.181738725556
-0.647396230603
0.636542917251
0.0303856546936
-1.13415517299
0.0663531850477
0.944222165619
0.153119473427
0.386917894398
-0.132442559012
-0.0328851888807
-0.959653174691
-0.523915362563
0.32965381073
-0.651177352567
0.0405875153848
-1.31643984893
-0.0358126148305
-0.248158985307
0.798326243743
-0.147522825316
-1.78715654278
0.695608928818
-1.04371361305
1.30458492994
0.790915155608
1.22233876088
-2.47452835625
-0.843582901105
-0.592105199213
-0.102554128335
-1.48943806442
2.08772785438
-0.932450118683
-0.12207754853
1.66012819275
1.46545547978
-1.33937788843
-0.779948191583
0.359793106432
-0.157644404214
1.25027423676
-0.861216676103
-2.15734322987
0.421239866747
1.02935404897
1.1827130764
0.521625035127
-0.178433350771
1.3810170974
1.58223619704
-0.929347373983
-2.98757344059
-2.16208068678
-0.182623252057
-0.281065527839
-0.222028460444
-0.489791040769
-1.15093796876
-1.39340351908
-1.11559405426
-0.494864150299
-1.70226940111
-0.0384520927659
0.302054140748
-0.602559409293
-1.32741437511
1.16345725021
1.66147959831
-0.568607432221
-0.625263579518
0.418694136361
-0.582673924624
-0.642030442114
-0.0933611468033
-0.438130786139
1.7355006474
-0.318769587461
-0.616364257407
0.351782605432
-1.03624710742
-0.828741437865
-0.614037804518
-0.0733687330244
-0.0180560247127
-0.824557318193
0.67111487779
-0.371787062946
0.920752106081
0.3766066784
0.644910672654
-0.67046962967
1.11456122448
0.0882713804467
-2.22546010512
-1.03463149222
0.96973943779
-0.530572372227
-1.64416372694
-1.33901967398
1.41393246785
-0.165537851643
1.85278013014
0.43778238163
1.41612183535
-1.10990165797
0.206376748053
0.127980857322
1.40800603796
-0.280817386871
0.341265829745
-0.458976999444
1.25945613923
-0.593526253604
1.68701113421
-0.89370909187
-0.957355896443
-0.376784326944
-0.30139039718
0.43505165676
0.688424008048
-0.578223819177
1.94008783402
0.229625801085
-1.22305897682
0.563351881605
-0.00684085849624
-0.348325875119
0.202347912864
-0.321307142903
-0.0650097310221
-0.283418224897
-1.31286058504
0.642406194978
0.844763320013
1.31879978883
-0.951482595677
0.899719767955
-1.54918231299
0.493659225043
-0.426674295428
-1.1001948447
0.396933177536
0.58539714166
-0.28765202461
0.287159396512
-1.57312295717
1.00849040832
-1.96039218496
0.570725351185
-0.473244107645
1.64313980053
-1.08629553223
-0.365180958493
0.35020465375
1.85262713145
1.28146109198
0.139109051703
0.209863640577
0.452601058597
-0.704805658781
-1.40395716939
-2.34814514166
0.312092588828
0.727702204977
1.14939446055
0.868285034585
0.839128444168
-0.186748263562
-0.190158366937
2.63005736731
-0.334048837122
0.175689965838
0.788380505261
2.08160884712
1.58581479956
-0.117528231164
1.98785706438
-0.184216160325
0.108710092381
-2.00901584451
1.44233619342
-0.544804631016
2.07930552596
-0.361800186903
0.38684710067
-1.49808057096
0.773702298917
-1.67142923885
-0.622259631323
1.45664074188
-0.118309288927
0.135030489621
-0.154927926514
-1.0499013551
-0.451541600752
-1.21102697875
-0.852334188667
0.878449104342
-1.61024477035
-0.745277949379
0.899766327506
0.709734054988
0.641883605715
-1.02348478323
0.331021270713
-0.963903914248
-1.93619976263
0.43575946685
0.477660112913
-0.608953292285
-0.467929716189
-1.1367401963
-2.49133249162
0.459613880876
0.571508985202
-1.18206667844
-2.77614349874
-0.283640326172
1.40187388955
-0.620143087327
-1.41049837255
-0.390438924151
-0.749372503711
0.131104873484
-1.11853391709
-0.64001833099
-0.398570465121
-0.606026189138
0.506341437954
0.261953290807
-1.73852575961
1.36304484809
0.155619535596
-0.691434849041
-0.526912471256
0.506870299354
-0.680407930283
-2.79140260988
0.922327074158
-0.473278281026
0.184411764395
0.460038427554
0.135815750598
0.724544863225
-0.239044441819
-1.55379794266
-0.850438077851
0.813425751682
-1.05972871119
0.147523374438
1.33892740266
0.841104536758
-0.165741826242
0.165347184702
0.288441102366
-0.463268920285
-0.0507362375638
1.11911445401
-0.130709123028
1.15616299556
-1.1014930481
-2.16220703201
-1.84021111299
-1.19849440028
-0.126402750498
-0.408976962562
-0.182441903875
-0.275192601378
-0.557322564041
0.263644173962
-0.433213322341
1.31024835098
0.0434284756225
-1.70276686717
1.71479051653
-0.352667027711
-0.323341721197
-2.22943928323
-0.957335621084
0.470747237638
-0.23127928811
1.08946264389
0.038484998841
0.614348915431
-0.924009978769
1.4348772012
0.589365771046
-1.13180300715
-0.634683722311
-0.860081171625
0.690458641344
-0.870258382029
-0.145417969509
0.480988155165
0.535271026464
-0.0574940886545
0.0570745549781
0.124270602903
-1.48446442757
0.158155627178
-0.270975527867
-0.00403929347113
0.346517972615
-1.41851465309
1.19399407461
-0.681331337435
2.70628985893
-0.598711670212
-1.7666316674
0.438308988808
-0.182514742614
0.140899350637
0.612117413834
-0.356811145496
0.945951127747
-0.413768472394
0.239604887973
-0.318925907453
0.375378498752
-0.501539028904
-0.563646445307
0.414276839265
1.8230160433
2.27451902444
0.907699918494
-0.405544342357
0.215654114924
0.171637248423
0.189829275596
-1.07681040289
-0.963121656847
0.341806599889
0.258288270963
0.72048894607
-0.42616512943
-0.0213272907187
-0.340069701905
-0.275489350598
1.76581450394
-1.15561140467
0.18266747264
-0.279943067372
1.03622164185
-1.26471630184
1.55254660898
0.343354061168
-0.961476375075
-1.39266753951
1.07841703762
-2.01070155857
0.343626394551
-0.499998181621
-0.0478708700761
-0.568672847905
-1.64508869943
0.550326365464
-0.353799233897
-0.449020591722
1.91835219291
-1.6358439827
-0.321421991346
-0.177465052932
1.02975593472
1.02905878529
-2.30392536323
1.07468431122
0.228215205101
-0.275811268881
-0.480878083104
0.606091092173
-1.57173197244
-0.659333608822
-0.931606499519
-0.172578689502
-0.198945130599
-0.582046041006
-1.78905802133
-0.428557582567
1.21448650032
0.376411923994
-0.393634310052
-1.26006792214
0.208758649366
-0.655071023369
0.218537483291
0.60734967645
-1.82981855597
0.128330660106
-0.0265144225552
0.743980311121
1.27224547253
0.889910250187
1.831020361
-0.402695830894
0.816648719396
0.0995575977847
1.6869792972
0.99885094355
-0.71467281168
-0.90342482677
-0.569381619166
-1.09874052955
0.56534788073
-0.723981312718
-0.130156695706
-0.0442525944078
0.515847358019
-1.44757399263
0.949748926487
-0.0843329320395
0.977088357984
-0.126021134386
0.992625643975
-0.890389608759
2.16307668039
-0.653716524412
-1.22502328155
1.28710108368
0.52985251916
-0.975035423491
1.11603357877
0.952825311938
0.0599174323458
-0.880580796368
1.38081675716
-0.115970267616
-1.57018663869
-0.33231794526
-0.279106114863
-0.679530600087
0.505403780844
0.230773753811
-0.0496092805096
-1.03901789685
-0.249613673359
0.945465016255
0.20870979084
0.00111672476709
-0.0841448465889
-1.17685750892
0.20213456264
-0.48563610981
-0.584583490281
0.990026627584
-0.279982209069
-2.03107396896
-1.30348235533
2.25369130431
-0.692761967111
1.29409719764
-2.73543537862
0.0802490444056
-0.918211226087
0.162067175809
1.55424742186
-0.112503720015
0.26428542765
-1.05912681197
0.865606492566
1.43124662799
-1.50541730532
2.07017354362
-0.820866332559
0.271670246022
0.470871703414
-0.820749405041
0.459899106341
-1.18951669637
-1.11587263666
0.0526586395094
-1.09653400293
-0.807923913807
0.970561548005
0.8709115635
-0.231657846572
0.849107673148
-0.108677421833
-0.708387299527
Score: 1