3
44
10
3
-0.652137633929
-0.786053601643
-1.32553554476
-0.768622590742
-0.0418592886389
-0.617012182449
0.844660945885
-0.0201455100039
-0.927495805423
0.146672551087
1.13640410658
0.406981934798
0.383077560045
-0.350797720636
0.222582870893
-0.839805082623
-0.358079218968
0.342907609535
-0.692689033849
-0.242076691374
-1.4475954548
-0.106947759456
-0.0293567925232
0.769570291152
0.086142833717
-1.80346449148
0.60716981865
-1.2900400602
1.33932083875
0.82472315579
1.45197842444
-2.60123896269
-0.999844261033
-0.856905309642
-0.237312147694
-1.34031472588
2.03261995178
-0.648280004599
-0.275717073512
1.71586629562
1.32194390363
-1.44813405683
-0.780263258328
0.581456560047
-0.0192889777828
1.18026391833
-0.869691691328
-2.08819594902
0.33280716176
1.13856114449
1.16193371064
0.448938653015
-0.213958618168
1.30698095832
1.85608319209
-1.02332376434
-2.9991761732
-2.26736088645
-0.467918054764
-0.279972789249
-0.0415132182555
-0.503572236478
-1.02970105647
-1.1266584907
-1.02052498944
-0.423624987239
-1.66585086525
0.0344454221452
0.292661021402
-0.52835537059
-1.62647458701
1.29462338852
1.52111362653
-0.542558194541
-0.48927588343
0.256137969233
-0.579229482729
-0.7079656259
0.133036908761
-0.572851912274
1.70127379153
-0.478759888502
-0.43607614491
0.395366009801
-1.11069629284
-0.618064510993
-0.575719629045
0.0622789095743
-0.217893105863
-0.703064164022
0.676787453205
-0.442804830566
0.918406256771
0.451849435784
0.678494012532
-0.752124256197
0.792926968942
-0.070800978955
-2.276876238
-1.04087763826
0.841089800217
-0.492377071683
-1.62968294568
-1.38611410393
1.49763284329
0.0960973315528
1.85764538662
0.292805374116
1.28683523392
-1.108296065
0.212339700284
0.253941584797
1.25200992853
-0.288275103834
-0.0204280918368
-0.560919950473
1.13338972782
-0.851123426546
1.55126750194
-0.938303808221
-0.84031882468
-0.482378394046
-0.0714679640386
0.494750569023
0.914867080167
-0.602112564923
2.02937316569
0.520656395748
-1.28670124823
0.604564933176
-0.180990115293
-0.4798808018
0.316720932095
-0.419588366553
-0.129391589429
-0.672158682768
-1.11668055318
0.689261257949
0.96184328228
1.35461048436
-0.703179700227
0.761293600316
-1.60286390646
0.791130327422
-0.401113679038
-1.01121233686
0.269623235905
0.909545826539
-0.192199733149
0.35280182074
-1.47357744776
0.90883205777
-1.75215910449
0.792239107233
-0.418100111125
1.7822507412
-1.29075579266
-0.404846147829
0.0899175892227
1.75373749153
1.26554065786
0.105333429973
0.107361649505
0.244498605865
-0.907084691912
-1.38220421678
-2.14470916769
0.19200256118
0.442861777599
1.31268272053
0.813740753144
1.11171896133
-0.0611419926791
-0.131587891179
2.71107556873
-0.176897095702
0.145609318102
0.703021018855
2.1380320606
1.43480635798
-0.043458019779
1.99950024501
-0.404102198931
0.113354509987
-1.88867428057
1.23484346412
-0.13688091954
1.97241898593
-0.276835386906
0.6332081399
-1.49738664663
0.878778150422
-1.40623251907
-0.547390467842
1.46972263882
-0.0410997820646
0.111409636016
-0.0788054984408
-1.03835798437
-0.434614178905
-1.07712397418
-0.694193363963
0.846123259715
-1.56030043213
-0.930369096845
0.925372350207
0.458792152612
0.632707228133
-0.964801260783
0.398831422499
-1.04273736789
-2.1511567624
0.550136150892
0.56894202732
-0.252453750937
-0.610421098965
-1.27286812777
-2.46653756181
0.498243984462
0.704989013365
-1.4104480634
-2.63724567278
-0.288313860449
1.65576258489
-0.315146713616
-1.13737546427
-0.319915800962
-1.07682372976
0.32453567872
-1.03726268596
-0.556172574486
-0.33024988478
-0.736029897191
0.661489998168
0.246340317103
-1.65096787934
1.27132570083
0.259472723818
-0.803486812148
-0.363725544875
0.535326164319
-0.604819711636
-2.98038163886
0.726778399478
-0.0853726584317
0.0880006611751
0.621584014113
0.295212922008
0.959472069156
0.0131395255901
-1.32535363684
-0.787996000516
0.737477046578
-1.16641624445
0.0626765504461
1.46419818412
0.753146345904
-0.196826088164
0.14227010891
0.413356584068
-0.472219131014
0.190266228031
0.863081492795
0.0278499075791
1.2502751124
-1.10515839304
-2.22319372024
-1.79438906173
-1.47040241249
-0.170841268838
-0.550614100449
-0.266259665401
-0.154848528525
-0.516395405401
0.455528799184
-0.454679031848
1.18520503937
0.038957735366
-1.41586186558
1.5578615406
-0.376418213819
-0.144185814622
-1.99425100869
-1.34694777256
0.664841192416
-0.376758968487
0.970312251444
-0.0464788357364
0.549109796419
-0.776013174719
1.20664804444
0.975915361814
-1.53330315531
-0.780396774455
-0.936222414658
0.567761303759
-1.02378722653
-0.135702666652
0.467204926229
0.667788836031
-0.176024861527
-0.0775547375309
-0.0175130428078
-1.43863887663
0.287706071777
-0.53889325822
0.104534098695
0.299494731093
-1.3511052317
1.15957449572
-0.879709345865
2.79644966432
-0.616258205958
-1.58842824175
0.278221676266
-0.128098090813
-0.194437650666
0.826719183502
-0.251965836082
0.84345427954
-0.265283018885
0.408175439308
-0.218599266985
0.564605575106
-0.272298910206
-0.401411448359
0.573270589298
2.03927729988
2.25333791121
1.13849769238
-0.582947259781
0.0943722058235
0.130312656358
0.132716026809
-1.06354498807
-1.04131787707
0.604426139227
0.262296748996
0.778881345726
-0.58804410678
0.218001764384
-0.256925052737
-0.171906861476
1.93201643371
-1.1388808373
0.286882950139
-0.296959970657
1.04106731136
-1.38391575054
1.39142381018
0.269300678022
-0.761629976087
-1.21754025688
1.25043050705
-2.02521433346
0.448714779055
-0.668666962969
-0.0398398904473
-0.357823063722
-1.68516901975
0.569356412435
-0.174476482052
0.0940118749317
1.96997407403
-1.42307541386
-0.357939439669
-0.528793166458
0.961501897274
0.742182701898
-2.26954081849
1.23818875646
0.279810191725
-0.269908142071
-0.334724418081
0.39504633454
-1.37939743314
-0.449606777615
-0.896124651581
-0.115314301303
-0.342185992642
-0.627401453404
-1.88489709109
-0.775166894604
1.26017824424
0.426872405058
-0.838802075256
-1.13244873757
0.47610987477
-0.480614493901
0.249354475296
0.371097128109
-1.72300780252
0.185136125873
-0.487438262809
0.63715174288
1.39886630572
0.913226691115
1.94880664673
-0.41366451324
0.942371392774
0.0405382840239
1.78180432571
0.96509435523
-0.999386560534
-0.827842289082
-0.456493364067
-1.20009234349
0.548293287911
-0.877109310506
-0.298359844382
-0.192511446138
0.665767417966
-1.64399353817
0.944824061769
0.105877422433
1.30476107141
-0.0121507948631
0.995631507998
-0.870218665209
2.12651896634
-0.468915862676
-1.30628626644
1.22872708793
0.121551800632
-0.928622518982
0.954036054048
0.940405839944
0.0519953088445
-1.03538477318
1.16996243055
0.0352426004652
-1.75936492485
-0.475148908512
-0.00755773156109
-0.79931746542
0.169722934374
-0.0307536424348
-0.115733379367
-0.974902608305
-0.177495179864
1.18400801284
0.290412003466
-0.0229431597298
-0.159067214121
-1.34055277519
-0.0361226861959
-0.567755159853
-0.525725670007
1.32579297194
-0.234980908757
-2.25516394769
-1.38906772149
2.1394525944
-0.544746050158
0.966216536634
-2.32305423588
0.00863737892118
-0.915049187255
-0.000153760003191
1.5378352748
-0.225900904423
0.352490259795
-0.963187352889
0.937555489893
1.8790465953
-1.40397594797
1.99514539993
-0.652341723284
0.440223198384
0.639624920151
-0.965880162229
0.67131090464
-1.44843865957
-1.14551551164
-0.104897691109
-1.0382899019
-1.1014067676
1.16308900148
0.898802671916
0.13911528527
1.00744910367
-0.486171479993
-1.00610448514
Score: 36