3
44
10
3
-0.768336675804
-0.733905049977
-1.3067383748
-0.766581029137
-0.0348680565473
-0.682015021075
0.685879117198
-0.171993052167
-1.04992162023
-0.168505377178
1.01317060143
0.448728099261
0.281467303819
-0.264533938006
0.0954757843276
-1.03592233881
-0.500662240738
0.46499422383
-0.916844003047
0.177199481192
-1.59872339623
0.0576198817839
-0.10647980577
0.368923978743
-0.331275280547
-1.84258153277
0.592429829872
-1.21539620543
1.43277126429
0.740110750959
1.3280140668
-2.56002666782
-1.0370620263
-0.641438903575
-0.181767973168
-1.4334970785
1.95433853671
-0.690592248551
-0.150606191858
1.63320808641
1.34945970641
-1.2203998757
-0.677501130449
0.810059294531
-0.0874191415553
0.998254495803
-1.10727362188
-2.1683917996
0.181181668807
1.18648989236
1.02583845187
0.356833249779
0.0811964496503
1.30038988612
1.802036677
-0.877570388342
-2.81634869169
-2.49836414383
-0.411236775916
-0.273448770137
-0.190290346722
-0.383964965893
-0.879853772384
-1.25436958322
-1.03194442235
-0.556703135395
-1.86739614901
0.0615353195752
0.161593554341
-0.737352742761
-1.44212720582
1.34225398011
1.39947664551
-0.551191676837
-0.345508321868
0.201396330494
-0.868410031933
-0.434668093468
0.182977529248
-0.592952151657
1.60748563517
-0.552758618961
-0.333654042151
0.240332096829
-1.07538766767
-0.463074845589
-0.860575294238
-0.246723682933
-0.344637342956
-0.940506254995
0.704103061839
-0.412468878745
0.915733877367
0.616249628198
0.572897626735
-0.527552047651
1.19133423763
0.0256477854548
-2.25010531453
-0.995693710737
1.14055244507
-0.731652720035
-1.83397770396
-1.32294758426
1.64456982084
-0.19031630624
1.73795828799
0.579539176761
1.25324999814
-1.11405543584
0.0411560392749
0.0355065465063
1.51341900918
-0.333561196426
0.18312993242
-0.224080026813
1.20997412737
-0.640626796445
1.8077336867
-0.941624129538
-0.702272403802
-0.571005436983
-0.380655036076
0.49937100261
0.593957030447
-0.515803146513
2.14034479346
0.458632531537
-1.16347679847
0.447604283425
-0.165039941314
-0.495343655788
0.315825116718
-0.474527134387
-0.158655705935
-0.48178537199
-1.02160993411
0.444190756345
1.0895098021
1.1559380914
-0.602942756307
0.655572118104
-1.29409770555
0.638781759226
-0.524997116983
-1.27730899576
0.401551108679
0.878333553875
5.05042914014e-05
0.222913314681
-1.26385907663
0.783078452043
-1.99073753271
0.785062756084
-0.341575924391
1.66144427287
-1.15465032864
-0.28716448935
0.38760380248
1.85167794858
1.13116896729
0.383139012656
0.298030623071
0.341816091183
-0.813360149314
-1.45978382842
-2.18550176022
0.185077878321
0.423669411684
1.26154832875
0.691822782457
1.1843282697
0.0260983039076
0.00528310664665
2.30250296636
-0.0709012029932
0.23730924077
0.882845622232
1.95143225878
1.66354867483
0.154263109911
1.96406657797
-0.151795471836
0.135586093366
-2.0612332961
1.2733809792
-0.41792635971
2.14558969666
-0.56311287642
0.576490263146
-1.65111462819
0.966637845202
-1.88536174842
-0.723189357982
1.49819001224
-0.0834934599782
0.0525823230589
-0.0263148059271
-1.14646603611
-0.171340390018
-1.02888258838
-0.948916244392
0.826240175275
-1.56222660788
-0.991224966556
1.01453475739
0.537310423749
0.72057637029
-0.514265668212
0.311064233865
-1.03418911409
-2.15236377198
0.274158457664
0.705647564607
-0.338814209093
-0.626541997084
-1.27207795108
-2.33495895174
0.578295559038
0.27886845349
-1.2853334317
-2.50799510932
-0.386888236867
1.53895552584
-0.312565508263
-1.15962564763
-0.462186463678
-0.682801131105
0.0763424756469
-1.00221042116
-0.389884205945
-0.41570111642
-0.765357866625
0.550044716678
0.108749391084
-1.66859190209
1.11089415872
0.188551313936
-0.952951205916
-0.468587938038
0.265471492939
-0.216393455252
-2.90980992509
0.790911134017
-0.383337835751
0.400928845615
0.663824526944
0.275000715103
0.952637586652
-0.216663630633
-1.3601391804
-0.832495624491
0.441354782125
-1.1071911441
-0.00450463166361
1.49752029805
0.778694612232
-0.301339587751
0.0506043278648
0.209275474448
-0.656126077945
-0.157377635833
1.27425764979
0.0345537539697
1.00965863484
-0.989908032046
-1.94736786009
-1.81215974769
-1.19165772628
-0.165359654125
-0.499791545297
-0.156829534607
0.0352531163307
-0.447715914241
0.125762540186
-0.28755663949
1.23626661095
-0.111253723256
-1.39231183784
1.5962293227
-0.113335214683
-0.194612048734
-2.22892605034
-0.748573884325
0.517951381735
-0.322359039559
1.04772669504
-0.208705981626
0.407325565688
-0.936769894752
1.5132356952
0.881746871571
-1.5886740273
-0.372398483353
-1.02136286794
0.462746199398
-1.17858440613
-0.167075374812
0.51834699628
1.00958290596
0.0204348914123
-0.0355466792426
0.1812301299
-1.35945147025
0.306705559932
-0.231962187713
0.166308764859
0.350381488099
-1.231032336
1.49539977574
-1.04197119284
2.62738587898
-0.697260376081
-1.53967789903
0.320119795717
-0.0545335222096
-0.0689125204759
0.377186845338
-0.342345393237
1.09958340947
-0.10690115443
0.534518880632
-0.196424099086
0.342463703022
-0.105232331743
-0.162840136616
0.447175753637
1.89052069603
2.14927007292
0.823364094321
-0.542412892469
0.2304296256
0.018297510799
0.257253797908
-1.37500720861
-0.868080083431
0.315812854011
0.364743899404
0.605502987072
-0.396127046122
0.0619872746958
-0.310025978088
-0.436313441368
1.74287172797
-1.17710536359
0.417295021489
-0.358175585075
1.00836188175
-1.43802581511
1.45449087568
0.200295018698
-0.90156423472
-1.31291232442
1.10247343759
-2.05057711133
0.357231304573
-0.701743509428
-0.167377703982
-0.463948497892
-1.55866959894
0.688261012044
-0.31094707103
-0.097863071731
1.64949966272
-1.45158038225
-0.120921021536
-0.360705308719
1.10061592071
0.930894372934
-2.34490715196
0.999562249974
0.242414877997
-0.421896731008
-0.609018935678
0.68894556374
-1.49114506127
-0.654160136947
-0.926999212424
-0.26410291666
-0.252972636462
-0.570746912282
-1.79268744585
-0.543858207738
1.2108177218
0.316981182359
-0.685058399391
-1.47881707259
0.447148361226
-0.521651761104
0.223530249284
0.440451655878
-1.65261304368
-0.0260092504677
-0.236851020239
0.659892657217
1.00565523274
0.926153922051
1.69363105481
-0.61450282529
0.713980050769
0.426876598703
1.69832882983
0.859658891075
-0.817708730023
-0.682725639076
-0.425898819941
-0.989833699614
0.878945939756
-0.738923534949
-0.278042330396
0.0984718339003
0.396872348376
-1.61419609331
1.19805870356
-0.0155174932561
1.05462193898
0.351300359713
0.948318809899
-0.871242631484
2.13006880317
-0.68346339981
-1.19890375833
1.40341752409
0.476218868133
-0.898725129395
1.20759142997
0.818422411366
0.195602277328
-0.761305906437
1.42891794909
0.0147036651948
-1.99869394531
-0.479396866887
-0.0872501173467
-0.691310447355
0.155102077651
-0.00136045229922
0.227160894139
-1.17771318176
-0.404796797375
1.10277106699
-0.112934713185
-0.113420459665
-0.399253527483
-1.34020794484
0.159197966898
-0.675711530171
-0.537293994092
1.10312468493
-0.31820901832
-2.17791070721
-1.30931240898
2.08399157815
-0.687291473183
1.06141612081
-2.48688652375
0.223767779433
-0.86059987792
0.0850143693044
1.61154335453
-0.0520421333288
0.531729297406
-0.906718732413
0.934639278615
1.57418239251
-1.29346700629
2.2102330453
-0.4844214111
0.593651423821
0.49051425291
-1.08157832142
0.630780000734
-1.18482185862
-0.890432429534
-0.0600444640463
-0.99393387862
-1.1558488032
1.1679519702
0.972739169789
-0.133383346255
1.13192115433
-0.275586743264
-0.824004966173
Score: 13