3
44
10
3
1.66151515827
-0.828595343763
-1.3335077266
-2.25945549213
-0.674008157297
-0.674450989831
-1.34251474216
0.242772400569
-1.88314041796
-0.406587047301
-1.24827587035
0.289881130699
0.608934218983
0.0401305603518
0.826375255295
-1.01545824023
-1.19914780313
-1.48798542287
-0.161478417894
-0.8024759511
-0.644039014982
-1.11836804296
-0.662295115374
-0.651350059997
0.455246254916
0.066547427639
0.893539414511
0.423416996622
0.025956486087
-0.9805437747
-0.243157430658
0.454087218594
-0.480500676287
0.862376947568
-1.10547337882
0.410721374557
-2.1162551395
-0.584595587306
-1.06496817262
0.25833118373
0.182648085044
-1.82794918303
0.538008007257
-0.403107680793
0.0324840403115
0.256625688706
2.12656312992
1.92920640488
0.0362466782427
-1.40613221781
-1.88200220818
0.917403397129
0.738234353679
1.0806207119
2.21584571357
-1.92963510445
0.179527632487
-0.0841158838179
-0.0553265984937
0.312296791215
-0.827077701314
1.08049197167
-1.69327668485
-0.506867404201
-1.55733924016
-1.13855196449
-1.32791727086
1.29005386552
-2.03449809141
-2.11393948234
0.305077350491
0.856037523418
-0.0844852037598
0.796807723409
-1.3705952263
0.210304423023
0.73332613923
-0.130500190517
1.5500780501
-0.463597261541
-1.5028431823
0.100887621618
-0.557292523034
-1.08032023045
0.0712533074265
-1.05171016566
0.126615027802
0.889185384696
-0.695776796614
-0.518212135363
0.162092415241
-0.571534270228
-1.11063824801
-0.212276310348
-1.09340521554
-0.167191442911
-1.0321095001
0.319045037666
1.77324316683
-1.1213315784
1.95801941014
0.652643133046
-0.00799359075483
0.430364047629
0.767025294504
-0.276745717968
-1.73782633561
0.245149255548
0.82866926787
-0.89217632058
-0.14412593147
-0.188177565552
1.53729302577
-1.12177095309
-0.820607768252
-0.17131769595
-0.877928962451
-0.786223632497
2.37800766205
0.534138858327
-0.462934213166
-0.0585866431857
-0.943316579033
0.672275873236
1.23336318978
0.181796690647
0.641530083346
0.497206747534
0.771529861457
0.788106671131
-1.35082901152
0.702627693413
1.5355906556
0.442057163059
-0.7540268943
-0.528149918955
-0.0634551469918
1.2382692265
0.332821072633
-0.873464176368
0.856868897766
-0.0281040455843
0.648374930561
-0.436743110101
-0.563484769332
-2.91087192534
1.2769137491
-0.724848517107
-0.639500342608
-0.208196603636
0.30158875777
-0.276650001392
0.292321293779
-0.467176765546
-1.05166914261
1.32716364719
-1.30032545201
0.59497659515
0.310350007892
1.23477726942
1.07370234348
0.688590546073
0.412112643683
-0.980020525013
0.0212359227312
1.18664970615
2.97273959697
-1.93215066471
-0.287400734932
0.026621075267
-0.771274674159
-1.2981709528
0.709882133428
-0.0314468899398
-1.26078103901
-0.791222027302
-0.942419909911
-0.452537108887
0.906636838552
-0.714654351279
-0.0805439182116
0.196155621371
0.652541491406
-1.22925161513
0.0115323757116
-1.28968343473
-0.398381769763
0.242516420492
1.99969804687
-0.277536151973
0.715379264813
-1.514922052
-0.556082462335
-0.0967728902032
1.43463282159
-0.516420078631
0.355490934346
1.45235153937
-1.56247692605
0.215272459847
-0.766755009468
-0.495613019029
0.668193071403
1.45526798348
0.793267348793
-1.07455455143
-0.267294635642
-0.802051509124
-1.63436583909
-0.973774423678
0.143445194999
-0.127751363288
0.555349236672
-1.26034336473
-0.776511315285
-1.65394322669
-0.325428900109
-1.40879001271
-0.273555588261
-0.822580380379
0.848018109238
0.546868685477
-0.753075069692
-1.0884189315
0.906422432318
-0.486195484775
0.862752263088
-0.712361710501
-0.67557430646
0.186530311089
0.367649880209
-0.82787364715
-0.699028247102
0.747312495861
0.595586491636
-0.220919309069
0.472129087544
-1.69400464312
-0.345158182466
-0.392054823055
0.803738294588
0.997703342475
1.46310065493
-1.93287128577
-0.743374388793
-0.44312050222
-1.0937647038
-1.33160799244
1.30384223005
-0.141449825211
0.266541132139
0.39207034216
0.104563106645
-0.222240626725
1.06082668978
-0.384224028915
0.0955612302632
-2.27657064104
-1.00055141334
1.74974506301
0.784442725449
-1.53629514725
-1.04530064763
1.10628681285
1.21863792027
-1.27590764143
1.86163734662
-2.23804453042
-0.0747180949835
1.51503413981
1.26648778926
1.31423013231
1.55151738989
0.341805335419
1.12666323562
0.291272362745
1.33129635192
-0.0789235901234
1.00525076966
-0.669369133761
1.44856400858
-0.983877960417
-0.467658528499
0.109551031656
-0.621765928739
-0.775101149169
-0.179166808369
-1.08086063473
0.632731803113
1.27573162881
2.09919635998
0.0591648661024
-0.0478892235013
-0.162552307449
0.0715390382836
0.257537362344
-0.345392431081
-0.201329018772
0.726459052993
0.532166893387
-1.11026408638
-0.265612199496
0.526764440408
-0.333948536676
0.235206613449
-0.716737722359
1.37860013376
-1.12608728837
0.206944414341
1.63701450955
-2.12730432252
0.0160663404117
-1.1582784969
-0.0880021126696
-0.0281177964176
-1.92950028162
0.789928668017
-0.44451615775
-0.279298701973
0.388260951912
0.3029514346
-1.017037822
0.4598178852
0.0257857906488
0.535083269311
1.72178208063
-0.191505522832
-1.06711114959
-0.264107052233
-0.826822492681
0.704468289622
0.026136023201
-0.407152560768
-1.52198877606
-2.7460529743
-1.25200514282
0.806363110862
1.78681060388
-0.350563789629
-0.566737654852
0.554096596595
-0.367977514188
1.54927313667
-0.177780609178
0.729610181137
-1.60581238012
-0.500012501735
1.34802394465
-0.00866266543507
-0.155405419305
-0.699957941307
-1.02462842839
-0.409748615802
1.05938845347
0.641036673161
-1.24082033884
0.764084855596
1.15894124183
0.385579444081
0.346979782864
0.110659531392
0.372385043168
-0.938524635183
0.285839391064
-0.155787593162
0.37738697382
-0.472688708313
0.141255384043
-1.56191084084
0.919794098597
-0.303337790858
-0.306566775699
-0.581133276295
-0.560773751099
-0.746304982337
-0.203139536171
-0.791977392508
-0.39209387746
-1.16679105181
-0.0943564663079
-1.70363304188
-1.19209656698
-0.74547493393
-1.029333742
1.02920063586
0.118820848132
0.290379109386
-1.01220686583
1.34892811436
0.549259843138
-0.323395068143
-0.724463141583
0.0753062899515
0.618078926796
0.468023471086
-0.0733855362606
0.567977237514
0.327888010433
1.56187239725
-0.446261937736
0.349718735654
0.950256691123
1.83901929899
0.350402914425
-0.0941057653185
1.42016581318
-0.175800135555
-0.892105814371
0.67286217043
-0.510628030379
-0.929012728385
0.121866612109
0.168058916015
-0.765403256194
-0.438550358489
-0.0188335241647
-0.62853436493
-0.462179854398
-0.168117531834
-1.57232103911
-0.0587520027911
-0.689975559579
0.78635351708
0.568761717341
-0.0819090185821
-0.434494088726
0.314629241568
0.94567731394
1.7087682337
0.923359562984
-0.194134068126
-0.316750702471
-0.731066407223
-0.416523737288
-2.0588402266
-0.674103091969
-1.60079735691
-0.859595416629
0.610785376021
0.934334491368
1.49832900869
-0.374008850899
-0.77047056844
-1.31143538972
0.00928648069251
-1.76973753318
1.2462050157
1.3025209114
0.218802257903
-0.329277603022
-0.491126090747
0.935454578375
-1.24344263766
0.235644464689
1.72001290387
-0.357711562964
0.242456373989
-0.0795527098065
1.56175747311
1.53097307649
1.58568945362
0.22715140603
-1.15028477024
0.344314451683
1.26697686958
0.452913725027
-1.05362797184
0.076741818288
0.0354713247981
0.0442255706766
-0.726012591982
1.58471421003
-0.848058193996
0.676887800588
-1.41080795408
0.574601718878
1.69772207079
-0.13913161768
0.499015262941
1.85483883597
-1.23192321519
-0.73324469087
-0.0228199166091
Score: 13