3
44
10
3
-0.677220665868
-0.641699695045
-1.2036772063
-0.84742475654
-0.296399334927
-0.755923843782
0.648817102911
-0.00539449565312
-0.923784718371
-0.0642291877238
1.1910737165
0.339715122739
0.276705776259
-0.331903053037
0.48194252798
-0.985196758242
-0.424685832662
0.494611071503
-0.799325978103
0.335890707244
-1.59262954391
0.0704553124254
-0.0418567989041
0.651646363433
-0.317862864872
-1.68932419702
0.318213912392
-1.11617080622
1.43310897449
0.827288139012
1.61833794607
-2.36165237684
-0.95291665153
-0.671269072138
-0.226519501286
-1.37803415697
1.98245772487
-0.820103056857
-0.0645150297317
1.67882051373
1.52465630555
-1.17600451904
-0.834810319165
0.730296812142
-0.0477623813989
1.17413755369
-0.976389657571
-2.01689494302
0.464313360365
1.22397527724
1.23807073171
0.30760737074
-0.0946944144407
1.41001128644
1.74323929383
-0.999963764679
-2.78531299448
-2.3325269374
-0.416385345986
-0.335258791982
-0.0654195161213
-0.49534167507
-0.641406768757
-1.18549340064
-1.09772633381
-0.520208302788
-1.82370542802
-0.0331945144002
0.197730644197
-0.68399518225
-1.41939015293
1.43058011217
1.25662018476
-0.461552429614
-0.266453654139
0.123300051235
-0.817678048485
-0.631261261765
0.205462501917
-0.421616752097
1.70492664469
-0.145110952531
-0.704862897525
0.605365015029
-1.07802052538
-0.591004494911
-0.712271929712
-0.0614903445641
-0.489770167977
-0.993264754719
0.799231801158
-0.40173381918
0.944754543008
0.432547109701
0.601070780988
-0.660920902926
0.942234551393
-0.0214009627561
-2.28100629676
-0.948365236427
1.08933099562
-0.585242532494
-1.82481044782
-1.43106191718
1.69380239252
-0.109298178284
1.978326395
0.500681969754
1.25623881159
-1.18062630789
0.0916740988034
0.0324990208579
1.53899008424
-0.317621314648
0.112856105595
-0.431056494956
1.12222195172
-0.874711483633
1.52679484377
-1.01560559502
-0.597979476297
-0.392941757042
-0.37377205396
0.635871101292
0.848372290208
-0.621706559299
2.20825141716
0.412803409202
-1.22906809274
0.52145686535
-0.0196710292056
-0.506654535607
0.16147541722
-0.484565883703
-0.128634942648
-0.513488346506
-1.2147365297
0.420284211625
0.845435579157
1.17740254885
-0.594221456206
0.62684428405
-1.39925202767
0.812114147473
-0.542671452415
-1.16565007027
0.527536041843
0.889631906897
-0.191579244645
0.413420078744
-1.36788452137
0.549920480394
-1.62500776509
0.830282007031
-0.279978981132
1.88535808397
-1.47608655757
-0.382032842699
0.360643757429
1.77284652875
1.27894662881
0.497968113774
0.179882543425
0.146428782234
-0.847637719382
-1.08861320507
-1.90724697295
0.282176541672
0.582383221277
1.22043038216
0.935597251444
1.01382116986
0.137810478548
-0.0584934725175
2.63551548337
-0.2732996584
0.280456098182
0.723757978884
1.98351971914
1.46327715151
-0.0751948059232
1.88328418418
-0.222932454997
0.0112590245829
-2.11247660109
1.37395346898
-0.488905545209
2.10785332733
-0.364450606978
0.556123449586
-1.6986882796
0.828708891164
-1.7927080676
-0.474742841272
1.58709762672
-0.146271643173
-0.0597934453003
0.00814926254796
-1.24274835533
-0.500981739978
-0.936860750075
-0.866270268087
0.987244989373
-1.38824236565
-0.817825013794
0.93244364138
0.633096101243
0.534334058916
-0.739434155853
0.23375849576
-1.04952402462
-2.06629940693
0.355591035543
0.903966905193
-0.317693905862
-0.733719282265
-1.29861527801
-2.25918099983
0.431770262937
0.622262688746
-1.17432083104
-2.51706701683
-0.368016411191
1.67512943421
-0.275281427217
-1.23891809888
-0.291654131001
-0.901658876523
0.238588889999
-1.05886419859
-0.430308781874
-0.333671756601
-0.814255740873
0.62386606337
0.243240803923
-1.65251710617
1.15241047232
0.14712648316
-0.877997663093
-0.62360503111
0.41254276325
-0.671418334732
-2.86999759864
0.717875312803
-0.135901904032
0.518435099546
0.442852255623
0.35293983377
0.84731406793
-0.0836970869305
-1.39227131014
-0.676185174586
0.817610448551
-0.976990304719
0.0916903326938
1.27597847261
0.717001972223
-0.369502928471
0.13899485929
0.336760888951
-0.532504491011
0.227262702378
1.22036556909
0.0223375473097
1.07376743869
-1.08745587962
-2.04024388214
-1.7704053574
-1.33351100687
-0.201145105344
-0.438673508972
-0.0403352645273
-0.034896973116
-0.378532251399
0.316144707485
-0.330977593024
1.26972481058
0.0968881500989
-1.43547071528
1.63750459868
-0.224971683203
-0.377387697341
-2.25256801961
-1.01533085047
0.452904398113
-0.428210984993
1.03304004312
0.0517884843841
0.673105562048
-0.865098079995
1.44739658531
0.730248299896
-1.4232830607
-0.607365274351
-1.11175879963
0.592170415019
-1.10129723686
-0.327885287574
0.361909508474
0.808296193977
-0.254806962484
0.128764717969
0.386830158248
-1.30649974048
0.0481927987221
-0.349589177495
0.144568017254
0.560865931102
-1.27926803059
1.34044546536
-1.20015011836
2.61327340162
-0.859937490129
-1.70541040509
0.125612257404
-0.0282219958544
-0.0764128733205
0.640676908915
-0.210931214
1.01302076426
-0.479184629283
0.439116498891
-0.26279052668
0.427429024117
-0.357093297832
-0.211185124099
0.342516681687
2.05568732367
2.34880465098
1.0817600684
-0.656029706583
0.440646569409
0.0464233071741
0.140315747803
-1.28079675056
-0.953871054926
0.463404564654
0.363201046244
0.743373997229
-0.346956452822
0.132333964823
-0.45096678981
-0.27811288987
1.75527028472
-0.905968740752
0.280389373492
-0.640716766989
1.19295099198
-1.27643626923
1.41219939504
0.148097218205
-0.693437952028
-1.16248283817
1.15804605096
-2.21205173175
0.328171101103
-0.392547293879
-0.413197937891
-0.313820669668
-1.61070538358
0.652405768488
-0.177915573549
-0.085588804718
1.71191237961
-1.61677414655
-0.263645914773
-0.294005201555
0.889367121739
0.967267992147
-2.44508995327
1.27526223001
0.171738795928
-0.386244094207
-0.363752323193
0.510760015086
-1.53203507276
-0.632322778899
-0.887627818623
-0.0616867634991
-0.120920747384
-0.615853699178
-1.84054786371
-0.599592608461
1.30043816296
0.375795648147
-0.368346702392
-1.27694532768
0.525408328672
-0.671952855727
0.0912419429918
0.501620769945
-1.85546809485
0.0192088672063
-0.139065920212
0.701842785356
1.07347903723
0.938529770551
1.76238328829
-0.400965585772
0.833562981636
0.42758203987
1.73938404068
1.00094782634
-0.84357260879
-0.685603979312
-0.231606264658
-1.180745025
0.690326385722
-0.780198311942
-0.445558996496
0.0408423446033
0.543214329041
-1.64949891517
1.17630360716
-0.175242108156
1.24547609064
0.0600150819275
1.15383958404
-0.676508602209
2.14051472663
-0.579458052615
-1.22508852089
1.34023690958
0.257198207732
-0.986387394843
0.98931577911
0.853966301219
0.0366129174004
-0.6328969863
1.33528070419
-0.0699992022592
-1.71119577992
-0.509119363206
0.0913483320556
-0.741169564156
0.189599360538
-0.00112589628528
0.0841163126239
-1.22601151579
-0.558541027969
1.0769873305
0.0129039326425
-0.220946317119
-0.171780324336
-1.12145385643
0.311482679295
-0.70356588923
-0.230891929536
1.15138473051
-0.210693796977
-1.93974499787
-1.41940061009
2.02299866373
-0.803395768792
1.24587109836
-2.68121091115
0.0207261317803
-0.743240626035
-0.109796597403
1.45859297809
-0.0773359994072
0.388593850795
-0.904958272479
0.784331158835
1.6099936494
-1.39625582812
2.35393415115
-0.505079689533
0.465533442045
0.547794833468
-0.87370925802
0.511440263951
-1.47649321423
-0.776255099984
0.189217957912
-0.947825071707
-1.3045367615
1.18295320796
0.899489600364
0.0930003973463
0.984259552627
-0.275960043401
-0.772318474344
Score: 1