3
44
10
3
0.996047820061
0.471900017988
-0.850482423735
-0.3685233165
-1.1962770846
0.608660555899
-0.00970912512716
-0.320680444037
-0.710599217686
-1.0236258886
0.0406218372104
-0.499434518429
-0.216730907654
0.462747881458
-1.76216532565
-0.457353787267
-0.72699584954
-0.140961448557
2.47718861106
-0.531374255052
0.188014757055
0.200861738765
0.405693365118
-0.71907596257
-0.0762958759299
1.12614773235
-0.109806271774
0.316786061269
0.557969126659
0.624808712141
0.190885685427
0.632252856614
1.44418469884
1.14410369048
-0.154564021155
0.11870845501
0.594544200234
-0.789449760231
0.515586293707
0.82821360314
-0.950205931249
-0.542620035286
0.502383199936
-0.320826519418
0.817320031939
-0.763742608222
1.07021114713
-0.187304436401
-1.07045187142
-0.235424653295
-0.466463460741
0.526187205271
1.01003784871
-0.993331977139
-0.0770898158779
1.62773088454
0.432573883222
0.304463577043
-0.504893502528
-0.745396229301
-0.568654652268
0.40406999273
0.819541752387
-0.854262995351
0.560592120892
0.625903597061
-0.0627192631597
-0.892606384204
0.216643593054
0.471171801757
0.87667247325
0.00550048778272
-0.811715989835
0.160794362544
1.06208043335
2.02222064877
0.343559821818
1.79182179961
0.26871525204
1.71288284623
0.312671678274
0.0501651493161
1.0663037222
0.772275232003
-1.95319818267
-0.523958047614
0.621270770167
-0.973631099633
-0.711780374085
-0.297234946605
0.207474975836
-1.34735629227
0.425257649496
0.789296101012
0.623537054301
0.0262300199963
-1.59965615577
1.80620983863
0.320613818461
0.0509531519417
0.146343675469
-1.20791138821
0.925454820647
0.56687682696
1.2574236641
0.338250808696
-1.81146190769
-0.0646358124471
-1.15192850852
0.58163498589
0.0539362217918
-1.02675441385
-1.01223808535
-0.700527765305
-0.105341097338
0.66098142504
-0.617176874964
0.944802105977
-0.246117474845
0.455253841979
-1.28085767954
-0.0619171182819
-1.2463809371
-0.342725567066
-0.493429644347
-1.7564000868
1.18362529543
-0.7557402575
-0.0890194681453
-0.519070139451
-1.18088066965
0.183626116783
0.347479939402
-1.06891276379
-1.62863795081
-0.76518950767
0.181305559464
-0.440033438206
0.366927078569
-1.57760837156
0.338211626177
-1.87019750008
0.866389485543
1.58713365418
-0.269861503023
0.0642060981669
-0.53396978867
0.773527031081
-0.985254548793
0.180280654683
0.436978058959
-2.58195133665
-1.292860285
2.28437192329
-0.547084638737
-0.179669783223
-1.41835658305
-0.95427053715
0.642844712722
-0.18945609488
-0.696272538672
0.995945528646
2.17820479783
-0.615366484636
-1.26770310579
-1.62269422833
0.381819715658
0.585256120918
-1.19122235238
-1.05647867911
0.645692214761
-0.123309556071
-0.538393658903
1.60646635374
0.912896300796
-0.367683045802
1.39968862505
-0.0953932218421
0.365694044876
0.861509711667
-0.801235190781
0.91572786043
0.357553596628
0.614256520955
0.277642646307
-0.207272097344
0.889951740666
0.994789735704
1.69016515838
-0.482984016908
-0.325600980375
1.68065761777
-0.484465867642
0.525912368232
-2.37190997876
1.12932623798
-0.638831621901
-0.271957142339
-2.04420914305
-1.79155353755
0.595139083225
-1.66465859771
1.552645509
0.31335836275
-0.282086991847
-0.753553877857
0.534422636107
0.266570147482
-0.0668020929174
-0.0385306239058
-0.0873359107703
0.312354096349
0.291090313513
-0.15705136356
-0.137168614954
-0.647288255798
-0.452942853573
-0.345104257015
-0.537931981736
0.127638222928
-1.11879364196
2.13623190559
1.20733747546
0.446600026801
1.29501690139
1.12885663374
0.898844339625
-0.20655489037
0.180404510598
0.822405496222
-0.485961727009
0.649795367426
-1.16779572
-0.7638244696
-0.605014503038
0.620349232915
-0.880417333711
-0.843320775193
0.868257498554
-0.0454149064734
-0.257906871838
0.280400902651
1.48272726125
-0.460818639593
0.910748416063
-0.957188169986
0.154664491843
0.275930355513
2.22591165192
-1.12335514065
-0.356578286064
0.184107379448
-1.1157326236
-0.702701133482
1.77271423317
0.15887685015
-0.820628788262
-0.0106933150082
0.230069593028
0.139721999794
-0.988959650648
-1.15946386037
-0.408214692253
-1.04786969689
0.217107897727
0.767625496757
0.887879985238
-0.711498056858
-0.404373750177
-0.146393362282
0.532897894209
1.39707672929
-1.22468321514
0.505122855389
1.01809877688
-0.0264612907723
0.251249489612
-0.277699216701
0.423774439748
1.46093822759
-0.450376057921
-0.596873951949
0.764300892466
-0.767065534827
-0.432799309926
-0.132939070481
0.111264474498
-0.76976065401
1.65019467488
-0.382829427653
0.754375719484
-0.667093447696
-1.33972509691
-0.231973324901
-1.60151644324
1.28152030078
1.13304400661
-0.145847362221
-0.144501430694
-1.6262498827
-2.02102171763
-0.284992559755
0.155626141596
-0.544429347842
0.0138628847012
2.44739035557
0.892147407022
-0.344479950874
0.36783025965
2.29578687754
-0.040309168642
2.92601254069
0.23820057489
0.500945514065
-1.27925461322
-0.43086212639
-0.114760237269
1.72613673131
0.647793722276
2.44087274243
-0.258564738805
-0.983724652972
0.473910521057
1.70894446992
-0.419721163495
-1.96553124429
2.40670845404
0.579695968319
-0.0766191848703
0.33693478504
-1.47493955114
-1.12333756547
0.402234604298
-0.470872409923
-0.9232227503
0.070100671611
-1.2346413144
-1.20771686722
1.92106461996
-0.725675773055
-0.740932774873
0.910293007128
-0.46790007116
0.539609634958
-0.253165986034
-0.340110173288
-0.38644945195
-0.554063768836
-0.181923738973
0.103928413547
1.14223980439
-0.486050237649
1.06096814241
-0.651365219369
0.919525222045
-0.434952797309
0.93189105746
-1.22312218474
0.24221028597
1.29437198525
-0.427443197974
-0.385087675849
0.937975071027
1.06743308652
0.599593843118
0.126705816442
-0.658061340144
1.92170103844
0.48365364427
0.0132740919573
-0.461089217251
0.978144203166
0.412402370655
-1.99974371708
1.23749475778
-0.554972533562
-0.763864531854
-0.166294426381
-0.800513519546
0.965222364076
0.22706529915
-0.635900719934
-0.382708523033
-1.67777302937
-1.14303254985
-1.13512116312
-0.711941004931
-1.04622038786
0.94183959816
0.783678337403
-0.235509240691
-0.846241415271
-0.209049892861
-0.438315542097
-1.02875095169
-1.29697259855
0.410111157787
-1.65076756458
-0.104522700831
0.231241811662
-1.75065465542
-1.93099526832
-0.256316903411
-1.83176988949
1.59107510628
-0.0220870744392
1.00968128309
-1.2311267603
0.501340027121
-0.271791236214
0.545061555444
1.44007536153
-0.529867230154
-0.598697265076
-1.26082101134
-0.455962308996
-0.383849472501
0.589395341906
-0.671604289377
-0.314700654243
-0.31505767232
1.52418771032
-1.08048478204
0.40168104192
-0.435041757826
1.48408587052
1.87632731032
1.41322817032
1.29438797377
1.17044567524
-1.92829203386
1.8256581541
-1.23996961724
0.289248008331
-1.04229286704
-0.163939496012
0.484431213972
0.866449750784
0.616849435633
0.340537632424
1.60305638335
0.0527956201486
0.590840180176
-2.37543375083
0.729190619782
0.905924694962
1.4772622297
1.11740775208
0.417611593195
3.27115319651
0.503463946407
-0.0387478680041
-0.728374747535
0.153463540187
-1.65608828668
0.0824716231801
0.56299659492
0.0509989424859
-1.39917727763
0.297572207168
1.66717774837
1.00848665818
0.92566089457
1.45860902198
0.00392498982828
-0.173947359202
0.688388180703
-0.897583504632
0.37090433453
-0.749491616586
0.710233890503
0.478869670113
0.726300509077
0.87945741592
-0.809594543001
1.9141905209
-0.617257550235
-0.781208693052
0.620456184941
1.79644224263
0.542764699591
-0.0583224151414
0.0300660306935
Score: 13