3
44
10
3
-0.840233012087
0.566679547796
-0.458568196223
0.873765424188
-0.00667202229805
-2.43134654071
-1.62911892604
1.39353268624
-0.704667101795
-0.0680689706208
0.308527547323
-0.937782991899
-1.44561588332
2.10094899203
1.17693613622
-0.0218888301529
0.48627230169
0.826713665265
0.0133509088013
0.223989413899
0.267414552588
0.979384985918
-1.07074999062
-0.360330449294
-0.850606124554
0.272305696627
0.287791753876
-0.938754259694
1.13580552651
-1.70009632824
-0.343701559576
-0.481542577527
1.98501740042
0.329726270814
1.35756635046
-0.400463779294
0.999998828145
1.85251024181
0.453508855137
0.534678467602
-1.3894001382
-0.672067650296
-1.09609505897
-1.08774654176
-0.193606313064
-1.00059372331
-1.93649299877
0.204766614181
-1.98488532642
0.477617195213
-1.96508965986
0.971800005402
-1.27569468986
0.744224612393
0.00435250939071
0.175635113419
0.115141230433
1.21072072767
0.913819136173
-0.887482147722
0.0928079562325
-2.11907448562
-0.560347619595
0.125681146326
1.52378489914
0.302953865784
-0.0210662070902
-1.98584040706
1.34780550572
0.018765487273
0.0790247697783
-0.333340426068
1.91626140165
-0.225070307771
-0.591692424155
0.380142130991
-0.693299590269
-1.17153067498
0.336038249003
0.858261713595
2.06950600357
-0.435822310485
0.382904004885
-0.0444414469666
-0.423884959628
-1.23708068191
0.217027655175
0.325547232939
1.89956046347
-0.198589554291
-1.1087589289
-1.13052758148
0.581935827608
-0.0234520336975
-0.137029317724
0.548448433453
0.142385183125
0.424663754859
0.201852470763
-0.289793568143
-2.15775024677
0.981814339288
0.839468184449
1.48330908165
-0.451905506363
0.475874172978
-0.306033396418
0.774272165913
-0.352985955752
0.383201595963
0.0383324284251
0.33387053818
1.81693098507
0.398694070854
1.16316089292
-0.571369407424
-0.531100647752
0.474687074998
0.285513002783
0.954816015547
-0.400881599582
-2.07171838619
-0.884324698537
0.136885266048
1.40250652499
-0.276899185019
-0.368931786985
1.00786565332
0.130775010358
-0.449662022925
1.8746693809
-0.558915550108
0.358217093828
-1.50258292617
0.813419103648
-0.905449611304
1.23351657504
-0.293668693746
0.22721902182
-0.744787691282
-0.704090953678
-0.894236508302
2.02489882363
0.762538122236
1.38594734994
-0.116224675955
2.31571987075
-0.560181263575
-1.28665527381
0.179804447344
1.97119412972
-0.394599421265
-1.19128102355
-1.12569610268
0.149657550312
0.975148053694
0.35419181441
-0.420069171499
1.33212955428
1.10243213082
-2.13817315831
0.949174405969
1.09428490013
0.142673825164
-0.595468158228
0.347286293792
-0.539059924979
-1.71563057826
0.025997625503
-0.210719453796
-1.13663854469
-0.937570234585
-0.256862168348
1.49134742072
0.699868127224
0.795312236037
-2.21967654641
-1.81577944771
-0.860746418644
1.18504702989
-1.0635702609
-0.0975013538093
-0.78016633025
0.54609975293
0.386357039253
0.424015061335
0.496369112545
-0.647616851041
-0.735678150757
-1.07824981321
1.70814193493
-2.55427984869
-0.683585664859
-1.51974807595
0.0537589533126
1.6425653958
0.156080859982
1.17372927144
0.252241070069
0.555262709518
-0.359282362729
-0.783202281852
-0.589543827774
0.0780221738958
-0.434524010081
-1.65172305259
-1.2696749004
0.168951111989
-0.158876144615
-0.0111591649194
-0.347449008841
0.772063317088
-0.329660838811
-0.370431621303
-1.51566544058
2.52596545947
0.633483337361
1.06293103774
0.900029005602
1.45034936628
-0.063464554171
-0.592498823004
-1.08603947533
0.822769418052
1.87239626006
1.17566183641
-0.795353465122
-0.540855370515
-0.188761988903
0.572386936977
0.8828100369
-0.0316349621829
-1.44093665916
-1.39216429125
-0.287875181058
-1.2614812748
0.23206425694
-0.350140427848
-0.389249886412
-0.117461185235
0.745465548982
-0.145356851273
1.56534282803
-0.677895573007
-0.695965978256
0.0126776100641
0.13138337141
-0.0482518481113
0.435212737989
-1.39404472532
-1.06975686602
-2.11082122753
-0.611888980121
0.723469035117
0.578125306312
2.06686078123
-1.12445919145
-1.55960737265
-0.811457284923
1.02326741807
0.621102841766
1.51502271287
1.43670009626
-0.113693174926
0.36917030983
0.868876718581
0.0597826599878
-0.220938611491
-1.01183446224
-0.941199319177
1.32537268235
-0.281872355404
0.243961959041
0.36735512101
0.201097733575
2.00820061185
-0.0655897678479
0.842396650569
0.897651446268
-1.39389161544
-0.429126177972
-0.378770451261
-1.57459009923
0.76345059707
0.954642907125
-0.618220063678
1.00148097627
-2.10164312386
1.55675602499
-2.62551840755
-0.13008842765
0.0447619848856
0.576345661514
0.698564789546
-0.12445756254
1.34455359456
0.879755093031
-2.85398521208
0.421643541843
0.639612599291
1.08800653413
0.221165303437
1.72552237555
1.43891840791
1.3081941687
-1.01199067794
1.382070335
1.98668954584
-1.49378464645
0.376133178555
-0.826598822177
0.0483370210575
-1.06092193841
0.349148166206
-0.225603697242
-0.690770334019
-0.525539902151
0.413709313626
-0.320887071961
1.11506595808
-1.17023407261
0.413194600756
-0.245971893707
0.43930570102
1.88557136359
0.56902951681
0.0294196077644
-0.941366088332
-0.875996027966
-1.08398159681
-0.714078401974
0.805841013256
1.14474637548
0.551796564931
-0.526710608286
0.0564694350302
1.66719357897
1.5272441516
0.475968467723
1.22868512774
0.13862401784
-3.46824108857
1.43792377568
0.406281523511
-0.539551661013
0.698972254151
1.28904679975
0.712779299416
0.48295330769
-0.0219728668153
2.15584440796
0.258143745831
0.238822328682
-1.32894556877
-0.380503217758
0.00990728702365
-0.32946526381
-0.805182217243
1.77722814605
-1.41675444816
1.60055759483
1.17996291287
-0.762830413361
-1.68175253199
0.320923696204
-1.41867662916
1.19428732619
0.517809162388
2.28286552351
-0.615398034795
-0.498375636527
0.0532985404931
-1.74837657063
0.193409970431
0.164593372665
0.101129301447
0.0900168557969
2.1969087267
0.749998125052
-0.611795912404
1.60127782415
-1.80022370938
-1.158628495
0.256806103433
1.29749845184
-1.45837374252
-0.0955032124964
0.896058025798
-0.113851514889
1.20387410074
-0.599077225152
1.24484980705
1.31874147295
-0.586209581813
-0.0591438065986
2.03689626541
-1.17139477759
1.23822908092
-1.49471942362
-0.073058529004
-0.190794855301
0.871116730845
2.08284677244
0.631383231451
0.85159219777
1.40979724055
-2.19034485125
0.115636197853
0.345823891113
-1.02823843325
1.10133338473
0.307945071405
-0.43315215931
-2.04138912655
0.354904400216
1.6593111354
-1.3987873318
-0.521858081141
0.801230225779
-1.35894968707
0.439235812889
-1.21266788418
0.730399664818
-0.169962492235
-0.362328122242
2.11411555968
1.48312042214
0.267255610481
-0.134588896976
-0.238765974434
-0.365774415703
-1.15412464753
0.552871791175
-0.496727370352
1.19272446742
0.613626746176
0.0371476755932
-1.09336455862
-0.742029100312
0.532637274549
-0.581185782828
-1.68844176979
1.37035933345
1.28917125941
0.67275616065
1.58311576491
-0.0200533203715
0.614746651756
-0.107921922053
-1.7416959225
0.600536773746
-0.458035177364
-0.173631962277
0.23381529361
-0.162134775599
-0.982706937706
-0.370717062069
-0.0242661688332
-1.6232089103
-0.25374912535
-0.131318528788
-1.0771384047
-0.356875394572
0.332595281305
-0.29554211683
-0.000998538608718
0.239492171046
-1.49230531181
1.44518040315
-0.402043230071
0.665158421912
0.674171150086
-0.441642153743
1.90095036721
-0.0505668943839
-1.3811846812
0.0860235808532
0.917823059104
0.849742755933
-0.215112888186
-0.360952859837
1.52421348178
-0.361325876107
Score: 10