3
44
10
3
0.324067534888
1.5296973758
-0.568856942782
-0.960227914976
-0.467321367062
-1.59310210612
-0.00768617646716
0.535736587048
1.35875072791
1.4868341134
-1.0203544025
0.80423072451
-0.0893215656323
-0.763837445437
-1.93485189268
0.127598315327
-0.437108459218
-0.17784465435
-0.955079454515
0.879853241534
-0.292878923081
0.765875622463
0.55300288095
-1.0378808902
0.490705056552
-0.465204474358
0.317640683075
1.27962717639
1.07544808648
0.852914816802
-1.65512512638
0.571857077016
-0.59294129608
-1.97202082833
1.33771699309
-0.339195319895
0.0606945393033
0.650045649839
-1.01696814734
-2.20913179078
-0.874589215972
-1.72177270596
0.168786500067
0.212903283929
-1.32934311527
0.457170640354
-0.890027092195
-0.702366921149
2.44354101429
-0.686593113768
0.414131010904
0.318645534185
0.264350015149
0.883969596503
-0.83489574029
-0.0655316418757
1.00379110103
0.206233611289
1.53372483392
0.425188139112
0.675186420293
-0.730290582429
0.570416831821
-1.16914779876
1.27417503355
0.560090037462
-0.186217073058
-0.58052335753
0.264895814135
-0.292536232682
1.33885806625
-1.70740814388
-1.58780919947
-1.21584935116
-0.211833783084
2.0170680558
-0.564225583436
-0.00274598990929
0.344940712166
-0.346499288607
-0.50868482025
-0.653340098219
0.801487045474
-0.0642216987167
0.121877042959
0.314193495162
-1.10073502539
0.879566936585
-1.07039981698
-1.76486093793
-0.192419519343
-0.484195221957
-0.0602855083124
1.98059269715
0.295831437127
-0.84501299698
0.385367843654
1.50486354146
-0.150043220268
-0.24645125027
-0.395502315835
1.58324946886
-0.398979864665
-1.17747226613
-0.817387802473
0.235966159908
-0.119549710094
-0.25881246998
0.919573041693
1.29941139829
-1.31456441674
-2.58028804555
0.333699837171
-0.946338913967
1.74906642138
0.729690283277
-1.50431034813
-0.751738814111
0.990649047482
-0.049755868527
0.361714476762
-0.94917633998
-1.665621151
1.27958457631
0.519343256002
-0.200340309419
0.638165476362
-0.663747447857
-0.936778561568
1.50215909714
1.55696222456
-1.03149810228
1.85122860338
-0.739110449989
-0.630231739501
1.24109150967
1.47126967719
-0.584740935974
-1.58029877213
1.33938516
-0.627208632688
-0.272273675188
0.793994547906
-0.500187054734
-1.38445454073
-1.06409569645
0.961539207329
-1.82950542904
0.757229271575
1.63626760714
0.788865736534
-0.827767923021
-0.714269011069
2.9549905235
-0.124351531823
0.956484589078
-1.60672544877
-2.29396499525
-1.11672486081
0.237702778971
0.848160718269
0.405525368608
-1.13526027971
-0.0760144088662
0.677166915535
0.1298054063
0.536011584066
-0.999905426582
-0.256446633532
-2.01513352772
-2.05340596701
-0.933341083671
-0.395499839896
-0.116380018962
-0.82818593553
-0.0700625702839
-1.07617593325
0.057294375579
1.72282613619
-2.42317084243
-0.650549883005
0.0375740378089
-0.171648131087
0.721331506175
-0.176754513882
1.36422754854
-0.457883950109
0.51348918622
1.3659231934
-0.651369541144
0.330911018136
0.317720838792
1.27930327211
-0.92131556014
-0.396274239358
1.50728660466
1.19663414444
-0.589910373661
-2.00603516966
1.1484266382
-1.04006976424
-0.303060694503
-0.0963527492357
-0.794385426056
0.181533066462
-0.716070709246
0.577859362971
1.02471792828
0.140377557937
0.75342361102
0.595535448915
-0.538613410535
0.118214891762
-1.10963684944
-1.27219367276
1.59247026079
-0.800840695113
0.9199312585
0.0163446834813
-1.08895532901
0.196988145616
0.935232115974
0.199989630208
0.639151163753
0.753629052498
0.391769199648
-0.33231546402
-1.01613267437
0.105647260134
0.384814612207
-0.741001247645
-0.241422505961
-0.495568023887
2.01372559623
1.50006006585
-1.11539669594
-0.945835568934
0.455130928122
0.174863336991
-0.231957226023
1.29683289454
-3.07234623121
0.573570066153
1.32472815558
-1.7505944574
0.618162463628
-0.917228985272
-0.211151197888
-1.7122426817
-1.19574050362
0.0489762385242
-0.451700835467
0.685140649517
0.0981063275184
0.357043698642
0.990047898332
0.464073357507
-0.442104375477
-0.684124331925
-2.06524991771
1.32133523159
-0.263560109472
0.535612852929
2.44699996109
1.1838914636
0.303573903393
-0.49438106631
-0.0250401362383
0.126208628953
-1.71242800001
0.122083481636
0.765649174271
-0.708334983966
-0.0208091993159
-1.18388867951
0.994138883987
0.607327621115
-0.743922676226
0.818767756863
0.109239265365
1.21955656717
0.502395665952
0.168162045631
1.43769472587
1.0387291747
-0.0633016813584
0.121311264591
0.118137417608
-2.12246217062
0.272204492365
1.05879760703
2.08850494193
0.47129525631
-1.19500585991
-2.26228487197
-0.431704472223
-0.61130665654
-0.42143619889
-0.489351961246
0.870885233217
-2.15905954465
0.962728780478
0.518196987793
0.814502668561
0.294467355381
0.551279816115
-0.165113309028
-1.10332028044
0.0143390351297
0.916021574933
1.53556927849
0.935153330478
1.14852090352
-0.230623908735
0.186891965794
-1.08101497207
0.26751476743
-0.554822524541
0.752934163372
0.973930268863
0.651260041894
-0.481889423936
-0.362262593884
-1.3714049549
1.03175470055
0.603420196724
0.256781274431
-0.255279494492
1.40172992313
0.886154756516
1.41439591573
0.218148733133
-1.64173097889
-1.34136089529
-1.25053952779
0.0918111160205
-1.22127161782
-0.598752136815
0.875046950891
-0.874142955011
-0.139116404572
1.2363814867
-0.843882441079
-0.818754293571
-0.815937777163
0.405030664489
-0.66283230185
0.0594546259367
-0.271094399315
0.201287274707
0.577982788327
-0.569489272192
0.578748288613
-0.682499884232
-0.0609941305755
-1.38919455565
0.195765095524
0.82411385831
-0.318642219061
0.264743944362
1.21026574636
-0.112051813522
-1.59786898625
-1.63759760372
-0.442800982416
2.30303546549
0.416438186303
0.635869031533
-0.67594084759
-0.635920750013
0.753652122265
0.670211273365
0.0896308841559
0.279113891713
2.60407582488
-0.00507540916209
0.0707288824247
1.89790957148
2.58483579575
2.92095567873
-1.15391245855
-0.147550455434
-1.93178909102
0.49648585387
0.160157397078
-0.636762484268
-0.168154753372
-1.33966628542
0.0503937853056
-0.238079726791
-0.42398756428
-0.855978341513
-1.14876609022
1.82177312309
0.416116811549
0.509969499656
0.544700921773
1.15280264814
-0.15038146827
0.510564264592
-0.361107278594
1.03784438319
0.71209135347
-0.0393775812274
-0.230357240107
-0.87711579883
-0.22110876295
0.39199825341
-0.118556497325
1.23575234076
-1.42888311126
1.55316949275
-0.789425750936
1.27764164376
0.358196982894
-0.470006893753
1.19574929319
0.788248485453
1.286860312
-1.84811687866
0.74767460851
-0.841194012664
0.893256890788
-0.539979340223
-0.0124914151085
-1.59915758245
-0.555119008988
0.740185356061
-0.0502762871
-0.143200352237
-1.38367383953
0.663609122435
-0.763119159548
-1.13579832685
-0.281895805399
-0.420822138078
-0.542031125134
0.357644790144
-0.439971215424
-0.0479784562259
-0.0096411078416
2.22432700572
-0.801929250062
0.256574205461
-0.0670219252757
0.176068346065
0.115837660164
-1.02295501112
-0.206483452242
-1.7298312533
-1.05880334291
-2.61056520115
-0.888928960644
-0.816373141052
0.96783973391
0.0793420014545
-0.343852478812
0.575952998154
0.339281558521
0.726435325776
1.33551369921
-0.112038626961
-1.48257175774
-0.195678625687
0.111425966796
0.0410624080413
0.0497208534944
0.317289431727
-0.311655228463
-1.1045390586
-0.420441448568
0.976531786029
-1.13804413458
1.23617208117
2.6141625141
1.9485208029
-0.0923820995436
-0.646486335247
-0.413382051084
-1.17010079875
0.413888628132
-0.291835428125
-1.58366575003
Score: 13