3
44
10
3
-0.538537212945
-0.481631919275
-1.27704552306
-0.689769406662
-0.195706405749
-0.587467130208
0.734006709159
-0.0711740666483
-0.852036357125
-0.00195060818168
1.11466081214
0.372825346586
0.375716504171
-0.190735305943
0.113917909929
-0.993068612997
-0.236430863702
0.131805530834
-0.464380027361
0.0713972480789
-1.31786268738
0.0207194150811
-0.040201218649
0.728739182633
-0.0854017305066
-1.89299108922
0.530999397385
-1.38623199979
1.33417344882
0.674217288264
1.28754565271
-2.67658979378
-0.800959944947
-0.83683964604
-0.341289683007
-1.17210716601
1.99449110153
-0.404358976246
-0.336819729389
1.74866308341
1.42081658891
-1.4524242031
-0.837287973729
0.678094541308
-0.0253688124494
1.3706050182
-0.800087825034
-2.24562982582
0.106548094864
1.20204357621
1.30809643567
0.652724185989
-0.0850307436355
1.1325706735
1.73925553327
-1.09481935862
-2.71958227335
-2.49722296917
-0.482946410408
-0.370038568068
0.0743744458431
-0.475244661497
-0.858730827934
-1.31738878665
-1.11850161752
-0.23613466363
-1.48349646647
-0.00771924911653
0.143185945793
-0.658237619232
-1.65557878026
1.53681581284
1.49327723864
-0.449638694454
-0.463297200426
0.320872947139
-0.518209683019
-0.595466918895
0.0464068916166
-0.465952246113
1.8403288178
-0.304772464234
-0.699151268942
0.386692343067
-0.931694189338
-0.517924053437
-0.635834621159
0.0253905586896
-0.331146863691
-0.771737141401
0.717218503432
-0.409910935257
0.738131620509
0.272184094742
0.587294157628
-0.762939127582
0.855013418981
-0.216893452584
-2.06508163933
-0.901707956722
1.13548191559
-0.43830009816
-1.46122995607
-1.20098151359
1.26454569209
-0.102738768538
1.77223973609
0.478689149629
1.43260490991
-1.28879786238
0.265076760159
0.232230495813
1.15228813631
-0.34904187096
-0.00439539450714
-0.422088166712
0.869618967062
-1.01205965035
1.63133478886
-1.06332370485
-0.642096552387
-0.547136927568
-0.231129976695
0.530033410233
0.924935957801
-0.518423826096
2.28360150446
0.572385575267
-1.2170102071
0.407473833693
-0.0514361521756
-0.361795881157
0.370762913933
-0.297388660736
-0.150070629424
-0.408159282754
-1.27167493994
0.544384592254
0.999317050335
1.27273454116
-0.674201355295
0.619009654326
-1.68257810738
0.656045857779
-0.393885507035
-1.10358745939
0.498940404739
0.807607263656
0.0733543854893
0.327475169146
-1.5751524604
0.644297968234
-1.81087634832
0.819570260274
-0.447616891345
1.65651796301
-1.20672585224
-0.330354241062
0.241574006311
1.68364675475
1.17132843147
0.236938750395
0.0869520571421
0.204842658023
-0.812519473106
-1.22731663727
-2.15668496292
0.108245586341
0.481890125198
1.3556703466
0.642149637394
1.10521493866
-0.025017753708
-0.0374704411764
2.62617497008
-0.33490523279
0.0539091428484
0.518106933308
2.15679058343
1.43379864299
0.000229977803215
1.98085597741
-0.361969830922
0.117021473432
-1.84516652988
1.29446787166
-0.43737814551
2.11979713526
-0.383272003036
0.4593934472
-1.58314001776
1.00121390637
-1.68556642973
-0.676693644283
1.31653827549
-0.0383462558643
0.197164408854
-0.0388852561811
-1.19792707479
-0.350698260245
-1.03102488745
-0.710733240301
0.857743095225
-1.65546460645
-0.946719726513
0.750459211322
0.441539852617
0.514034402608
-0.844403631574
0.387756542245
-0.882720260768
-2.07890408645
0.309531908814
0.756570447243
-0.232334121854
-0.463672273486
-1.16214249274
-2.3451542458
0.446425724119
0.690861872249
-1.42220901669
-2.52641121513
-0.334956070432
1.61945852746
-0.290880052629
-1.23500989855
-0.241980361054
-1.19422227135
0.292396763837
-0.91967664253
-0.740434179575
-0.390334773435
-0.714118122464
0.578087515213
0.038550934976
-2.06430772355
1.09994925577
0.0109042291416
-1.06170737989
-0.420821713156
0.465641663568
-0.859352669907
-2.79274892415
0.68190412399
-0.267477915798
0.257505711857
0.74768536844
0.464729843351
1.05579039924
0.0901252311774
-1.3633593903
-0.839605785347
0.548166668844
-1.0748270616
0.131421150205
1.52659404095
0.702656684568
-0.340686501545
0.174292036064
0.256564612155
-0.471559020875
0.297629467438
1.02653717014
-0.208391018329
1.20107407144
-1.03695875732
-2.12423681757
-1.63285963715
-1.3877916771
-0.153521308082
-0.454878879159
-0.193931622901
-0.17325528018
-0.434930956283
0.491032470561
-0.483121678127
1.29139881301
0.0426614234144
-1.44543762882
1.70979425369
-0.534674710107
-0.168798785319
-2.06422647124
-1.20476622558
0.661383330903
-0.420745826531
0.985622059045
-0.0221396671031
0.419778231973
-0.729253269838
1.26749165425
0.969269028816
-1.50778569749
-0.474455084663
-0.77461564844
0.620372891123
-1.07629627089
-0.229523962107
0.395880643954
0.61776196152
-0.339880875286
0.295576067757
0.115133376663
-1.27008975724
0.0132054624251
-0.385019051097
-0.00606806486484
0.25676435862
-1.35802520712
1.43304571919
-0.992166925512
2.85837047636
-0.82818611983
-1.6402579698
0.204344895781
-0.216581415299
-0.0774657615684
0.808042413538
-0.389447669191
0.814923818508
-0.264492215009
0.397654109394
-0.227257559647
0.659011410039
-0.396511265559
-0.728892968976
0.512254303211
2.12058915943
2.16280539295
1.04872694908
-0.526220450036
0.377816098458
0.237917621244
-0.14989254808
-1.22149687903
-0.776872038622
0.636529894185
0.158172949007
0.861033331737
-0.534081857724
0.382724253852
-0.45693007249
-0.159538506092
2.08822788417
-0.965278153523
0.398580037872
-0.312895727775
1.14697509384
-1.23875008555
1.43770513467
0.179064751008
-0.717459952916
-1.442503796
1.14483254865
-2.10033496226
0.240870562929
-0.623285172366
-0.292448984111
-0.372642040942
-1.66428196358
0.46660529799
-0.00663272301423
-0.0909095719405
1.90644603755
-1.38547773131
-0.258398035171
-0.535807566982
0.995498529426
0.846780642438
-2.24613482266
1.14583346615
0.138909851696
-0.409641129258
-0.354756613955
0.533328182405
-1.47316439263
-0.511940914742
-0.739744768701
-0.313118585843
-0.455706005726
-0.670428923779
-1.85717721955
-0.711022324719
1.29439434004
0.420823176465
-0.6599602285
-1.11742119263
0.507354154126
-0.57289176508
0.365919899595
0.465652833046
-1.59356749638
0.0446613941136
-0.326741809311
0.778739299246
1.12272803452
0.715237567979
1.76336762945
-0.468438528114
0.839841099915
0.220143859025
1.73684126773
1.13616542283
-1.02288544041
-0.793580238679
-0.306982678156
-1.20411786019
0.829874472869
-0.689187773161
-0.194474726769
-0.182524099884
0.686554178335
-1.79393022937
0.730645233477
-0.000873095106634
1.18093190368
-0.1799637791
1.12135054774
-0.824166519541
2.20968757076
-0.353016143518
-1.2570087936
1.16199325829
0.185756075009
-0.878553138208
1.02432444501
0.917318217645
0.173549084349
-1.04257347852
1.13299245351
0.00264223460613
-1.75436646843
-0.370769580478
-0.11260711522
-0.811857109551
0.315748353797
-0.136562770806
0.160161537582
-1.08281925709
-0.194426098028
1.24538020252
0.0423293898822
-0.0988378844064
0.0132652240816
-1.2054567032
0.145702780811
-0.480993702466
-0.715114520976
1.03589661993
-0.115613225767
-2.15499456675
-1.2447175528
1.86786953088
-0.76310882549
1.06827846766
-2.4411037083
0.220904291611
-0.739834408354
-0.101747175451
1.51542541071
-0.278783082159
0.28818705438
-0.95697080175
0.828304221932
1.9077064788
-1.35943029771
1.9320735375
-0.714177951062
0.496898941795
0.367222589698
-0.826243359338
0.546570574708
-1.33542019545
-0.982024796642
-0.0733909004249
-1.14497258281
-1.00863418081
1.36467901006
0.780893018197
0.0134925872717
1.04039803463
-0.416901863179
-1.01159790513
Score: 1