3
44
10
3
-0.43072158987
-0.62911449484
-1.52628753681
-0.85866286507
-0.219003509632
-0.79211659003
0.848836506901
-0.199715776796
-0.982468448492
0.20431424041
1.1502893299
0.466821032165
0.231629565917
-0.498606190314
0.111355826519
-1.06527659739
-0.271151511964
0.292584656762
-0.664256727992
-0.103006129138
-1.4278366341
-0.154196578609
0.211607766129
0.830815202396
-0.172807393596
-1.78174601757
0.68979899899
-1.03098120041
1.25160821467
0.712510064109
1.47143361318
-2.64781281748
-0.876803193218
-0.582072183821
-0.160847874315
-1.45480476902
1.89862943669
-0.662010034637
-0.0596109308824
1.78437182583
1.36215587949
-1.48532268903
-0.743404540638
0.455656636118
-0.0112431665517
1.2588459643
-1.03628862593
-2.11665280179
0.35769293184
1.0173624199
1.15166125453
0.436399144704
-0.0970087227179
1.16813590468
1.9807478884
-1.14666364525
-2.9450054955
-2.20510049385
-0.424108828793
-0.244750064058
0.183507883751
-0.51430300677
-1.04899897226
-1.12255724738
-0.698131267566
-0.485131282075
-1.68504690789
0.0533539849094
0.0137636416598
-0.589774306074
-1.59141873801
1.37328567992
1.24411411416
-0.599623418337
-0.617319334357
0.34949598929
-0.524016299044
-0.647993792516
0.251260995767
-0.577752560303
1.68733099501
-0.26029393549
-0.456968706448
0.5577814671
-1.14280076949
-0.51230989993
-0.608722055662
0.106135097458
-0.349808499943
-0.83598097738
0.699672095814
-0.397076840646
0.913607450353
0.583596293901
0.55000127934
-0.69272845712
0.836362276567
-0.104985256014
-2.38691141512
-1.08333161338
0.927790663387
-0.659600855819
-1.60901583391
-1.31729768107
1.51742885241
0.203399020615
1.76179522189
0.488555706255
1.18458094819
-1.22810896316
0.199180963431
0.307695140761
1.23675148809
-0.251499031857
0.0824409024033
-0.438918391045
1.09804264208
-0.806375694088
1.60531939751
-0.905113302481
-0.805052668255
-0.451220169899
-0.285037537122
0.389258606648
0.949829570071
-0.648698940797
2.02890411082
0.430845674404
-1.1563578599
0.454321872773
-0.208330356736
-0.326460968728
0.0496095939661
-0.403344214789
-0.367031083956
-0.651936857726
-1.26364773502
0.638223435255
0.690957192461
1.39807278739
-0.640987823971
0.606628592766
-1.4349984576
0.629451709107
-0.434096718546
-0.991765035162
0.284567000717
0.980644982984
-0.170294710502
0.382730737802
-1.42715942533
0.680652667364
-2.06298909242
0.933740290348
-0.513040971974
1.92534909461
-1.32385471497
-0.312041472036
0.508324792716
1.69297115187
1.36889356292
0.115025309689
-0.11632680984
0.282868196764
-0.784501880824
-1.09134011355
-2.22604186701
0.123965850215
0.417819155882
1.26696748325
0.821639930083
1.15358770216
-0.0211349941223
0.0253291343502
2.65557129878
-0.211129790664
0.1255239272
0.661351915574
1.97527992435
1.4276870414
0.144944690739
1.97323579262
-0.507055490561
0.191408215645
-1.80881638981
1.43170184089
-0.276402824882
2.02517537077
-0.414898265155
0.550200754123
-1.48028812654
0.916976068371
-1.418982977
-0.669679028715
1.39341779103
0.0924719829448
0.128783788724
0.262918197806
-1.12527013617
-0.576246444573
-1.18526249313
-0.787760378989
0.899936960481
-1.65864560635
-0.836897388795
0.857751848234
0.613866961328
0.772447088207
-0.979523655917
0.498803219209
-1.23180138809
-2.07586293303
0.300016424886
0.562315428154
-0.246384351755
-0.72715761117
-1.23430684183
-2.38843233467
0.720349519999
0.825359278123
-1.26240527438
-2.52803063096
-0.219865414523
1.52141437155
-0.490417714281
-1.04172588688
-0.24290874627
-0.999274610529
0.222752880426
-0.796050462806
-0.594686747262
-0.420050984939
-0.806619643233
0.683500622733
0.327276040285
-1.86630888471
1.11806273516
0.277413894045
-0.893498933062
-0.422232117081
0.40693344677
-0.616820381853
-2.87908874499
0.912038842978
-0.219847911007
0.189809472629
0.421611098016
0.57508565712
0.877495133358
-0.233653236213
-1.43054198298
-0.775801791102
0.624795523893
-0.85485583563
-0.0156726596002
1.54959766429
0.590474732888
-0.188087742374
-0.189439076512
0.407522631972
-0.836476882991
0.153875582725
0.85480207656
0.15588977053
1.27600239712
-0.908740678529
-2.34444832863
-1.71444188707
-1.49207381629
0.0155945146378
-0.423811361411
-0.139118128501
-0.190343970703
-0.529788853843
0.308498843392
-0.403009120801
1.3053217185
-0.106715642072
-1.53597727443
1.59625446421
-0.432522265819
-0.327572231348
-1.84975753085
-1.11161846709
0.489262542321
-0.464286952857
0.893452267676
0.211884046047
0.406287286775
-0.85962432647
1.36831998043
1.02475529836
-1.35578218183
-0.629403595456
-0.889349927002
0.528127135517
-1.00522775383
-0.101560462454
0.413258963356
0.769908146382
-0.263112342537
-0.111189189345
-0.0854114207572
-1.34097137763
0.282979816747
-0.369281341825
0.107443254016
0.273360072598
-1.46029037542
1.21462088171
-0.998122714363
2.90622399688
-0.702022596617
-1.51290431527
0.124986857697
-0.0205431028741
-0.348378475817
0.78683085695
-0.369067785682
0.698144544892
-0.270423060368
0.292798969396
-0.21614649235
0.595815104545
-0.372893992114
-0.62874232162
0.713132585761
2.25529615606
1.9715670823
1.28159519092
-0.663043623235
0.0418282223758
0.166893612621
0.167534760373
-0.945666769986
-1.27519556009
0.586754248464
0.335596603714
0.530463485419
-0.615354686
0.347062463882
-0.287906079138
-0.236469295336
1.92159489869
-0.981606126685
0.274958235879
-0.106391876366
1.2373753433
-1.29207025673
1.40276892981
0.252634505846
-0.749970550014
-1.04742847764
1.18173372266
-1.93966698472
0.667076803257
-0.670602491848
-0.0938057924432
-0.550310867762
-1.5058544772
0.691248898566
-0.17369201971
0.00254117314896
2.21092294476
-1.35805583125
-0.305884188195
-0.559035542275
0.997054697323
0.881613603537
-2.24980851186
1.16895406092
0.328178349561
-0.351215886609
-0.574690767474
0.577668469197
-1.49903053327
-0.421862384036
-0.902246884306
-0.151056909219
-0.248059569643
-0.825532092804
-1.70098403662
-0.660429711895
1.19733559557
0.562910526261
-0.782660435366
-1.03023207006
0.330509414998
-0.595134118305
0.230694976119
0.623541360088
-1.59445633434
0.271466161526
-0.23310074806
0.72281746637
1.34343798343
0.909903834277
1.97558427071
-0.479447186633
0.949361337697
0.0231708803595
1.84473425101
1.00017495522
-0.939523615928
-0.673938375408
-0.450715202271
-1.07139307782
0.643606823903
-0.803192587915
-0.507856110259
-0.249058853802
0.441493506078
-1.59169893741
1.14043989582
0.255952173247
1.17326807025
-0.138896404507
0.81458308643
-0.810932618647
2.20519512601
-0.658853188885
-1.2615476958
1.24815060417
0.0805447626834
-0.888527854396
1.06868661681
1.06055868095
-0.0799130304036
-0.995990169103
1.22995369036
0.114589580579
-1.89486071261
-0.481718521912
0.0387534608019
-0.875725087109
0.174265252523
0.0907810196461
0.096528515861
-1.03965247111
-0.184620761447
1.10974409825
0.0258644476855
0.163360877081
0.0567823268346
-1.2268617269
0.222136579454
-0.353869688074
-0.602970706787
1.20062616377
-0.329861157546
-2.30558738576
-1.45152257342
2.08794770234
-0.645415010857
1.00365630366
-2.57710690846
0.0151951827906
-0.912932429172
0.046971044049
1.36686253975
-0.199830618878
0.333983166623
-0.967887449405
0.77768220457
1.67233676777
-1.2917817884
1.96109448516
-0.619250422249
0.305633109515
0.745479612831
-0.805521780624
0.555437615328
-1.42056327197
-1.13569886797
-0.181935563414
-0.831781764433
-1.12291384119
1.14315537859
0.701786308644
0.129690059655
1.06356948014
-0.489054822772
-0.870098706062
Score: 10