3
44
10
3
0.476199911357
-2.84140743741
-0.114840934373
-0.92029575508
-1.51983061118
-2.00883710949
-2.19748781249
0.888831478331
0.984445684014
0.7152399043
0.234130712089
-0.689037516775
0.0469463739741
0.0543385096951
0.987160176436
-0.420573845565
-0.113714867018
1.03450407519
0.76104413059
0.326795423562
-0.318867214727
-1.84122649544
0.640786402599
0.286909111722
-0.453704833479
1.76602672455
0.201874748196
-0.812931380192
1.1014600556
1.17533284805
-0.0541680601138
-0.162308330653
1.16857241692
0.872831400335
-0.247543330975
1.38090073873
-1.5555663826
2.06773766023
1.22966691293
-0.22893568708
-0.796387563278
0.317384124281
-0.835981693166
0.794057073642
-1.04721890122
-0.437645348132
0.0690931935659
-0.455158695724
-2.39355221411
0.318943716702
1.38143395755
-0.245002834992
0.829407689376
0.337933417675
0.50094197496
-0.543788612703
0.391202036142
-0.116650466554
-0.677919939473
0.915340388752
-1.45737620997
0.492863471027
0.788350902477
-0.908005209676
2.47096896379
0.779695945417
0.718256085672
1.21846645622
-0.841008651244
-0.0631747941858
-0.432479274777
-0.869433801273
-0.656963753763
-0.807516280385
0.0928455857374
-2.71224209525
0.292686386389
0.643344742682
0.777983169124
1.72581147992
-1.02440140008
-0.915696604879
-1.00050979664
-1.00619915326
1.76146843446
0.920568001237
-0.277096156132
-0.112601291761
1.00588142349
-1.19886106215
-0.546748325435
-0.828760195054
2.02495948064
-0.844702219554
0.28943607222
0.647206032235
-0.927031778186
2.16822983242
-0.29554441184
-0.596473700347
-0.879772995256
0.299802919716
0.69271138649
0.848959905936
0.240938436556
-0.765298649027
0.978856974222
0.0027968269164
0.334295505317
-0.499544777761
0.0664672599948
-0.871797688757
0.0741778146846
-0.328591332321
0.274045935165
0.177618332983
0.883735450884
-1.34522027614
-0.227139802667
2.32909598924
-0.743937752714
0.0162761310346
1.28388673228
0.593804497368
0.0966278538255
-0.257602217612
-0.553446635343
-0.444191774394
1.61402546557
1.09545522891
0.934176759423
0.906851969037
0.750073382913
-1.02478394277
-0.643536839727
-1.03459280603
-0.826875446158
0.530456407507
-0.936691107121
-1.31890980175
-1.67800004642
0.498858322753
-0.353341309277
-0.764119731813
-0.652304086716
0.143571556483
0.915847936183
0.608873487595
0.953683416555
0.141748202008
-0.526678353121
0.636400715748
0.573704584657
0.140885021368
0.566819343878
-0.977190526609
0.704936752731
1.18498637265
-1.10504755497
1.98940918387
-1.06845552653
0.646086912139
-1.72848608761
1.28908481546
-1.27877536559
-1.17551063788
-0.221114783076
-0.147387714291
0.486089487002
0.0412392364932
2.37644717343
0.736412153475
1.00184680587
1.83620073694
0.10670371286
0.0220031327205
0.788929273917
-0.709240840534
-0.0796264188808
-0.223074356447
-0.330249235656
-2.27784889521
-0.844364491935
0.835781411745
-1.55675302034
-1.42321288047
0.178982886066
0.993173157494
0.619558283876
-1.47271779904
1.16180168356
-0.271476917567
1.08789957543
-0.968800166129
0.0608279535977
-0.739107164036
1.43961669183
-0.109287348066
-1.98488815991
0.257497696158
0.816705775964
-2.05004038005
0.0341105132172
-0.128671711933
-1.37671801482
0.650192266925
-0.548406966323
-1.36521345133
1.34475036975
-0.669003198284
0.0993987240267
-0.891517298072
-1.51039168366
1.43061174637
-0.261632450727
-0.24276540136
-0.468168164781
1.89070236449
1.57309991896
0.753854848884
0.218929883944
0.640190737072
1.38862668394
-0.288531077347
0.487066479258
-0.588066074859
0.28072364511
0.367044927619
1.04819190162
1.05112666039
-0.770599860126
0.349870562137
0.37988077247
-1.50512994007
0.107746510665
-0.344328817399
-0.577125665394
0.8207677062
-0.799449895419
-0.728006084325
0.475426519578
0.332443447043
1.11972469315
-0.967191643029
0.0198328690412
-0.215095831662
-1.17254195846
-0.117525980512
-0.607888314196
-0.952894915863
-1.15910247969
-2.3091002348
0.936746558649
-0.195762526658
-1.36203374138
1.20228640533
0.785491404828
-1.83546682475
-0.777320496587
1.29559404446
0.153407750144
-0.317128600298
-0.307522431617
-1.21607441474
0.150932589044
-0.642816033987
0.553747460287
0.607901915949
1.56876740349
0.544710521651
-1.62850107024
1.36955366863
-0.367080933177
-0.362033932526
-1.32695165231
1.64746265291
0.191636394103
1.16691887242
-0.669669140512
-1.20684506407
-0.764967145968
-2.51169321223
0.0743201178273
2.38241777597
1.39456372859
-1.85427637761
1.61264542245
0.220214073895
0.444313782572
0.265516679709
-1.59596860486
-0.34787009701
-0.580039119689
-1.17140323497
-0.779553887856
0.0147421691137
-0.53575441539
0.400300282858
0.364385621389
-0.637035281714
1.73230263423
-0.365379376332
0.0742457483455
0.490254246853
-0.356159109064
-0.194776406035
-0.905170014864
-1.04304795658
-0.452579762189
-1.25656104746
0.573975495652
0.165118815057
-0.148903801758
0.0791798609073
1.05767891787
-0.0201507943203
-1.9544000407
-1.00168042613
-0.597664886552
-1.64753368573
-0.0876226252572
-1.97928106255
-0.69411373173
0.0942596961804
1.5363301357
-1.08668525241
-0.962211826847
-0.751782470434
0.74087120323
-1.76324312303
-0.248480068477
0.88280358454
0.179451253136
1.71876603838
0.614975885672
0.828132308711
-1.69639908224
-0.426585586721
0.394394953751
0.334054394637
2.01518749664
-0.557781737297
-1.68530095698
0.810350822803
-0.530274777659
-1.42254125252
-1.48205232729
1.11953524508
0.438952492176
-0.334703057131
0.0926304014979
0.574228805292
0.838079955343
1.34372132524
-0.494893784548
-1.17178321987
-0.124604377342
0.194470171301
0.684651904374
-0.395600893634
1.45263294822
-1.79931763451
-0.611888330559
0.328336364338
2.3631410114
-0.280734968711
-0.808851393329
-0.33314232055
1.23744497205
-0.47339160065
0.285392273266
-0.0686946022101
-0.201351093759
0.143011195012
-0.267342602801
-0.158375737381
-0.980067639981
-2.17679754012
0.0896510659747
1.36117994203
0.973168069768
-1.14863783531
0.772776613525
1.9114990721
-0.782028655677
0.736855215012
-0.969083154917
2.53961721969
0.60971620202
0.242258467236
-0.791517893937
0.635651987579
-2.22603258905
-0.673905179801
-0.567730648567
-1.11274392775
-0.175308000234
-0.228755940091
-0.300134784806
0.720166629483
-0.106529070819
0.125829065139
-0.0213310632321
0.116478688754
0.681009503146
-2.03024477762
-0.516653627135
0.155654327178
0.272849540181
-0.677083362122
0.1472932884
1.57203587657
-0.134641308489
0.37700428389
-0.0694277244381
-0.181399916258
0.704185778937
1.63786489204
1.22529776179
-0.510660240049
-1.32049062607
-0.0158520776812
1.51559504175
-0.150076302792
-0.058175971409
-0.255352648493
0.141431740132
1.99819943573
-0.483498064137
0.189627938365
0.288411678106
0.145726912272
-0.847480599387
0.710313979257
-1.60736927808
1.46611893216
1.38185559816
0.552638662448
0.934498549049
1.04356111305
-0.129528123102
-0.678725866861
-0.926843863951
0.819659186254
1.6742995588
0.619134382537
-0.889402788261
-0.797343894568
-0.276068776971
-0.257841445248
-0.38416147705
-1.44469193312
-1.90236589545
0.127106893464
1.20094760262
0.649595263949
0.162636113478
0.269275909471
-0.451823523596
0.590945203195
-0.556416595252
1.52573398793
1.61742418939
0.0231143283567
-0.173213913421
-1.01876591764
0.774327929022
1.33736935262
-0.784885667439
0.0370917656957
-0.8846239031
-0.469322924011
0.0767228431634
-0.865226537134
-2.67368587934
0.0672677328389
-1.02617562468
0.686062684423
0.310665559573
-1.38080401565
0.185305702665
1.49926983129
0.800670786562
Score: 1