3
44
10
3
0.432238909325
-0.952581544389
0.522201629431
0.484332322731
-1.14708697957
-0.969915934308
0.566899837316
-1.31191070326
-0.987206494347
-1.27152037178
0.33145735468
-0.291674547625
0.167187233441
0.499619999964
-0.566541919803
0.688247804505
0.465461782625
1.21811759771
0.976837243755
-0.593169841266
-1.54068616782
2.12535693694
-0.716886717358
-0.252334985088
-0.58043245518
-0.290762500766
-0.923332322084
2.16913572608
1.22749729663
-1.22634562381
-0.287695064237
-0.244083116218
-1.36691530652
0.590149921366
0.71520658081
1.60766826679
0.558762672603
-0.625180991143
-0.72999861078
-0.883603744799
-1.26973073482
-0.0575348945114
-0.617843442066
0.815974979973
0.538586225534
0.626169015986
-0.352819452007
-0.814515053705
0.15135249794
-0.112579881761
-0.526173293808
-1.5511565266
0.0587644840556
-1.64158549962
-0.508629961168
0.189345457212
1.32121270833
1.86782586041
-1.74254654732
-0.878737156823
-1.19038451114
-0.0499669243627
-1.65384055273
0.630270141714
0.349618514812
0.220610189873
0.335092477407
-1.80248445507
0.114504909964
1.22801326954
0.789287393032
-2.5615291827
-0.7291365563
0.0544047662447
1.07110829723
-0.275363192035
-0.192071638806
1.98999654842
0.00452023208303
0.0116460502221
0.368860473498
-0.589446841972
1.17834335364
-0.259548489588
-0.907854246795
1.25727915854
-1.36574624729
0.947733443983
0.521267091128
0.697469593455
0.180570580002
-0.39950496475
0.291038237467
0.270146101551
2.70762889333
0.577333458217
-0.922547268097
-1.54479617856
-0.54464053366
0.395173931606
-0.00300753828509
1.65486183054
0.462940160051
-0.678424294352
-0.622862461532
0.647818358418
2.17772469703
1.55457415741
-1.31703967132
0.394847476934
-1.30084237105
-0.0763780334644
0.126751099265
0.0099866331341
-0.2337265018
1.17890943739
2.82216174334
-1.02748052223
0.0688212143835
0.182642106292
1.38961283445
-0.255495822386
-1.55287475583
-0.679905208597
-0.838496927009
0.926494275157
-0.855003084127
-0.248253114557
-0.00926736167534
-0.83301090784
1.70071677271
0.937969168234
-0.886225244989
-0.67827626205
0.1079545612
-0.301327512981
0.0152838056197
-0.790378169456
-0.833248364446
1.17841690061
0.747035842392
-0.610388483107
0.862282245807
-3.43425697813
-0.541226499478
0.138365926672
-1.7217390594
0.430807180543
1.72123110632
-0.0223837846818
1.32242755297
1.262761838
-0.937349850768
0.945698028088
-0.393758701612
0.448704031669
1.46631393479
-0.828963865604
-0.789934065535
-0.64999118732
0.147309836054
-0.50779671803
0.65194429945
-0.805639844082
-0.766407127473
1.02673820305
0.371568026329
-1.77841116905
0.278340582207
0.987082337757
-0.772573545912
-1.04066394296
-0.687169877153
-0.23593463981
0.858627095475
1.43203360199
2.99179754455
0.218639752278
-0.951454663989
-0.726522265935
1.26912483858
0.790682058176
-1.34858696768
2.07025046636
-1.37220132289
-0.8983956668
1.06438762098
0.857113878505
-0.320053792904
-0.581258358276
-0.453361108227
0.200560035464
0.604400511314
1.16983673661
0.895066844669
0.626263788833
-0.0301199071456
1.19206156059
1.81058914449
0.105018366572
-0.783478174881
-0.0236818092405
0.82973722092
-1.2635458916
-1.05647071835
0.523771568038
1.40836583178
-0.0162740218297
0.860453349532
-0.311559861668
1.69659330858
0.51967301854
1.26806552929
0.706389304263
-0.185731556417
-0.813097245169
0.902322091472
-0.697931650677
-0.769470194273
-0.561782173857
1.12357514423
-1.20833461852
0.0853702961281
0.199483371701
0.208241395604
0.851439573859
-0.566341426704
-0.259005349991
-0.0983862886817
-0.631370596189
-0.181673936525
0.398436807808
0.385910046328
1.27332113254
0.776458330969
0.707443707728
0.33120038634
0.413135129236
1.54787342798
-1.74141174068
-1.09962973853
0.9392084889
-1.46193876934
0.77913293302
1.5809510831
-0.289258267927
0.351339853173
2.02013551493
0.0244363895417
0.0246598606178
-0.2723611782
-0.584413052993
-1.7436166637
-0.803416341262
-0.118049210081
0.329436997719
1.16775905729
1.04463168338
1.44783463845
0.729877241929
0.512372844458
-2.00000628706
-0.634705575067
0.492394459676
1.07231932256
0.218662345954
-0.38616443874
-1.79197854964
-0.906664187851
-0.125945245336
1.14306394064
-0.43385387955
-0.452318912311
0.527998210782
1.21616195569
1.38853629102
1.15361317297
-2.43051459983
0.702073329616
-0.192739548625
0.474299162146
-1.16224993986
1.3374868673
-0.347286096304
0.00469983449968
-1.56578380522
-0.926907247397
1.04558376695
-0.364926272239
1.65013282069
-0.0148322192241
-1.20633148819
-0.488165663418
0.55824015137
0.593101775482
-1.06698439692
0.716422694742
0.32395800684
-2.52560198644
0.331584610386
0.418157435419
-0.236510631864
0.877113991085
-0.52354736367
-0.752390082023
-0.428460320511
-1.28080093238
-0.790174530673
1.04826707238
-0.0187365896015
0.371794093509
-1.75192739475
0.859799062139
-0.306602095011
0.443642492287
0.586672649349
0.240880762534
-0.326127794729
0.867664781801
1.90226939559
-1.19334101135
-0.655105240048
-0.478655976771
-1.5675700931
-1.03817314193
-0.282239349106
0.330380229138
-0.118961075575
0.0793391455288
-0.670052728786
-0.452258874422
-1.73951294736
0.289753956689
-1.17768025658
-0.701535415705
-1.32957541219
1.85460885526
-0.819788133335
-1.10865667447
-0.661085365614
-0.45629375283
0.935011270311
0.0468457624725
-0.0255617575874
1.40955286458
-1.72966631713
0.348641642894
0.52736243541
-1.4586424624
0.592867009613
0.12043177533
-0.15629579603
0.20397071181
2.50303355578
0.388705816698
-0.776802950222
1.54689885424
-0.360721889568
1.5786281471
-0.689778737564
0.557335610024
-1.62085517365
0.272962295845
-1.52924271577
-1.54645358217
0.240572435937
2.046340467
0.190661820975
0.546932778743
-0.102185635954
0.901872897053
-0.396323723421
-0.248341200414
1.641193624
0.700104446006
-1.03762788995
-0.121881317448
-0.146238854506
-1.15132447424
1.07999211513
-0.868228818773
1.46015885412
-0.141638490581
-0.624554531564
0.0893761567703
-0.31054113809
0.210690791169
2.15447894762
0.940357426936
-1.10969551386
1.01039176111
-0.47030149446
-0.54692844974
-0.635590645508
1.8138887734
0.865205282725
0.755591535845
0.259475740173
-0.263699738996
-0.720335323979
-0.903697687511
-1.25701160713
0.416493849158
1.01667588217
0.193030857365
-1.19630410643
-0.22135979981
1.88218928645
-0.617737179346
-0.923430308074
0.328283763791
-1.61509250681
1.14386663667
1.20304484423
1.07751836077
0.57433793397
0.543345931411
0.858901801125
2.67837946248
0.527889393722
-0.632055367434
1.42728573519
0.658050143566
-0.20876282809
-2.23395751773
0.684330246471
0.350323168384
-1.47971078416
0.790612374339
0.0170868534627
-0.90080793287
0.915812706659
-0.332609606856
-0.443399689442
0.609465831471
0.217669650722
0.0425947055918
-0.404913912732
0.226973245128
-0.0141891103454
-0.836561289328
-0.805475852708
-0.18455801078
0.357166707052
-1.2479551816
1.16548197549
0.593145458187
-0.598675360125
-1.0964607439
0.610437539591
-0.651482848534
-0.541796032835
-1.3877702113
0.124999074406
0.724865841786
-0.586372391431
0.216266117825
-0.350576974966
0.424067366038
-0.639238448472
0.162474197815
-0.176345092469
1.25324801505
-0.193476096813
0.112608478468
-0.929282998323
-1.13084260425
1.34128670245
-0.033207682774
0.110289799042
0.305100420259
-0.155413072113
0.514542306324
-2.36936891877
1.22043254635
0.54212886084
0.640254196333
0.909775751398
-0.0100309723189
-1.20244673121
-1.0438790015
-0.801908210404
0.251594312796
Score: 1