3
44
10
3
-0.703354300188
-0.667117670013
-1.51104515679
-0.887081042178
-0.00133572137298
-0.411654511606
0.690186471446
-0.24474181612
-0.932982806817
-0.233911958846
1.11353108051
0.38535991525
0.371501876856
-0.4258370591
-0.0193526874924
-1.15097528865
-0.773967402911
0.465193173895
-0.834817131824
0.213313237469
-1.28702516662
0.0188063446355
-0.210934145304
0.511333915576
0.0275404123015
-1.99348495431
0.640637440221
-1.02048169594
1.27932105939
0.485754665566
1.36758140312
-2.58368550994
-0.777159502685
-0.825879698415
-0.139436874823
-1.32206388696
2.01360505695
-0.859490774948
-0.295258709398
1.69331061726
1.55831307744
-1.10534177202
-0.744044811444
0.801207358421
-0.243869455872
1.11065189138
-0.595397924418
-2.11913545922
0.347868323549
0.88464728228
1.06383583607
0.556357356617
-0.00572033341426
1.3791355689
1.6122036976
-0.747503274919
-2.82989839839
-2.37081039213
-0.323162124066
-0.366593827568
-0.231007475301
-0.487065217481
-0.965110752393
-0.945041255472
-0.995614992276
-0.437025468875
-1.69552438987
0.0254720692058
0.372898443184
-0.73286953393
-1.55417804597
1.42766406148
1.65388709442
-0.313341407284
-0.324678893768
0.269166283923
-0.433810631597
-0.593218848948
-0.184641579818
-0.381718842536
1.68779493239
-0.354435873356
-0.46410178068
0.0237180524282
-0.959256560489
-0.752282530673
-0.496087791955
0.0198131219845
-0.277813008634
-0.897461347543
0.604094605086
-0.513311049097
0.836844865224
0.349721791248
0.613477041046
-0.556198750338
0.965219116321
-0.241550136736
-2.20762786887
-0.953679690168
0.581696473897
-0.338969482401
-1.78706841768
-1.48072893087
1.77562488586
0.228150884638
1.82145557047
0.592844709429
1.49061713413
-1.29544482837
0.127044691995
0.0412757325334
1.3327557273
-0.318149755752
0.106538392678
-0.230135347912
1.11026257132
-0.608753931085
1.64042427369
-1.09617143274
-0.858250892049
-0.455834604787
-0.428139101392
0.261301519393
1.01511951673
-0.651677941203
1.96073624007
0.35345602472
-1.37198308134
0.630299813782
-0.14192362823
-0.487675684291
0.460749248097
-0.236135707666
-0.0823927436285
-0.606371410122
-1.31086857833
0.63549364108
0.898884921379
1.34884426423
-0.769839038008
0.81410407128
-1.6029677656
0.486870795103
-0.338303563092
-1.35815424358
0.578554417623
0.73272600551
-0.0681471558204
0.453221827353
-1.50410779936
0.650794118974
-1.95827615228
0.774723131805
-0.567812132907
1.51907232332
-1.354663983
-0.435635285656
0.435948503708
1.7875598592
1.1986975214
0.394142341467
0.0293862060073
0.316847549841
-0.756900863957
-1.23338698093
-2.23467016132
0.387696801767
0.529933964293
1.1048361417
0.617980625632
0.937610293851
-0.0808985800251
0.023422194889
2.61794074164
-0.262426844396
0.158260978222
0.95324330754
2.09838757648
1.58638124034
0.0912681913087
1.96700424515
0.138399151388
0.0353282439125
-1.92043364902
1.36167805567
-0.269048327001
1.96039468392
-0.129046957207
0.637093045588
-1.5449629276
0.711285248795
-1.61988251232
-0.383026312135
1.40952543579
-0.446950537135
0.269657932036
0.121599421964
-1.20815758559
-0.452304618679
-0.893246110466
-0.751712677568
0.732006296218
-1.59560284713
-0.904023880289
1.0110086537
0.830763472485
0.32834598733
-0.956514333289
0.166541815007
-0.944639089803
-2.22788063247
0.410365571405
0.771324367567
-0.471465123604
-0.659590343083
-1.21147216868
-2.37478621851
0.398627764633
0.444424603364
-1.22859467767
-2.55734687327
-0.58205963053
1.43510524378
-0.236185333576
-1.307248702
-0.572511160461
-0.76513765753
0.146153849352
-0.79084538604
-0.593121500855
-0.234451682104
-0.709308779652
0.56534285643
0.242693652281
-1.57262671616
1.72219240402
0.195007241981
-0.688931308376
-0.462148372865
0.329766513257
-0.493282569736
-2.97172731905
0.900759850712
-0.255019504195
0.0307762378132
0.600448103926
0.191078464991
0.607456708106
-0.419444872219
-1.48489886707
-0.94824309756
0.423720506851
-1.38247676947
-0.13573477205
1.30747632092
0.63975475306
-0.246677433888
0.219832654024
0.311732486536
-0.596763058657
0.00284468770857
1.20666208981
-0.0196244515956
1.14363651547
-1.08260895987
-2.25114582015
-1.94469910277
-1.38138817711
-0.273308823524
-0.527713099833
-0.093870492754
-0.238023186566
-0.497954377949
0.210280024325
-0.303005653963
1.29448939934
-0.185303094332
-1.55267632533
1.5516285769
-0.0833645716604
-0.16228790471
-1.91846708255
-1.20210888313
0.583542629616
-0.276684133993
0.750904954407
-0.189578927367
0.374351543662
-0.933200529089
1.55700422445
1.00515538983
-1.39180526827
-0.346787631586
-1.12179406901
0.757777999852
-1.20101810643
-0.491192957541
0.658429949625
0.462061350352
-0.156916925248
-0.089811414584
0.174014867577
-1.22729123769
0.0132313846022
-0.2442018252
-0.0014992514983
0.543588165759
-1.39867027923
1.37076492586
-0.741668991591
2.37903731724
-0.902868916963
-1.85472146023
0.194277980776
-0.389328348719
-0.0538660721357
0.458788142415
-0.335401480444
0.793936340438
-0.131870049283
0.622945640559
-0.319546098965
0.400927367941
-0.138805988845
-0.420428650592
0.540563940018
1.83642542445
2.13499823754
1.0235399266
-0.560101634243
0.140897677177
0.207057483659
0.0907330530287
-1.22930821283
-0.872920802294
0.603531431062
0.341767999913
0.742858278385
-0.466331212535
0.208295258009
-0.38013769074
-0.265943843201
1.74558494466
-1.32047757078
0.372910719375
-0.260175284558
0.929168708682
-1.14634058577
1.64249755023
0.230104834112
-0.731148136052
-1.35589327233
1.02466306196
-2.13257547466
0.261357668112
-0.439266098589
-0.174547731054
-0.49805730671
-1.61695652938
0.644094233595
-0.37085826109
0.0133932621257
2.14522020473
-1.57659647391
-0.204293717776
-0.533617129546
1.13563860316
0.794516034577
-2.25004893279
0.963232597951
0.209307400966
-0.270261345557
-0.222421689882
0.453992436775
-1.84456057654
-0.906738427498
-0.819885898098
-0.319520817338
-0.439156891044
-0.829705799677
-1.75136682437
-0.299644660974
1.06947705275
0.429470710454
-0.485347859588
-1.13028494473
0.535525453656
-0.55400099093
0.0895703677361
0.441422913278
-1.58831049504
0.0689749704508
-0.130638734083
0.609269348003
1.33175578095
0.869843937932
1.7314240586
-0.52608015597
0.849366529749
0.389766132671
1.6852825673
0.934116116311
-0.907454878956
-0.819863063211
-0.437418452915
-1.18132433843
0.689151333154
-0.460241326808
-0.141068408519
-0.10993019821
0.214884981552
-1.44535923615
1.0905363943
-0.165379896764
1.32011633688
-0.0257712695772
0.834920213027
-0.698061002241
2.21460786801
-0.619417008452
-1.13333577893
1.01789780632
0.376884403525
-0.906889707536
1.01907731
0.833829773008
0.162376761963
-0.842037794166
1.13180013553
-0.313657472436
-1.42141019223
-0.157137273555
-0.124972585406
-0.559618890105
0.317729417283
0.165754995476
0.0758584482699
-1.03030651379
-0.368857953813
1.13217648962
0.12722071586
0.0762032703078
-0.00275139985191
-1.44500442097
0.0649098400255
-0.565619500763
-0.421113887417
1.00057797301
-0.238001877241
-1.78733967781
-1.27574825277
2.2068049712
-0.803541373086
1.05442639461
-2.62487545498
0.142170350406
-0.832897953534
0.00471454617914
1.5525266176
-0.0440896395358
0.597411469464
-0.771206695176
0.817687398193
1.76292891151
-1.54372614783
2.13223324508
-0.694786662818
0.503239900842
0.328876602886
-1.12190888794
0.637295731985
-1.14879572328
-0.959363467629
-0.0203918665724
-1.12470680002
-0.73459328311
1.2188503737
1.03980728318
0.00272263290412
0.805413650974
-0.261036728841
-0.815744944687
Score: 25