3
44
10
3
0.782984344406
-0.432452333475
-0.953551997622
-0.128725494115
0.632911555656
0.173421228008
-1.46792175987
0.436474953049
0.781893683178
-1.07048956132
-1.38875089627
-0.285765656524
1.35950770266
-0.401754409756
-0.685833024091
0.385402810018
-0.692857424445
-0.348228417919
-1.07054748333
-0.13119647892
-2.33978693698
-0.838192863185
-0.305254280423
-1.55062636335
1.02185668627
-0.174276274106
0.2281570373
-0.121856045117
-1.44939591312
0.640513496983
0.816502739416
0.287015282352
0.133646921193
-2.69142688242
0.276953924061
0.852910575437
1.39709841815
-1.47782084936
-0.175300587367
0.828848795371
1.4358975984
0.429097367693
0.36201980082
-0.265192317627
1.21730571962
0.938734026429
-0.859944179412
1.78526798042
-0.304122540614
-0.689856532937
-0.652708245725
-1.88970660225
-0.516663027915
0.506562757469
0.520421248306
-0.341811861791
-0.849013471222
-0.745267311447
-0.608138313046
-1.56581585552
0.809176215776
-1.2381195884
0.56978304892
-1.18384892336
0.333798716449
1.30265507868
-0.682720135131
-0.0524453528028
0.513004068559
-1.16078055014
-1.29991989906
-0.754306395258
0.368373072896
1.15199410573
0.191953598644
0.111013342909
1.43430587866
-0.669295270933
0.977822295225
1.41519120069
-0.145902903653
-1.65867802534
-0.723856276411
-0.182318574585
-0.367318943589
0.461625812977
-1.89368372768
1.33689448682
1.02203788035
-0.419772385877
-2.19661419426
-1.05296872136
-0.267691548325
0.897944574529
1.00010559416
0.878564483826
0.821896841586
-0.235520613945
0.410638051313
0.857837259854
-0.843354458814
-0.267895164336
0.509025564233
0.258072104142
2.7841870607
0.02407784432
1.72067633966
-1.01839391058
-1.69011304642
-0.0966582033666
-0.316643871344
-1.30560558368
1.65505285094
0.242303158159
0.84612282897
0.529764465287
0.151163426168
-0.864484354447
-1.69753284585
-0.159454158252
-0.369830986027
-0.0370035551205
-0.626169726142
-0.600366362097
1.0461580592
0.739976346882
-1.65609300991
-1.03401774753
1.2052676024
-0.690742580999
0.832949800402
0.336151315078
-1.39919624139
-0.554833698765
-0.915166409756
-1.25378284098
-0.364527263829
-0.574671641958
0.141299909793
1.74890380107
0.114517542168
-0.517702150515
-1.39336525881
0.476237799505
0.392107961504
-1.76375834401
-1.46986421996
-0.320126257071
-0.427388648644
0.574540030598
-0.101627848435
-1.19132832399
0.175877926955
1.75708904452
0.852389002878
0.646191119179
0.272812646294
-1.35766407296
-0.0501065221823
-0.371184205254
2.34257793582
0.942148590001
0.035211802863
1.253678162
-0.45505432056
-0.650312400615
-1.46956631082
1.40287419926
0.926848690085
-0.721169526165
-0.162716303531
-0.0229334373192
1.10469698336
-0.628163204357
0.303868834912
0.87548193633
-0.247888366301
0.123400035676
-0.0459615948763
0.701834750475
-0.537505517643
-0.621088240511
1.34649068105
-0.143501264548
-1.20417105563
-0.593047574949
1.99723879116
0.747582115814
0.458436997507
0.105689857581
-1.62184799333
2.27708030192
-0.54292435127
0.0356540782736
0.864718813221
-0.874133721675
0.215212161643
-0.298787695278
-0.166377932822
0.465822658572
-2.34485412242
-1.18858755443
1.07398195495
0.0335824656806
0.00161593245523
-0.854014396053
-0.560082550155
-0.153088310986
-1.61593138297
0.130460863663
-1.47662118398
-0.281572979884
-1.41260584832
0.640984564084
-0.367285729196
-0.936411288849
0.168918972623
-0.819255589401
0.394115693302
-0.726600321832
0.390166233793
-0.520344434687
-1.7011870098
0.711082683347
0.914560941454
0.66261909266
-0.750877354685
-0.568754016943
0.618855439612
0.394208304746
0.305669480214
-1.75165531977
-1.57905059212
1.9677357534
-0.254415292465
-1.62122223256
1.34426691087
1.08248917269
0.113273456352
0.132069876647
-1.06849885718
1.13405855509
-0.813694181805
-0.866402919014
0.556009157821
-1.13120941018
0.121763201778
-1.38243827607
0.543466499758
0.301760309532
-0.0399054385007
1.4087978534
-0.405576687428
1.02635545308
0.579025237549
-0.452631771448
-0.13387834939
-0.604728169393
0.125367246838
-0.353229387116
0.0998307112087
0.449808311351
-3.28529804529
-1.72046163963
-0.185707324767
0.835239238631
-0.519745902287
-0.412608741925
0.0130148611797
2.48903481469
-0.415589413557
0.294114006908
-0.454993806935
0.192039629355
0.61957486516
2.35105547174
0.0866425211578
1.64327930601
-0.15564349958
-0.680126125838
0.254466143655
-1.67530821898
2.02271330387
-0.303595044526
-1.00686581306
1.81197239044
-1.56022290486
0.333561900131
0.278788495232
-1.67546251095
-0.26610798284
-0.122864997846
0.527675662292
-1.1094620699
0.981284291982
-1.47378004915
-1.06159847909
-0.91886829079
-1.86088462584
-0.338474946197
-0.239187678577
-1.79768224651
-0.753049858624
-1.88330478352
-1.31211097332
-0.104867505395
1.08455394686
2.16487685115
0.872012578808
-2.42151750313
-0.428128998232
-0.313531797849
1.59125452293
1.12074191793
0.588558702214
0.185132118344
-0.48526358923
-1.20520981399
0.380598202627
-0.272170964624
-0.683011722812
-1.00199445866
-1.16693796594
1.03755278633
1.30131076901
1.90003701981
0.461312168282
-0.944938904447
1.08870448488
1.59067650452
-0.561643695292
-0.320005685844
0.0501911723935
1.14182804327
0.267622388478
-0.823125936899
1.03303327205
1.06286586806
-2.31114265111
0.703113113955
1.58586055857
-1.01386020247
-1.26466463767
-1.65265324473
-0.846212120956
-0.0188606487275
-1.13821877292
-1.33451490633
0.794707984033
-0.353565799092
0.206660499501
-0.0853971738265
2.02380676031
-0.682363234989
-0.179916093036
-1.78775962263
1.08258052868
-0.500853088695
0.582684924132
-0.717407394456
-0.0858016795793
1.34611356765
-0.00834363460549
0.427621148659
-0.254057107469
-0.547318331723
1.71073307535
-1.25418542036
-0.0578144802565
-0.142336101881
0.37419250214
-0.45583280735
-0.719797979867
-1.81988044061
-1.15962012114
-1.43966509824
-0.294531984734
-0.32278915778
-0.148615369784
0.941826359759
0.205184979883
-0.490954466449
0.503326618982
1.48911477566
-0.022646885893
1.38827475992
-0.0402227576252
0.532683942703
-0.133027233364
-0.57203497247
0.504088975334
1.44891143426
-0.0532201462789
-2.59742547955
-0.810338932824
-0.386944408963
1.39168158063
-0.0693596160711
0.449116886059
-1.81976622213
0.091367748856
0.00975005606918
0.573472463069
-0.200952772135
-0.0989780408529
-0.106849950435
-0.661289131765
-0.186016301712
-1.06119437943
3.07250125356
-0.261696637019
1.41277841301
-1.60438402182
-1.92250179239
-0.991702841022
-1.32213882684
-0.234997832092
-1.82885505941
0.093657731304
-0.604882727957
1.50816321507
1.44505150516
1.40444547427
-0.320310785325
0.06776401408
1.81639794645
0.118571093178
-0.0115207807944
-0.27061622411
0.997179316599
-0.402672372394
-0.88272947656
-0.264331456115
0.776056966919
1.04323450767
0.721012901886
-1.08747453086
-1.43198130927
1.83099509135
2.25550527643
-0.490870047953
1.04800150492
0.567639801229
0.0241293467136
-1.26810260428
-0.133083515444
0.0322026787443
-0.810936032831
-1.14256135995
0.513747052159
-0.40645367073
0.315521873104
-0.976839425312
-0.486796293684
1.59398110628
0.856014341595
-1.1977591142
0.504701023738
-0.791619412868
-0.321653131649
1.78972900238
0.0418133087225
-0.290550719061
-2.27665877935
0.648254036323
0.67929148274
-0.743704185184
0.108378538914
1.95534385798
0.626577035279
0.366095536991
-0.399912215293
-0.0152327905495
0.204219915719
-0.814356657011
-0.351199311169
-0.310748586031
1.30894297269
0.542734355459
-0.617518856656
-0.765093803243
0.720819802336
0.0375021867061
Score: 1