3
44
10
3
-0.724780326179
-0.648245991825
-1.35039913067
-0.877466651039
-0.253415613267
-0.494717160077
0.897173834483
-0.419239400062
-1.10473470027
-0.100566596235
0.88195975497
0.465500086869
0.224939999608
-0.193549669146
0.00191678009752
-1.07016664985
-0.513787381036
0.417679320326
-0.498313724687
0.142938659459
-1.58150884622
-0.0242935037139
0.00261482725492
0.613804168849
-0.231573303242
-2.01399077803
0.470035528675
-1.05118699984
1.25960152294
0.494524067431
1.2737399347
-2.66667646596
-0.544104580652
-0.745492393348
-0.122008172612
-1.34563089998
2.02933326512
-0.566634520681
-0.103655090359
1.61233664917
1.28514164366
-1.26718297063
-0.823065837434
0.605847477495
-0.18389085833
1.16625959386
-0.895445806412
-1.84394160793
0.246723611097
0.838553486026
1.28539598287
0.508917640496
-0.355554056708
1.47907284446
1.62431296073
-0.952209980849
-2.79410924603
-2.29847667469
-0.297360637175
-0.150187567484
-0.223491247708
-0.49681306944
-0.865663913617
-1.20363978819
-1.10860687566
-0.368859237095
-1.83390949525
-0.12563373533
0.265952187611
-0.623669031605
-1.39454045568
1.1928836402
1.5729599276
-0.335218514925
-0.338985931904
0.238364786649
-0.681245292376
-0.533389616022
-0.0190211717579
-0.372642219677
1.7585411445
-0.183248560273
-0.382291890163
0.391133487627
-1.04691205092
-0.787850316856
-0.777039683361
0.101485545381
-0.126963744426
-0.828300844515
0.776758886317
-0.227435030911
0.790326197493
0.745208355222
0.721383028986
-0.497474224623
0.940834088395
0.163730497326
-2.34207398311
-0.995351893046
0.934747775654
-0.241694433254
-1.98531974467
-1.3887078913
1.39786598708
0.00807359354571
1.73434366763
0.284519515231
1.61483461292
-1.40130920433
0.126704105868
0.428412721156
1.22738472491
-0.290137370628
0.267502298745
-0.467709565953
1.14014433191
-0.431012805534
1.72400061917
-0.775163987173
-0.720109181202
-0.416055821015
-0.336261309253
0.552892837243
1.14537094067
-0.728209650608
2.09557166271
0.427042000915
-1.34170627734
0.712236027949
-0.0961915105614
-0.552016029415
0.429473205657
-0.356075048914
-0.251476461382
-0.677787330491
-1.13651590555
0.730848013119
0.738968448239
1.66003259705
-0.751217419225
0.701948766043
-1.56561574676
0.708662183405
-0.427150601621
-1.23434410383
0.487935500937
0.733712621147
-0.165171352342
0.34726068578
-1.22346962556
0.721739659084
-1.79541381324
0.839945207277
-0.529019810896
1.83716317121
-1.31092585966
-0.547696148065
0.327358065897
1.92049404448
1.20931262169
0.376209413253
0.0389991997289
0.306184070862
-0.671566329932
-0.998210561738
-2.37490475273
0.231449744896
0.658260604551
1.39137172373
0.810671269218
0.721131059252
-0.0163404283998
-0.0609495254404
2.52873231265
-0.299390391907
-0.0142893816715
0.840729763638
2.29354702978
1.28230838535
0.0377300566032
1.94973481351
-0.238283166729
0.00842492719067
-1.89741974334
1.44071046254
-0.4650326114
2.16345475908
-0.30636051444
0.496026244026
-1.29884144746
1.01224530401
-1.8357139005
-0.747740674473
1.54974656162
-0.0782356817094
-0.0234792176729
-0.240665663833
-0.943095853303
-0.263657973399
-1.16594508124
-1.03375817617
0.776851551158
-1.80894102653
-0.749255751274
0.810274273926
0.442776870411
0.584804244326
-1.03317615128
0.280033969493
-1.13407589373
-2.2862205798
0.357228114705
0.650037455248
-0.291953913134
-0.482564726314
-1.1566743956
-2.49514088046
0.750314211259
0.606833390954
-1.21209434755
-2.8011793256
-0.0235315671891
1.51650758371
-0.419723098569
-1.49529931447
-0.133616704206
-0.837669391755
0.394233041765
-0.993961066945
-0.60561154469
-0.274423073038
-0.856465641675
0.432172582821
0.126539416651
-1.7535346588
1.01014078833
0.309557675819
-0.842112341437
-0.317399569214
0.717474802708
-0.525571278386
-2.8506820799
0.879873798973
-0.166108736782
0.166134965889
0.488554490377
0.155533727958
0.820437966332
-0.124515540441
-1.53286673274
-0.851638479646
0.79517181291
-0.799068995116
0.0503570156273
1.18680606408
0.933711917057
-0.192549793608
0.0159727190215
0.239414225637
-0.585276996135
-0.0904826176797
1.34920904468
-0.324676164319
1.33709917599
-0.84336119157
-2.17464058344
-1.97098703297
-1.23833925093
-0.264281603995
-0.416051509381
-0.080780496443
-0.291445927519
-0.406396259663
0.338314812485
-0.341969304539
1.18537655653
0.155357982392
-1.44131643515
1.44915746063
-0.262640448209
-0.459111342168
-1.99439381892
-1.11003853601
0.454006828012
-0.291798870651
0.843117310336
-0.248833182489
0.467864734032
-0.89026902668
1.44520133455
0.792982248498
-1.39079797756
-0.706120700981
-0.969292949973
0.861927740147
-0.956075803986
-0.305578367008
0.520925432866
0.569546316278
-0.151990976081
-0.245300866298
0.0733844946538
-1.50475576101
0.163385378744
-0.191974658553
-0.118232442028
0.309017562157
-1.28314976691
1.4634582854
-1.02842832432
2.48953789501
-0.599807275885
-1.87981799941
0.41858100782
-0.540482591086
0.035841214494
0.576027453786
-0.447264974003
0.829222884507
-0.552766001939
0.314581007066
-0.28681814823
0.533671047071
-0.0740294914705
-0.362305808052
0.58366895438
1.78053746297
2.4842452919
1.17406893497
-0.654217739507
0.18771235969
0.108281468253
0.0397126207785
-1.16823637954
-0.824594571347
0.181800428326
0.314266084452
0.87734055263
-0.334453743021
0.296814836392
-0.418653180957
-0.499488761364
1.78850840079
-1.2176816478
0.26814041851
-0.352887158065
0.976407646569
-1.14231651593
1.57154036219
0.0992053973077
-0.995379519186
-1.38436554812
1.11609961824
-2.02522757263
0.147928229349
-0.769249623552
-0.277269872511
-0.766333140128
-1.49637613739
0.5647571577
-0.37047871697
-0.0951003405068
2.11442086746
-1.47633619016
-0.254429530048
-0.671157357546
0.880401432859
0.682353425602
-2.13938667123
1.05174924985
0.210981975953
-0.0866182793973
-0.50877326224
0.708898468733
-1.80771769662
-0.608900342449
-0.805850138554
-0.391440356009
-0.300192235261
-0.490745120285
-1.7754597365
-0.617439325203
1.11796078618
0.327199034553
-0.52526694422
-1.0363987732
0.301797436231
-0.343954051552
0.388895017769
0.649382283092
-1.84983415269
0.21151810575
-0.354769485132
0.574690118396
1.16236556027
0.816435238103
1.84746636935
-0.68918778421
1.07357863608
0.398738528636
1.82571218249
1.14987405702
-0.643823778314
-0.911348337587
-0.19024214094
-1.45251814569
0.726473780344
-0.346106915365
-0.153974985761
-0.168489070905
0.493468827733
-1.82436622367
0.917374998907
0.320319686959
0.98413090724
0.0197329930131
1.03365972239
-0.716313431896
2.21705536979
-0.310075401779
-1.02200336573
1.2910928668
0.285290909731
-0.93369937009
1.12921449435
0.891303762101
0.0886647843284
-0.858432148311
1.56875434033
-0.308413384006
-1.61586963848
-0.311970742407
-0.25192722448
-0.880442682077
0.268947689218
0.129601662937
0.107755733108
-1.09734007263
-0.200052399213
1.16778576056
0.201195034821
-0.0587270308133
-0.0593479110554
-1.2327151384
0.340942944132
-0.53875646248
-0.609449535655
0.971990802208
-0.153830688806
-2.02010419183
-1.4375436972
2.08282587869
-0.684184972988
1.03215017917
-2.47694281284
0.0754018142733
-0.705138406878
0.223100440109
1.49446462354
0.000259187520349
0.56243633868
-0.824781348118
1.02185640944
1.73842053651
-1.62926874698
2.18933560927
-0.692452979742
0.375554463781
0.471877258993
-0.817944179766
0.520412309281
-1.37933708124
-0.996205061522
-0.197866699373
-1.14270158941
-1.03114394608
1.17310605912
0.920359420264
-0.136620827524
0.978797141029
-0.103822139291
-0.829842161022
Score: 25