3
44
10
3
0.527037922788
-1.52454322664
0.365231286602
0.421652521277
-1.19673186736
0.833185678078
-0.722915176642
1.47047626047
0.178375807244
0.688242092442
1.16552512284
-0.147109079494
-1.42368372007
-0.538561247707
0.443029125109
-0.0934925916926
-0.85926295194
-1.73841207951
1.11092501065
1.07109257965
0.625370456349
-0.685701762279
-0.0366007568965
1.65710506874
-0.495060653057
1.58524593907
-0.89720527768
1.38776176816
-0.647014447525
0.527886979112
0.474462111443
-0.164453884474
0.409923327675
-1.11986328108
-2.4173633342
-1.81957545125
0.248556654764
0.433165658775
0.18305912503
0.220715922796
-2.02819126648
-0.149380258725
0.135361763472
0.364229444388
1.0875876014
-0.740282563201
0.398212235645
-0.632422084316
-0.0238067844628
0.112400226956
0.560224414303
0.468744836716
-0.976751379328
1.26164215448
-1.58979096158
-0.184927264007
-0.227867604554
0.730731159243
0.0197336699816
-0.45757762685
0.39325839651
0.101252271774
-0.0282823466352
0.336188634856
-0.0667949165932
-0.821696330051
0.324664584649
0.686944474496
1.00661721391
0.755065683176
-1.10890448985
0.583613690744
-0.545315490319
1.54329566548
-0.760602094295
0.862493977246
-0.379926370709
0.657741398387
-1.20004456381
-1.11812395375
-0.44516170366
-0.893458318857
-1.23690070208
-1.66394606883
1.34051856719
2.00102382837
1.70537040603
2.11363655935
0.0204194362466
-0.282704311728
1.14151718167
-0.951029471676
-1.26974723618
-0.184240124651
-1.17087059783
-0.0537286792521
2.21122091814
-0.0555609262197
-0.250605129411
-2.06274451548
0.27295900413
0.388823060242
-0.501507220827
0.979648670412
1.23453249636
-1.71015930042
0.266560972893
0.603292516754
-0.225810560729
0.0472827357375
-0.433897475629
0.583704698386
-0.197114729282
0.731958541062
-1.09450826071
1.55633409333
0.970596540064
0.237594613019
0.116349954866
-0.730095131799
0.412506674684
0.0563680449314
0.760298105015
-0.487108012335
-0.552465391598
0.155064693356
-2.04137361039
-2.82677680016
-0.75823244746
-0.194217852766
-1.6386158579
-1.43172897772
-1.32422738968
-0.358726692498
-0.94275202502
1.58384081471
0.402213376387
0.140548181242
1.83264054147
2.19928469412
-0.660163472095
1.12301407736
-0.979721941164
-1.52802731247
0.326539906019
-1.92425501285
-1.86504221915
-1.51750515266
0.37118565409
0.212424928137
-0.030471027098
0.732809165249
-0.509719885172
0.501112071485
-1.05425088425
0.688337256348
-0.618844990865
-1.4290684363
0.686313091685
-0.889898980464
2.33306933442
-2.20825142012
-0.217570858646
-1.197329697
-0.713808874104
-0.461691564333
1.02259730698
-2.48230483049
-0.246860865018
0.128960051745
0.11409473857
-0.0162830998101
-0.621799459708
2.81361563648
0.428002758524
-0.547347842315
-0.149241884914
0.593018997995
-0.29397670153
0.000184834596315
-0.75829454888
-2.06264394381
-1.35771400424
-0.616001742891
-0.0979011067358
0.296302419781
-1.51874936801
-0.892849706528
-0.569672635518
-0.0226878709604
-0.663222246762
-0.264147544319
0.258477635223
0.946611503993
-1.47944556331
0.155676612129
1.13578954979
1.08176820934
1.29420168208
0.875840007546
-0.928017224318
-0.60661697444
0.29732594831
1.05305647123
0.0624593112979
0.0299218572932
0.0483194481326
-0.461700810826
1.47449640253
1.09367315397
-0.954784941302
0.283344347246
0.789898188966
0.123038166429
0.244065702021
-0.205135580585
-0.240017330751
-1.01790898029
-1.38183393758
0.711134130009
0.650789170732
0.259258428333
-2.38265717089
-0.031699946461
1.74851115281
-0.468130271169
1.3517420605
-0.288059918262
0.122061741552
0.799046548694
0.56876645972
0.817670469604
0.38399417255
1.22539190837
-0.578514984404
0.00726548071831
-0.0610978789154
0.447563443862
1.37909855853
2.78852443197
0.84058721976
-0.362794293462
0.98796124493
0.510675473465
-0.183438155967
-0.256397944295
1.31468773349
1.52748386418
-0.233565478581
-0.447937578841
-2.10620268899
-1.26831828882
-0.641297730435
-1.33037358175
-2.12004182658
-0.427025228968
-0.373928508723
1.06164511528
0.774685444392
-0.257849407501
-0.325560404243
-0.448086478713
1.71561237735
1.3698703236
-1.10197587528
0.588048611401
-1.36236499435
0.766883586085
0.402079715145
0.835959866085
0.861935314922
-1.31385391708
-0.166560239917
-0.720933662314
0.0289519461111
-0.254814836658
-0.64519065037
-1.17108836
1.1557789443
0.988786683138
0.551188964519
-0.890677744329
-0.423732910001
0.134268124435
-1.51512383493
-0.140777237486
-2.51535913222
0.123311245378
-0.372807935722
-1.14918201908
-0.441412086949
0.77933457676
-2.22760285991
-1.42304531588
0.362994404849
-0.592858014359
1.06838602089
-0.28575032552
0.62888872022
-0.530534792174
0.924259364562
-0.328903673241
0.757924515505
1.66663485192
-1.87130458666
-1.7836166509
0.633008770736
0.957866244776
0.821175093872
0.127593783847
-0.400827867342
0.612550568708
1.71005299523
-2.37059748728
-0.549593012395
-1.43217988672
-0.210345124356
2.00479130649
-0.261557672966
0.414402304628
-1.25375936145
-0.712626648488
-0.956217882786
-0.398407102031
0.956610600966
0.496808848312
0.278156334799
1.1595096054
0.164566147532
1.17952777651
-0.907460886923
-0.21743344437
-0.210622368377
0.6498042139
-0.465018189294
-0.39827341052
-0.784867883716
-0.449258659584
-0.4766465849
-0.664581796742
-1.41693471971
0.785948352266
-1.34241025847
1.97672124676
-1.11424221823
0.672638719822
2.31478742443
-1.87638948756
-1.25700596542
1.10427330488
-1.43328027776
-0.408885492353
-0.715886941291
-1.55498593652
0.900106462208
-0.121446655315
-0.81413707192
0.0509131854341
0.60027945482
-0.209061236596
0.573428112028
-0.2174921376
0.840336118079
-0.654329501737
-1.11553930466
1.02178773102
1.09145853267
-1.25041110183
0.661276219812
-0.330674758388
0.293069189059
1.74644458776
-0.636188431262
0.691384083872
-0.755391248655
-0.0722034097236
1.00956343166
0.765460612055
-0.484394565075
-0.219284594936
-0.182489264021
2.72713845908
0.285976084867
0.82606033875
-0.964282327791
0.590586895221
1.01727041716
-1.5917905763
-0.298075851062
0.331131647283
0.0231967049796
0.703974195816
0.82128564684
-0.549717387859
0.115821231571
-0.463669991291
1.61031726034
1.27700960586
0.89219669766
-0.0739730608269
-0.0230946400194
-0.374457714543
0.334603113159
0.346059945103
0.917050468783
1.29310652437
-0.194712417961
-1.04130074339
0.479140095256
-0.245986566098
-0.70414689711
-0.175032484244
-0.945438670899
-0.468378756722
1.41624488742
0.712155886737
0.067457676115
0.467584412194
0.29907946902
-0.265071617689
-0.143803152453
-0.916960619095
0.655987338113
0.496601635293
1.05043828087
0.828522953115
0.572750945465
-1.01797741095
-0.108799211521
0.0294236626281
-1.26672512541
0.195208044548
0.267601052443
0.848695109761
0.105626884688
-1.19829693952
-0.565150407289
1.39006528528
0.0485113466776
-0.715904907019
0.0206758617239
-0.448393904992
-0.0535561268017
0.326746501009
0.621886824869
0.433259086624
0.774809635494
-0.853777830355
-0.337147814211
-2.13643456722
-0.0326027703219
1.40092078947
-2.01741394174
-0.257174927142
-0.28881976306
-0.179782198821
0.778835839512
0.364620408643
0.842181443391
-0.053192222573
-2.00230282749
-1.52705724563
-0.659585716634
0.959119758492
-0.0339792204646
-0.170147735047
-0.374613598468
0.732004961791
-1.76597250567
1.58642438911
-0.621203541315
1.0387785607
0.701028984857
0.874696434712
0.81096639426
1.34458664937
-0.0143368156966
-0.237697050777
2.43401997214
0.80379335644
0.484409477001
-0.522889052814
-0.00616866975876
Score: 1