3
44
10
3
1.97374005029
0.45231755442
-0.0116149836185
0.663791058357
-0.267513062453
1.31806317756
1.93066799455
1.3725576557
-1.21021673977
0.776774645971
-1.0665917709
-0.532194543826
-0.502190902375
-0.164574913043
-0.679618364015
-0.0970904704722
0.842793995316
0.242104012194
-0.673029941686
0.0135397934219
1.15307325848
-1.05693061239
-0.680728144812
-0.458931052378
0.0223234310386
0.374924608653
-0.0205674050875
0.666405421519
-1.17018024334
-2.14488715519
-0.904074088705
-0.0719925907294
0.554721576417
1.53857193186
0.637483773924
-1.51576490641
-1.36205156272
0.0435055117072
-0.12853890536
0.0534206872297
0.752067280393
0.316326543084
-0.67568960894
-0.900670405665
1.01061533609
-2.05733133712
0.242172378472
-0.31399884513
-0.619718880958
0.631047862861
0.746549715042
1.13008148222
-0.113265050452
-0.124722964288
0.114088241635
0.436081730911
-0.131679325586
0.831438561986
-0.914952304454
-1.2347049942
-0.976872198126
1.11293135006
-0.0750188680465
0.644145027817
0.165936658749
0.0941134627459
1.48433024144
1.90598416234
0.207712606403
-0.109206242397
0.183649784167
0.943671796095
-0.275879467258
-1.13650338551
-0.596133764014
-0.641660566394
-0.332811732707
-0.119565913659
1.45892917865
-0.293849634555
-1.22803014411
0.852250012847
0.455672976193
0.213073333316
-1.11218518325
0.724932642294
0.292424534303
-1.81613465452
-0.454997042099
0.543919188056
0.374637373629
0.925256672027
0.620827789562
0.520999666867
-0.845844577432
0.373002261981
-1.10414548708
-0.708925122134
-0.400497470708
0.388890902788
-1.29476260706
0.406615440029
1.55489656155
1.9485417402
0.502932645471
0.0362558300444
-0.0687135755896
-2.31349204579
0.317475713215
-0.237264904609
0.0611862381908
-0.36233470802
2.21904683318
1.31187754934
0.404404263079
-2.23105614374
-0.910403882688
1.18920885462
1.20658297289
0.0662056394633
-0.0969582459116
-0.684094169524
-0.461849303284
1.08659692234
0.435520918323
-0.0590893431535
0.61829315594
-1.85238753767
0.0779951870513
0.0312696323764
0.521139945257
-1.65381686462
-1.2061129119
-1.6892928845
-1.5215656422
-0.165976479929
-1.02689866269
1.24595814056
-1.86539691386
2.56327822722
0.96545600172
0.796079582274
-0.378079057745
0.201970181222
-1.38663774118
-0.708425010118
-1.82292203357
0.677788496657
0.418262092406
-0.0679798830903
-0.291781608127
-0.579201280154
-0.187370154338
-1.70760748456
2.20020510758
0.909641721315
0.340541009391
0.413781935789
-2.51064142573
-1.60460373088
1.42166153903
-0.634604179483
-0.322859082326
0.12761365991
0.481902147012
0.0678626885971
1.70051414558
-0.738690080189
1.10588024775
0.248022844137
-0.00956759539938
-1.03734301564
0.586394118476
-0.978614936319
-0.853433121283
-1.3132697262
-1.27036506022
-1.08291666176
-0.362755111605
1.77997559893
-0.141768983494
-0.417673480061
-0.145685839121
0.379028136541
1.82738072096
-0.573630937304
1.01756585149
-0.363836377857
0.741680356621
1.56867666651
-0.437690672596
-0.0749437544295
-0.620365087928
-0.604682891093
0.362676187973
-0.00449283321587
-1.32644256664
0.228985185366
-0.571626173437
1.88465533808
0.988340844307
1.28525594368
-1.23785048063
-0.930067436164
-0.761229437501
0.289103524176
-0.421949299995
-0.830621380249
1.81463108563
0.11178040342
-1.27732636433
0.657249306758
-1.309583313
-0.884043068771
0.558051831892
0.159038525244
0.0926672797227
-0.219738021819
-0.548467966633
0.749792245318
2.05935013324
-0.704860371424
-1.76852472937
0.645106657727
-0.244511304005
0.323182536858
-0.630133228803
-0.560565099143
0.961022432762
-0.631810239071
0.517601510569
-0.353128612893
-0.0899641836759
-2.62770294483
-0.004955042436
-0.115191796512
0.316460838637
-0.590174865721
0.430127818472
1.32476315975
-0.678262842464
-1.0718207898
-1.61296819436
-0.768126536895
0.37011519955
-1.04338603431
1.9977268903
-0.347967854304
0.484168639535
-1.36465118169
-1.23585604916
0.657673705148
-0.187192728087
0.424856881416
-2.060028911
-0.0655157912189
1.07745062359
0.927546416817
0.100045508358
-1.04901124607
0.457109494977
-0.685593301082
0.221391605701
-0.38800802766
-0.29338667972
1.19302403506
0.21904271934
-0.700929686569
0.31630356066
0.788425176287
0.354579027371
-1.03337457158
0.203256138258
0.679713820137
0.796227447167
-0.184640890936
-0.577267091852
-0.133063732234
-0.621529171639
1.48205483548
0.929024482625
-0.610891039102
-0.858580785739
-2.16676496514
-0.585958539483
-0.829771011999
-1.25764250364
0.847403161709
0.925327279028
-0.505043081194
0.142439623591
2.23607427067
0.0373989333192
0.0968501487607
1.28006427756
0.157638067346
-0.589923137597
-1.49107279792
0.915696752748
0.384337304319
-0.028624636434
-0.690763391185
2.30710315905
1.06768112964
1.7186509918
-0.781935140311
0.55010692875
-0.217118135157
0.860763609881
0.00393110254001
-0.460149389762
-0.849371628336
-0.108171223114
0.753497749985
0.0199857334464
0.63817488268
-1.78009724452
0.219853890178
0.356426669364
0.90971482303
-0.386965651576
0.826000062682
-0.703919680013
1.59815271241
-1.63907237443
-0.864342711496
0.0611505698774
-1.40806525231
-2.05678108443
-0.107738526967
-1.04481340399
1.11926699964
-0.749391657267
0.896825985355
0.114934822966
1.18523418241
-1.09539851255
0.430878319763
0.239286666614
0.686932226863
0.489419577834
-0.428567851372
-0.505386555449
-0.345387443877
1.51241989514
1.19739717358
0.104472341069
0.420192369114
-1.32142631491
-0.684551593988
0.459923661524
0.316376038789
-1.2315970882
0.0293563308386
-0.924499765515
-0.74607152706
1.50734114966
-0.584084000979
-0.323062748055
-1.2658758484
-0.247105414413
2.53213973408
-1.1281296782
0.226500554727
0.31256070656
-1.25709066058
-0.261051268921
0.896821069943
-0.419237529162
1.8327675982
0.984174371846
0.620595184911
1.21400084118
0.225749229988
0.556500075303
1.28403769797
0.607240270476
-0.0240134373392
-0.678086778033
1.0178851666
1.40556939577
-0.160444900419
1.2672859983
1.07799508886
0.791449953638
0.4448765137
-1.17173366368
-0.259333586733
-0.699190541092
0.66277961295
0.285091572369
-0.00491769913962
-1.33838904476
-0.264539552931
-0.0566327476778
-0.082307712383
1.94215810344
-0.264926343033
-0.0748561147689
0.991111676424
-1.13991849056
0.177088312929
-0.181650784807
-0.8563382591
-1.89201403173
-0.3254752399
2.11428170062
0.204174496572
-0.704284158582
0.438121136836
-1.20327976128
0.747413128669
0.180672309062
-0.420168891755
0.562750538617
0.252747362391
0.235026589075
0.510592077277
0.510008356331
0.500671613511
-0.876225463792
-1.81839738616
0.803824461412
-0.71033263768
0.457769456752
-1.11297171767
-0.615249534315
0.0876176935063
-1.30792056764
1.1870996162
-0.955868082485
0.39384649785
-0.264191861796
-1.20189411673
0.256046988918
-1.68820921343
-0.629258621361
0.125404673303
0.66151077015
-1.07521979169
-0.354355827324
-1.06456298904
-0.255734543098
-0.714379324602
-0.492146683973
-0.42685930097
-0.696519995836
1.65441590619
-0.712948595586
0.540768236676
0.929640846393
-0.377877711681
1.58542098538
-0.308593339749
1.01837173383
0.739484092443
-0.63723020267
0.82214217121
0.125223918771
-0.25286011412
-0.135034029651
-0.444986365411
0.487985840262
-1.0690081535
1.24119338091
0.328971889221
0.927280810335
-0.462512753647
1.58547684866
1.88514192044
0.392891262721
0.0135505959585
0.779023702385
0.652441862266
-0.274636702625
0.618449249195
1.09579756979
0.600163293385
-0.327222643462
-0.804301713752
0.0473425197742
-1.61004263951
0.819022533654
Score: 10