3
44
10
3
0.631130223738
1.39138396664
0.0424244487829
0.272800884982
0.570746361123
-0.765420927157
0.82910417489
-0.755158244142
0.356272866116
1.6252676809
-0.185933007629
-0.288310218162
0.859964222055
0.113776407568
-1.37021630114
0.516995933303
0.80485645389
1.16590020386
-1.45637480738
0.264948381502
1.68291580272
-1.09751065306
-0.226354299368
-0.539648875109
-0.425238777705
0.799904767215
0.872967589474
-0.143446382547
1.15250384277
-1.05807576721
0.224559301745
-0.0184260100411
-0.736538870894
-1.31948903502
0.0232721242607
0.478748869862
0.639938500984
0.869345262483
2.33390251085
0.280537603165
0.540789929245
-0.657888085441
0.406614767194
-0.167922646816
0.124080311217
0.977766275553
-0.421266911002
0.306105303943
1.00673748558
1.63931584615
0.998794586758
1.20369178489
-0.728129477442
1.06162547401
0.0541781311502
-0.110357002783
-2.18825579535
-0.671726520273
0.465251970742
-0.328620666457
0.964741071905
0.0766458140061
-1.43391500148
-0.936961317792
1.48349632023
-0.055423489842
0.71308194252
-0.598205612418
-0.131422610832
-0.721932032076
0.817826200792
-0.391295522942
0.101066396717
-0.348399280148
0.195969836998
0.63085872815
0.354601478604
-0.250433301518
1.12649328635
-0.142355320295
-0.665034867949
-1.0581027389
0.119792039666
-0.951064095655
0.806363485817
-1.13191123498
-1.71297805211
-1.330024096
-1.06549298212
-0.000839559843266
-0.484071002175
1.78938882022
0.411468508406
0.106270485148
0.0153282503237
0.886218761801
-1.1257834523
0.409108205804
-0.591953618781
-0.216978730181
0.981430413383
0.425087424782
-0.817077624007
0.962322287016
0.424718451291
-1.34576400003
0.501661094998
1.40350023401
-2.98715987662
-1.4923784294
1.14538202423
-1.33184127168
0.418224573316
0.0476047246517
0.831451210251
2.43048812283
0.61266705098
-1.08124683026
-0.234853678212
-0.763459539515
-1.03681099509
-1.0569868771
1.28375515853
0.817782512494
1.28525967749
-0.0352754441208
-0.667784065126
0.280458127155
-1.33954010652
0.743666519388
0.0507105711048
-0.0793284826935
0.961715592162
0.540437414491
0.00260371860561
0.461430260266
1.61987497883
-1.31593085625
-0.613216882757
-1.66312781582
1.79540833492
-1.43376634996
-1.55895802251
0.324471850316
0.991552749497
0.74880152892
-1.33771785223
0.271678187195
0.693766881018
0.476382482619
-0.823424656906
0.459718747805
-0.309165652013
0.322689800353
0.677876911432
1.61479959628
0.48059472697
-0.679037469321
1.20929468813
0.695397459452
0.583109197864
1.07195705669
-0.697852549499
-0.272385609004
0.952279787603
-0.980840934925
-1.15595691247
2.11853427207
0.397388188834
0.91017252071
-0.679391369665
-1.14751359844
-0.70467668123
0.0032707623257
1.49953821921
-0.451533026722
-1.4933502548
-0.28693642914
0.181644212194
1.39822078512
0.681589810897
0.614791122319
-1.97240358801
0.747560286823
0.460532657387
-0.870665674224
0.864316778393
1.41647752804
1.08041314755
1.78747528384
-1.23877450038
-1.76475255296
1.57847026628
1.09436774203
0.864335118511
0.224524600113
-0.579878179998
0.954298815953
0.682757028675
1.30566609495
1.06212943018
0.981287659134
-0.15049075019
-0.320786121714
-0.285382237915
-0.998399008522
-0.583095735124
-0.293027821463
0.0625147813775
-0.229601640625
0.324703686749
-0.611691222103
-0.640172861756
-0.744710777891
0.448805292897
0.891892523883
1.54695206174
0.887456859258
-0.122259407145
0.658526860848
-1.12707021851
-1.67892521222
0.0564133731816
0.880067974776
0.316919459187
-0.37422421772
0.59201904381
-0.166870764029
-0.681160814909
0.699740383436
-0.572954640936
0.245598456636
1.78706163091
-0.725330190429
-1.52013122596
0.198806472913
-1.0129934234
-0.462626909294
-0.351082704438
0.833729825185
-2.20606310122
0.815798104761
-1.01488753764
1.40732204833
-1.23078630136
1.24648401738
0.0581805545274
-0.53024338619
-1.50452901654
0.935095689592
2.88176545078
0.535990589893
-0.754550321
-0.971418814524
-0.834871834575
-0.474907501908
0.959052297035
0.745408144601
-0.866922219154
2.20693754075
-0.328312723481
0.460053282289
0.0835090147936
1.41679146891
0.99289690019
0.755276993366
0.458108954019
-0.783916099977
0.173353500036
-0.187135869285
0.242145156437
-0.0162533087617
0.116981280429
1.72595439787
0.339649550466
-1.85242758355
-0.136875521748
1.2220552781
-0.786971971597
0.147250728596
0.0221735313397
0.880634612105
-2.13181107638
-0.686148122498
1.48893772879
-0.793830686623
1.36330546981
0.357459133766
0.545915090748
-0.555638307178
0.910410008863
-1.31248925614
-0.945460709742
-1.48321034236
-0.720449269802
0.760993213865
2.55463755173
0.773947876864
-0.821738216762
-0.748132286483
-0.726215365626
0.948322477405
0.161772318773
-0.341517116103
0.399378075839
0.086842626464
-0.155240474626
-0.476656201848
2.17896814182
0.688286042371
2.09959035362
0.480982633184
0.105019723919
1.39849730174
0.25506619398
-1.32936605426
-0.178178311409
-0.541973934053
0.347740468617
-0.627973420917
-1.49773735526
0.267937694011
0.172986691169
0.0105561439053
-0.283230613994
0.56669197265
-0.505013763428
0.0691892067023
0.130715140283
0.659572462265
0.667499327001
0.487264024382
-0.998156341035
0.422013119181
0.748114483228
0.63034996884
-0.186558420164
-0.126645216856
1.84502381112
-0.734682259196
-1.62995422259
-1.18226741213
0.548152538494
-0.0276145595191
0.609601750164
-1.05578687695
-0.798662458645
-0.167666058455
-0.427699879151
0.958953740136
1.02062792913
0.436041013878
-0.847013720572
-1.32815427939
-0.636973717816
-0.737570783488
0.451930511667
-1.66151620703
0.905316254343
0.204690597037
0.0394019686622
0.760208493463
-0.291173897632
-0.301121318539
1.99267480164
-0.287688883998
-0.218598187018
0.444885905827
-0.368102884733
-0.603184702956
0.678199985586
-1.73280578982
0.661353473932
-1.5418428319
-1.06349105071
-2.46134037849
0.701820370964
-0.297219318999
-0.919141201602
-0.730250202206
0.774616620477
0.1009088171
0.81769368737
-0.225933456631
-0.181028920602
-0.870742951016
-0.936976670686
-1.22767876866
1.34480021688
-0.266044307305
0.66911563424
-0.506737193685
0.871113700192
1.07572725833
-0.280784256712
-0.235052246118
-0.719252470967
-0.487064908856
-1.11519477243
0.265410652718
0.116734710648
2.91448670131
-1.03849732666
-1.23420622081
-0.442633405819
0.775467118241
-1.13876368463
-1.90220865268
-0.565352628533
-0.787643525763
0.75467689776
1.44877495842
-1.49587154764
-1.03286135537
1.34507784638
-0.238699985206
0.332116330174
-0.92613576427
0.047202468746
-0.249899479472
0.453922397451
1.5857650461
-0.285430907661
1.26111118143
0.449167076358
1.16466880058
-0.359745466726
-0.497614938787
-1.24268123711
0.42943764715
0.912087738474
0.0964868483898
-0.630588071294
1.1127507749
0.0152073511766
-0.377725108697
1.36369606038
1.11870119796
-1.19628078995
-0.629645830173
0.320872992362
-2.73224484342
-0.890585299916
-0.194944359311
-0.571365654575
-0.0470649445132
-1.26579980993
-1.2710109764
0.234280429267
0.55234490719
-0.257841805188
-1.15611783176
0.654019994399
-0.249129930515
0.812733882077
-0.308504456093
0.132751415083
0.327737273993
-0.335281474359
-1.8895641445
1.2024644587
-0.839964220457
0.183952573947
-0.488672005569
1.12666299232
-0.258725465275
-0.104515260168
-0.249791677629
0.108765365857
-0.288761420188
-0.122669373485
0.901709778829
-1.37434300448
0.116382428624
0.941886421283
-0.747550243579
1.21952260119
0.684439132932
0.0501837971818
-0.180647460678
0.0642259825792
-3.02440189567
-0.212408710704
Score: 1