3
44
10
3
-0.53059071125
-0.638440275192
-1.49551388387
-0.75138311805
-0.00492415751789
-0.670098085318
0.857934502912
-0.183913752549
-1.02633561409
0.0820352367886
1.1176575978
0.634087675846
0.303020422017
-0.421341970682
0.1801683295
-0.834306579762
-0.35054937469
0.346709169583
-0.545972849581
-0.150559711357
-1.26883432895
-0.106316580607
0.000218351490997
0.811870980502
-0.12741816705
-1.65492236245
0.507564256798
-1.03476912825
1.36993092274
0.703123796663
1.45890026984
-2.56783633927
-0.97806673698
-0.740355003936
-0.210328531285
-1.39465032813
1.92468314388
-0.561625570956
-0.249718848144
1.78502535056
1.48115362045
-1.42292104359
-0.742339162761
0.490177651782
0.0826382926469
1.3404382106
-0.958368988206
-2.18449007148
0.307297382761
1.13220336414
1.33866266168
0.500515165906
-0.136084701789
1.20411307539
1.8863820005
-0.949055557537
-3.06705482203
-2.16093463272
-0.431984736689
-0.258527885193
0.147767012059
-0.430087454296
-0.972645674083
-1.15422195384
-0.758730794259
-0.397308016036
-1.68125032023
0.0910679509935
0.233896752833
-0.572471638712
-1.44428596769
1.40765438604
1.48288129248
-0.542349366017
-0.55092344216
0.236998120459
-0.57401298058
-0.561869149777
0.145573009853
-0.647376452485
1.72287683821
-0.322455891584
-0.39372275079
0.443907353809
-1.00960710507
-0.550651716838
-0.651454720646
0.110252803665
-0.279201130452
-0.853117727596
0.703179864224
-0.595310059798
0.927307220977
0.541276433246
0.538850893771
-0.736995067751
0.848413052111
-0.0973273170219
-2.40086400037
-1.06732976311
0.936890800452
-0.518103626113
-1.72795855279
-1.48230541047
1.64448222414
0.159852165376
1.80646629679
0.510263220222
1.29109523699
-1.16330715266
0.12942085308
0.392493701456
1.15623273673
-0.239445350766
-0.00548222993585
-0.640495109127
0.953834484184
-0.857057546691
1.48880973308
-1.12101069687
-0.857406511019
-0.465639454048
-0.229094569804
0.505390725601
0.802654320676
-0.593056439289
2.1414278381
0.428546874115
-1.13481712617
0.452870826386
-0.0934460065605
-0.387566540618
0.122782152669
-0.386023638522
-0.328081820947
-0.62445077431
-1.20057003365
0.614161936427
0.752541589894
1.27974340637
-0.677905470441
0.817021462455
-1.57689237844
0.626425638771
-0.318421774756
-1.02884218695
0.270377363825
0.870230591463
-0.199575878949
0.423557411782
-1.43584731096
0.645133029329
-1.95496484777
0.696778189872
-0.588586255488
1.77106556822
-1.24847196025
-0.360952079241
0.394021081198
1.7311456804
1.24139667503
0.17489898208
0.1242308356
0.25463372649
-0.849104443495
-1.20941395221
-2.02801581297
0.259710485585
0.393960153759
1.17524642731
0.835530957473
1.23685346148
-0.0554026789758
-0.0406325192576
2.77131969697
-0.245510911322
0.153494270763
0.687785913936
2.09447630228
1.54119493194
0.0145654247006
1.95120781415
-0.553575659062
0.139217529703
-1.86468135573
1.43713689934
-0.289532546961
2.11257126831
-0.363465206567
0.568511537001
-1.40109419372
0.840052719701
-1.55561352689
-0.597771475058
1.33073713807
-0.0263776751181
0.122388595298
0.0868684082253
-1.16808886761
-0.425130363217
-1.10209794839
-0.596949056639
0.757733174555
-1.58258038691
-0.893547751081
0.813753887259
0.473859973188
0.533503644708
-0.924980993325
0.483260043367
-1.13870611038
-1.996254481
0.345245090527
0.673878045503
-0.201349652094
-0.69641487778
-1.32170870589
-2.39878765515
0.636536299071
0.68227465867
-1.35360671942
-2.51024952472
-0.232559352245
1.52548375527
-0.353800004677
-1.27745544938
-0.259768599801
-1.00499318505
0.394721336956
-0.968006574796
-0.60497192646
-0.396627220805
-0.67375085965
0.74218743987
0.25467623214
-1.85045980668
1.14115456084
0.175734661243
-1.03827958523
-0.289002790301
0.611938445604
-0.544342344396
-2.84419888202
0.778107200461
-0.189728943803
0.174805961666
0.59990668258
0.466087622897
0.928296142794
-0.227296191809
-1.37995733211
-0.762375295217
0.660631671246
-0.999400704016
0.0997986274111
1.45605102282
0.654251994955
-0.191114830841
0.0558979373949
0.449604197511
-0.736518983711
0.0345977844589
0.81423781954
-0.051126153925
1.16056624563
-1.03997598954
-2.296551498
-1.71946296789
-1.53923307983
-0.182914031518
-0.456773182747
-0.268540029886
-0.173214432708
-0.479632849519
0.180012075463
-0.597413545123
1.21753754563
-0.0842314358359
-1.49131307895
1.68467296566
-0.338894706522
-0.192137105427
-1.90151210283
-1.19086023061
0.497456221421
-0.347606250126
0.913755933406
-0.0278066116573
0.575652039739
-0.822175369984
1.22107436426
0.960518989869
-1.30701545339
-0.652784296121
-0.801714169526
0.516477484974
-1.00941594806
-0.112343689259
0.337235880367
0.756146842949
-0.252196525901
-0.113311877269
0.00867903437513
-1.31739081062
0.301744106971
-0.345856149271
0.143721149029
0.346207094705
-1.26511766777
1.18225359669
-0.93692705484
2.66305328629
-0.681121489445
-1.69488725314
0.159920005757
-0.120421361304
-0.169854284911
0.858424759509
-0.346413177619
0.772533202116
-0.32854311314
0.386330908245
-0.10258080616
0.612797040985
-0.382984411884
-0.539890501347
0.64640402058
2.09066026972
1.90171536671
1.24253856
-0.450734067107
0.10883076067
0.199730153541
0.312770060203
-1.11034129858
-1.13360695552
0.46402124615
0.237287868976
0.690438072426
-0.751536019516
0.238265572806
-0.419477542328
-0.12579909571
2.00615604425
-1.03110532128
0.325240693511
-0.270552973102
1.18634135554
-1.43457370355
1.41776823464
0.335659616131
-0.635739160019
-1.26849309338
1.31373176053
-2.00074653189
0.548737506881
-0.530255651061
-0.0932281856745
-0.369287817883
-1.70267294948
0.59107567416
-0.127248651036
0.0800086471427
2.06379004539
-1.34605526073
-0.308588519576
-0.475559936409
1.02891868476
0.78105391301
-2.12554653162
1.00669668631
0.293055743794
-0.380142476135
-0.442373932388
0.469385904764
-1.44607081186
-0.412817024792
-0.883033472705
-0.285340549587
-0.418996707645
-0.755507097259
-1.74893209857
-0.687715795047
1.31217183543
0.355232984826
-0.835547093518
-1.31297542568
0.399849196172
-0.59262034743
0.368046845524
0.678787633928
-1.75089975891
0.150112499754
-0.439300742121
0.726305826843
1.34183056768
0.877568318761
1.9483208404
-0.438652208912
0.851966101516
0.075001814778
1.7303684
0.994232462428
-0.884264679822
-0.585511747309
-0.456349245371
-1.17718328335
0.733057646656
-0.767462695969
-0.347855648513
-0.0756434847309
0.533279458741
-1.597578646
0.936283387396
0.184069184472
1.2888813552
-0.0153447383603
1.05355005412
-0.78452379957
2.201660841
-0.424421814004
-1.20920548564
1.28305200315
0.15312943617
-0.868618959512
1.08828474593
1.00244453055
0.0258061741935
-0.92865918548
1.14234746191
0.158437023001
-1.82619086474
-0.401629958877
-0.0643274880468
-0.800226137384
0.0579488347175
-0.0704328461863
-0.064010834564
-0.981607460773
-0.277970148782
1.19849474286
-0.032847818954
-0.0965837115335
0.00500491110603
-1.19938304051
0.108625799204
-0.45158063467
-0.455193670882
1.19749659987
-0.201368587038
-2.25705455521
-1.34147040518
2.09091310642
-0.605375570201
1.01738527951
-2.45346570123
0.0271869884789
-0.893952954995
0.13505972556
1.34368962474
-0.265634832934
0.411943438986
-0.897220358459
0.741041915832
1.67701504353
-1.45377135099
2.06394379332
-0.703917516682
0.43106212489
0.735555082038
-0.890811361583
0.457183784406
-1.36772108611
-1.03514274102
-0.0906895257306
-1.00466408875
-1.046319929
1.4184803012
0.721046454659
-0.0715637184655
0.919796745312
-0.515233983497
-0.880482697049
Score: 10