3
44
10
3
-0.330466764569
0.147831727696
0.107602588546
1.01936421843
-0.647376120955
1.4349927629
-0.801475197138
1.52320981388
-0.151728570304
-0.437590607166
-0.509757783235
0.88525622832
-0.197135636075
-0.0951077680811
0.81597129384
-0.0184736773222
-1.34866570103
-0.000832159152622
0.460864588601
-0.850019176893
-0.301054413904
0.884209235884
0.952958200606
1.36508059279
-0.508489238332
-0.280752596552
-0.0802355205452
2.90809522188
-0.765965250263
0.783033308194
1.74851553356
0.943805952763
-0.0272117785274
1.5386246799
-1.40525159443
-0.693433945404
0.767760083243
2.51895091214
1.32256525493
-0.839502059042
0.579633534056
-1.06728477764
1.31044404559
-0.664478442602
0.3692535936
-0.148473583052
-0.97833851191
-0.47850319069
0.0380279774226
0.942887975876
-0.983725238739
0.974476939436
1.36161496129
0.43991445131
-0.762387499868
1.19219783621
1.91295679961
0.30653633063
-0.430074017925
-0.491617684539
-1.67873279015
0.512347251215
2.94722880939
-1.86382009372
1.33676251368
0.141965986018
-0.558299690501
0.337266595288
-0.586207390014
-2.14532341153
0.071388261554
-0.249343774924
0.00205138830802
1.44758076657
0.486526787336
-1.33716616543
-0.366396148565
-0.701447386354
0.30044135666
0.924168678256
-0.0102904892797
1.07963089625
-1.37742523029
-0.137568480246
0.110575867899
0.54836361436
-0.0338486716581
-1.82399684324
1.00945459946
-1.4563233377
-2.10416550023
-0.0858753831683
0.77157491393
1.09263498607
0.849495609839
0.00852605281028
-0.573679931608
-0.341212375415
-1.00694954411
0.100516347322
-1.03766443508
0.904415467545
-0.362825642162
-1.15969369977
1.16491446425
-1.89564291242
0.362746119792
-0.862323966852
-1.34371795487
-0.12445908302
1.21142306862
-0.0400074589436
-1.54669967575
-0.408078093572
1.79269036572
-1.03492628304
0.305621261615
1.76375009594
-1.9481464212
-0.362834937073
0.283317903909
0.885075854112
-0.561691912301
0.958497860334
-0.301079953638
-1.15627363246
0.289930171334
-0.794781439732
0.866448382231
0.30886656408
1.84672092353
0.350011074384
0.874615030826
0.310825121696
0.261542247666
1.75599464806
-0.33542183931
1.007520026
1.51757821719
0.0244725202792
0.539229945566
-0.341650083878
-0.459776237146
0.533716931822
-1.67387325316
1.11160916001
-2.04419077059
0.279409621123
-0.933954741154
-0.303900640521
0.212045265664
-0.072954101809
-0.502153855771
1.15561691518
2.13013975816
0.337249224689
0.0581822659831
0.0431907597048
-0.853554838929
1.43608401883
-0.165698782258
1.10300490208
-1.02540730151
0.751176523851
-1.18060140748
-0.177722342304
-1.31632814768
-0.425352044391
-1.06701473712
-0.995604227423
0.99438226221
-2.30778770034
1.24346397722
-0.107977948903
0.46407920816
1.05479483316
-0.331620370956
1.60325602614
0.78806804661
-0.958661197477
0.43350152368
0.242092298383
1.52899521655
-0.142588026905
1.31064267127
-0.266708891323
0.430561007238
1.17701327189
1.73192370372
0.509414605148
0.813258958152
-0.0388131956685
1.97290455785
0.324054119224
0.0958688771512
1.10989478902
0.964769534867
0.648978777327
-1.04939883109
0.322160290697
0.887325168666
-0.130799281663
-0.690592724285
-0.684612075441
0.123399653111
0.343302824854
0.403206597908
-0.539528789368
0.158641769268
1.39317918568
-0.85956881884
-0.388846523146
0.67689167637
-0.522243640797
-1.00177379059
0.747124454903
0.7629622034
-0.734360313409
-0.324767433905
-1.4097284812
0.98677172869
-0.809856356382
0.41025631773
1.55690647939
0.501712384425
0.587148054856
-0.249671260005
-2.07409335492
2.24233583107
-0.814688437536
-0.7947373265
0.549755771875
1.34475683839
-1.41184322511
0.115837547596
0.264881700061
-0.933911367782
-0.522114287145
-0.24421347468
-0.501029706598
-1.69075000575
0.206936774436
-0.458431727565
-0.0112716830945
0.182840954434
-1.59943405744
-1.00623037878
0.319956443765
-0.526220875454
-0.103430052615
1.69440333338
0.054112193633
-1.16824374096
-0.285082822457
1.11953697914
1.63905949134
0.146210114541
0.0883779796531
1.38668688269
-1.36799624302
0.268968542438
0.414603526537
-1.47157072655
0.465268016091
-1.68302810453
-0.319379422643
-0.385476844315
0.663504668371
-0.590832459606
-1.006048511
0.76727404812
-1.70756129587
-1.36028912842
-1.45932186587
-0.158857027699
-0.635756665807
0.436858408225
-0.517873428471
0.000817268003904
1.65191185228
-0.299716688939
0.85773273319
1.45825821487
-0.734304552501
1.63566060838
0.058887262883
0.689863804557
1.69292774847
0.16265772456
1.7045260266
1.82697916055
-0.422791336001
-0.814819735177
1.15693096177
1.15613819924
1.56242864676
0.634604606552
-1.96315543009
1.94562859739
-0.0309334757845
-1.12615059081
0.555330993223
-0.142231192879
0.941834885662
1.2434832096
0.420824115066
-0.065857832925
0.24027672429
-0.156168756448
0.759489466035
-1.12516417621
0.347805177438
0.422397195616
1.57829142177
-1.69461703436
-0.189395183028
-0.2819807318
0.402231829224
0.204344042678
-1.17986395981
-0.383158757723
0.727895938579
-0.708898039918
-1.24483653904
-0.91051834517
-0.361789627762
0.0910964170927
-0.505364874264
0.676956281195
-0.0977264098889
-1.34049509108
-0.0973557670608
0.045748825155
-1.15259688154
0.630013149935
0.7010688654
1.31157817911
-0.483861019564
-0.421127371948
-0.595356943299
-0.39328573881
0.12581746108
0.251469469484
0.602396234512
0.690634967047
1.32645976797
-0.314253464359
-0.495393960977
0.84796610939
0.61298393501
-1.07242577536
-2.56776899145
0.289164824059
-0.0380982432346
0.494043095056
-0.329122000048
0.945728429269
-0.76793050445
-0.931923327887
-2.22081254139
-0.630716983476
-0.549499068895
1.3494681677
0.857343159437
0.531028048931
0.275603262276
0.1960109281
0.525700831698
-0.107037609232
0.0801228920198
-0.502811541027
0.625709538791
0.494945023576
0.0656237755975
-0.46196581877
-0.0456164252888
0.374695428079
2.2583426791
-0.00498805549135
-0.560089425461
1.10587808805
-0.249109683284
-0.955256253737
-0.711839973642
0.7951199815
-0.057062907403
-0.359974504524
0.986373817695
0.391745111788
-0.293586544796
-0.209602668509
-0.940035165837
0.328241705716
0.13593809902
-1.55043433794
-0.634502188586
1.35367216597
0.612057397687
-1.06584381465
-0.617975154333
-0.724419225739
-0.31571594609
-1.55656229534
-0.474746250212
-0.306506746557
-1.87943525689
-0.685022436229
-0.0184306517564
-0.0448497354941
1.82923982969
1.76070422171
2.31867422728
-0.663101971923
0.687312133897
1.0233451544
0.545654999113
-0.685883518728
-0.80771006014
0.28012615345
-0.559755777179
-0.833455338829
-0.441719010923
-1.12893517474
-0.808621416497
-0.321762722542
-0.991663014641
-1.04380887531
-0.44872611793
0.947069157116
1.76274609878
0.876912613596
-0.725827585337
-1.09642860663
-1.030341241
1.20630902553
-0.343912396132
1.16630988032
-0.486578625082
0.0845193270812
1.46720215222
1.41544953307
0.217979040419
-0.82700500509
-1.80831168362
1.36498414729
-1.38032837955
0.788000527505
-0.167122708572
0.430347427556
-0.56203557568
-0.338305974437
0.365987450799
0.886984199384
-0.874345035402
0.382902765009
0.696437823402
-0.842348745878
-1.96844122965
-1.66565802286
-1.32796452974
0.140571285475
-1.56602147235
0.159221012581
1.431569727
0.361440079736
0.93999376332
1.89282507027
0.709058794034
0.346887965677
-0.476817493709
-0.8589993305
-0.432406011512
-0.788105777809
-0.0636826352318
0.161093028564
-0.118874704261
-0.468990612445
-1.92013391985
-1.26098683152
-0.174084193134
-1.15061577854
0.393349093995
-0.214438363383
Score: 1