3
44
10
3
0.3384858959
0.708577797976
-1.07658667212
-0.0269064440753
0.353713973947
-0.0543893672268
0.8555051662
0.0144321695393
0.588656983187
-0.285640229054
0.0199796936564
-0.551198169762
-0.492145794543
1.62719884847
1.37752832048
-0.34223176342
0.712554922712
-2.72755093102
-0.87216419204
-0.712632098348
0.541427787822
0.0936133006007
0.587598384805
-0.858990417733
0.341355089797
-1.13467428212
-0.218018214729
0.0559596021993
-0.627329295702
-0.24023297382
0.582917198482
-1.82339027724
-0.599913877178
-1.05414803031
0.223219235999
0.762961581564
0.847495157908
-1.49841340767
0.617748549037
0.406094346144
0.385319619238
0.604731536772
0.0880146879155
-1.10614380208
2.03579075733
0.481473661006
0.390053044519
1.03948780028
0.979212350807
-0.472130547518
1.06539679357
-1.01395889633
0.724013103367
2.10418688853
0.705092896049
0.483534060651
-0.668636781258
-1.94336424121
1.82804194423
0.488974929146
-0.31466145672
0.867799352922
0.094224687356
0.0985620398216
-1.56668623588
0.723736778795
0.510569214333
-1.1140986874
-1.05229538683
0.531595734132
-0.697019710439
-0.557170322771
-0.854880107368
-0.175858939929
1.1333550993
0.605180917615
0.437221392919
0.169414779327
2.03602586718
-1.05323966211
0.642837025401
-0.501702681074
-0.871578507663
-1.38110056562
1.77356604934
-0.775786542683
0.259633898799
-0.0861847680964
1.02870815162
0.432706524352
0.36501050746
0.0846408807829
1.1306675536
-0.464493735691
0.339571115268
-1.08484539031
0.623499819912
-0.925984541491
-0.40064532663
-0.951146401375
0.485271707192
0.783608514086
0.7524481473
0.853099791312
0.144753675319
0.254821281563
-1.13515613372
-0.191020634417
-0.375183201843
-0.873515639336
-0.0697752445742
-0.25298905626
0.268442131926
0.973986398069
-0.21018937562
1.46205704154
-0.53546439569
0.536086794572
0.0909040254434
-0.318109084205
0.131465851233
-0.362671397111
1.49738444086
-0.289982560298
0.519559042998
1.52555920777
-0.395965811058
-1.44774626652
0.369931213531
-0.679778716708
-0.863594208908
0.981526496342
-0.492605848916
-0.505918264602
-1.34932896431
1.34742600777
0.621120802604
0.662619568191
-1.00070315225
-1.55043081788
-1.14297034001
-1.33886025306
-0.497379754539
-0.474012881023
-0.797149457381
0.800999220189
0.0949368345325
0.690902268407
-1.27428659
-0.781644107064
0.451617542368
1.66618023151
1.14670681726
0.659796731225
2.16905068158
0.987629130596
-0.257003972667
0.28054862696
0.219031439218
0.426859759756
1.19742172219
0.242807131789
2.1523838093
-1.37477228967
1.56670676097
-0.130572927737
-0.337781824436
-0.227122022324
-0.399742975494
-1.43385970361
-0.981290060259
-1.66183637869
0.293383966437
-1.05657892202
0.349921885271
0.0819908282583
-0.32367136329
0.807788969463
0.360189985373
0.520456797832
-0.236904603937
0.215979352342
0.643247224377
2.88884500223
-1.92295873195
1.12965742325
-0.728808644415
0.450363749575
-0.847899861218
0.0510564380083
-0.757404672217
-1.10567730348
-1.45555207985
0.763697945803
-0.404855654079
0.575192129122
-0.12103470849
0.663086690341
-1.97488134377
-0.482232460061
-0.751973436838
-0.165870819867
-0.775540654226
1.4270975697
1.31996657719
-0.695604030212
0.987038837448
-0.00889405732957
0.790609811232
1.19776524961
-0.958909101363
-0.387305608523
0.168463664954
-0.0489502150438
-0.601988560737
-0.130242738113
2.68286208378
0.333604094718
-0.856241093993
0.494727032394
-1.05918200954
-0.620606266151
-0.273414676164
0.557147857232
0.096332139124
1.52126011278
0.815165456851
0.257306466671
-1.65549760371
-0.467178289956
0.405784430835
0.577596831059
-0.906885695815
-1.26863848103
0.186332431426
1.21917078927
-1.55927762954
-0.86748023949
1.00942036501
0.606889917925
-0.126235855366
-0.322847759278
0.728382402852
0.867782754475
0.368827199469
0.137253129236
0.713021867552
0.176297375257
0.272868024906
1.18479316379
-0.734429186141
-0.721185134132
1.20201972153
0.899183456168
0.0362239114181
-0.0853220973526
2.29267067112
-2.73050899954
0.392474598552
2.24202108038
-0.381634761516
0.160887832212
-0.419292098991
1.25321977744
0.978474936445
-0.533411185363
0.363532042972
-1.26141059258
-1.32162375482
0.195071573872
0.112031326346
-1.82244949704
1.0618733395
0.0291294911716
1.11870714624
0.666992265798
1.1194604788
0.148255545126
-0.407653854822
-0.851294030876
-0.224609672649
-1.5813363754
0.430528711061
0.101511616846
1.39420892777
0.140070110263
0.156045461329
-0.102509306902
-1.09441311361
-0.350381565794
-0.101993438598
0.0214563750997
0.0341457908329
1.07960192544
0.242894228221
0.304436847996
0.141198099866
-0.158660652391
0.975718442418
-0.678138926615
-0.34441750648
1.1901908065
-0.161150746872
1.19816398248
0.390017913406
1.50312190355
0.281611275783
-0.0822189588945
-0.563771460578
0.370239030527
-0.166005997071
0.734315721632
0.0546526553754
0.883752963509
-1.10844875991
-0.998065546547
-0.823506516842
0.294280245367
0.765098588961
-0.272356962067
-1.27935041939
-0.32038808641
-0.808861180192
-0.993892213855
-1.55857871012
1.23539160442
-0.121204824693
0.619161847372
1.51171724969
1.07789228156
-0.45241228284
1.84948173234
-1.57076094435
-1.05885791506
1.23337021726
-1.79633288569
0.978242544675
-0.109648515885
0.944984495459
0.0206109672483
0.123758798931
-0.891358533276
-0.65187485419
-1.96511083959
1.20033080538
-0.431068849965
-0.372258820705
0.746802266072
-0.054043339375
-0.145253044752
-0.307600514838
-0.354508858151
-0.938819538485
1.44677033795
-1.12811911102
0.250277550097
-1.23108933317
-0.255314100068
-0.448079024431
0.194712045804
0.802777644976
0.633858982758
-0.51745640791
0.931862809646
-1.86828725937
-0.616016413111
-0.430953015305
-0.0384274393855
-0.687984241146
0.465569880565
-0.97010242587
-2.73542743063
-2.01663530437
-0.439158406286
-0.911195166326
-1.54707903486
0.464814736389
0.587513806809
0.510925254767
0.295259297678
-0.821549838122
1.37502293633
-1.31782933999
0.776148183106
-0.718923065903
0.834843813266
-0.177217759183
1.61420665952
-0.544277859938
0.496210936751
0.072515356955
0.576730607803
0.591992356786
-0.0168266561175
0.856337615174
-0.862691696775
1.48331145705
1.65887891589
-0.811483736258
0.8268205703
0.0325210118947
0.452186431136
0.0996222162575
0.099331427886
-1.46350511971
-0.387961197456
-0.19751906415
0.87013140658
-0.556644061278
0.0240026298999
1.1243471633
-1.66165851365
0.814039147072
0.457741010299
1.73673662229
0.348352017834
-0.632119335372
1.62188516172
0.415326908128
0.788606842791
-0.651248789347
-0.952362450386
1.16599970838
0.373958167232
-0.661650826978
-0.930468017991
-0.465014343672
0.139963771348
-1.99607642393
0.227910824781
0.850303373505
1.51528015604
-0.608337504493
-0.0409326703465
0.579895256098
-0.334841446811
-1.36142085209
-0.328042992202
-0.678073756987
0.216764186598
-0.264008941051
-0.596599359634
1.33614888985
0.306644786414
-1.23109742003
-0.0361588760085
0.228047135687
-0.892378902293
-0.413429663089
-1.20390753871
-1.61021434758
-0.816668482151
0.745959587854
-0.267808686419
1.36324031695
0.154335037645
-0.382719983575
0.63793410555
0.765673810046
-0.0021809015324
0.767137833575
-1.07256399024
1.86397072571
-0.329197235246
0.108104516657
-1.05064902647
0.243364011192
0.946256852643
-1.65346965333
-1.3964613998
-0.0180724980164
0.48555522105
0.872543905359
1.20101899531
0.685546814048
-0.81199645797
0.464417356215
-0.204607934836
-0.397191185396
0.430935895299
0.862832420248
-1.38696955825
2.10930038295
Score: 222