3
44
10
3
-0.254879889797
1.93460338601
-0.108631501928
-0.626305005608
-0.990807229895
-1.32134929896
-0.799475652783
0.709477624391
-0.856696389085
-0.878588135615
0.536901924405
-0.887051699734
-1.88408006121
0.6057505156
-0.377821334301
-2.64245580623
1.21049843802
2.00454366064
0.824641897095
-1.94072912522
-1.68412956395
0.308786055464
0.258152756211
-1.99063507269
-1.64448019757
-0.666830169054
-0.679769373319
-0.758204623718
-1.01379547768
1.86412435256
0.379370722927
0.189822862983
1.20167491878
1.16104280882
-1.00221600196
-0.0942014417162
0.85744688525
-1.23207532315
-0.418208849995
-0.750453434269
-2.3093321444
-2.39073489203
-0.546689838409
0.1406992062
-1.77563921102
0.4409930539
-0.71663266663
1.01850482196
-0.115971444247
0.157879381222
0.164118232276
-0.627772258222
-0.672248056762
1.871018209
-0.654450011629
-1.63996686355
1.06029873507
-0.497184561943
0.507756218198
0.351545116045
1.75956240712
-1.57042115043
0.182335039756
0.443849634568
-1.17205274542
1.50050167569
0.0409609819146
-0.165482268412
-0.0206639431405
0.276401297601
2.09470727091
-0.342468858005
-0.134377502266
1.02347297488
0.25890261082
-1.00735786792
-0.584488300092
-0.0229291666713
-1.4170253619
1.50922766816
0.0581163501791
-1.04161360251
-1.38481061955
0.146041294925
-0.627696530052
0.54104794338
0.412618503047
-0.285444867346
-0.440874465494
0.172944405064
0.708924349392
-0.843887153067
0.331992214842
1.02627537224
1.42113458389
-0.466364970831
1.15218306228
-0.485482595908
-1.52237399155
1.73548205644
0.466135028349
0.462434163274
-0.0281120843129
1.47663525996
0.636837202498
-0.854746408658
0.210294174275
0.00536356078942
0.511453128776
0.542338512877
0.818888707206
-1.14964382292
0.563141787382
0.603794913318
1.84800110189
0.230715092564
-1.48272765739
-0.171285982981
1.03645645349
-0.159713899961
-0.434814227587
-0.249260790494
-0.582767399019
-0.0434719195629
0.422719372038
0.525174580619
0.880686080024
2.22785675115
1.64252563727
-0.46420493049
0.207336466547
-1.12720540885
-0.19361371328
1.18081430481
0.389819421364
-0.465306880424
-0.467262633167
-0.660007310314
-0.218129913686
-1.78590764568
0.556133583332
-1.12894564362
-0.273388660526
-0.667272963254
-0.875761431606
0.678948360667
0.59464845466
-0.363183066665
0.783009501876
-1.58456074296
0.414141738106
-1.19092764859
0.00901836199102
0.271013245717
-0.818097092419
-0.606424275799
-0.876615873315
-0.403428902745
0.650475318258
-0.30648934434
0.777346116007
0.12903857732
0.6787703422
0.0207557095113
-1.35099857282
0.879453894512
0.440135686021
-0.484029965506
-1.10198267771
1.48687568085
-0.905461562387
-0.0215379942862
-0.773124306627
0.480547891816
-0.0921478545641
-1.81023836461
2.55412307655
-1.18979302604
-1.09948789774
0.908007260066
0.0557242471193
1.65959389361
1.77312105758
-2.55424065158
-0.608216798219
-0.36461888149
2.94874250066
-1.04431529299
0.306297428043
-1.39037182622
-0.108413834544
-0.0277990367536
0.236522410197
0.57595007936
0.338012978454
-0.0952267496193
1.35494368727
0.107049802118
-0.0792154069183
0.315558196554
-0.684248514517
-0.172558700052
-1.13771368608
0.574824186641
-0.914851640636
-0.216541970253
1.5636261868
1.95476398006
0.710790925768
1.49618998152
0.261746678103
-1.30602579367
-0.0965656378804
-1.43640631266
1.70016309392
-0.652474805502
0.743559463488
-0.1205630985
-0.648358789085
-1.09853523704
0.758999800772
-0.243237796104
-0.845872677041
-0.831239616833
1.70450062248
-0.289332889049
-1.48056816396
-0.749271845835
0.602143780659
-1.85530635754
0.742594110083
1.13110417275
0.292058672996
-0.259143370323
0.331321016498
0.161751945962
-0.367455032648
-0.143279739007
0.525028297709
0.272376558312
-1.04853400676
0.0208581837456
1.94751867493
-0.849333360988
1.85091996373
-1.13726238554
-1.0918946748
-0.188069326477
0.851305446479
-0.144001153668
-0.904631155102
1.33167658252
0.38805663331
-0.970193426481
0.953723671119
1.18004044305
-0.315624899306
0.587610239617
0.499680449779
-0.425079425538
0.622363269954
-0.590890785516
0.915262355955
-0.0336683502187
-1.03397107499
-1.02202350355
0.287377684237
0.303485786516
0.323348428011
-0.421962614294
1.01078042755
0.00127097208674
-0.747184888267
1.68667460023
-0.58624798905
-1.23125007751
-0.779929972543
0.163814553028
0.137728323297
0.9450647657
0.522586890433
-0.98980194272
-0.51891456605
-0.379730400336
0.760589358557
-0.289556297546
-1.03140285641
-0.988922977165
0.286043706189
-0.702747706518
0.153989071423
1.83256931927
-0.346899510971
0.10979982342
-1.03168515048
-0.266459712456
1.43727898464
-0.833420583516
1.7661443776
-1.05528862264
0.0448565651707
0.401430383509
-2.36063543732
1.41507927238
1.25660808328
0.661507998697
-0.308081986872
0.414728739851
-0.44401943966
-0.00945948492838
-1.1798408647
-1.58868761297
-1.57795597485
0.0797263949421
1.42909912559
-0.442964965404
1.099234528
0.479697351529
0.146617904317
0.377105015422
1.75382854263
-2.84462927686
0.094798644138
-0.215170587193
-0.974616702204
-1.82486238544
-0.191506253234
-1.35573142391
-1.2107606382
-1.38472865755
2.06279173376
-0.441972402206
-1.82632234581
-0.4262516845
-0.182872860529
0.2756954935
-2.40039998712
0.657970788551
-1.05232024603
-0.624117800623
-0.573826061262
0.0275838454754
0.114704132518
-0.449914156084
0.282153644288
0.149912683035
0.689023929227
-1.34177969274
0.316725299867
0.267526487657
1.26748339396
-1.12014410011
0.207136107922
-0.492837223205
-0.0882152370185
1.07843249496
0.624722810218
0.395393956361
-1.49878073854
0.042271766235
-0.593345811214
0.732352531183
0.303580039557
-0.790763764047
0.168170303906
0.922183988559
0.0831893745362
0.617662708765
-0.364118315704
0.331007573235
0.315496929935
-0.0367967286507
0.221364416257
-0.345983967424
-0.294009300403
-1.08580589389
0.511868579089
0.387223847068
-0.338025657119
0.166663368499
0.844889163121
0.489517735157
-0.180506065398
-0.141795962225
0.0481544726425
0.0881740655889
0.876966065604
0.796047153363
2.43693823642
0.308822896471
1.56340622402
-0.408049855495
0.437262962476
-0.86031362681
-0.194201307433
-0.366744557809
1.1217779786
0.374928756122
-0.689412374996
0.338516296909
-1.62150586501
0.0651873689475
0.283795346637
-0.537237558513
2.00826384262
-0.846290015563
-1.31190014114
-1.75178443654
0.128129001388
-0.470928256632
-1.33887336549
0.815911632204
-1.19784413701
-1.06122211859
0.702768513782
-1.25163130486
0.248648703761
-0.166506562479
-0.3214687554
0.300277800559
0.780684579372
-0.939098165914
0.0608619719603
-0.600758679002
-2.32375104548
-7.09852441923e-05
0.617416856051
0.0386905042993
-0.544392074187
-1.94736022725
1.37759140405
-0.654558927063
0.389531495671
-0.569735575838
-1.82481905011
0.0479305535512
-0.174259666904
-0.363900605269
-0.228917521264
-0.632170634298
-0.903769911339
0.530080709612
0.13796614983
1.77193545539
-0.942003990721
0.150756952248
0.21826392331
-1.42706022212
-1.62750957683
0.129768182439
-1.07720449914
-0.609342924919
-0.209130248435
-2.17475264217
-0.540981175821
3.23499786028
0.938996435581
-0.919779192276
-1.0404491413
0.220247415879
-1.25644389652
0.0750954374374
-0.0812387936743
0.0310945476291
0.428836725345
-0.0244855201834
-0.130100961574
1.14904530739
-0.722632894495
-1.15479033029
2.14114242982
1.63124111701
-0.791178203636
-0.776254709513
-0.705839438344
0.302393373061
0.653854031797
-2.09251804583
-2.00906564357
-0.03475258851
1.25176175432
1.36606860391
-1.43282591679
Score: 1