3
44
10
3
-1.3104105666
-0.522462349802
-0.48368688846
-0.516917220355
-0.826772977422
-0.817840330711
0.0014852778311
-1.30611924485
-2.134697887
0.0591314360599
0.0839642246269
-1.50937431364
-1.68709563206
1.18700130726
-0.389438687278
1.08553807296
-1.13640820673
0.42690088954
0.267272290359
0.0448462667876
1.19524767629
0.475633499625
0.0163006908546
-0.080435465342
0.371271474767
1.19870813161
0.280491897631
-0.577775296952
-0.777374866323
-1.20232555846
-0.0295114940245
-0.229946598331
0.319087327624
1.56694994376
-0.903090164488
-0.0626189280421
0.342581751504
0.577522072155
0.962911622937
0.230771902554
0.452669778357
1.91452514402
0.399190712822
-0.833509727942
-1.80064563123
-1.14231909352
0.945439053907
-0.979718901029
0.287096012828
-0.592293773995
0.956276293647
1.5185277564
0.583267494835
1.77710397083
0.674978381434
0.0930238592056
-0.0185079485064
1.10650731656
-0.205743585755
0.991456566127
-1.22624899277
-0.0235490006498
-1.96396824748
-0.587264379491
1.21178217777
0.87477632205
-0.0714148320628
-1.03783740464
-0.0602440389771
-0.530906794475
-0.593103214485
-0.153954628064
0.787896373463
-1.33733226608
2.01438976477
-0.26185502647
1.12787737928
-0.0958828394269
0.104839148741
1.438158767
0.237457401267
1.90875724698
-0.435460116253
-0.460499332222
1.64849239999
-2.12382566411
-0.696562857934
-1.05147540324
0.430315739661
-1.17607941795
-1.62813000672
-0.873554789236
1.33670433888
0.534102400287
0.996994194958
0.168826236861
-1.31397420844
0.497109081039
0.108749342401
1.26324724871
-2.23417173996
-0.550999749283
0.0438802564917
-3.14385436485
-0.531068814559
0.232490163057
1.20962739099
-1.16129029684
-0.323147726347
-0.00260881456315
0.192685744754
0.356735497139
0.114132280134
0.91674720686
0.913794285289
1.29278320916
-0.3412533124
0.911019334945
-1.84795070616
-0.521662940365
1.45633149539
-0.846952360463
-0.81441211405
-1.4747811939
-0.394402451954
0.947806991373
0.416896063138
0.939188973237
1.47456409305
-1.56586243603
-1.49416560918
0.378018922817
0.248568069855
1.10942859463
-0.559008309265
-0.454719976256
-0.129496773177
0.152355461988
-1.03977092903
1.10911027686
-1.41194026217
-0.486733167765
0.340388068193
-0.704055729903
0.205009847414
-0.703898636759
-1.50988965998
-0.905434771434
1.0803082385
-1.68779072365
-0.214384930791
1.33951295674
-0.503328941352
-0.966331735877
0.239864778703
-0.241087037855
0.0155998413287
-0.626646921454
0.564214045333
1.48780859747
1.25066611354
-0.940847767866
0.352633981383
0.192662424682
-0.915155465988
-0.368544533
0.11320412654
0.0315347303877
0.739977375349
0.170216604391
1.51797845889
-0.0982591749121
0.749974410743
0.934632367446
2.08685096591
-1.68678483285
0.840744855447
-1.00721594184
-0.35477363156
-1.27522553084
-1.06144554092
0.821884942313
-0.466172561189
-0.558329071508
-0.738256875232
-1.2636967457
-0.636120430964
0.537078139854
0.741595913566
-0.337022375327
-0.0637592329161
-0.687858277426
-0.658472138348
0.446744799286
-1.70380032743
-1.47558033275
0.0464150315164
-0.667365822611
1.2704675757
-0.908626627183
0.619672579376
-1.64805602935
1.47756447815
1.3396852557
0.644054409782
-0.442631520014
-0.210222588017
-0.238313824727
-0.256852726182
0.286190309221
1.26767079178
-0.294971762484
0.365568169446
-0.179672714876
0.907614919147
-0.74262411101
0.737778849568
-1.95074220388
-1.6925319741
-0.585691716083
-0.04090357185
0.487552079273
-1.48240695208
-1.78883723886
-0.369171464815
1.66590961466
0.275033954388
3.13510033393
-1.24593648857
-0.581387473987
-0.269812352584
-1.15222300929
-0.18345629172
-1.10635251922
-1.05598095985
-1.0391421766
-0.897350805039
-0.390304130458
-0.716643379599
0.527159441497
1.13241315728
0.47716805722
0.110694774359
1.23932647255
0.256823501737
-0.281107773398
-0.206669009267
0.183693356093
-0.664702114579
0.801834902332
-0.700120343126
0.439954324331
-0.186109988303
1.11263318086
0.974176914172
-0.895375907257
0.0268103568349
0.833123781188
0.617466181104
0.113524948426
-0.49843895679
0.60508699678
-1.14513943581
0.554896445194
-0.703786955552
0.0099096125513
1.04676837423
-0.819260089476
-0.213084656149
0.146264278555
0.00600539711665
-0.780084315891
-1.69803850063
-0.286871160003
-0.0234690789532
1.19825061466
0.143104434149
0.320084270772
-2.14235587904
-1.48744019341
0.817162178788
-0.947206242321
1.0997615636
-0.509891705123
2.00704047273
-0.0825854702071
0.74483203792
0.456767825044
0.634322140111
-1.91885730108
-1.08082120577
1.39567466491
0.249320847965
-0.534810718738
0.785824463401
-1.75854505451
-1.78548535268
-0.409716518413
-0.219294096427
0.0443269527722
0.649736856556
1.27660971098
1.03276034472
0.5714038265
0.891903095782
0.080154667352
0.0259446811174
0.0278663320721
0.498337236569
0.256620101379
2.52561642927
0.1526405287
-1.65776181251
0.75870746622
0.853819269313
1.45408711378
0.674694953377
0.231817652692
0.75181328841
1.87254298105
2.16576657555
-1.22949109176
0.113879174781
1.62171679978
0.828691554027
-0.295348676955
-0.143790510343
-0.73179645736
-0.116758501923
-0.943457826837
0.257659035
-0.227758647022
-0.977083587461
-0.655969449374
-0.256132124728
0.459969526445
-0.197431728413
0.743177681382
0.596093284306
-0.334123426132
-0.8526850559
-0.912706207935
-1.21516783961
1.52710027167
-0.816785887296
-0.915171943902
-1.08397928046
0.334791947553
0.058041228405
0.938460915492
-0.0572784552108
1.46148385158
-0.0723828473162
-0.734969730526
-1.38443606323
0.834583386605
1.36685570188
1.11450263275
0.0296898985897
1.32862568681
-1.32351573452
0.812627077657
-1.24802984077
0.545410465015
-0.0189082400589
1.4570018893
0.148283616128
-0.528414881852
0.65757647869
1.37226553849
-0.656733689595
-1.25757123741
-0.969303769326
-1.28706207973
-0.0490973164864
-0.226270231777
1.15089216921
1.6359471123
-1.78138455863
0.931559591091
0.796447423744
-0.582298323252
1.17736847883
2.00225747378
-1.29017371933
0.424908939583
-0.204567559251
-1.46163196359
0.346396045099
-1.631516101
-0.875424087449
0.173870487373
-0.247277772009
0.434429340775
0.406997369358
-0.155637686417
-1.32356779414
-0.366750032498
-0.637417389445
0.745462030108
1.89090041244
-1.97066148327
1.15878377047
-1.26559307226
1.7519182111
-0.0784057318785
0.0313693107937
0.113225101954
0.0439420490078
0.4800345363
0.0748644438281
0.737471171287
1.45250010489
-0.596253047453
0.27000727899
0.922216430801
0.906699294928
-0.87922385902
1.41042109957
-1.17086660227
-0.111253268994
0.648021847504
2.20642682112
-0.0275394896928
-0.443868001659
0.774367536864
-1.66596229787
-0.454777811611
0.882428548434
-0.417417582897
0.156512077997
-0.00225073337645
0.302514186934
-0.620673897873
-0.217030744681
-1.55636113414
0.495618749064
1.24934066218
-1.62074245503
0.335984055246
-0.801229684386
0.196967731185
-1.06859844601
-0.896983625784
1.45798806516
0.565449083468
1.54190692589
1.59598266021
1.70754041287
-0.801464126608
-2.25626800912
0.182279603034
-0.157537336708
-0.259245061035
-0.692208701524
0.441408513645
1.18760334542
-0.760264996616
0.137058783178
-1.48088068587
-0.219185679299
0.697121253877
0.253013585373
-0.446494017385
-0.649784978503
-2.35892178574
-0.428608180619
0.692235744769
1.68203518678
0.314288131958
0.600249960266
-0.25943561454
1.39776138594
-1.55391428413
-0.450325944796
0.938496521734
-1.27848277915
-0.320217066886
0.261410170633
0.222260677487
-0.0481383413356
1.908967762
-0.948386680264
Score: 1