3
44
10
3
-1.79885118769
-1.05808282519
0.878431694451
-0.486788523083
-1.83923139443
-0.573535613059
-1.05022648095
-0.790372872018
0.110315353176
0.307982124968
-0.791545516613
-0.422296194717
1.04909327475
0.903386404801
-0.162382697858
-0.25184599351
0.158425549256
-0.259521237318
0.10642953755
0.656289210179
0.507518617498
1.63959475434
0.479224947271
-0.979737264857
0.302098231749
1.35060582027
0.758585454765
-0.521797560847
0.636818724669
0.922957112416
-0.201562366887
-0.372968109164
-0.215070391902
0.722653989953
1.85128337257
-1.01494395568
-0.321923462342
-0.887108799323
0.0941256338108
1.81493407634
0.724829735318
-1.26026579361
0.119877844329
-1.51599836069
0.791895945044
-0.554337363016
0.569517693228
0.636851805165
-0.836175537497
0.672799824073
0.346629218424
-0.0645196439462
-0.126459793938
-0.746849227949
0.502390096541
-0.758643789982
-1.0035200171
0.619006111906
1.39834394949
1.69217005659
0.346618010675
-0.180972023371
2.28840845783
0.736993396193
1.48393833006
0.556793043281
-0.387378037829
-0.481192837595
0.556030789661
-1.29591749737
0.529094005734
-1.91971050402
1.16672205052
-0.635080232259
0.689644660349
-0.0680157968882
-0.232039755517
-0.121722128714
-1.09100224936
-0.916239143148
-0.830387139148
0.598643209416
-2.04048680728
-0.973096742115
0.404475609408
2.38448232785
1.08534437734
-0.182681972879
-0.869652121778
-2.02910589487
-0.34300048187
0.237166592583
0.334780269544
-0.761389220233
1.0892065834
0.226480183783
0.112363645893
-1.39056888577
0.971016327326
0.0956837003357
-0.662753456771
2.68871855058
-0.679438523033
-0.801928080985
-0.60620684529
-1.93889703203
0.722842291116
0.497181613709
0.192152348334
0.811840749675
0.447411665625
-0.510968654956
0.719449141739
0.51200860079
0.67533336228
0.689512107537
-1.09871565709
0.58111481031
0.578120594718
1.81387103646
-1.58088807888
1.90405587814
1.36079393925
-0.269264327393
1.6194126724
1.52099571405
-0.669762033201
-0.0822346419233
-1.14267481483
1.57708373571
-1.11698721822
0.0904789917183
-0.467630100616
-0.341808838356
1.35856542078
0.258991561436
0.279850122475
0.0360968969136
0.046456433646
1.17022276809
1.32481327175
-0.568983823691
-0.0437751653184
0.590104832013
-0.0512979111337
1.86279139277
-0.854613556399
0.0027574007961
-0.425698485124
-0.665825411396
0.447611770145
1.42065823831
-0.0928404778267
-1.12145493425
-0.430376190449
-0.438927135196
0.437255730772
-0.779073019466
-1.2130089459
-1.97457703301
1.05835260622
-0.180773361025
0.285255383004
-1.08481592939
-0.904979689467
-0.856905126124
-0.991385132172
0.323785204059
-1.36872053093
0.0859106705921
-1.96002999575
-0.584971376702
-1.7440719033
0.134170137799
-0.954546384081
0.0493444168517
-1.04508270035
0.0554241378411
0.588689416528
0.794883174613
1.37673313276
0.765698812627
1.77001009275
0.0593287744439
0.0936993007227
-0.0847566086287
-0.843324485612
1.78912271279
-0.362635585963
-0.0725606378501
0.0948882014211
-0.145902255419
-0.112443808454
0.863284377255
0.511948375393
-0.859250531518
0.608605570398
-0.746863116123
0.705450993399
0.716061093413
1.05061897513
0.0426124109317
0.391862289285
-0.66271159931
-0.284912046976
-0.303925704623
-0.0652342044959
0.415137609975
1.14401914043
-0.717472526869
1.08839920276
-0.510566422003
0.449039525777
-0.167959425258
0.547350167522
-0.254182860813
-0.907552799467
-1.15873303639
-0.327405314642
0.695019941489
0.657901776039
0.800733650421
1.63259471708
1.54334624399
1.02299538991
0.895846354067
-0.29305449125
0.71079285571
-0.200620487666
-0.896761424817
-0.85873951693
-0.0840676093594
1.05747502255
-1.11301300685
-1.45756458451
-0.445421422529
-0.281596807742
-0.451439382657
-1.0139756464
0.201518379744
0.520884880728
1.40660899895
0.147245178485
-2.47339754199
-0.700917034644
0.212276534403
0.100951316656
-0.354394098569
-0.361267248699
-0.778797389679
-0.55890751844
-1.30388072176
-0.727783461693
0.562934563217
-0.0374985208858
0.619683857399
0.115555813206
-1.71352093817
0.0291876211421
-1.77347791618
1.81603927104
-0.352139315858
0.438342280041
0.43330621036
-0.772222607585
0.127956099506
1.03207832083
-0.164550205857
-0.0280809650464
-0.466038177814
0.487396702303
-0.881125528041
-0.540687887048
0.574173245917
-1.37166541785
0.402423529869
-0.794181690158
1.28495010235
1.12229559128
1.0342409437
-0.264699288443
0.950913335639
-0.849736573368
-2.03595138594
-0.417658738068
0.685805080939
0.493602699482
-0.721579485491
-0.65723832247
-0.385576455927
0.607847043082
0.496403991987
-1.31494989081
-1.82984685959
-0.26215813181
-0.727598230031
-1.2188165256
0.579847398245
1.52697446458
-0.73816357519
-0.893743506149
-0.756953303562
-0.206631268837
0.418759209293
0.342403043898
-0.00816470111333
0.428159126656
0.305300427495
1.01526686032
1.01906478698
0.626024475965
0.341596309398
-0.543180324966
1.14058606379
2.85148845068
-1.25213306458
-0.260377878432
-1.39576038964
-0.311587128836
-1.04965100456
0.608571428537
-1.01090526578
-1.20014357592
-0.150691467427
-0.933842723561
-0.833353070181
0.25920773295
-2.07974603648
1.1947037645
-1.15846593955
-0.844113094535
-0.0856195802258
0.510202944953
-0.318755571115
1.82085764233
-1.29548327733
0.427092606194
0.867021578184
-0.907173584651
-0.394755117462
0.40506310978
-2.14024884873
-0.179843148014
1.32937776271
-1.1334662068
-0.193455408526
-0.824739099271
0.948704634911
0.732944413681
-0.646579264924
-0.337181646573
-2.42885617377
1.83707575308
1.84040448932
0.881804076567
-0.863287202613
0.719847457017
-1.26985698148
-1.03131494043
-0.836047576155
-1.30957662863
1.027303985
1.38860976728
-1.40756471366
1.00999786661
0.0319677248961
-0.143743401166
-0.621868279584
-1.01428340559
-1.72196273867
2.06859866272
-0.620377513553
0.709875106723
-0.829980061001
0.479536620111
0.578835512672
1.70380810497
0.746193246043
-0.592822359629
-1.14708594293
0.810977810014
0.220150451343
0.747976371737
1.33823711121
0.557159547552
1.55843288556
0.0580722043618
0.821986337861
0.047482413965
-0.683817817701
-1.45566155608
-0.375226290899
0.732428918276
-0.232273129129
1.90637857759
-0.0329585846499
0.197434171531
-1.19633432994
-1.88331411088
-0.0837443178117
-0.621769367984
-0.786725877549
-0.114811981367
0.16942777526
-0.295519876801
-0.96074713576
-0.902204863185
2.08811365456
1.24179826231
-0.410975913838
1.28256033993
0.910635430729
-0.0801411220277
0.868580064278
-0.67904836975
-0.679631402018
0.0190017392697
0.229513156894
-1.76074763386
1.23007588858
1.40828237403
0.669033462217
-2.59952461707
-0.585845109855
-1.10570447613
-0.21807971271
0.699043466411
0.890730722593
0.494966164157
-1.81892577751
-0.504467878862
-1.34609079851
-0.0441139663313
-0.0736739212694
1.17101670308
-0.336332373904
-0.377429177081
1.06314216569
0.897891609117
-0.561464983327
0.0474716720233
0.670424477913
-1.29141169161
1.39173771968
-0.148182893802
-0.493401516819
1.04266351316
-2.39861639087
-0.179996874322
1.13987277579
-0.0334681122592
-0.696831571143
0.584554748468
1.13448736777
-0.256764912577
-1.23377973005
0.212451370186
-1.19177813725
0.293189825023
0.594579953454
-0.496022292749
-0.638983023551
1.00921718062
0.500126127804
-1.24225730413
-0.810492867518
0.879057899313
-0.4977346725
-0.776822969169
0.473872913812
0.495641002516
1.13812196638
-0.124065327256
-1.90577567232
1.61786465334
-0.947587350199
-1.19342768586
0.364513035151
-0.589860551478
-1.50687410782
0.134803228259
-0.178389316547
0.927982695684
Score: 1