3
44
10
3
0.696880948031
-0.491058501192
-0.130438510647
0.11847895092
-1.32601506884
0.0482827037839
0.920095108596
-1.1862884686
-0.0779444649752
-0.0444421905824
-0.38137234242
-0.728274349809
-0.0236476009675
0.546830077031
2.03334849731
-0.892870339988
-0.0649069372486
-1.8734075272
-1.64682559489
-1.04464200464
1.87896517242
0.860332577342
-0.504987867867
2.06784979523
1.15055830917
-1.01025487755
-0.973402111404
0.184103075881
-1.83918100561
-0.329278062339
0.0949942902129
0.643225468149
1.42478839984
-0.893045398071
0.0458988946551
-0.269702452382
0.175290149451
-1.1799303186
-2.0981864203
1.82285346337
1.19182566561
-1.90074569606
0.645027008249
0.531955314147
-0.0812503278637
6.06233015291e-05
-0.334091309768
-0.165688917269
1.97314644461
0.391621071767
-0.0709036401912
-0.911996952783
2.02110924322
-0.745133404967
-2.84780972734
-0.205395064295
-1.37191502878
-0.413578401904
0.140873338027
-1.80759325037
0.300770071895
-0.623597634429
1.2884856324
0.501296241094
0.503967301677
0.88097183253
-0.0253445385848
-0.0704215991453
-1.2723921179
-1.19173506029
1.10550934576
-0.5815436679
-0.891705385471
0.0539985569601
-0.512202967981
1.22833483009
-0.48538718071
0.200218656517
-1.0910680766
1.26699579919
-1.00722118468
0.795027598576
0.238554223532
0.0934307276569
-0.376119423193
-1.05027120179
0.0770683537869
-0.207376535036
-0.968698748089
0.199443807789
-0.0386738625153
-1.11258175911
-0.451702231426
-0.751401228665
2.59574601444
-0.464396195442
-0.39449595388
-0.749472194553
-1.08713562668
0.0224110366809
1.42123317236
-1.62441340392
0.759286241006
-0.145138356709
-2.65175601856
0.520458983533
1.19132344916
-0.936892072411
-0.274711321967
-0.356775317547
0.382305708134
0.646051405953
-0.721546161167
-1.67103062147
0.168132871071
0.493470227892
-0.308116806121
1.02846213503
-1.40431118763
0.700876560844
0.390507300117
-0.641493997781
0.364027429304
-2.20615092917
-0.0405065487344
1.21322178061
-1.48924557727
-1.21795925636
-0.748813848235
-1.07715046593
0.374768833037
-1.54076447425
-1.60935318364
0.764700102596
-0.130563553315
-0.560472262787
-0.123546205259
0.696263705475
-0.0543182090349
-0.546812415625
-0.870306289294
-1.12557525906
-1.86085953793
3.01202992781
0.598986520192
0.716215604211
0.403176237093
-0.284541135155
-1.36100758406
-2.00785251532
0.426986886863
-0.448985944607
-0.10049449529
-0.904568062953
0.512133868365
-0.351272259927
1.92947708635
0.667087754183
0.510746265311
-0.107052846272
-0.901057101625
-0.377896073684
0.121210128161
0.770920455907
-0.373684389793
-1.3925565694
0.410050187628
-1.006563752
0.162349764174
-0.58867592271
-1.31961260854
0.4311562323
-1.0968443222
0.221309436474
0.555813851124
-0.312816144868
-0.683522686185
0.216490431942
-0.0156167501665
1.44965927057
-0.787881776796
1.77630621672
0.480395874683
0.018654155669
2.60423442213
-0.281395048725
0.282326758513
-1.18819837465
-0.231451182132
1.42707721579
-0.0934506386107
-0.107060699026
-0.0311271338623
-0.0790939583926
0.0895362687611
-0.0605750670198
0.89051988846
-0.383570258739
0.389171392708
0.847901727986
0.0972791836615
-1.29900888895
0.345518543702
-0.367742469415
0.247385809694
0.108675105388
-0.262960771581
-0.409295777701
-1.43953486941
-0.0313957547513
-0.00204139964471
0.543577235444
-0.12399342851
0.11396510125
-0.221553748385
-1.62647105544
-0.0619934235614
1.68124041563
0.280174535616
0.829997553124
-0.267213642174
-0.313086189916
0.363334735753
-0.682786793533
-0.635093103286
-0.514412984765
-2.00007647886
-1.95882493851
-0.91115970843
-0.616879372414
-1.36566872123
1.50488550032
-0.0466406636589
0.642255549415
0.588913337128
-1.09883921943
0.31954798517
0.359999930643
-0.160252480705
-0.468323907151
-0.627231424763
-0.45407753933
1.13658240956
1.73659455921
-0.406981139452
-0.483846353133
-0.552900643379
0.0224987853263
-0.321622461699
0.310971573627
-1.00867592033
-1.76295466813
0.462568238812
-0.13335588332
0.920740484188
0.386136935764
0.949978285359
0.743534041676
-1.27696016075
0.467686584604
0.235001641096
1.66014634907
2.01912978566
-1.48517503087
-0.821811404183
0.429854100347
0.113685717799
-1.27787822871
0.843382546253
-1.28851752944
-2.54776277925
0.519376700076
-0.14587505932
-0.694564451674
0.588809709249
0.966759565487
-0.713138633756
-1.92135413394
-0.833855742479
0.965563717782
-0.758063521046
-2.16722975431
-0.0441955130164
-0.130335031756
0.0554299234832
-0.967050132244
0.307397615661
-1.67374479086
0.177207000841
-0.396483403011
0.756587308429
0.452806353768
0.827716095758
-0.95930546792
-0.281662410726
1.17724437579
-0.643858306173
1.12312351449
0.103625134745
0.482775678856
-0.340155317979
-0.272724454899
0.140206994973
-0.201604222676
-2.54320073354
-1.76850746331
0.287590776821
-1.78021542401
-0.593925684255
1.16706364131
0.550002774541
0.283142833857
2.05874036709
0.134071536784
0.938780757176
-1.19247865907
0.25786736085
2.79767578404
-1.13614136469
0.413094753699
-0.0164925746862
-0.642211557111
-0.666334650511
-1.24229439878
1.48958926794
0.754403354959
1.02301434812
0.616416542266
1.74899807483
-0.0532391155158
0.925134464594
0.207731951027
0.53256478868
1.40500768809
-0.433131293139
2.20516893497
-1.22256807621
-0.520742159443
-1.22474070419
-0.917733600286
0.704840376265
-0.661189682814
-1.2818947057
-0.103326290194
-0.344773945803
-1.25216327571
0.660877772102
0.33259276962
0.697266022586
-0.713805938426
0.549104013516
-2.10398129874
0.285510683181
0.133100005627
-1.29835819581
1.68803290416
-1.23124595068
1.78068948536
0.776993860951
0.0734697126619
-1.99838411291
0.160526025503
-0.232731360045
2.71152964001
-1.43752388373
-0.523207966655
1.36376876768
-2.05159223296
-0.418083388224
-0.462788388751
-0.277312424802
-2.0188434211
0.130396630435
-1.77921001697
-0.272178806687
0.312694111469
-1.10425262494
-0.178027671874
-2.39518652348
0.598264933729
-0.0709392961054
0.171316507218
1.16476291422
-0.530939418775
1.70391255582
-0.000715584455999
0.188231603725
0.149859106877
-1.34734792516
-1.76486582268
0.840860014956
0.0083977553562
0.774649226262
1.09568296962
-0.863997781757
-0.30564833901
0.473048296042
-0.503718209187
2.15587554873
0.708575318685
-0.713360134254
1.21232603378
-0.350128858094
-0.689537124745
-0.613131545701
-0.705615387035
3.21108596033
-0.873981122037
-2.3235036514
0.31084077869
-0.95627145823
0.57429766528
-1.02600358767
-0.935085821576
-0.840543376388
-1.21416246845
0.781519728114
-0.227819772186
0.758218245162
2.13533556758
1.33259987998
0.359417463693
-2.29825949435
0.576738195397
-0.526441519545
0.420096216918
-0.0657229178964
0.133612507582
0.220081309377
0.859919654831
-0.213334509968
0.5584571982
0.167336797666
-0.553277561614
-1.97936742961
0.791811157503
-0.414375826942
1.06202672024
0.521257857466
0.691031707804
-1.31466148897
-1.36739204518
0.330994772931
-2.68832632828
0.943437191961
-1.8241991231
-0.259136744348
0.124846398214
-1.88528801379
-1.56165498232
-0.750546910639
-0.631633352281
1.11274452095
1.30129356106
0.348130508457
-0.949338112702
-0.439041719832
-0.378725965427
-0.0129568680042
-0.999280736061
-0.757852771142
-0.631657261544
0.0935311388881
0.957586785165
0.13363350482
0.126025561156
-0.683063087796
-0.454865500675
-0.645128317618
-1.83941832873
1.34763955703
-0.935999749312
0.484953674194
-0.35399231072
-0.196317133252
-0.228923645032
-0.740209407002
1.32435440666
-0.149220483497
-0.070151353257
-0.552974601881
0.240739365923
0.979978652131
Score: 10