3
44
10
3
-0.651452742932
-0.707885134396
-1.43514707051
-0.860417359738
-0.164181721541
-0.686839491259
0.712488290288
-0.0716275944303
-1.05131987499
-0.114770194377
0.840826231013
0.454942055709
0.385935596733
-0.169677687918
0.106370235544
-0.86685599359
-0.595628293771
0.18340037875
-0.943009347326
0.33195006376
-1.3971598189
0.0527934115552
-0.0561498609432
0.588605163142
0.0431189046587
-1.87052134802
0.353647282176
-1.1092488127
1.51502073123
0.851667910489
1.64150816365
-2.49530790344
-0.832054157978
-0.751640092794
-0.0852658915892
-1.22996230182
1.99421178037
-0.550699152147
-0.086993894795
1.56996729369
1.34899257614
-1.4039801659
-0.888114504906
0.856164458249
-0.0759732384102
1.07927827833
-0.850506176171
-2.1309985755
0.288015927554
1.07538565991
1.10236933177
0.503326346964
-0.054829343179
1.42898900049
1.82562398431
-0.957858388172
-2.89401665386
-2.4306070747
-0.430283163438
-0.235717591073
-0.16179010624
-0.531478611649
-0.684421002869
-1.1830475111
-1.03112753523
-0.562462754704
-1.58663315867
-0.10664249363
0.0732832155472
-0.683096587226
-1.2957365645
1.25066809594
1.48489666999
-0.711292736503
-0.544516741953
0.249026155618
-0.952023377694
-0.658129850375
-0.0645964284485
-0.380828091318
1.79531036647
-0.23002850713
-0.518023457648
0.285340327643
-0.987428059907
-0.659531325813
-0.620298415546
-0.184489732531
-0.253635499042
-1.02129863856
0.759261742409
-0.508386097707
0.963803505126
0.356956164175
0.87762463988
-0.465888944811
1.18948298431
-0.0373519126948
-2.25198242192
-0.974592148269
0.95523535624
-0.458197667753
-1.82585002334
-1.25594701199
1.46852842904
-0.180889904731
1.93149819344
0.412814783612
1.44459446671
-1.31864632456
0.156776216265
0.0688332392708
1.39409925004
-0.438368369627
0.213714650798
-0.498660092165
1.02845157686
-0.720094767547
1.62471757487
-1.05743373235
-0.583859700018
-0.282648927191
-0.310601745388
0.546371526961
0.980197865661
-0.482481876898
2.34281153845
0.608637700305
-1.28398843003
0.462744618413
-0.292890397913
-0.488413694216
0.289940320934
-0.387729054856
-0.353268906595
-0.411417980662
-1.36464715179
0.639413036887
0.966869012645
1.60457012117
-0.644275845944
0.686662428753
-1.63514452361
0.605290845326
-0.484586498381
-1.11924216616
0.344470907628
0.715340072526
-0.108520479232
0.335917883046
-1.50990669064
0.822640649882
-1.96753461175
0.861811579923
-0.350829657635
1.84055656074
-1.3888691195
-0.181275090348
0.343383397058
1.73608377952
1.17113237502
0.108893963632
0.184651130625
0.130126960055
-0.909197854399
-1.1490191555
-2.20778458116
0.284632552215
0.324886200739
1.41076026782
0.760811741793
1.30284573042
-0.117941175786
-0.12012135359
2.52405202193
-0.376059808089
0.228046865695
0.770282706095
2.18764646072
1.39255929065
-0.0975623269679
2.00900666477
-0.218201089616
0.00962313891891
-2.09818755529
1.26801728344
-0.311893998624
2.14174626331
-0.396248436246
0.45105613066
-1.68741634033
0.713010938196
-1.84664370345
-0.484633514716
1.65640967608
-0.0181039447016
0.103972372432
-0.0815263414907
-1.25242305535
-0.253952120759
-1.20773466424
-0.827281204861
0.80673079722
-1.71337238696
-0.855841128201
0.967575763481
0.525054104457
0.489616709724
-0.735187343446
0.267110752149
-1.0014026781
-2.35563604167
0.441376950135
0.715361418721
-0.364308729135
-0.460292326825
-1.19932102028
-2.5259050246
0.673939090951
0.78420031659
-1.41379312756
-2.73851293521
-0.49250154127
1.51622808915
-0.432256922529
-1.10160989507
-0.236937523607
-0.782199946543
0.233367634579
-0.983917276768
-0.519593174188
-0.434533282166
-0.788296641193
0.482563204559
0.156964033735
-1.6619515741
1.15295119098
0.0594794728413
-1.01503685932
-0.393072703174
0.3238156021
-0.403007835159
-2.9590218436
0.741886668582
-0.153180620127
0.3763418931
0.51697350148
0.181807246041
0.917122238243
-0.26883652409
-1.47435042465
-0.814216249964
0.652728932787
-1.18441771361
-0.0254589986615
1.41818890577
0.708009881666
-0.286546925492
0.300204061349
0.27466597698
-0.556123207678
0.0983567402873
1.20016059827
0.0578513805894
1.20162887927
-1.04848911722
-2.2255836814
-1.9127435294
-1.03171243474
-0.232552951539
-0.344406584033
-0.285559588319
-0.0747509767025
-0.335578381773
0.0840626173772
-0.270677482279
1.37254743607
0.0724836649477
-1.54617055761
1.72175213813
-0.234230270155
-0.352599550743
-2.0571030662
-1.05792506701
0.618297304784
-0.548468940654
1.03325839636
-0.0425004469419
0.595910088623
-0.852668893313
1.60086861691
0.793771636686
-1.50748926873
-0.620788024953
-0.84375104684
0.41797525279
-1.10864268385
0.0140574305826
0.627471070957
0.443084123633
-0.113802776223
0.0992354253861
0.167262951581
-1.47022336536
0.209178929117
-0.178009024691
0.196269913753
0.457466371811
-1.33533661405
1.35501238728
-0.731920567014
2.66343513537
-0.687259679146
-1.61141767769
0.197981608365
-0.247751176676
0.0211998889644
0.723187002845
-0.224608676388
0.849495524028
-0.348568876337
0.359333370084
-0.232210108216
0.526676304854
-0.251221689553
-0.331941288775
0.302430878646
1.79713867255
2.4032417588
1.00058257065
-0.400511477952
0.284676038138
0.0867677875129
0.107035775186
-1.08569382533
-0.927827184767
0.581841783158
0.292969966375
0.765027796889
-0.532438393986
0.198713043522
-0.553697865246
-0.449752970539
1.94005775467
-1.13082475403
0.374515344095
-0.297267886419
1.23315414123
-1.35534808814
1.4613476196
0.0105309629934
-0.84680109136
-1.36915292619
1.13440353026
-2.12425220537
0.339307668464
-0.564469055499
-0.246132412065
-0.508505652155
-1.5893625016
0.538343720847
-0.350016237559
0.016328125565
1.95495355732
-1.6264546556
-0.229159531331
-0.673987224592
1.00805828003
0.778067818338
-2.29864203006
0.959032556499
0.259599485235
-0.40773215515
-0.57747720195
0.651229107217
-1.50134998684
-0.535709468099
-0.723472958021
-0.14017279726
-0.481598900263
-0.723172416764
-1.87677018796
-0.640571638842
1.13244339071
0.364222970405
-0.716211900489
-1.39894964168
0.400746318693
-0.768075881872
0.247204987323
0.597124960811
-1.70598053282
0.264098985247
-0.175446629287
0.6819127634
1.18261232316
0.780128783986
1.75620455753
-0.545090139886
1.00420599472
0.274405101839
1.50526069383
0.773325645295
-1.02628138378
-0.941473599643
-0.308229566019
-1.07265445856
0.734230459904
-0.842049034664
-0.352605984169
-0.0495147245871
0.330977406351
-1.72396582032
0.83230720251
-0.0750391584114
0.954595117504
-0.0173010957441
1.20252153951
-0.557785765002
2.23406087439
-0.488057852771
-1.06370800432
1.23467037662
0.167289236011
-1.08114286019
1.16977130539
0.901681025253
-0.00998936838503
-0.79079628764
1.21717570079
-0.0846443964773
-1.60537406238
-0.410752558213
-0.0970138738939
-0.691793322174
0.35257359417
0.182406434393
0.300641370644
-1.07900408089
-0.229083950769
1.22438521647
0.0890530679432
-0.285878991233
-0.234891296119
-1.17185817152
0.385210271181
-0.430290250944
-0.359339213909
0.874150060134
-0.157817878646
-2.21087640522
-1.33217243213
2.16400247939
-0.65019905498
1.02552378088
-2.51287334894
0.111574949945
-0.72324923026
0.14671844185
1.60610064236
-0.0448425806761
0.288610275012
-0.783870075897
0.934510631755
1.90807194814
-1.50643278657
2.3322307275
-0.546324226387
0.461471487947
0.437754316619
-0.809960919422
0.575258870256
-1.4412662291
-0.935781997851
0.105244618609
-1.20374268519
-1.17768332331
1.16867053193
0.818635991794
0.0631784912319
0.979246816966
-0.315633544762
-0.804083945494
Score: 13