3
44
10
3
-0.297872971858
-1.38471596685
-0.803325654933
-2.00960108213
0.721279287564
0.820148404944
-1.3204939727
-1.84554278236
1.67620901069
-0.793228574687
-0.284294124365
0.0846841399598
0.537272358769
0.760483475482
-1.44848864311
-1.45449311774
-0.876125914277
0.193648015448
0.5261729872
-0.68062851184
1.89247941442
0.855975574368
0.966850631791
-0.99140183134
-0.840386075127
0.0273596992003
0.991885988626
0.950937436493
-0.813737929927
0.177835937771
0.359305322631
0.187863410217
0.118706212526
-0.0444677933662
0.577429382226
0.427372737381
0.799271024512
0.513061375915
-0.527633134003
-1.06697772435
0.168734397307
0.849615657311
1.14341720029
-0.459709251488
0.000553989546295
1.71690146994
-0.308437543178
0.651884934958
2.13954268845
0.0609619012695
0.540557286847
-0.0420869227004
1.78663150617
-0.0281687724988
1.45340951036
-0.0881000859895
1.06285575891
-0.510026543769
-1.22817686356
-0.540934994711
0.529257727848
0.424185386147
-0.455011075411
1.12649024214
0.91075057424
0.652049837748
-0.0720945392771
0.112788435302
-0.0216406287054
-0.337678996808
0.139253050969
-2.35381601355
-2.39850095919
1.27027652423
-0.788084359306
0.414654298609
0.0990954075284
0.211564178543
1.36375012677
-0.398419656184
-0.881494045288
-0.155318096112
-0.479038753203
-0.0261903366468
-1.40798885762
0.331201281003
-0.564586590219
-2.06675408889
-1.78925205121
-0.51446969648
0.513717071787
0.415118187681
0.545149006518
-0.954763023614
0.437499863599
-0.241311530306
-1.90900159786
-0.387441999376
-1.25446495867
0.411989377896
-1.03533210355
0.868884109301
0.579271978666
-2.29282559813
-0.0742232966555
0.0219793469328
-2.10249402265
-0.112095384435
-0.225607865577
0.214672359209
0.0712479305822
0.467971357521
-2.37869367036
0.593268369742
-1.88180376134
-1.06048950779
2.36396637409
1.47359173811
-1.580599084
0.688004214952
-0.852908316597
0.510414940763
-1.14622197347
-0.660887635985
-0.409553476814
-0.429631960204
-1.37862293902
0.0997794689562
1.61278596272
0.164669206032
-0.147602314767
-1.39479220721
-1.04473229528
-0.690871126993
0.394724324989
-1.77064633308
-0.104976394365
-0.377123680075
1.1983796932
1.44102428033
0.830620471413
0.456252914902
0.165240783608
-1.04148068091
1.49025524998
0.643668276038
-1.01078299608
0.957874429175
-0.960866138381
0.614033044007
-1.9277210393
-2.06188970157
-1.91986127168
-0.0102800820613
-0.254712495508
1.70290182714
1.808710564
0.928398035002
0.932072673677
1.07627381651
0.979722697391
0.286596907567
-0.374034210682
1.83992715037
0.278701447267
0.347005575012
-1.86133826699
1.28167890295
-0.0980096159043
0.0484182892613
0.378708822214
-1.25044745271
0.704254038808
-1.3582555239
-0.0491172414818
-0.351914318667
-1.29894391452
0.811613653261
-1.70520463351
-0.93215868681
1.66002893388
0.60563251554
0.909165796744
-0.212675327835
0.195420695429
0.147259255656
0.6119005588
-0.62985540311
-0.599994791408
-0.301530348654
0.511468155688
1.91778468455
1.07697053762
-1.80611219848
-0.942370559648
-0.933072347132
-0.300836274776
1.54152722815
-0.0177327573797
1.57169488871
-0.230447880935
0.844354222016
1.88442368067
0.0611401879016
-2.85341102123
-0.0426133116896
-0.238075536554
0.599402888147
-0.0676777971054
0.364095362005
-0.777916562303
0.72223553536
0.858655020441
-1.96350061105
-0.508954090592
0.0244862181375
-0.0514245586041
-0.869297211863
0.35966669127
0.924512270685
0.15159546862
-1.57398518156
-1.84435326549
1.3675389623
-0.715032556643
-0.451739543253
-0.198526806123
0.254919481126
-0.886104865444
-0.604948309779
-1.13798647774
-0.38021743155
-1.12865751724
-0.256634832855
0.279680932667
1.12694359995
0.753457416175
-0.311955308298
-0.460057918784
-0.116187239028
0.267016160164
0.216655225345
1.53539598217
1.36830371467
-0.457733503285
-0.431473037215
-0.919252322858
-1.28981014433
-0.626274575724
0.702863081333
1.23202655333
-0.829121838484
0.0234786475531
0.834992862583
0.143161231877
-1.34765092276
1.16117971524
0.355180346773
-1.44592690464
0.649847972694
-1.46923226856
1.38995604202
0.546111039345
0.33938238753
0.79338302851
1.59417802585
0.0250345446919
-0.921804326262
-1.29066268632
1.05499429371
-0.644573193041
-0.168795199256
0.500116256809
-0.672247502017
-1.12067941289
0.652593287894
0.17770014954
-1.04021893406
0.838471637088
1.12720093021
0.923656129423
-0.975089287562
-2.11896891724
-1.21323387152
-0.380096438083
1.93282107088
-0.0653158097793
0.989016361656
-1.38772759824
-0.493483776614
1.26195023007
0.271230483005
0.530351946845
0.520202464407
-2.92265643524e-05
-1.39990120942
-0.90604920131
-0.724497650641
1.53321946651
1.52656695907
-0.465162766745
-0.226895235723
0.14347270187
-0.126860927172
0.416875772522
-0.884354272711
0.423799122159
-0.0244872448833
0.144565556361
-1.34668574288
0.225922194462
0.24827273235
-0.150125932625
1.11784217388
-2.05428345356
-0.5164742276
-1.23829150159
0.343899054923
-1.03920089474
1.17355988115
0.050555172891
-0.443660077464
-2.00605316709
-0.384670016166
-0.0269607583986
0.0378731088541
1.13545107553
1.23927527655
-1.77679742901
0.00398591971746
0.360329429074
-0.873918366606
-0.466614409599
-0.42638647623
-0.137238554962
3.02903122404
-0.419479644435
-0.129080519504
0.430287478624
1.1766616678
-0.373093386979
-2.0418823597
-0.0863373055642
0.656791094178
1.06262039121
-1.37434231155
-1.15521535613
0.902165584266
0.508660022718
-1.04009221812
0.894083264037
1.13590552399
-0.409018080586
0.370192177987
-0.922433697516
0.0507972599388
-0.764637368662
-1.70181441979
-0.188218770251
0.813761394535
-0.97629042914
0.143924354006
-0.196942760741
-0.807751193383
0.390554254101
-0.181618631604
0.480383779512
-1.19094884783
-0.0451127198837
0.967179207882
-0.3283593468
-0.0323986338876
0.578817435152
0.100913595898
1.04088274579
0.906317532115
1.99989079364
2.03752286301
-1.76630277395
-0.693104326152
1.97556757884
0.507281329643
1.82787986306
0.973136233102
-1.13412509338
0.857442061266
-0.942085784802
0.935631727523
-0.305744279982
0.554219852655
0.890500688362
-2.29678774819
0.196711207329
0.682528371137
-0.133615752439
0.827179414402
-0.698318475541
1.07491223093
-0.0572488404741
0.689304150948
-1.81037431284
-0.144224322783
-0.907036692449
-0.682551969628
-0.154950555855
-0.317230234866
0.903862465251
0.357878510046
-0.430225355371
0.207818187153
0.225651296094
0.0524879392026
-0.462233921198
-0.994301834461
0.117179213711
-0.463244103228
1.88932760429
0.322433718412
-1.02517092905
-0.303421189533
-0.941171823389
0.819676114415
0.827847009535
0.579311829743
0.681764846002
-1.56517125767
-0.85262762804
1.02084588952
-0.469801031527
0.217656651678
-1.09191689141
-1.25824531494
0.622127523258
-0.624805790368
0.94403944828
-1.57363247227
2.22192785029
0.055064162363
-0.935024899982
0.931256647282
-0.153687146914
-0.237633056062
0.396090441385
2.00929777904
-0.204211312157
1.46163006131
-0.563180674738
-0.490020368478
1.51744601754
-1.22826394422
0.127509279269
-1.13870051825
-1.65024175367
-0.870399374272
-1.06826648463
-0.877104789141
0.318419369083
0.983396813368
1.18943629842
-1.21190114025
-0.788445651742
-1.50078658553
-0.041482343
0.654703902296
-1.37746333025
0.421909044159
0.359941578889
0.135151984878
-0.599301039286
-0.493599528546
0.459383937798
-0.227247576905
0.614669026208
-1.21393005108
-0.408534882488
0.943179887228
-0.652081311386
-0.998807609928
-1.20135184484
0.681568638822
2.04985216239
1.45315586369
0.657972717125
Score: 10