3
44
10
3
-1.07241704367
-0.541127394069
-1.30166275169
-0.714207140861
-0.0610540634349
-0.771233395452
0.636694788245
0.0186206944757
-1.12260032746
-0.0149237919034
1.00686263802
0.233407230361
0.467266520863
-0.0112619096022
0.0371279636935
-0.98215600372
-0.55296669728
0.392177751092
-0.571595185684
-0.0100544269393
-1.30779456538
-0.0847131545054
-0.339900852232
0.826803291028
-0.200534222929
-1.93519433225
0.659056503132
-0.960009490183
1.25276958618
0.710207578452
1.24040574808
-2.51770146929
-0.878069335813
-0.644092021238
-0.130938104115
-1.36747859573
2.11664887485
-0.836190101602
-0.119433923728
1.64263987177
1.582326306
-1.35356440998
-0.786485304115
0.410420178205
-0.156924623242
1.23733523891
-0.940717999007
-2.14410677606
0.384025539618
1.1169736224
1.15513083856
0.524434871923
-0.0119052212861
1.41040721381
1.63075946826
-0.95472215547
-3.12675723521
-2.11797560054
-0.173223695138
-0.258495626116
-0.260525457231
-0.496663102722
-1.15850083415
-1.24253018836
-1.08403638541
-0.586453179276
-1.61435468558
-0.100194711826
0.247526404725
-0.631366395625
-1.33740866947
1.25390632425
1.75878172336
-0.502311715482
-0.656001013068
0.294200640001
-0.692691949102
-0.848886909259
-0.0598367444553
-0.426387332378
1.7057292565
-0.303435533808
-0.750813175765
0.256421054941
-1.0632959879
-0.803365746859
-0.542058388425
-0.00722980249672
-0.260547291347
-0.817289352752
0.839294096276
-0.385727755596
0.894189499461
0.547571028933
0.54304056493
-0.774095720882
1.19530563942
-0.059846408362
-2.08712774596
-1.06495337382
0.976245336479
-0.448329572495
-1.71321229492
-1.28514171714
1.38628612411
-0.207793785106
1.82493367104
0.375373126752
1.32927361702
-1.10801139821
0.221221972423
0.229367023908
1.37033244451
-0.251750637382
0.235561713493
-0.41098342428
1.28068138686
-0.594796659092
1.69923484316
-0.833460153626
-0.870334383068
-0.399624578538
-0.257089949808
0.374010329888
0.609149840463
-0.659667196337
1.94436015265
0.24951730496
-1.04474712657
0.497157405033
-0.0574544835873
-0.317558682075
0.280992471627
-0.416205272513
-0.0637131035834
-0.42060749847
-1.34472382442
0.573161304784
0.729266735143
1.26301681263
-0.795547851319
0.925062429202
-1.51752072149
0.59643625615
-0.397300982251
-1.05936254693
0.358559598694
0.676489997334
-0.240083692921
0.30082114794
-1.4548979465
1.01317312713
-2.02839987041
0.619975397923
-0.380866333682
1.7918588273
-1.11042781118
-0.270803089701
0.247470294934
1.8499171837
1.26932861386
0.123443474281
0.292228940948
0.35215248637
-0.74134029726
-1.29952243025
-2.34435014897
0.32539224619
0.59176685033
1.12317327616
0.77475779076
0.921793345188
-0.165471940729
-0.188418580437
2.61306170794
-0.44713103168
0.232089311767
0.820619709478
2.05143850617
1.59271685802
-0.0910859150173
1.97344389312
-0.11241970088
0.0320918374998
-1.96127332128
1.42166252049
-0.587028763523
2.10510773696
-0.356651799627
0.35292728917
-1.54586261416
0.856592386426
-1.66771571666
-0.591829680011
1.57261646312
-0.1185969893
0.126841107656
-0.113822844561
-1.04919688087
-0.36052267254
-1.12992087867
-0.795959518481
0.927637612285
-1.65556082774
-0.776243561286
0.938607644148
0.663920185106
0.718804669472
-1.00398998338
0.372082523635
-1.05225369348
-2.02408519676
0.447999168082
0.50456863132
-0.544213779894
-0.415845974459
-1.09823444894
-2.39696876614
0.521773610895
0.648055294079
-1.0924881328
-2.68187163551
-0.166229744334
1.4036977897
-0.499015186983
-1.29963432446
-0.344203920238
-0.890418908067
0.0600824436011
-1.09322706327
-0.664495197591
-0.33520030388
-0.544563751499
0.508408308028
0.205714735561
-1.66132715036
1.30452905728
0.183094195886
-0.721701311659
-0.6442779036
0.381093343992
-0.647011428893
-2.77506116191
0.900457308486
-0.458973206031
0.341457393919
0.418673645434
0.144072437334
0.700940911675
-0.169517878128
-1.55023821574
-0.862272304074
0.772023562075
-1.07581379333
0.0786424085125
1.33843207535
0.891198988138
-0.260132164831
0.167406627646
0.383742178098
-0.537373720913
0.0192683179804
1.11503011878
-0.0794455698565
1.11528733449
-1.14800586263
-2.16499786642
-1.90808625039
-1.21165723035
-0.141774513597
-0.340448708682
-0.199372210977
-0.27659190138
-0.629518900324
0.2612935633
-0.286759928531
1.39717006287
0.10949277047
-1.75103944621
1.69155364808
-0.434601063247
-0.387076460492
-2.18055555233
-1.06615230337
0.479402784976
-0.248098191367
1.11294834488
-0.00963406523851
0.57372266751
-0.909042666857
1.50439357252
0.647344901886
-1.14141034265
-0.604502989249
-0.951152015306
0.60611318347
-0.762787675786
-0.0867874185128
0.58727457887
0.524560335552
-0.100956048977
0.069078662329
-0.0322242899603
-1.46452945206
0.135814917942
-0.254128167168
-0.00924737745327
0.333315068259
-1.47412301263
1.35543760208
-0.675234549409
2.66705152535
-0.578648643278
-1.84235166404
0.354866545924
-0.156559224462
0.0898647564692
0.623854721709
-0.37613071066
0.85668494184
-0.419005513762
0.307668249684
-0.244793775449
0.283497395217
-0.442014545576
-0.620902625512
0.421536925047
1.75907625156
2.24019435183
0.985681303975
-0.469770237853
0.0340102656341
0.200217886068
0.0686216173356
-1.22654439892
-1.06372418762
0.500932242268
0.301120382223
0.718229821638
-0.445350102905
0.0250888841159
-0.27721866076
-0.284439155662
1.78009383359
-1.1375556605
0.186813382869
-0.254627660242
1.05117032884
-1.2325513857
1.62312295715
0.233145500302
-0.973463872976
-1.31154486933
1.18358620278
-2.06612423945
0.435538032518
-0.518432641977
-0.0776290300503
-0.434635052176
-1.67212208251
0.746382601896
-0.343595281787
-0.411225552451
2.04614406259
-1.62910959336
-0.401632958105
-0.138966010194
0.998118021135
0.986169053527
-2.22600797698
0.980222581458
0.246978153532
-0.390346408003
-0.488731667984
0.641206171677
-1.62740694414
-0.609416668621
-0.915328761069
-0.225643756022
-0.215358513022
-0.605537003081
-1.87218048181
-0.424112449629
1.25057825652
0.343398721722
-0.406663476247
-1.32669966039
0.112913724346
-0.628588136007
0.183094242971
0.689588723859
-1.87606975479
0.0782910171998
-0.136046117889
0.674441617392
1.32067541836
0.870903487482
1.7233338104
-0.324309815533
0.925456627459
0.123661648407
1.66989559502
0.968473285243
-0.734505176934
-0.887534616015
-0.585385876429
-1.10575107887
0.669537518756
-0.645243712395
-0.108655441781
0.0355759161091
0.496729057405
-1.48165708233
1.06025517473
-0.176478104603
1.00072130316
-0.00375637807851
0.972284311794
-0.952885137022
2.13214686748
-0.64986453816
-1.2109246554
1.16560002021
0.518020653424
-0.923623687933
1.1225081437
0.984740861558
0.090980486599
-0.844506244227
1.37638740648
-0.110094600567
-1.63955939074
-0.368725221271
-0.25449227137
-0.718594183976
0.447185577328
0.205547845675
-0.0903622101338
-0.993377673117
-0.365911340457
1.13859512521
0.277955309459
-0.00420602694152
-0.13473191517
-1.22725357425
0.284988457346
-0.545870647002
-0.66292241007
0.992118224362
-0.203129195149
-2.00484086018
-1.29438560743
2.20561295518
-0.703489694041
1.23129130752
-2.67150493385
0.0357434292695
-0.855895418738
0.11897862403
1.57507173341
0.0586717604223
0.28637826402
-1.02332048925
0.793158421463
1.41663943826
-1.54925831951
1.96462268097
-0.838064338746
0.353728202943
0.396858762248
-0.843471288602
0.516263239265
-1.18445320436
-1.11565539657
-0.0675888630934
-1.09264280987
-0.891174984875
0.802219139556
0.820440273984
-0.251458833193
0.954562331944
-0.159164928965
-0.803193842654
Score: 13