3
44
10
3
-1.6541127609
1.08024428576
0.581322268667
0.800040479989
-0.435297963298
-0.220597452927
2.60595949987
-0.796712377603
1.08357591374
-0.346015638877
0.369862505945
1.30313336568
1.02829897325
-0.573119976909
-0.311126957258
1.03058761005
-0.886948863991
-1.51309992199
0.711764570731
-0.88061683149
0.223171583911
-0.343424242831
-0.248939207661
0.262988553271
0.723106928519
0.981416167652
-0.855979492423
-1.22939869717
-0.518099042428
-0.250482604206
0.918372426201
0.316157192512
-0.731689488358
-0.375918061083
-1.8356777726
-0.0700550492823
-0.102910334922
-0.593736705559
1.81702892933
-1.06664747298
-0.321839853914
1.2190092358
0.00904220852312
-0.320567135303
-0.224092568974
-1.51301641619
2.06642699375
0.0350842337845
-1.36513258031
0.06125761654
-1.3745831803
-0.825102654321
-2.05282721161
1.58126948957
-1.38223234835
-1.0117304572
1.04591799456
2.65515793832
-0.269966166259
-0.188317001257
-0.298994572719
-0.791154832233
0.948365428436
-0.0205541795235
-0.552282976179
1.14387713408
0.605124703789
-1.86903947382
-0.106968053642
0.0936736259375
-0.0547980435841
-0.760226830133
-0.843457956178
0.437096011849
-0.0412578024409
-0.809775505532
0.163948238803
0.945701890425
0.327610682478
1.00008567079
-1.20666651047
0.365875290154
-0.752350451009
-0.0304320475001
-1.05501533835
-0.0269488004064
2.1521389635
-0.179455687451
0.609405248484
-0.902701981996
-0.460491685732
-0.0904419202736
0.463166251982
-0.723956734174
-1.51464431552
-0.302707024334
-1.90976988104
0.423121450152
0.507540363889
-1.41082441962
-0.69283885138
-0.868097709173
-0.0166060686257
-0.709760953109
-0.813528335634
-0.562788531322
-0.116909732136
-1.48388749272
0.506365781633
1.01769834821
-1.56671939107
0.40939196395
-0.631923057958
0.744755279594
0.264595183401
-2.61690844646
0.975115148914
-2.50963802147
-0.29343396753
0.450695815854
0.429782471216
0.0322839727438
-2.54479161482
-1.41470330348
-0.91110419889
0.964556039359
-0.467689602274
-1.48259090221
0.931319303796
0.272339818704
1.13208933948
0.744809710978
1.61061655095
1.12494324819
0.172540241989
-1.31260618749
-0.459544831084
0.434274710653
-1.36418509666
-1.46597269062
-0.301870366429
2.22939954344
-1.54082509926
1.05869656271
-1.31124851686
1.15249858542
-0.183691746186
0.797999284871
1.04644545261
-0.666061641325
0.025282003043
-1.14743283184
-0.702852662749
-0.914122233914
-0.96391727832
1.82087416408
0.081931143426
-0.0190446729491
0.2138995339
-0.973248235291
-0.219056123511
0.325427898728
-1.51259744063
0.0290256087484
-0.553287704743
1.41088949981
0.591571311375
0.274205425346
1.64540366585
0.763974536764
1.48844079728
0.273984936081
-1.21356144804
-0.122618399755
-1.13541746112
-0.571158409742
0.711472592325
0.29538431498
1.0423944032
-0.160485149525
-0.196430540855
1.52902459895
-0.211538449229
-0.832905284831
0.633713485753
0.564782189189
-0.846890117882
-0.361479099234
-1.59094960802
0.167967823237
-1.7087645782
-0.301219228258
-0.712458724775
-0.289113200306
-1.24812372014
-0.594611061711
0.12655990483
-0.783262017511
1.31805356432
-0.064038571587
0.915377773179
1.04721080469
0.299204640277
0.837786358003
-0.38316668319
-0.169891411624
-0.320532899518
-0.99576799394
-1.53168468189
1.01663300886
1.51519917473
1.02768661915
-1.04633768576
-0.517795383977
0.0243633139357
0.19742958677
-0.382840508089
-0.151290189411
0.846241234626
0.623565434906
2.40635672739
-0.470895968952
3.00393314859
0.0889599115845
-1.02683840712
-0.407171895136
0.924493435327
0.899231272812
-0.133883248654
-0.869298111896
2.25568574671
-0.115239497863
0.557455594951
-0.372336973405
0.555474749697
0.266991389143
-0.419986042404
0.429620395765
1.69032838414
-0.963369354668
0.426366868785
-1.18586826172
0.0643247017372
0.699442917833
-0.283101892657
-0.407486204147
0.583117538991
0.197563924892
-0.794728901303
-0.248175785493
0.644142269356
1.67067712352
1.1788972249
0.598045952007
1.40028655509
0.502100270162
-0.589783108313
-0.0787147344985
0.817311652001
1.04627160338
1.30043501909
-0.474411453048
-0.696081425861
-0.0148276176986
1.45239565355
-0.558959060666
-0.507025759266
-0.215940773777
1.08004066084
1.48772854456
0.238088998288
-1.29055258352
-0.290049005278
0.833292139957
0.486557141984
-1.16251165567
0.582531282734
-0.544285182071
0.707344533041
1.14508377306
-0.151799084704
-2.00521695349
-0.953787010359
0.225757391825
1.23881185469
1.163097218
0.792051227148
-0.129072723426
-0.431677990801
0.211330339995
0.475779544934
-0.32329517672
0.496741161655
0.89392315143
-1.24908681054
0.245506097944
-0.678532428848
0.295822134732
0.576874000852
-0.0318691402075
1.78492856115
-0.487188304241
1.33734281651
0.864551300542
0.414082151776
0.300993579877
-0.263260166348
-0.411461693217
-1.57780951704
-1.68850873487
0.789502881086
2.191664196
-0.460782029899
-0.393631127551
-0.0791270767513
-0.35576444368
-0.896265295347
0.885943591144
-0.363461420888
1.0094276527
-0.871073113675
0.0475533289197
0.719480789534
0.285236416755
-1.2876357361
0.0243642458514
-1.48684466623
0.018182030341
1.19494460313
2.23075655564
0.28687876685
0.975338124744
-0.404450935498
-0.714395846652
1.64505369045
-0.623600663276
-0.062965090031
0.571531678884
0.128496803956
0.287224448847
1.29545935076
-1.83950286635
-0.614138679144
1.57653866362
-0.32211199819
-0.681593441714
0.651757598157
0.15574959362
-0.431544916444
1.08455822334
0.182085546888
0.65429603172
0.147939099172
-1.09294127184
-1.84422097921
-0.234223343956
-0.1988169289
1.26047101624
0.760899988855
-1.35566895666
-0.436153400134
-1.90874618043
-0.661527704851
1.50910954857
-0.600657920421
1.01911910584
0.19774444102
0.358002095591
-0.287393698092
-1.48537070484
2.17020802672
0.837525328562
-1.82452918151
0.630824778089
-0.0599344160014
1.13836883957
-1.84976143081
0.135055317844
-1.14732465615
-0.836741515352
0.0645070381713
0.00457128664117
2.19524312779
-1.44074251573
0.388419817077
-1.26508237342
-0.972934529447
0.46018043546
-0.104852535287
1.07416375862
0.289645086072
0.234728597191
-1.28638460822
-0.990124634679
0.877015130679
1.1259761776
-0.536948989987
0.422168963077
-0.612350544564
1.269431275
-0.978296677913
0.676773931774
0.183378242857
-0.712426803992
-1.36281688272
0.708180321382
0.184214363497
-0.761572339619
-0.0754884073322
-0.605976458423
1.81338891685
1.59666488768
1.12529174064
-0.700592882406
-1.05512893717
-1.33404340754
-0.445662957295
0.0444366990255
-0.618834056933
-0.69677567797
0.0161073879764
0.163533006676
-0.497294609252
0.186233623186
2.63147111782
0.414856677573
-1.19444336294
0.275898997002
0.942888054488
-1.05486027995
0.872529277499
-0.301442127303
-0.285393785717
-0.420359666475
0.366512440307
0.211008544937
0.749330296767
-0.698893770043
-0.431606366662
1.74265561557
0.489513185032
-1.39668946795
0.428145763632
-1.12288820555
0.184020032596
0.108203182427
-0.357192337544
-0.492247396605
0.385425587789
-0.863248868439
-0.824079627954
-0.20836232329
1.11825421828
-1.18425122492
0.0754693875133
1.57733641872
0.794202502069
-0.126514462202
-0.627071247084
-0.0882774438522
-0.173181334899
-0.599452316308
1.20297028674
-0.132347533237
-2.53106789422
0.612376469617
0.315849776383
1.5799635476
1.62492041049
-1.03220240034
-0.285239955421
0.443863308485
0.854723468996
-0.373800298005
-0.785238502584
1.08439257109
-1.59075639379
-0.154381569165
0.399737023456
1.34288807323
-0.0228197012779
-0.613292898157
-0.977104908107
Score: 1