3
44
10
3
-0.780367389957
2.30257479479
-2.52229665843
-1.29347089254
0.433546379439
-0.39227018336
-0.180264280079
-1.04993052245
0.172550205009
0.423302695687
-0.0127662740305
1.47823374461
2.26665945364
0.429048222069
-0.538985437529
0.64277637786
0.834461115902
0.0562849034981
-0.982911769431
-1.72333435776
-0.143138971617
0.706046406233
-0.980464981189
-1.78508371829
-0.067547657378
-1.70378817059
-0.899800984664
0.73917443328
-0.0673325715446
-1.85846406477
0.348823809313
0.226077506192
-1.81815287462
0.680032813393
-0.900581554604
-0.867477005488
-1.05936199945
0.00511881873199
-0.0808993005534
-1.5001239919
2.33569731338
-0.80375636207
0.347776636043
0.758507208444
-1.2332295815
-0.130553568371
0.0265578322295
-0.558353550649
0.883007822559
0.880526126247
0.0834451499114
-0.281340681133
-1.51862513372
1.15064457014
-0.0153244332572
0.121345341121
0.911000605687
1.04727045862
-1.20316807238
-1.22481071873
0.579458670507
-0.419064533804
-0.879172527328
-0.598335498844
-0.716759722824
-0.52861594137
-0.00264313669292
-1.43886605755
0.369852997521
-0.572964000982
-2.42242223116
1.76558141726
0.576529445858
-1.34854927568
0.226212445714
-0.504263227935
1.1948036164
-1.31139208483
0.553766431995
-1.32225674503
0.574631736916
-2.23200827259
0.291369044025
0.250173744997
-0.283689008581
-1.12540398722
0.445639859585
1.1927925056
-1.57347536974
-0.325728931794
0.0336710836425
-0.540941610102
1.11844247035
-0.619673937531
0.876847971397
0.582267523592
0.79362842202
0.328926324464
-1.54012283773
0.186984594979
-2.31775803465
-1.30370073217
0.0138576823774
0.820778670444
-1.98550273465
-0.733834764278
0.892850903557
0.986138786138
-0.128312449374
0.962431361741
1.29056483621
0.626415463489
-0.0161890859672
0.167771538889
-0.625231453401
0.288198383986
0.198627807237
0.830687087366
-0.381376994478
0.214711839041
2.57032151776
-0.705534795136
-0.0722829184405
-1.68489780159
-0.846366867385
0.104670040163
-0.872894021327
-2.44355167244
0.673508591326
-0.870656734774
1.2870045257
-0.0189818949515
0.754274594016
0.606162294411
0.637617802444
1.1145553697
-0.636353239653
1.32265222328
-0.725394506379
-0.0310534228265
-1.48719428958
-0.147959989863
0.459404926045
0.880301221808
-1.20911893562
-0.330974127606
-0.131643984292
-1.68189655549
-0.455932687516
0.451510814686
0.198467305317
1.29121390791
-1.99903747094
-0.778275312716
-0.218295169408
-0.662719360836
0.0810251294102
-1.54909162872
0.501116492042
-0.191223339181
0.0447416396781
0.0430833820569
0.792311194356
-0.931210888183
1.54942580349
-0.525167266874
0.639370098252
-0.0585572915235
0.0249614384676
0.8942433884
1.64698731706
0.650015880312
-0.476249972409
1.91490021843
-0.850512361997
1.40258158792
-0.50325846775
0.243733400675
-0.690522312278
-0.50877121562
-1.38874128923
-0.322350558081
0.600953741666
-0.23657252456
0.690404550108
1.09341138138
-0.301840544165
0.320625619512
-0.0654865167104
-2.38710489206
-0.645242422697
-1.32063797632
1.04257607709
0.984856889298
0.935046805151
0.00217526605819
-0.714203298794
-0.871455278424
-0.591520511203
-0.855808018495
-0.18467571226
0.31180259246
0.03853531592
0.277279689611
-0.101475484258
-0.19975266099
0.0519576527398
0.553853815197
2.93673196692
-0.49004706219
0.188930013585
-0.0947675656534
0.881480218448
-1.68811014422
-0.500902647753
-1.21831617942
-0.176471729242
-0.936198521943
-0.181528640445
-0.275841375525
-0.401275656471
-0.0487437268816
-0.385010961633
-0.509180065225
-1.12681487507
3.2624717182
-1.10866306172
-1.7242500154
1.2152068284
-0.151499052061
-2.24741566997
-0.495528136801
-1.6089252276
0.161343259537
1.57230831598
-1.17338400915
-1.38296722332
2.05822020598
-0.0233724751161
-0.807829814048
2.0035304896
0.947392224198
-1.10661430027
0.323396892877
-0.182150149951
-0.174332038211
-0.208011678112
1.67314667283
-0.58390085131
0.220735511611
1.04325776628
0.465324658274
-0.159269593173
0.224704215795
0.00932125184718
-0.420845151607
0.296650389881
1.03708747179
-0.951640160068
-0.532290382251
0.013632744403
1.05834444583
-0.600626012112
0.532517298431
0.686453091709
0.936100545571
0.867755255683
-0.526618708295
0.424212305859
-0.658956970871
0.4971746578
-0.132985171561
1.05131859897
-1.02944851253
2.11135757182
-0.323292806549
-0.736871906532
-0.86982764218
0.311373980278
0.695591776432
2.02239820761
-1.63383082925
0.409180200635
-2.11958934479
-1.64742523452
-1.28580894102
-1.82211425368
0.08127982312
-0.539149173011
-0.656532921188
0.121121968658
-0.817123336845
-1.48724700508
-0.163573999526
-1.14752667701
-0.541362791655
0.972851652657
1.34900822105
2.54818355276
0.92638464641
1.57502868346
1.5144994821
-0.30509588692
-0.122421368899
-0.790061031324
-0.254028609261
-0.815335724354
-1.01148076691
-0.133585058094
-0.432765115379
-0.983175699582
-1.32624094074
0.825196333085
-0.265169707914
-0.704943311499
-0.159978015179
-0.52054461831
0.618192126515
-0.245605763583
-0.970359174455
0.557020660562
-0.617579434231
-1.97629446631
1.3475325134
1.08393598595
0.063767003558
-0.67576878969
-2.10929924286
0.43257467525
-0.177573363305
-0.241600733342
-1.90691996346
-2.20059744399
-1.42532008494
2.53699447377
0.7520063736
-0.402700303731
1.55035124594
-0.869704833382
-0.683389858158
-0.646668065516
-1.69336831573
0.235449916353
-0.0600798123074
1.82067141416
-1.0938436058
-0.722133262145
-0.583174634696
-0.416395940551
0.814614572097
-0.471055717809
-0.874212765521
1.43254583997
-1.48121797788
0.909614626241
-0.702410892252
-1.47151717309
-1.67201550837
-0.0812389997409
1.09954882719
0.756389000071
0.810451343955
-1.75924130509
1.43117307077
-1.0582142867
-1.32891808012
-0.808808655212
-0.175255470717
0.354779582651
-0.810977611651
-0.346649914668
1.14880527742
0.315872993991
-1.0827710838
-0.900231173214
-1.07424147412
0.602142197294
-0.474829956649
0.290010524694
0.648679353778
-1.73588330758
-0.917274527369
1.27642019971
2.2768482229
-1.66088717314
-0.177685710687
1.83215792194
0.444070312583
0.351749727714
-0.194043898285
-2.02749129758
0.786940727301
-0.256083358776
0.402020390037
0.769538714325
-0.389098137008
0.246388724535
3.48207213191
0.576227030017
2.18392629848
0.69295431072
0.78257443956
0.523364843451
-0.137264298013
-0.325226337151
-1.34942739827
-0.0443742647168
-0.211218529933
-1.0087775042
1.22531049098
0.116895316458
-0.810242991175
0.369633667817
0.589354053928
0.634322834075
1.28476753263
-0.995000602345
-0.329835829829
0.517369103252
-0.79173316542
1.21538399556
0.0492871703676
-0.831996739885
0.397339502594
-1.15555993773
-1.63176632584
0.966918229379
-0.320878741853
-0.0892607743972
0.0689018809657
0.526895041579
-0.436090685317
-3.52122803836
1.46027283839
0.00224747677186
0.409303312286
-1.00966424454
-0.452961325466
-1.11000341664
-0.238222784861
-1.0344409188
0.955400365081
0.107897589643
-0.481445375043
2.32420278323
1.88303576207
-0.358436344596
-0.826485882957
0.199531818638
1.10496273094
0.0634212551073
-1.4957642621
-0.436573343954
1.21893502095
0.0239964799958
0.363433742008
-0.3586923094
-0.563260996422
0.676708421452
0.973188195972
-1.3809655819
-0.0504700240097
0.570763123504
-0.675190776665
-0.284719698817
-0.881464608053
-0.484965014315
-0.339810243236
-0.181446328912
0.131057568126
-0.680675357461
-0.995304807975
-0.825154024837
-1.25566317888
-1.79366431272
-0.961516084996
0.4926738028
-0.760942464826
-1.41334043463
-1.19048161426
-1.96257178025
-0.810799059739
0.124586471445
Score: 1