3
44
10
3
-0.658647648688
-0.651216995855
-1.49895668334
-0.820337840033
-0.024076182167
-0.645324696123
0.7464845831
-0.105354068844
-0.960829898735
0.105403613489
1.1924318814
0.42629817356
0.392202891692
-0.24052208217
0.113863920434
-0.942864493515
-0.213343003939
0.406797011194
-0.688255718813
-0.198229189439
-1.42084408975
-0.0501865886971
-0.00688019378978
0.663136100985
0.00257347363611
-1.72474893692
0.535698082807
-1.13720319716
1.31409607517
0.81724561927
1.48030240715
-2.57866972291
-1.06464238589
-0.761817254824
-0.323687003112
-1.33262157928
2.07959979042
-0.66704280451
-0.305488905687
1.8357168479
1.31253402556
-1.46504683913
-0.84573062597
0.557587756649
-0.0715723800793
1.20654091417
-0.848898007173
-2.17742964564
0.266978050189
1.1355436365
1.07563662718
0.569831947255
-0.259108722043
1.37769967511
1.74989367902
-1.15103464652
-3.04906264154
-2.3640171247
-0.474364750673
-0.370517394064
0.0854950118948
-0.395235987111
-1.19734538735
-1.07638207664
-0.913290368619
-0.38854774012
-1.61878990699
-0.0191413086597
0.106527140049
-0.625921633797
-1.54046024127
1.34525701043
1.59213897814
-0.633870781657
-0.449337295759
0.317364180247
-0.560015751345
-0.630511651024
0.125583002608
-0.496934737088
1.78117928545
-0.496978865269
-0.505346519002
0.358125054525
-1.08914053621
-0.667140663735
-0.676183835486
0.0556983953613
-0.198561691229
-0.693136563773
0.764702703172
-0.566656394828
0.929345066675
0.492351954833
0.531573114996
-0.785103276614
0.947819358008
-0.0686857422511
-2.2459024088
-0.903084604092
0.868621329751
-0.541519468929
-1.57519461474
-1.37609006587
1.53338758161
0.058607543335
1.70279217665
0.376655113461
1.26736872247
-1.23419088287
0.229916771523
0.22624705147
1.3248716378
-0.292824096118
-0.0326915719934
-0.480202236196
1.08553252135
-0.772044841787
1.5441665857
-0.833039312357
-0.867381754524
-0.518955343677
-0.163058200201
0.465779122841
0.920446304518
-0.586345670743
2.06601129158
0.353858863826
-1.29201435372
0.556342148874
-0.136675886127
-0.476270302614
0.426982862113
-0.275707226487
-0.251590326274
-0.646536397068
-1.13921754724
0.670284465057
0.803451098171
1.15516325081
-0.836987836253
0.772527288153
-1.79527154119
0.866402440898
-0.30770550562
-0.977876471748
0.213848382766
1.17286163721
-0.125462015544
0.384014492418
-1.24092872016
0.692448748613
-1.86447401795
0.707947696241
-0.363907579306
1.68908869734
-1.1894064521
-0.33772396965
0.145507421121
1.80568979856
1.26586514431
0.251488413016
0.219661778908
0.133813082541
-0.865490056698
-1.31776770683
-2.14951306018
0.356317174862
0.471829284667
1.21583617712
0.848921064783
1.05119179897
-0.0362983658897
0.0273691774294
2.7429058037
-0.26313170203
0.128204255444
0.649853046241
2.16927867643
1.50283472874
0.0347327155304
1.87579261117
-0.413857638916
0.114618250224
-1.99719573392
1.24049120823
-0.0648272087106
1.89720913046
-0.223951852882
0.635008101485
-1.56669617963
0.927812568513
-1.37155582118
-0.535228703927
1.32993532784
0.0878094089262
0.196694153715
0.0997308299467
-1.04719848828
-0.525883548119
-1.04022732025
-0.725380702153
0.822771223339
-1.54123357807
-0.974765861663
0.878858882478
0.466891688128
0.650294555842
-0.810713990218
0.493873108205
-1.00380818861
-2.0738920112
0.346246768751
0.733656139012
-0.222370939233
-0.543590185253
-1.26731332444
-2.3844720092
0.481702461797
0.737354775828
-1.3383510745
-2.53853530005
-0.303342144055
1.6231521328
-0.42584181773
-1.13760138793
-0.369704223167
-1.15697919587
0.366257319999
-0.978461808283
-0.544520930857
-0.293707778196
-0.734430276267
0.576088124216
0.164538081694
-1.54497314902
1.34003618186
0.334595394322
-0.806335586703
-0.0644536742063
0.587395472912
-0.66175474806
-2.84508347585
0.81349756621
-0.0936154834102
0.167840469508
0.662233014553
0.481850084278
0.957919398817
-0.0866698553326
-1.32371082657
-0.697513199158
0.645378231664
-1.19314708515
0.0810000933738
1.58276486752
0.8318247486
-0.279911496322
0.0864130592412
0.394700406479
-0.542513572059
0.156802128532
1.00654020001
-0.0518283847592
1.1728607385
-1.11891739311
-2.1002483378
-1.84953338015
-1.62127383646
-0.202663623698
-0.536194247872
-0.237481258218
-0.00642200641589
-0.416964390814
0.238082243967
-0.295329448782
1.15754557566
-0.0317110965157
-1.43878163307
1.49474610364
-0.222278246635
0.00564215454137
-2.01676621422
-1.18056678692
0.391571506539
-0.340726674685
0.877909096292
-0.0128827891755
0.584458215055
-0.680996084285
1.34443262533
0.959870491306
-1.47797352855
-0.701927710639
-0.769708419352
0.508344726706
-1.00018752274
-0.126543505648
0.541078434981
0.768043920666
-0.342383207844
-0.186207407776
-0.0153318035918
-1.57679458215
0.214598789218
-0.540398253123
0.182374953279
0.279844003802
-1.308615519
1.26491353561
-0.927809536445
2.82465933558
-0.779125863648
-1.69297113997
0.340519439697
-0.107535318109
-0.041724280653
0.777326789652
-0.302084460499
0.718564617858
-0.33402138588
0.576920202457
-0.236171676587
0.6233135376
-0.390029290711
-0.562087321389
0.59601184563
1.80199903323
2.1648198517
1.1872814966
-0.660287766466
0.0410765234079
0.0722343603849
0.208377062209
-1.25096407005
-1.12271090733
0.639206749313
0.251289300665
0.702349100651
-0.559573756195
0.196346087505
-0.313413730805
-0.156829297153
1.90171818531
-1.13762139213
0.233592203755
-0.232597418342
1.17243690097
-1.29454522696
1.33665877759
0.327190250252
-0.641393573088
-1.19809279694
1.38173530966
-1.98843483538
0.412252926913
-0.620723263361
-0.108242710515
-0.44285440807
-1.66041474655
0.491688471519
-0.15814184445
0.0242913783269
1.98482179634
-1.44497253896
-0.398424816236
-0.554616002631
1.00201068953
0.749924285629
-2.18580835178
1.10261068089
0.289113568724
-0.401904938857
-0.479457349682
0.376651741373
-1.53713676118
-0.414678192777
-0.814884808818
-0.23100367781
-0.323403280635
-0.592464085012
-1.77970432054
-0.827492879674
1.28805206173
0.437889604595
-0.854107172175
-1.33282096804
0.557140935465
-0.523475347717
0.400902572146
0.445936833116
-1.61387407321
0.232191679082
-0.463773428298
0.781114372604
1.4093575909
0.845910320873
1.8706288911
-0.423230714044
0.959683074952
-0.0782814498959
1.78707901057
0.828133541076
-1.09200740974
-0.746797285673
-0.464856781644
-1.25960657287
0.503483177505
-0.878622968975
-0.238556793688
-0.318916948426
0.748431482966
-1.45586250345
0.823016523233
0.00940882256525
1.29723620814
0.0111828816509
0.992470158011
-1.02147334976
2.16007805064
-0.545424405152
-1.3034262959
1.27976407558
0.0462298466776
-0.869678964851
0.909300849702
0.930422420471
0.0414902177773
-0.955341763468
1.25192368526
0.089043580755
-1.80670044998
-0.447929263165
-0.144594135388
-0.782282801737
0.139918473781
0.0128341785063
-0.00141966602087
-0.998142456902
-0.187654936211
1.13068924496
0.200777484187
-0.0307202071445
-0.0783946971974
-1.20945500079
0.133108390418
-0.452944809005
-0.54630859186
1.30158112874
-0.107177217215
-2.25306107468
-1.50567675095
2.1534298508
-0.533792208339
0.891518093878
-2.30955784611
0.0383613005189
-0.922330674355
0.0625123128427
1.43799183296
-0.357407434314
0.369148335521
-0.954711663114
0.978359695796
1.90686406311
-1.3828545787
2.09695092188
-0.551897827358
0.363809516981
0.656514201552
-0.887967936802
0.730905590688
-1.45020763364
-1.16503078504
-0.177856875163
-0.913988691816
-1.01089050724
1.1478764283
0.96029803804
0.103247008982
0.983999643997
-0.555765868527
-0.949753937836
Score: 10