3
44
10
3
-0.670593970664
-0.589104292595
-1.30511859567
-0.636869912622
-0.149441002533
-0.374096777358
0.812254292009
-0.0823225384994
-1.16216580117
0.0301031132333
0.944725662028
0.528994429611
0.344413005463
-0.108642143043
0.123331486104
-1.07159849259
-0.586458236572
0.442270397194
-0.730290300023
-0.0283841318211
-1.41289573895
0.0316235789413
-0.138822042529
0.610465829597
-0.277657511344
-1.87921045549
0.488071095199
-0.955292335587
1.54183978493
0.539508317245
1.17571889696
-2.60285100245
-0.799666991586
-0.836646591563
-0.202394670342
-1.32754997533
1.89702308602
-0.644448125938
-0.206059242943
1.57729446708
1.40635264702
-1.13442556062
-0.93405764378
0.606348443933
-0.185042230997
0.984456878811
-0.912562609304
-1.80000238124
0.0828096268566
1.05255622531
1.10759935001
0.664190650504
-0.0931383300107
1.09050173096
1.74966070469
-0.697420281012
-2.81396951099
-2.31401712486
-0.473324918445
-0.34320296344
-0.0788977814608
-0.551055059339
-0.866285427819
-1.20837987892
-0.897328224361
-0.450782463549
-1.703919534
-0.0347816493791
0.0949201020622
-0.628534449059
-1.42133710081
1.3797593802
1.57146121651
-0.570366702405
-0.363954943305
0.208541851987
-0.441447792493
-0.510129719265
0.024322401637
-0.487830428836
1.81712416469
-0.606440783005
-0.53296384295
0.491617213404
-1.19386891661
-0.932450600548
-0.508187890356
0.108211651524
-0.198476810972
-0.844801317274
0.760184091491
-0.509652242974
0.950498064456
0.416843077213
0.635128166234
-0.560248405401
1.15259834575
0.342100154717
-2.27895238684
-0.995355288921
1.10749749685
-0.37803115831
-1.57825480363
-1.39212355563
1.55387518088
0.220370226397
1.80992371941
0.160339184446
1.47397158105
-1.3134075203
0.0275990150821
0.238318841207
1.44088509687
-0.330273228674
0.402666018717
-0.420594450886
1.37915700651
-0.724334589322
1.66621938389
-0.980322720601
-0.897988141231
-0.631463739593
-0.217897380068
0.374963451748
0.969222582125
-0.37064322731
2.07679321778
0.366146989212
-1.27593758474
0.434285612568
0.0396427128647
-0.558634510946
0.394523896339
-0.349139440696
-0.0709597589858
-0.500461338594
-1.01839695153
0.532957501041
0.93445953576
1.43716030781
-0.65382177302
0.669439045944
-1.66307715693
0.533107178957
-0.283792539899
-1.19433681776
0.434792340419
0.78731332921
-0.169193099265
0.429443148122
-1.26334263089
0.690491344359
-1.55632406721
0.649121532909
-0.602230809504
1.58006026661
-1.28703725356
-0.694399335118
0.309166625141
1.60762745237
1.34454648411
0.372780967867
0.0931120416596
0.179535995537
-0.883773295107
-1.32592319087
-2.22562463712
0.322767202401
0.340166650172
1.25017647137
0.533877656515
0.805852458832
-0.00530425574924
0.0615223175793
2.58850588857
-0.235927587458
0.153011016148
0.640761863314
2.18375705144
1.38245385324
-0.0172522713101
1.89472041812
-0.235425156932
0.0293460526098
-1.94292563631
1.21179004519
-0.508430510759
1.97995039892
-0.189812904325
0.431816624761
-1.28994410007
1.11581906189
-1.86365897654
-0.701028656882
1.6222558931
-0.0569422291768
0.0743892511107
-0.224155996333
-1.08458878053
-0.306020476353
-0.991928416191
-0.855745132546
0.68145949208
-1.5655846769
-1.07869183224
0.722952955736
0.609121251245
0.659591454781
-0.920554855735
0.36995235211
-1.05319987618
-2.24688193989
0.411356484083
0.496496739761
-0.290207276773
-0.584222836354
-1.32108874858
-2.37567916003
0.452016006527
0.54477939708
-1.59916172169
-2.47349623588
-0.342170814793
1.44077189619
-0.454185930156
-1.45081511057
-0.333723410741
-0.959965596416
0.394917612477
-1.03894543617
-0.764197539506
-0.346312511305
-0.58143369597
0.422495025976
0.0692546716728
-1.62230182269
1.36589392589
0.20929216558
-0.789646914385
-0.307968650252
0.365054060291
-0.741209925518
-3.05820927936
1.10832993776
-0.236941463535
0.360033564573
0.59549636002
0.391535525374
0.746970442326
-0.432158696149
-1.42564500832
-0.952659929546
0.648742952199
-1.1084649899
-0.234950947245
1.08006647291
0.891217409275
-0.330528979925
0.356668509197
0.0850949920483
-0.687888977279
0.11658997566
1.2402325896
-0.435279321678
0.921281407734
-1.03765741544
-2.18172608688
-1.90418144196
-1.36241373033
-0.172852308774
-0.475898482625
-0.271120998571
0.0125901110875
-0.514876340218
0.148952927111
-0.580552580739
1.18225451734
-0.0507721544396
-1.53705862465
1.63296475537
-0.133401098567
-0.384754041654
-2.03283418769
-0.974971938008
0.495394244924
-0.482190030847
0.940662977343
-0.0316839081148
0.528944902918
-0.812433659443
1.28639815864
0.879621662119
-1.24610220103
-0.791828962913
-0.9630000925
0.563008731867
-0.939347524136
-0.318614407454
0.390263167375
0.55242072928
-0.39423855357
-0.0551831227575
0.26495225689
-1.28953458469
0.0637510437934
-0.343404394333
0.0218215075312
0.483135489486
-1.31329558479
1.64569628686
-0.741155459127
2.46455056944
-0.517129579356
-1.7930313285
0.0864763716986
-0.342572037712
-0.0566216280323
0.395355212004
-0.288114654869
0.868176949524
-0.281013578274
0.355420698377
-0.239525137978
0.676016516262
-0.0646194629997
-0.378491199994
0.546902992845
1.80522731425
2.06189574694
1.1846600244
-0.15964388851
0.0805358136454
0.158317226707
0.169501895406
-1.01201109214
-1.06916695469
0.562552805989
0.454231606708
1.05739614176
-0.368334167696
0.19136364102
-0.215828272892
-0.523315239272
1.71618248735
-1.20774911715
-0.00720082987905
-0.340228020617
1.0819789648
-0.994470612046
1.31504376566
0.312385491705
-0.705850018543
-1.3935518684
1.18493637572
-2.13700801071
0.217581321733
-0.629037823255
-0.0450939364786
-0.605579101406
-1.57322460568
0.573316040552
-0.438496018272
0.0582797418248
2.14954662694
-1.38941977269
-0.0970948035429
-0.4954147066
0.941180893566
0.850452073212
-2.1346149717
1.11895943969
0.132423876646
-0.379987616436
-0.291264513547
0.543007849275
-1.66120692899
-0.775671047901
-0.777585662535
-0.448781328055
-0.312556731436
-0.703022037272
-1.71081275325
-0.386604773902
1.10155358505
0.0948506687887
-0.410794033565
-1.17262330816
0.374992435468
-0.394756587469
0.191231708614
0.551916641464
-1.79219832664
-0.0987827297256
-0.305564358643
0.767649753792
1.3137076518
0.95131267334
1.83412656384
-0.563591884837
0.905392643232
0.519592834084
1.52829590517
1.13752402966
-0.86137353781
-0.886836720023
-0.42870261908
-1.17868403537
0.768047850386
-0.827428818513
-0.154606402828
-0.0933545629951
0.458716424018
-1.52017521454
0.898657532108
-0.0267914441904
0.982120646911
0.056920489678
1.06061683072
-0.789365819313
2.2979108912
-0.439972475806
-1.0301449683
1.2020824685
0.363790330685
-0.971527824069
1.14947834963
0.892741901806
0.0509791197888
-0.934676437818
1.3765231416
-0.41321637703
-1.42198447747
-0.474229684991
-0.297467706708
-0.607671989486
0.254972613473
0.0159605045307
-0.236037943237
-0.980403617763
-0.392479428817
1.10767180391
0.0317067706495
-0.147886905068
-0.079923616483
-1.34665612725
-0.0545065946973
-0.606930063762
-0.408916047163
0.97430180079
-0.0178294165442
-1.78130897718
-1.0805677851
2.03203184301
-0.836771870655
1.0542353356
-2.55176819599
-0.00579982061985
-0.773026494998
0.164005814282
1.38335698368
-0.143150136693
0.380541844744
-0.719002734422
0.99094326064
1.8542809418
-1.35835977841
2.07462174488
-0.72892127153
0.539693330456
0.392090966067
-0.794547428611
0.679528184993
-1.31074405459
-1.1566373104
-0.168505943551
-0.934416547418
-1.08237259355
1.05045820214
0.922446861993
-0.272966413376
0.850019324303
-0.344111109299
-0.939927366782
Score: 13