3
44
10
3
-0.65805956369
-0.866232008552
-1.26357247733
-0.871589476427
-0.285291695214
-0.678612954968
0.793017469624
-0.258704442368
-0.659127825457
-0.0392397051968
1.03820478519
0.514862830143
0.428836105642
-0.401523648612
0.206318030071
-0.847641522395
-0.417664147642
0.185137892363
-0.767849100557
-0.064538727121
-1.31787253145
0.0514067308644
-0.302412141447
0.701673921514
-0.179095637492
-1.8605619665
0.620938284331
-1.18299006697
1.4469954522
0.903842360722
1.32497594185
-2.69935306006
-0.883605466138
-0.609774446892
-0.224067918189
-1.22568052452
2.31839046106
-0.566639312234
-0.212538481653
1.48310614344
1.44680163523
-1.35771353496
-0.876104892769
0.639644899592
0.0683781122931
1.20323506025
-0.77344189303
-1.9176807379
0.27201916067
0.945986386701
1.21925019322
0.519791933277
0.0404300840034
1.27027330986
1.70480549748
-0.844996952215
-2.87654027241
-2.68534597981
-0.49355766175
-0.396443781233
-0.113344193415
-0.583479933668
-0.839078410583
-1.13649459759
-0.934022422911
-0.307016787579
-1.68092413778
-0.0944584239123
-0.00192004627328
-0.42637027787
-1.37279842951
1.18843273655
1.52479401431
-0.750191645066
-0.490671994765
0.437431381988
-0.689068717364
-0.587453724967
0.124432639798
-0.628987605471
1.89617315918
-0.427667663999
-0.537573922875
0.553037877752
-1.1150282542
-0.739620756337
-0.712983942277
0.187431055487
-0.388250218716
-0.842893654208
0.693388191367
-0.552107151637
0.894419915102
0.527418257979
0.616857518423
-0.698472206368
1.03002619198
0.0488595014626
-2.34903114066
-0.941012816907
0.875072285451
-0.432505752574
-1.66343283626
-1.65659450404
1.50816428091
0.271653727113
1.81449647998
0.335879766903
1.29705273847
-1.32797657553
-0.0288391619143
0.259226862493
1.34684091526
-0.384712636048
0.198786460037
-0.649331706083
1.13941660258
-0.829645875343
1.61045625142
-1.09987972406
-0.711767304366
-0.628808562562
-0.165796355329
0.49918313328
0.938953377537
-0.373397320958
2.01922817745
0.429522976058
-1.25116598306
0.423912277961
-0.16059169782
-0.297494317696
0.412829125064
-0.529491642686
-0.193381032909
-0.754386656235
-1.34177461753
0.655197511315
0.986968305161
1.26646576265
-0.659859892595
0.720031926021
-1.29207890524
0.663092284591
-0.440276092279
-1.07720341491
0.386496292819
0.598083508249
0.0289717857176
0.46668042381
-1.30944397437
0.780525199881
-1.92239052782
0.812009739707
-0.687494138605
1.6010451476
-1.3489671722
-0.478896849954
0.326414080188
1.65978193848
1.21715917419
0.263062396687
0.0813356408788
0.395054582529
-0.79106516269
-1.12042926526
-2.30432968408
0.301735831044
0.531307952874
1.06995465938
0.759086424638
0.990351473651
-0.105032100196
-0.0584798968581
2.86538299715
-0.445738173147
0.182854718336
0.593095028609
2.03768798235
1.41516067806
0.0183063065891
2.045621216
-0.375911802432
0.00448659756584
-2.18009484139
1.35573493371
-0.290444748928
1.8897239634
-0.365683641157
0.522840285184
-1.51760973748
1.0075244518
-1.64306032219
-0.593291666062
1.50868501748
0.00119703299754
0.0870186328749
-0.0246197235408
-1.00576865745
-0.274411579805
-1.12399531676
-0.888451911025
0.86297249173
-1.72403352869
-1.00701464152
1.05620365465
0.431997563964
0.662175084098
-1.04466210123
0.406462570558
-1.05341141919
-2.27822070503
0.328462611529
0.594893928785
-0.286778324586
-0.442953604288
-1.36375671248
-2.55201927393
0.461460838501
0.856882261555
-1.31912343648
-2.58248344269
-0.162058034122
1.47483053409
-0.334066354196
-1.23448896768
-0.187141815851
-0.923574073818
0.228302899447
-1.15108032007
-0.685692043411
-0.411205547014
-0.541684063458
0.507108960746
0.0587960828418
-1.707781964
1.29599552919
0.0797353794038
-0.935545200905
-0.426665846991
0.382492124684
-0.680779689414
-2.87907777248
0.824643665565
0.0420779065177
0.124860612717
0.605814293735
0.37396358368
0.83087465091
-0.286985208422
-1.45817033508
-0.853129842834
0.664070921369
-1.07499252177
0.21795811791
1.3932450641
0.676430638605
-0.229089560586
-0.0284469263388
0.26616110102
-0.621131847408
0.125408688154
0.970982029484
-0.126157703276
1.23699942045
-1.11386952332
-2.31602258173
-1.72527665496
-1.51070485346
-0.0333612953958
-0.291105612996
-0.327002318587
-0.0748538698334
-0.66158120614
0.231798166963
-0.371423003537
1.19521483905
-0.13482380317
-1.45798110036
1.66971232433
-0.270217355596
-0.333779432075
-2.16707527564
-1.17372699826
0.439156130734
-0.182558884467
0.786823897507
-0.171750962676
0.583728097511
-0.819940892269
1.45264078521
1.04397613664
-1.33240337843
-0.36312940979
-0.8587188793
0.644228319909
-1.12376218884
-0.314308659849
0.616590387215
0.556005055938
-0.325102543578
-0.0169009121112
0.0248612776758
-1.21918941902
0.169272060872
-0.296834519006
0.150491696427
0.395921698504
-1.52289496252
1.32210962252
-0.935261525525
2.57966965968
-0.57425477197
-1.66739444682
0.0160991875483
-0.19995291257
-0.0953401941548
0.656844632658
-0.133982987913
0.907676436888
-0.33270362954
0.229698230059
-0.26388324706
0.390271474264
-0.118345493199
-0.62246568996
0.512472863201
1.98201722925
2.2300148568
1.05030581683
-0.283433165319
0.156817094939
-0.00708763716142
0.170203016615
-1.15082167698
-0.827311301938
0.676225000786
0.201693917075
0.813067494049
-0.405960666492
0.390051676564
-0.372495197691
-0.265816720627
1.8765154778
-1.19640275266
0.24277643923
-0.287304659987
1.09205512956
-1.28539434275
1.41471048193
0.159587622953
-0.911547273464
-1.23893805165
1.31435920602
-2.17449288094
0.274298150057
-0.28890223184
-0.475506728706
-0.42183185507
-1.67152070327
0.749551580503
-0.371496569696
-0.125725546016
2.11825142808
-1.51097539781
-0.338553849465
-0.502509908623
0.957873753619
0.784002601799
-2.38736747411
1.09863777138
0.323529360808
-0.391879400162
-0.61304592128
0.410869006542
-1.43461290733
-0.353824912133
-0.866415421479
-0.256561658891
-0.304962009698
-0.624132813302
-1.90636445657
-0.63372804742
1.40207925092
0.411332498872
-0.750089006897
-1.41645827423
0.463783824632
-0.740904266485
0.229062365451
0.693118260731
-1.5837774363
0.129536985295
-0.156016413858
0.847725082791
1.48453857373
0.831711715259
2.02558167707
-0.294182736289
0.776395111115
0.317717311578
1.51759379331
0.995578228617
-0.877616358052
-0.939911925305
-0.285772369244
-1.19171628292
0.877725758282
-0.82677740324
-0.481354889278
0.0988086424552
0.42393108306
-1.50198896412
0.947840741322
0.0306683336775
1.23003583828
-0.0315102936187
0.892607466186
-0.789382794696
2.44361970129
-0.528700114751
-1.17972079099
1.18626134355
0.141533030964
-0.82563315305
1.09579498671
1.12809656614
0.165477564999
-0.978760818997
1.24294426204
-0.0770066465569
-1.66498326945
-0.260909323723
-0.234722340279
-0.682198746703
0.248394404599
0.0976323507571
0.0357726766132
-1.08099332233
-0.388483069861
1.13511454461
0.155018035907
-0.142747790752
-0.275061121697
-1.29834450061
0.228278838932
-0.505019129712
-0.571538007423
1.3145997906
-0.271101438542
-2.18812159467
-1.31453944525
2.12777447423
-0.697889236993
0.743847205984
-2.44462993405
0.0446578049702
-1.01642592467
0.188841630859
1.65747175675
-0.329037345338
0.492349082163
-0.956511994689
0.880187383602
1.88065450184
-1.33711277334
2.08006847437
-0.621549213581
0.448000498535
0.396306171988
-0.944723192615
0.625952277474
-1.23884784303
-1.16043874265
-0.0253906293379
-1.14091520258
-1.17343564896
1.14730020623
0.941941371575
0.0361815785611
1.04993780803
-0.383051212478
-0.847699450901
Score: 1