3
44
10
3
0.483141966111
1.38364926621
0.148971251359
0.409490141193
0.82892910056
-0.557131363945
0.580684529336
-0.533444558031
0.14439365237
1.32328169776
-0.110960660743
-0.503145148602
0.7999328369
0.244999632584
-1.40581633622
0.592730565235
0.909191808269
1.28290457023
-1.45429546067
0.190742177675
1.60273340269
-0.830226051474
-0.219559552836
-0.513284962591
-0.546285146172
0.873828048661
0.940799603421
-0.14088023601
0.880702541822
-1.18911300994
0.196195266687
0.198886884778
-0.578596354727
-1.01231261056
0.260691344234
0.598509797973
1.02089761487
0.589449137455
2.52825486907
0.254132946012
0.246622170158
-0.492021722551
0.319345922684
-0.382800097716
0.232213758332
1.00672717325
-0.627776909937
0.432749259097
1.04040548428
1.52796595133
1.31445405598
1.3663452892
-0.807638876002
1.22809548438
-0.305705715242
-0.294227198825
-2.24201361977
-0.815720085978
0.517554142998
-0.412844282573
0.869260719805
-0.0389839130943
-1.48229193759
-0.782241938048
1.64756639187
-0.147707653597
0.65003070594
-0.7696152565
-0.193289798452
-0.714367080455
0.892920851381
-0.641434369034
0.250588416558
-0.172934436451
0.163295001467
0.606418154355
0.712294019637
-0.120378013321
0.834985859395
-0.0480454166378
-0.501024274045
-0.940146975393
-0.0574040695451
-0.712786250963
0.679286693242
-1.34613612992
-1.67821443396
-1.49027515166
-0.95728122026
0.14350890251
-0.557084448919
1.84562653523
0.631681973495
-0.169423483998
-0.230837475438
0.807595353953
-1.08896420245
0.482963521406
-0.564161760676
-0.150181633739
1.10275071352
0.175226756203
-1.13970727644
0.919514447406
0.411148684286
-1.30893890372
0.317721680461
1.23953258881
-2.7441857078
-1.65512961413
1.10474744222
-1.55333728296
0.249007978272
0.419958098298
1.01071755397
2.56564564292
0.489223948137
-1.32372852918
-0.288160625928
-0.811335513374
-0.908009555426
-0.997037650166
1.26036664774
0.85116553998
1.56674537758
-0.218631603758
-0.375900192556
0.247931725141
-1.30183520821
0.753893082732
-0.0516236181418
-0.0111396595723
0.759944810279
0.609123940045
-0.0458082844729
0.511983133348
1.82789051638
-1.26723703701
-0.58802024041
-1.52281621856
1.71314795223
-1.46908664954
-1.63560542003
0.447348147113
0.759044477097
0.760459084279
-1.45717707375
0.303658144295
0.763465842003
0.526437000947
-0.855409664898
0.250026213169
-0.145106757361
0.306556631331
0.759891259044
1.45135842541
0.671110851071
-0.552830937448
1.17551836517
0.408289962907
0.561274926422
0.947184656416
-0.69757413131
-0.270989895062
0.884561871501
-0.92109167586
-1.07515289201
1.91145525738
0.45125589369
0.830795677612
-0.698241963898
-1.18827245243
-0.630351631435
-0.444414422709
1.57420100447
-0.537405381151
-1.3259409747
-0.236062453917
0.220263443894
1.3741143362
0.536912262486
0.679195919353
-1.87465903586
0.896859973545
0.443328847774
-0.915348233827
1.12711779881
1.39887094654
1.04862457998
1.82932918624
-1.22508598307
-1.62125615828
1.81638739256
1.35177229153
0.581011606264
0.0982075413261
-0.488107051951
0.957903016103
0.678374444883
1.04562896008
1.15958254072
1.00716867824
-0.0353175413098
-0.322945559325
-0.273223904358
-1.27868627734
-0.240393235931
-0.269250934106
-0.199216177535
-0.294719500935
0.0935088197825
-0.663981109378
-0.804774682209
-0.815940354543
0.324183215984
0.973164155408
1.28641305754
0.821369309396
-0.13237029659
0.64738052031
-1.46537262286
-1.50372598459
0.165159990934
1.03361002213
0.40396884393
0.111021310472
0.589771184246
-0.166322799365
-0.900863321357
0.293273938585
-0.499029435959
0.49870426801
1.71808547342
-0.892593092454
-1.51110380929
0.23418353627
-1.11588544035
-0.385397119351
-0.24526891482
0.971831845958
-2.09577101465
0.779711749669
-0.981087608885
1.18871858023
-1.45790417397
1.09988184209
0.194713082769
-0.336019188973
-1.55574280773
1.09394966807
2.8043021804
0.360083639838
-0.714516945835
-0.886262029969
-0.911199907204
-0.618184570567
1.00877875647
0.985554467879
-0.786931354492
2.49514847306
-0.561989454887
1.01191903707
0.238984647023
1.3761199777
1.02094982966
0.744142566326
0.419357624341
-0.605362051445
0.229767629061
-0.442440107831
0.537819693074
-0.132237285611
0.133087023537
1.88916973309
0.462680329108
-1.59817224045
-0.0194201745578
1.39880639292
-0.63351465352
-0.0181894710054
0.195371334444
1.02386067129
-2.07489045853
-0.678076867336
1.29637923163
-0.521506446768
1.50414126579
0.51476808379
0.636319875203
-0.529627721231
1.13595571271
-1.3450147605
-0.819284725803
-1.30055089836
-0.606334316857
0.751748793988
2.53819191379
0.726564977796
-0.842989021307
-0.574114116353
-0.58908069094
0.932062056197
0.121095853514
-0.358107934186
0.449310889751
0.042597176692
-0.306565599357
-0.462594770147
2.02587350514
0.788131600298
2.22769485186
0.466449666444
0.133980903709
1.50295592901
0.470051045091
-1.09743163287
-0.229556202679
-0.715405748416
0.304646820535
-0.542549546548
-1.49006180363
0.110786768728
0.317684228938
0.096549836431
-0.136878956198
0.556661476651
-0.481570964238
0.0872254660216
0.164356089361
0.849152266993
0.647847246431
0.356841433515
-0.903664547339
0.34107689977
0.789731370672
0.220847050357
-0.525402333211
-0.308414041709
1.62438930765
-0.791438199362
-1.59319581013
-1.37606960214
0.43733038529
0.0260516939688
0.843187486671
-1.12333869874
-0.665208321599
-0.115391223886
-0.420233082689
0.702771634979
0.950742956279
0.385070007898
-0.897852462968
-1.4586944493
-0.980475739966
-0.64545026242
0.436701286847
-1.62760252431
0.795797632082
0.161227141503
0.133669435672
0.679995976488
-0.176778966515
-0.206869795444
1.95822862278
-0.33863728244
0.00982506994817
0.502478481228
-0.52644633527
-0.454364707607
0.704009209812
-1.87605013483
0.607059981573
-1.76542121376
-0.800195588221
-2.28186069858
0.566724822417
0.0267991107929
-1.06556050245
-0.862031033759
0.504077629397
0.401454452702
0.950341162757
-0.0907669351604
-0.197817428826
-0.694138095664
-0.837914022379
-1.22436372166
1.40000826374
-0.200797277978
0.838715771392
-0.499690033949
0.686801116641
0.916648852957
-0.271876577191
-0.272012374679
-0.632341719296
-0.379350819218
-1.01162161295
0.45881274883
-0.162415962541
2.59519638841
-1.16394588358
-0.91618435248
-0.394224825013
0.800886832159
-0.990390580746
-1.82870262569
-0.562392364859
-0.715083022927
0.616541731501
1.65478631022
-1.22411323901
-0.800356664618
1.61400692025
-0.154369595077
0.314520450312
-0.968411130544
0.0834649719853
-0.289048126633
0.304406496163
1.49706177984
-0.433098604666
0.992363959202
0.445379697339
1.12460665688
-0.503968283527
-0.440226545236
-1.18781279776
0.383196680359
0.826385496117
0.0900631869122
-0.521120305786
1.15833099323
-0.173983466833
-0.398484983561
1.50441335603
0.945796191699
-1.37676868635
-0.71817414139
0.221009218372
-2.69598932969
-1.01228867054
-0.113990437416
-0.729340625333
0.0257203067689
-1.15109016943
-1.13421588065
0.386691591163
0.518550253801
-0.63375600143
-0.914903533607
0.641516654569
-0.233428903791
0.520506938393
-0.260628019708
0.153539509461
0.567240376312
-0.347747060145
-1.66741457491
1.12839304511
-0.64317758522
0.188326188002
-0.679491621928
1.18810657638
-0.394883237604
-0.0142263152713
0.0770718753258
-0.0186341235886
-0.0237161078602
-0.0809311519408
1.08250209705
-1.40790132972
0.121484013386
0.809251094527
-0.714744537676
1.38953433347
0.55929319753
-0.0682567424255
-0.210378483821
-0.0425333394862
-3.03956345489
-0.36339274344
Score: 10