3
44
10
3
-0.771706272948
-0.848958949703
-1.4008461305
-0.899205651994
-0.266795863611
-0.586054059163
0.831692857053
-0.0577444097402
-0.958111845511
-0.28154613731
1.09781342904
0.468511935949
0.329661737944
-0.347769500755
0.191622364626
-1.05794589085
-0.356647250674
0.322463282756
-0.690187986428
0.349880004335
-1.53826709655
-0.0294912257561
-0.182754706329
0.57587369998
-0.233082864202
-1.91169881859
0.382466633788
-1.10133484674
1.55150679581
0.750172426355
1.46754267566
-2.5917681725
-1.0089105488
-0.781270701978
-0.0545381444868
-1.14042836863
2.1763635935
-0.679482199092
-0.243202610793
1.58401725576
1.48927472858
-1.43134377441
-0.82965567579
0.751318066862
0.0640599469774
1.16112593711
-1.03663163399
-2.08941976828
0.468447503406
0.950926536572
1.17983351316
0.364383959053
0.0606147015932
1.46082688883
1.69050469713
-1.11751522424
-2.88306567074
-2.41068177879
-0.535961739048
-0.322162735303
-0.116632256239
-0.419456046441
-0.897831868587
-1.05327146809
-0.999210462536
-0.586741852733
-1.65466311127
0.118841081831
0.307438550178
-0.513890406813
-1.52310060565
1.45569477572
1.58107391141
-0.499823929817
-0.467224319514
0.221193838456
-0.798078750587
-0.655112102135
0.223305568114
-0.47008782907
1.60269627649
-0.234045958732
-0.704922964192
0.570551858926
-1.11156617645
-0.521772066345
-0.642133960872
-0.117162988557
-0.470270909941
-0.758358755508
0.831693546913
-0.500885338788
0.936973705406
0.246345738795
0.672611761437
-0.700227266505
1.1417922325
0.116127246698
-1.97321565969
-1.0596793793
1.01948756316
-0.523138379025
-1.76302521343
-1.49759562107
1.44760147485
-0.190588432219
1.78649872537
0.233843402509
1.50177543095
-1.3687661925
0.16945224489
-0.00631565233817
1.31374392921
-0.43583731132
0.17584934368
-0.353697399516
0.897365286156
-0.787569471771
1.66391995943
-1.00443702567
-0.804784250746
-0.31201956166
-0.405786654962
0.434877968358
0.756913397525
-0.232172956463
2.28059589169
0.539505263728
-1.29214461816
0.576492723735
-0.173392845117
-0.380531714057
0.387913244043
-0.345529672994
-0.246419520045
-0.557921605394
-1.32133605291
0.594081121946
0.888762313948
1.28760975133
-0.654510074618
0.693894594388
-1.66827227382
0.520307329863
-0.382246881142
-1.13758128901
0.494664229894
0.840033223927
-0.0545800076926
0.242680890796
-1.2290316058
0.812166476173
-1.96924118621
0.653245002239
-0.232922292914
1.68785547298
-1.43783490776
-0.266538007815
0.46925138927
1.865145498
1.22718018419
0.318504503009
0.155832571145
0.0885785732753
-0.76742032401
-1.12259701846
-2.037117117
0.160114420698
0.560111497401
1.23760053541
0.72116718689
1.20414687277
-0.015078260243
-0.1375735114
2.79608896044
-0.492330271409
0.394167653114
0.650395153425
2.17889234104
1.41009929974
-0.0682084038534
1.92281850421
-0.232762421933
0.0367670472339
-1.95452056934
1.25164640371
-0.390415722765
2.17541424239
-0.441995445311
0.574913780547
-1.46734847389
0.807680906807
-1.67068858898
-0.500180966277
1.6744292899
-0.105345952299
0.0396146478834
-0.0233205959101
-1.35849990274
-0.362570946317
-1.01017415644
-0.721593893714
1.04753574566
-1.55333474379
-1.14612546472
1.01346436516
0.554649172171
0.644154569317
-0.796727509334
0.363155461357
-1.09894380604
-2.29791085614
0.477655610436
0.744039721954
-0.575213481453
-0.350585624869
-1.22629434548
-2.40645896484
0.686706659725
0.649142784102
-1.35927501057
-2.45915028522
-0.292825067277
1.54155118718
-0.404009950369
-1.26172569399
-0.443291549979
-0.646545753404
0.363151850468
-0.970334650461
-0.674794973198
-0.314496263419
-0.819223718235
0.572759168383
0.161572358923
-1.77297281185
1.1274590906
0.103925634738
-0.966998649113
-0.371003119601
0.0419795389852
-0.679151445081
-2.86918853929
0.707220104239
-0.112590034995
0.317199046887
0.430208156273
0.200813589999
0.799891503498
0.0120346488459
-1.57489673759
-0.839302969295
0.56099482766
-1.16213478721
0.0737179940069
1.28921500575
0.690230887783
-0.157911591733
0.223926923217
0.468320882829
-0.682869142078
0.186196086856
1.28131886556
-0.0913529199295
1.18325700712
-1.0734290377
-2.16471724119
-1.93224997366
-1.34544951785
-0.203799872012
-0.553634130606
-0.356565548364
-0.125679594927
-0.390236778544
0.237274405774
-0.361916570658
1.18017525909
0.138401636053
-1.49302157779
1.73047528979
-0.378734119687
-0.23197422019
-2.14880701484
-1.10440704223
0.541528709592
-0.618814454503
1.08469581315
-0.182294834404
0.503867687953
-0.772959258886
1.51757317302
0.96449769758
-1.3962248971
-0.462216169454
-0.846856737126
0.676700181372
-1.01718040589
0.00976631879928
0.69239585605
0.563176616759
-0.0322363225602
0.123997061733
0.139915004659
-1.46885132837
0.330029105229
-0.357280575076
0.252299020376
0.564490583881
-1.21095978176
1.65185632006
-0.850259505377
2.79558272694
-0.545487422694
-1.57034349657
0.198640232093
-0.185907491766
-0.179790700003
0.622951436348
-0.304693056345
0.897264559387
-0.399281648196
0.412372744279
-0.224704259302
0.352466001356
-0.234456052698
-0.260080819746
0.650031131867
1.92347164384
2.50130708962
0.945763878847
-0.564132971737
0.3089116321
0.191794916537
0.0238695695776
-1.17892186357
-0.874248723937
0.526479373089
0.190479436138
0.764410128507
-0.529771083268
0.26384396816
-0.619596396063
-0.185577947705
1.90317504046
-1.05253843787
0.391467743312
-0.324696258879
1.12491630873
-1.38979530711
1.66424016864
0.0430175724544
-0.848438354458
-1.23576166307
1.21829621339
-2.25312103928
0.272488808672
-0.638484281717
-0.328498601455
-0.325813898467
-1.44868531498
0.705640313345
-0.259679088363
0.00778474716021
1.95457271802
-1.47219824612
-0.242251447644
-0.399822335778
0.951261196767
0.844919858713
-2.42396284863
1.05706012626
0.320123477062
-0.346663418682
-0.367147859251
0.589476322196
-1.59911061469
-0.589869508347
-0.778623027979
-0.27897836596
-0.496431201629
-0.674832630491
-1.96823821387
-0.619432255094
1.35494563231
0.242516225074
-0.590552246602
-1.36290785654
0.283883028056
-0.667718635469
0.178235859283
0.555874099164
-1.67561227223
0.124486195799
0.0173728650935
0.700752237908
1.25072693858
0.787262143922
1.6991733955
-0.446238477982
0.841674642948
0.101153266489
1.5621645494
0.903807260986
-0.810679458718
-0.86791189374
-0.369981685237
-1.14774820211
0.717892273491
-0.796589867969
-0.267455937821
-0.0723404551129
0.38895067056
-1.53481843071
1.04608868177
-0.0355771408582
1.09713497843
0.000992915740139
1.07457180757
-0.592692525353
2.1704692257
-0.517164617604
-1.3696089393
1.34133382286
0.153529159129
-1.09759966644
1.07346311893
0.86518332652
-0.0113212742037
-0.737596970676
1.23524757826
-0.0612620772086
-1.61665441046
-0.380648507379
-0.0407736593026
-0.809796386903
0.214616372967
0.098823749708
0.196597744157
-1.06032754235
-0.354284214561
1.22143126638
-0.0817906692602
-0.233301072008
-0.192116589022
-1.3302224937
0.13400700994
-0.538599456648
-0.378436573891
0.994071003881
-0.19027906387
-2.17991613171
-1.30775045227
2.11739896023
-0.563316076425
0.954703013586
-2.51053437944
0.0124795165856
-0.743471726682
0.0281709687072
1.6058379899
-0.0946918026571
0.451181184566
-0.797559234513
1.01808046673
1.66783579857
-1.4862947472
1.94884427442
-0.609283602004
0.291736561363
0.464612627013
-0.825416343249
0.348800762348
-1.46378905273
-0.915202778137
0.0533103202323
-1.08792189642
-1.03206128903
1.19410401136
0.814398176852
-0.0142646844851
1.08590275662
-0.328605369461
-0.702244098321
Score: 1