3
44
10
3
-0.0557614601702
-2.58879841541
1.73717814398
-0.19081411949
0.666151838683
1.45311432923
-0.275994233972
0.116037285883
1.47603387257
-0.581540666743
0.0355445902181
0.674418820795
0.126357559661
-0.315157084664
0.479294814685
0.781824516518
-1.03272791327
-0.585426227484
1.26953573957
1.76566721973
0.50680331328
0.784700036488
1.40870723033
0.426610889359
-1.49361523712
-1.24322806562
0.644175187575
-0.155344243354
1.14860618912
1.05367510035
-0.216010406513
-0.333917658829
0.107724346219
1.16995347685
-0.924145488846
-0.0837454132437
-0.241637732744
1.77381454179
-1.64143912187
-1.60582225562
0.254548498816
-0.425221046451
0.858832102088
-0.19160393821
-0.496727157687
-0.12048414214
-0.112145033494
-0.243298958923
-1.44261509657
0.860006052155
-0.39541593722
-0.235380670186
1.66816151515
0.208234211911
1.17526230627
0.457654161455
-1.27140159982
1.60896837875
0.764969490923
1.1460984811
0.950545059716
-0.400250071806
1.21831478255
0.0976322430508
-1.03118730438
-0.812408415888
-0.0508320090824
1.42164111928
-0.0815500855727
0.120251597623
-0.144811176304
0.0147117538677
0.466022083521
0.966671770397
-0.621623586594
-0.33006608373
0.740878983988
0.516912284566
-0.0841457934343
-0.684135473966
0.804851128493
1.79427606168
-0.437412777079
-0.23383200552
1.39491528914
-0.882844623907
0.516703125792
1.67647147557
-0.566469484493
-0.47483618298
2.27105898742
0.0205299952736
-0.111412134581
-0.883178505888
0.880323118733
-1.59380854805
-1.23842491745
-2.07198271197
-0.270524271715
-0.938457357827
-0.302375067256
0.404115579516
0.628292920891
-0.204959411828
-0.748733925358
-0.784144182791
-0.731207020673
0.594924566095
-0.813887777458
-1.26701838181
-1.7812152174
-0.923891966858
0.289845834203
-1.76618544596
-2.54189673925
0.410555858698
0.091564355825
-0.551172111538
0.397573747176
-0.0926680176365
-2.17149128097
0.729177341468
2.52962025424
0.624799502512
1.78619901974
-1.57599092106
0.199770187715
-1.02575896343
-0.372855275169
-0.659090089434
0.468085390202
-0.129481223511
0.230690905297
-1.01247592378
1.91376381507
0.0496384412437
-1.39391643487
-1.26187188437
0.187029829861
0.999774631632
1.29426091669
-0.555307939131
0.160138720636
-0.975265927138
-1.60986825168
0.0440098275724
0.88650418506
-0.0279189005991
0.821541822834
0.012893820694
0.396675054535
0.527810025019
0.824175806006
0.567098066682
1.57600509842
-0.866452273383
0.749528879793
-0.22677880889
-1.0804966229
-0.749776080796
0.522046669555
0.444324147012
0.359870729752
-0.798269812575
1.09626154601
-0.263197708775
-0.274474774173
0.659600570799
2.59398971224
-0.710651701548
1.33473086082
0.698057302055
-1.25501148751
-1.88246820253
-1.65797540899
-0.708195874645
-1.69703480684
0.803291905615
0.288274720282
-0.122006794814
0.170622788167
-0.690527436724
-0.864153640931
1.06522861177
0.613144199532
-0.982470362664
3.01164358727
0.109536475921
-1.01459047805
1.36376545998
0.371895435846
-0.271192961022
-1.91303397623
-1.96265660772
-2.28648332556
0.0425361575741
0.901837232294
0.150102496164
-0.853486421146
-1.62375807651
0.397342800151
0.908121314914
0.923842371296
0.16090674077
0.265148931145
0.937547643828
-0.353858163147
-1.21133201857
0.546538425042
-0.522729877073
0.246523711712
0.571238273148
-1.12651463656
-1.42625428485
-2.30683126834
-1.53138873911
0.0868946993149
-1.95055087473
-0.497167471898
-0.374749149773
-0.96602798356
-2.48824546708
-0.489880280214
0.923889587048
0.918477387464
-0.341132089384
-1.5182146023
-0.968478968361
-0.635396162576
-1.18124846757
-1.8245423134
-0.521716378111
-0.588843581301
-0.83731672824
0.361967581453
-1.23714627747
-0.620957244964
-0.110461300976
1.07711674399
-0.431751330333
-1.67267479041
2.05671237189
1.15786903592
0.397744090776
-1.00887758921
-0.571853046274
0.36888088191
-0.698365429203
-1.02864098828
0.0838519317956
0.637572754931
1.90960777221
-0.706669028186
-1.60892327502
0.264631819178
0.439400757991
2.25087858714
-0.738683266928
2.37292695127
0.680246882554
0.035432723799
1.12822772084
-1.1776156509
0.616129846265
-0.794839545283
0.710938537966
0.379719182171
-1.04148617438
0.23957431865
-0.0550492183807
0.473267239301
-0.578919309415
-0.719012556574
-0.0331386281868
0.394687303792
2.00171183314
-0.611545698607
0.0524993215017
-0.760607167859
-0.063716914012
0.0204209268086
-1.81648764026
-0.969039650081
0.681001747966
-0.198751566151
-1.06022283324
0.31629844208
0.916851158365
-0.498502707914
0.503211387692
-0.421736489335
0.710582746304
-0.728033650966
0.453817765442
0.721676312227
0.819228192733
-0.172001386361
0.355804080672
-0.242284460944
0.655717379305
1.27639248871
0.779742996575
-0.373850562378
0.41363807167
0.781549329654
0.338536021728
0.921133674715
-0.195956039937
0.0333209265987
0.904133535479
-0.153006216194
-0.660926480825
-0.0963610877189
-0.09375640795
-0.871240775249
-1.93722670889
0.501330623076
-2.4174416612
0.301606205134
2.24437286503
1.72668899867
0.660484368163
-0.308259359791
-0.478095299362
0.15115883955
0.509081254084
1.44842195304
0.540378904056
0.403647816719
-1.32592980058
-0.52752496833
1.2234998089
0.815283941519
-0.72574118491
0.147638779457
0.593706543709
0.584476721829
-0.770569733041
0.0629706453261
-0.625156111816
0.477104626502
-0.43787281911
0.99849245733
-1.89531593063
0.186097578023
1.1883963621
0.00348652456683
-0.0619559306588
-0.706807679795
-0.138374555158
-0.492283375727
0.987597449049
-0.209370116546
2.513491053
-0.931968587396
1.95725694377
-0.821348038941
-1.3005836256
0.468874189041
0.152542336376
-0.0900146425183
-0.0692743754371
-1.323010191
-0.767758071249
-0.731215314721
0.0665682858938
-0.348208965794
0.620704692722
0.390868319508
-0.290803171616
-0.255707869486
-0.763432656792
0.923363321808
-0.151237114315
0.713537493768
-0.742085998425
-0.601253675737
0.174514486107
1.02532289486
-1.05784466502
0.861435923157
-1.63571369491
-1.48373660851
0.7618711742
0.386744289528
0.59347617365
-0.193419607698
0.407992300374
0.891777957208
2.01525445497
0.247292940223
-1.2467621297
0.0985100385872
1.11173243382
-0.712724416406
-1.57923183892
-0.214200266181
0.229880079793
1.66571909366
-1.73423146506
-0.334909473514
-0.0537547846228
0.219458981071
0.310443421025
-1.01975571121
1.27626834842
2.43991455965
0.572182671921
-0.449131057485
-0.00624569636934
-0.799593563655
-0.121965895889
0.592090137074
0.157348850371
-0.671767824769
0.636946144401
1.21000517425
1.96477227744
0.479674812381
0.766312840159
0.708439625327
-1.89732590169
0.0238320795292
0.262536336512
0.833257691322
0.101635302353
0.442061578556
-0.108232069605
0.226357447717
-0.697655069258
0.686367332785
2.06153108434
0.940753772634
-0.740291052525
0.983069914021
-0.496265825902
0.556530989397
0.180128166264
-0.380900088213
-0.0563090276107
-0.796768896161
1.47369084181
-0.815871936326
-1.56573645898
-0.383485773519
0.0497447596289
1.165358844
-0.106646151516
-1.21548831773
1.89038104434
-0.0970761598191
0.611582564691
0.158799062124
-0.813763307557
-2.26947510083
-1.18653268471
-1.26344247552
-0.648483141317
1.22977140461
-1.19764152745
0.796826009862
2.37625440084
0.607346056695
0.847056779618
1.14000036294
0.00997521568789
-0.415492309066
0.174280996506
-0.822370574012
-1.39662047737
0.0206538488265
-0.664002040869
0.552702848369
-1.93199997673
0.857966631697
-0.208029043893
-0.348579590893
1.68803443347
0.537198127515
-2.15839343588
1.51907929858
-0.892548665769
0.510380306001
Score: 1