3
44
10
3
1.74270625066
0.350865537809
-0.498857543509
0.361507348063
1.19244421514
-0.752293546157
0.308412576505
0.795343585881
-0.854093998747
-1.46399204747
-1.57006999658
1.61174422029
-0.662919817359
-1.53390861286
-0.719635121027
1.36002780612
0.466380764359
0.458727813556
0.70630162091
-0.288287553232
0.382742298029
-1.34801106569
0.0163497269112
0.0904470999372
0.15404992783
-1.03445265271
1.26433826192
0.352238171493
-2.12043037079
-0.208302527069
-0.225668746877
-0.764506641796
1.45144491651
0.816798079868
0.227748576057
1.4503139601
0.96946483559
-0.253691913666
-0.471291968995
-0.5168872815
-0.497612044862
-0.952094090145
-0.175351301617
-1.85914446947
1.28018115918
-0.160442743689
1.08102763743
1.07891632177
0.456665706446
-0.165528638724
-0.919252710408
1.93542106393
2.21923873741
1.9661293984
-0.998688329499
1.53129921269
1.4701030233
1.8036703916
0.0292578949592
1.88977193373
-0.43238313425
1.08576715702
-0.0518519252031
-0.814046635261
-0.473027508588
-0.840796748627
-1.09470630256
-1.56012481368
-0.0831634342732
-0.682588556599
-0.560879499222
-1.80125778435
-1.27008922807
-0.886742210849
-0.469914183202
-0.0497407672706
-1.22185243829
0.818674216878
0.783473169842
-0.714843083434
0.944657504558
1.59723401758
0.0622823240608
0.0409056797725
-2.56025639261
0.351515921332
-0.182522123014
1.86095575515
0.218628618365
-2.53766687929
0.0769514381752
1.98032504208
1.90716480399
0.459836789917
-1.07924965943
0.612845325019
-0.183713653475
-0.783650280587
0.34572147995
0.640272857514
0.765488505327
-1.07591208564
-0.615968967585
0.955044765118
0.95268985351
-0.227114417623
0.0987875576818
-0.580196506045
1.37820474872
-0.158576874719
0.936658747963
1.29150152624
0.99427925316
-1.16402802136
-0.790652426877
-0.5854266392
0.817714785055
-0.697080920816
1.25771679823
-0.0881746381335
-0.842063012707
-0.411781468496
-0.742767734487
0.366459474879
-0.437543004755
-0.161284303332
1.41346212869
0.151843976085
0.305773595967
2.36690930714
-2.55408783971
1.80930596394
0.349025303733
1.18332164553
-0.551730643233
-0.396355926804
-0.782950994679
0.092242539723
2.77191736918
0.528274285157
0.920185270463
-0.392257176064
-1.28182531467
-0.420867362777
0.653134729254
-1.83135132395
0.633687767203
0.843419674467
1.21025651972
-0.622296953399
1.12227378486
-0.605220545851
-1.08905261055
1.26432095991
-0.111434338306
0.916839012994
0.865367508968
1.84530602759
0.636939296926
0.625275978801
0.562936138954
1.29955522526
0.350888295775
1.36444516668
1.12764888591
0.123195665694
0.111380771915
-1.08282013768
0.651439545814
0.660162353723
-1.30634187003
0.57757212236
-1.32219856017
0.231484730557
0.170634013031
-1.22783781719
0.588305162015
0.8957587035
-0.204046868908
0.318278468461
0.210208064066
-0.460337999007
0.136290535881
0.554494844008
-1.44378366958
0.966046494241
2.25214867903
1.73675724614
0.20887903121
0.30655349115
-1.28399786522
1.25385483857
0.602917697871
0.673855515909
0.887201221833
2.2070492834
0.53741122537
-0.747530225569
0.267179948918
-1.19125384298
-1.05152102641
-0.526297014018
-1.42079282019
-1.15089104384
-0.179951975152
-0.390425568434
-0.449180858052
1.23494491203
0.447215745105
0.209374594594
0.417147844162
0.753595023242
-0.388494079797
0.129896710867
-0.0635536982833
-0.238544701992
0.229325947396
1.44087737749
0.0815313491892
0.996511422403
-0.27791189143
0.107921111467
-0.0789446012292
0.369946441256
1.72556123996
0.638756971749
1.60013756697
1.52822031953
-0.7829895077
0.869926331184
0.740004594506
0.11243356057
1.96948674523
1.88826270355
-0.621023538982
-0.862478983979
0.243651369665
1.26859282068
-1.21896320748
0.466899461052
2.09714853305
-0.210785977073
0.291076997854
-0.563900246694
1.13230190865
1.09757988843
-0.253581813819
-1.63310572847
1.05122523782
0.145676795111
-1.78308608532
-0.887554993542
-0.661432720534
-0.217593480272
-0.0595010300686
0.277441228589
1.50891713652
-0.233623353746
-1.61231246317
-0.401756967161
-0.943345544747
-0.100285024547
-0.968972396323
-0.796105857695
-1.800130233
0.201040101705
-1.75053035675
2.76817997093
-1.12291327381
0.948749735314
-0.935237817858
0.580943427332
-0.0768608575215
-2.08733797818
0.740917240757
-0.569809799866
1.77562831564
-0.573396117297
0.982386526356
0.492130587628
-0.717171283819
0.567142446572
0.680020944823
-1.01885562833
-1.16637363403
0.408944872296
1.22324037744
-1.66395176583
0.230661304111
-0.398844669657
-0.883039607299
-0.93354422721
-0.620909584315
0.804519966138
1.31635712013
1.2583731709
-1.75777701662
-0.151911225299
0.14660426114
-2.53023343487
0.264717598853
0.98868048069
-0.679426279406
1.29329586798
-0.640251929495
-0.611243081867
-1.82941477139
-0.792465972607
0.162818346109
0.633069577859
0.736213209042
-0.209904664998
-1.37608611625
-1.45124151818
0.120324023878
-2.55835167612
-0.573945015857
0.834980840259
-1.14526823574
0.417094502928
1.99245227118
-1.24061673199
1.32672565582
-0.81306437012
-1.14480866473
0.467732795741
-0.446836402218
-0.196041005241
-1.07585955515
0.679272469494
-1.10518819799
-1.29682484203
0.579429127004
0.829109204029
-1.97336671924
1.41032881139
-0.512032444084
0.0346593399898
0.188903175002
0.591018261075
1.43659986371
-0.515194668386
-0.0999938282604
1.91906451233
-0.374860110451
-0.766367417538
-0.809074244094
0.722511445341
0.483365693324
-0.565070106857
0.829411329048
0.36361382312
0.580573179598
2.55539130754
0.0482705366739
-0.306489972755
-0.345396634667
-0.0991675406119
-0.818877539927
-0.184742625909
0.280962224626
1.37080820137
-1.09103162815
-0.325843987945
1.35425307341
-1.68129903788
-0.284296474608
0.109833020344
0.936035992244
-0.000692829352301
-0.667271695972
-0.344153936219
-0.557143347129
-0.545057929164
-0.0320496001827
1.7217414926
1.38445363116
0.019326989852
0.634619042763
0.297255643351
-0.517217227739
1.90008357629
-1.06403492669
0.139577772064
0.340434173627
-1.62839345938
-0.683879508785
-0.309537864126
-1.43006234406
0.0816411980828
0.0590960520617
0.816540297214
-0.972239028668
0.849356085598
1.18473447903
-1.05726669273
-0.688940331764
0.481932913712
-0.558202102031
0.224106175554
1.07868494878
-0.178175309557
-1.27648827537
-1.11031651935
0.448102678422
-0.25839464685
-1.75495437774
0.776016740308
-0.0668962611299
-1.40014101016
-1.58617956971
-0.246633444518
-0.19618151386
0.066961945945
1.42290699005
2.27168150448
-0.612555111163
0.886861864173
1.77337855535
-0.497575418287
-1.47857232367
0.476275669448
-0.358911415094
-0.53645421015
2.56560982941
-0.755485990747
0.518903668452
0.244716927691
0.657613365713
0.51605221955
1.08679733864
-0.227223895265
0.759540120056
1.04989176179
0.905390921594
1.03993887827
-2.06676511983
0.886589291484
0.977478406056
0.438272058462
-0.954412919063
1.68216245126
1.79245368647
-1.70700996651
-0.891921916005
-0.476668202486
2.07897813614
0.0330342184389
0.610420154431
0.526668358431
-0.677442209956
0.377292830909
-0.150809043683
-0.820912746686
-1.02987531946
0.472049980954
-0.53423280016
-0.0302018089324
-0.314552267543
0.07639648022
-0.479800716673
-0.371854944086
-1.02853209455
1.44433566976
-0.539256484606
1.322889462
-0.740845503051
-1.78802719948
-0.952873461057
0.241900248379
-0.721942049364
0.388469435802
-0.140834152036
0.305513927615
-1.024562749
0.172422309232
-0.368188783933
1.05549085634
-0.511356369991
0.00365100105248
2.03347806079
0.152727506884
1.74917489358
Score: 1