3
44
10
3
1.22301245139
0.129166915214
0.397591659118
0.0379421752124
0.445807796287
-1.66470818359
0.625255281718
0.961953848996
0.777664597758
-0.708762861007
-0.392838079352
-0.049013604274
-0.430176310175
-1.20737201697
0.00341802487538
-0.0919854536807
1.27258632948
-0.699671522246
0.943983017434
-0.0283611377518
0.752216903843
0.519345369344
0.994055163909
-0.496251488197
1.3768777658
-0.370362718011
0.618155210532
0.6659412339
-0.644717986692
-0.0168626248856
-0.0245843229048
0.132496847996
0.965645233896
-1.08039690737
0.174700756264
0.412953266023
0.595018795475
-0.816485808972
1.03993810959
-1.77145114304
-0.303049830234
-0.241160636127
-0.959047321455
-0.883280905375
-1.86001119835
-0.561851081711
0.481055386943
0.373989444339
-1.82343721925
0.82381561903
0.64874192335
-0.00732383352715
1.13267060797
-0.67502016459
-0.370968218785
1.07693310448
-1.09152706457
1.33299656282
-0.685242582214
-0.33816139675
-0.844323877585
1.39360123251
-1.74875144145
0.270941278242
-2.21541053757
0.120127016705
0.0587382371379
-0.294077399552
-1.16025596914
-0.0156978916803
1.25889969648
-1.14924945859
-0.716823972504
1.14332910468
0.663101032845
-0.0754773179168
-2.10824415144
0.563568059116
-0.701189160132
-1.4983092316
0.0512048741903
0.236336893758
0.834779010068
0.60978324398
-1.48021828628
1.44170228988
0.479537516028
0.00744432211533
-1.04124635233
-1.1767030916
-1.80781042584
0.423342448601
0.103632758407
1.02754787912
-0.501229266447
0.793324493957
-0.659732171478
-0.15798205115
-0.534610944727
-0.379416772289
-0.235253189626
0.66464323464
-0.100032804462
-0.108436432087
-0.444242748841
0.153226800468
0.933282106968
-0.595742460118
0.371625490108
-0.387442425742
2.68598847627
-1.00644590873
1.50385310088
0.1571004232
1.1622533777
0.81922319731
1.28046957665
0.494968849586
-0.140285630107
0.163969081107
-0.0283198073118
-0.179696635437
-0.963718956173
0.15412435561
-0.762712556222
0.858213036071
0.211133181053
-1.50462477684
1.07149064814
-0.83950498037
0.445780784689
1.431428474
-1.50348250591
-0.491949507206
1.72162005875
1.49708350961
-0.551494105065
-0.320993631048
0.671396821735
0.35660219394
-0.485401258866
-0.444568080791
-0.707983245927
0.973348735227
1.89281716942
-1.69566275292
0.896461953223
1.34136811718
1.36808375865
0.300241047826
-1.52130717127
-0.380554452335
-0.811911268003
-0.719089272412
0.364252648606
0.399462011293
0.573576173773
-0.285784192994
2.61731905854
-0.377502854218
0.0559100891182
0.211179586794
0.174032455571
0.560680748516
0.0962007745559
0.802332194406
0.179197141905
-1.31804158812
-0.382616013391
0.0819261078741
-1.32743905469
0.400145631445
0.39300305031
-1.09488675743
1.66156228616
-0.627887077149
0.192990601017
1.12161282285
1.41059784569
-0.964194914528
0.158164100457
-0.239689100693
1.91529188715
-0.829743154507
-0.537088643986
0.4285905265
-1.35801995344
1.19726651411
-0.595504664317
-0.984227543534
-2.10042747277
-0.538243125806
0.567164359584
-1.32315234963
1.89375540394
-0.197658166898
-1.24845190436
2.20796552501
1.03494650301
0.284614110804
-0.748411078005
0.4704715806
-2.13185585655
1.76310840169
0.432629876472
0.36962359176
-0.628468742922
-1.11308273926
1.76716894677
-0.423396420541
-2.11459854146
0.0464812635982
-0.102421781996
0.136765727004
-0.437467985968
-0.229180142044
0.376038798014
-0.803246295637
0.114868168197
0.904460200751
0.0618783009585
0.0291621254864
0.452384207744
0.565643655694
0.345345701206
-1.23200791072
0.846871823721
0.80886621113
-0.199630147531
0.257384026083
-0.261987132271
0.563198826887
-0.212296122223
0.878169849026
0.385429832099
0.630337225771
0.247864493094
-0.602673812485
-0.713417592261
0.825766318172
1.01664521771
-1.66435261948
-0.24752820409
1.04058732356
1.12973539582
-0.510996711152
-1.2052678019
-0.973215560334
0.261614849057
-0.343405259719
-1.2210864021
-0.510154768004
-1.50726872902
0.0420026234377
0.0118596840742
-0.228129629881
0.571653747416
-0.119277547584
-0.744842002272
0.589970809963
0.454202406557
-0.234044576149
0.20470294656
-0.955887146459
0.188292390904
2.40342551804
0.656868749085
-0.550245679865
-0.239567081141
0.832882076188
-0.0925423849203
-0.43487506437
0.33629603901
-2.59769441219
-0.0432346685664
1.058159886
-0.574300064877
0.944413559368
0.25428042069
-0.34587414319
-0.272612600487
-1.80438454263
1.65904234017
0.590424567231
-0.258864219971
0.164042235198
1.29432427553
1.07308346096
-0.854222352452
-1.72628499121
2.69511149439
0.121748469683
2.51977583521
-1.39588011602
1.50312489972
0.411842123599
0.612145410173
0.424347770211
2.03424843139
-0.536564003969
-0.516626591802
0.34284267009
-0.927077158145
0.277425535432
0.999827457974
0.552817990995
-1.37484621619
-1.03144956243
0.140145520103
-0.690130353287
1.48037490689
-0.436931595587
-1.00684171527
0.694355418787
1.30227133657
0.433001822596
0.0407096370368
0.927023743236
0.23730875405
0.113768163158
0.920221984273
-1.61038495773
-1.41721954825
0.501644527026
1.56164208711
0.591309478698
0.398760743413
0.0390045572564
0.553386463973
-0.404393716533
0.252358158109
0.493837393958
-0.250747822584
0.149169287898
0.129918693217
-0.511955833283
0.487844514067
-0.138819016916
-1.05684362716
-0.805947363509
-0.776745602188
0.40251227335
0.937825599291
-1.44221302279
-0.262860899243
1.25532381806
-0.216415656262
2.5978889036
-0.425487200425
0.172441761222
0.320820803644
0.458303047364
-0.732963665218
0.837335705845
0.684936844024
-0.182526192185
-0.0839533578436
1.22698708602
2.2067705333
0.0262492838352
0.187990722202
-0.721755071093
0.391253270692
-0.0689682984383
0.265692670641
0.0120869341623
-0.41008587081
0.715347274057
0.333983410869
-0.35372925321
-0.175339203162
0.1528730523
-1.12188347336
1.11859017196
-0.660146995985
-0.184102587303
0.0653480146735
-0.895608702902
1.71896802402
0.190787241849
-1.55581688682
0.230899710374
0.742185454634
0.903856466845
-0.127445357006
-0.187461503278
-0.556212518241
0.507254473786
-1.04078158044
0.312117574552
1.72873202009
-0.631708400782
1.98599074201
1.6342445524
1.63885537328
0.742209201661
0.851511263772
1.99941269105
0.534688667465
1.53017024297
0.866456188325
-0.391463423431
-0.321627273091
0.793773773222
-1.56060737634
1.4703217527
0.834507035081
-1.41108235978
1.90560592228
-0.715559939093
1.02335093554
0.641926604395
-0.121225499646
1.14352020456
-0.960298994961
0.609941577289
-1.36664972292
1.25274186309
0.117025130892
0.545846202174
-2.16887737455
-0.374181271031
1.30364443293
0.30508053353
0.4341683208
0.570334234292
1.20241947357
-0.0740653523418
1.05342402865
0.0477334306837
-0.491079487683
0.00824680493695
0.857868872791
0.646237400494
0.5338319538
-0.124100487321
-0.92383706694
-0.451853934569
-1.40712365337
1.36096040532
0.42282510481
0.586409528289
0.254683515768
0.697133383858
-1.13043243822
0.450325075626
1.54478723745
0.411162555746
-2.10688663676
1.11737294422
-0.75873248372
-2.23295411744
1.02385785671
1.33367661578
-0.561494584836
-0.800859672102
1.24550646796
0.3613157072
-0.0887391906637
-0.508055841874
0.210997929762
1.11408640686
0.214051266459
-0.587018733182
0.716734965393
0.677085485607
1.29672150745
0.692301456085
0.508463523841
-1.42609537826
-1.46768773889
-0.855058011919
0.0929881474753
2.66897839295
-1.11547181454
-1.51861620995
1.07927045469
1.14857675689
2.69925001703
-0.62361652756
-0.0792131914353
1.06317156714
-1.09256320675
Score: 1