3
44
10
3
0.073698615377
-0.709571371624
0.232956756835
0.223471832456
1.25517175658
-0.610721794133
-1.25122043753
2.66289465751
0.239193888181
0.759845525327
0.543178786031
-0.283721580406
0.216092122627
-0.842451154604
-1.27020428453
-1.89688783149
-0.730990276042
-0.722538369484
-0.0709061550522
0.376694482849
-0.704868601578
1.28736091564
-1.77529777578
0.352696305927
-0.590638668832
-3.23707152196
0.314223530813
0.64140133032
1.93180668685
1.41091209885
-0.517192713938
0.381944779551
-0.186926509158
0.377803424142
-0.133739710465
-1.10346800638
-0.282199934432
-0.166339367111
0.286447106083
0.809612191494
0.248815027884
0.0434184287529
0.128127427598
0.675303090759
-0.83966114762
-1.03125241703
-1.07017345078
-0.57806367505
1.28345128546
0.398637084769
0.575723322079
-0.282361577079
-0.936191668252
0.958469413188
-0.706041878427
0.455792218132
1.58748111111
0.884834662078
0.251454471988
0.780305868722
-0.0338944735123
-0.343699291402
-0.300404232654
0.900196607043
0.292103327687
1.09317608835
-0.970588466154
-0.574883492763
-0.400003953466
-0.150128212998
0.601405013425
-0.770457544428
-0.951883224038
-1.18381011807
1.55420690772
-0.689673276036
-0.539615022951
0.583502105187
0.453139009975
0.980074807645
3.39532054611
0.483986537883
-1.14447994961
-1.4680479879
0.680515803504
0.501103897497
0.368951875256
-1.27353304916
1.22691039336
0.916335836059
-0.314083702785
-1.02991097115
-1.48048152482
-1.26025244401
-0.787588814228
1.5697037363
0.841570268009
-0.317276248925
0.527861449808
-1.88733504554
0.710584532751
1.34396340313
-0.61072851699
0.0539355213832
1.19944914149
-1.69083618373
0.665065099391
0.289323148615
0.100570646313
0.45971175477
0.935848050089
0.625400557098
-1.09459152748
0.205793244996
0.528002491725
1.51042675757
-0.44738398631
2.70651249033
-2.40692925625
-1.07200171313
-1.16071199693
0.427966989967
0.97820165338
0.798802590276
1.16447053382
-1.41519540864
2.14311078081
-0.499284861411
-0.357349468048
-0.740241280944
0.29779929523
0.155903299598
1.40081997911
-2.04925867727
-2.03496043371
0.21811678703
-0.359551628271
-0.275392229764
-0.432736201337
-0.049660026109
0.335135755973
-1.99017102779
1.02000070266
-1.0967834251
-1.63164719537
0.59137302048
2.30167872402
-0.967767538615
-0.0131991079799
-0.928039025037
2.96320319246
0.784873945402
1.72573536492
0.250690591565
-0.265086464472
-1.15053816802
0.9259489256
0.92439415044
0.0191325246964
0.287706353092
-1.05165005905
1.01813640586
0.451476922147
1.44428339331
0.499266695723
0.24224993041
-0.271901285439
-0.474521041109
0.577884160499
-1.49523405703
2.16081575695
-0.688520270488
0.215319472218
1.42989672296
-1.98629691094
-0.891002021968
-1.35467824315
-0.269053043114
-1.74315592869
-0.201576687531
-0.418442471145
2.26075220414
0.723632801623
-1.18783656495
-0.826569906814
0.224185064604
0.381443003111
-0.231020952945
-0.915267046106
0.999600801367
1.5025350619
0.583032351194
-0.394587106158
-1.15612755538
-0.930360155007
1.13115689183
-0.214089352642
-0.808922994236
-0.545283413283
0.115467656033
1.74550965963
0.896319816019
0.236479783252
0.543978866886
-0.52129622499
-0.426840505865
0.758960755939
-0.835264188905
1.74457665082
0.386708577537
-0.749351299097
0.767686558437
-0.524478847956
-0.0627609658511
-0.345761488913
-1.58971505053
-0.449597874061
0.687977311948
-2.69552934502
-1.02748848424
-0.753340338081
1.09255898418
-2.03099778268
0.387331217839
-0.571755990289
-1.5986986241
-0.564093496179
-0.243084278164
0.713104870416
-2.42681925395
-1.0271393656
-0.578693978815
0.186264036154
0.529630609103
0.718588058526
0.642493458801
-0.253026604075
1.02284623148
-1.00195002578
0.346528270833
-0.450129462536
-2.10237204885
0.649182063835
1.1811549734
0.573989748207
0.437202147444
0.249895990545
0.545291615139
1.24269259472
-1.2331140862
-0.182965864815
-0.538029427426
0.682441655746
1.23075203397
0.185396801067
-0.140663731246
0.510607613542
2.03274945526
-2.29896910951
-0.0751654752015
-0.486142566562
0.366077465214
0.988872015239
-0.173563924096
0.56240358418
-1.18666610093
1.56509970855
0.172984109117
-0.370048852254
-0.464714895202
-0.821057224188
-0.618430096481
-1.16591245613
-0.460667232527
0.0140322185159
0.248584646248
1.81655829318
-2.00536566501
-0.329530504277
-0.722550645524
-0.13246720855
-2.99694301625
-0.618894430506
0.228505247702
1.27786201041
0.0036248203455
1.10671566145
1.6927203582
0.0565674243031
1.68017859353
0.85377608213
-1.25902767926
0.215226564806
0.515182155501
-0.154141500883
1.21024507843
1.04189067223
-0.974237618988
-1.27946280898
-0.229287541877
0.905598220782
-0.78685288955
-0.672017161232
-0.0816627341827
-1.83348525455
0.65023920491
-1.5532141995
0.913789144649
1.70534907384
0.727218531134
-0.878756059226
-1.97426927505
-1.85995662894
0.0773917847254
-1.20129227911
-1.74021868428
-0.0666408592889
0.0544475118798
0.614240371477
0.267125716749
-1.46624497007
-0.506340174505
-0.19396788417
-2.12743573722
1.34503997106
-1.19881048631
-0.548673945427
-0.603210736449
0.181628718989
-0.0194601069066
-0.366804299204
0.96247709757
-1.10859208478
-0.184601416987
0.0796910819061
-0.263099575548
0.42261404793
-0.078145515358
-0.685068347956
0.0156323861307
0.51954529752
0.159640276386
-0.438020380471
0.0756703893774
0.18461390581
-0.102604361552
-0.756809400451
0.478805982284
-1.2086435473
0.480118807493
0.721396780944
0.150868819706
-0.90939609555
0.635329456227
-0.0334361900392
0.120256926488
1.36835640464
-0.567994043088
1.23610379362
0.345875927175
0.0916623133695
0.104220160447
0.309532587965
-1.32657305934
-1.03066200339
-0.731997990619
1.09340641489
-0.604876443216
1.23191309617
-0.826003521147
2.68228629284
0.473772605813
0.484890689333
0.385851626524
3.34792509947
1.51353902289
0.307956371011
1.08737535347
0.0308773347896
-1.71501634229
-0.730215435266
-1.2087737848
-0.0208689874888
-0.0242363905498
0.562513702945
0.393444620913
-0.040054712505
1.02067928208
0.411537632642
-0.253201563657
-0.435979036803
1.07558302773
0.986446346397
-0.39521929137
-1.0355421745
1.77525676042
1.15280574996
1.99295580542
1.72783396772
1.47707145904
-2.89374684853
0.514915698286
-1.24687425786
0.690471027558
-0.787477865115
2.05966545719
0.679526592878
-1.39452183652
-1.51631039997
-1.48763480475
-1.63891225456
-1.49948212658
-1.522788321
0.554776099297
-0.284154782421
-0.783988509597
1.15140310596
0.671506115127
-0.601867048532
-0.63118457175
-0.923730486698
-1.21482195776
-0.746451057006
0.574334242005
0.459361945453
-0.416075863849
-1.61387241468
-0.603612966734
0.34432189129
0.785144014249
2.17362107237
-1.20592129504
-0.44315433012
0.584343360498
-1.36039610755
0.015030431311
-0.632751316887
-0.144077038991
0.859037712005
-0.633154893111
-0.271496338051
-2.03692620143
-0.299076958772
-1.34559115104
-0.787926551152
0.211841672787
0.15111239709
-0.667099317348
0.392757885247
-1.16466992799
1.25792623869
1.62441819366
1.882417837
-0.791474863339
1.29158704541
-0.444475913129
1.21954397905
0.785558459158
-0.831959546903
-0.294291458867
-0.889837569758
-0.762907982214
1.43553541633
1.82767231814
-2.3317806807
0.740411963064
-0.100999121179
-0.734357739988
1.38870049628
-0.944753596992
-1.10002118443
-1.16735860472
0.0528109869478
0.575885715269
0.717373199505
0.524464525407
-0.940813721957
-0.747498106165
1.37418908716
-0.658316858471
0.604575508466
1.03543664085
-0.297393315375
Score: 1