3
44
10
3
-0.550378692014
-0.606546920387
-0.855598559055
0.928196236082
-1.41869237918
-0.941788348403
-0.602712089484
2.40009976304
-0.0513206494702
1.08932568728
-1.67978013557
0.644366482806
0.80522124756
-1.27852933653
-0.131400172453
-1.16005378157
-0.966844965514
-2.23053044861
0.802669501054
1.47000308981
0.985215693641
-0.548015495287
-0.90454673522
0.632757654675
1.08180230122
-0.32067374457
-2.99731921891
-1.00937382206
2.32914635409
-0.986928461767
0.28162324551
-0.651663656302
-1.10725346095
0.18492057583
0.695506502266
1.143784668
0.242857857948
1.48263991944
-2.46458499208
-1.40785715119
2.11938846514
1.00293524837
-0.830143489318
-0.302939232482
-1.25388120064
0.530469307868
-1.39596943921
0.484585505754
2.64690944566
0.143950027175
-0.788471122725
-0.158659800543
1.62785934953
1.74881221737
-0.508166296615
0.742492414758
0.546390203003
-0.520881008471
1.81266903171
-0.414759364554
-0.899267059578
0.23041872683
-0.185748051798
1.84017652668
0.0052079510184
-0.922018543289
0.361549170197
-1.83263186715
-0.592570910683
-0.730610381698
0.732681297991
-0.304349369399
-0.290718625018
0.589513709161
-1.86351515155
2.4918359025
0.51501654265
-1.22206402003
1.42868271644
-1.08423679332
-0.920844323166
0.875699977355
0.098790113512
0.432624932174
0.0724943087883
0.170711952096
0.468754769887
0.375716327455
-1.07373909868
-2.52837481296
-0.94519431954
0.61158513455
0.0931906294608
-1.32778304179
2.53884873124
1.94792092348
0.0949449908571
-0.753610774011
0.799933879576
0.801360926336
0.764453852101
-0.594046449145
-0.120777079594
-0.168859537474
0.879147909319
-0.284315061535
0.916790133746
0.199242638085
-2.22391893311
-0.115968184285
-1.25825693965
-0.767748470322
-0.653785740644
-0.914549720048
0.813344513585
-0.723862040854
0.479618424344
0.695788350524
-0.784574663139
0.698800328813
1.95214445731
-0.095474706937
0.300979762206
0.0474685005457
-1.69123485764
2.78159521814
-1.56084404353
0.115008954065
0.282451388382
0.247794778548
-0.214283087998
1.08207481137
-0.103904151424
1.34684345399
0.845058144741
-0.141893511472
1.1403222245
0.130292462531
-0.0386442684107
-0.335771092574
-0.00587224354506
-0.567507128196
1.78826021401
-1.19002500372
-0.543406896993
-0.0632435462431
0.689448137353
-0.443111064801
0.290598280813
-0.792418595075
-0.4254985026
-1.3782049027
-0.571169903056
-1.03403816784
1.22580295377
0.234756201978
1.42797455104
-0.427895944209
0.533512429345
-1.0353122752
0.155124638601
-2.75679910558
-1.98328778949
-1.0904373692
1.12582513012
-0.267634261557
1.4612090114
-0.251529807626
1.08351023885
0.209289711771
-0.167833793606
0.346668916017
0.079682447874
1.31701983359
-1.09628015227
-1.17961250915
-1.85487405217
0.88504107898
-0.407470406405
-0.232013212537
0.675660898689
1.11720990767
0.436190493306
-0.600441622962
-0.169699363231
0.876392764075
-0.10195151244
0.262458871731
0.72140543359
-0.934449453085
0.544405553839
0.412864872106
0.0147955395624
-2.06069920781
-0.0508588626201
-0.558798124301
-0.0067757123294
-0.83492677049
-0.555036357176
-1.25490687697
0.285281990088
1.60639417074
-0.035589533185
0.477788513739
-0.116642032652
0.0654942519133
0.938445087048
1.12436188165
-0.255956570315
0.476093907401
-1.13141969108
-0.337979699012
1.35617986998
-1.05008052261
0.164671338884
1.06943818156
-0.656408861149
-0.0622700406036
0.447365050471
-1.04142044795
0.266914398909
-0.206671281821
1.28136321782
-0.402914771529
-0.499596832307
0.611641721413
-1.42147317701
-0.76205331153
-1.46437300461
0.0730508451949
-1.27260806447
1.25263778718
-0.159194660807
0.698223511657
-0.573714165558
-0.348346296141
-0.2517437561
-1.72177322515
-2.16629349738
0.160655668474
-0.0590928592624
-1.50209205985
1.25888804311
-2.05877573137
-0.35236912041
-0.234747859791
-0.46838168838
0.710415993486
0.720905612348
0.80921033459
1.17772202104
-0.641587501015
-1.62734579103
-0.0160440452582
-1.03744450212
-0.595301292167
2.12583722135
0.214417805963
0.0482227484689
0.948456636762
0.166340409391
1.11654056761
-0.518505889207
-0.384157552809
0.819032622425
-0.506648647403
0.223788558637
0.696763515376
0.744036462295
-0.612381601966
0.571434267789
0.524943737363
-1.45913281765
-1.19271239302
-1.89292874459
-0.550139812522
-0.590644058685
-0.45043611536
-0.0876080552956
0.202965685243
-1.28811208674
-0.517628046979
1.04940499177
0.322012907601
0.461748049198
0.149864822345
2.85001766636
1.15232992384
1.7394733471
0.32090550778
0.00934652195706
-0.0439151701637
0.571470767666
0.569107268859
-1.1334089065
-0.463868388786
-0.226876313089
-2.78794253769
0.578622610628
-0.424088179834
-0.0720677402666
1.45039139005
-1.10651482083
-0.0605539909692
-0.281118033095
-0.146503828633
-0.989538585029
0.257731019898
-0.685679380599
-0.487907276074
-0.319860348226
0.115093826627
1.74786583356
0.220209566555
1.70884880331
0.814651227161
0.636888706521
0.0872785107642
-1.03920986656
0.84147218189
0.0156613808534
-0.732937938055
0.035834052381
1.09196036014
-0.932940262829
-1.28759881513
-0.0698849224769
-1.10243037424
-0.0930171441155
-0.638928119617
1.81525301429
-1.00385853842
0.968991618686
1.74200007386
-0.875179851847
-0.113806870375
0.959014296255
-0.0837576288307
0.466623878484
1.34462059893
-0.152948682922
0.235316374156
0.581555520497
0.213312279325
-0.228598462605
0.880407144955
-0.0563867753169
1.25929924841
-0.0515651749371
2.10809146139
0.179274263923
0.622443446806
2.11508599614
1.25048525565
1.51994461566
1.23463559916
-1.96921690856
-2.62773059856
-0.207436910588
-0.747421470718
-0.202649037351
0.27071928988
-0.274008241089
1.0405967846
-0.704648098978
-0.455594951524
1.08278000967
1.38665507111
-0.607932901217
0.260639265001
0.1294957524
1.20722615975
-0.611973623114
1.34972968654
-0.776318775403
0.138530935435
1.88520850132
1.04610563372
-0.438732481404
0.413897111127
0.139838850883
0.409582222242
-1.34891071232
0.854201932464
0.631156120552
0.48751246018
0.608241845373
-0.980918412054
0.0220999878851
-0.417923008177
1.00631562903
1.62747034942
-0.271692252825
0.928210632666
-0.679444964201
1.73074779553
1.09909514261
0.572521779715
0.66226685595
-0.350665762965
0.415846456511
0.156060372636
2.56542734522
2.19340704844
-0.0419700134941
-0.242509426922
0.0632312486875
-0.942219903172
0.322359378154
-0.635077114581
0.48053620853
-0.519596244516
-0.823198868692
1.78869842967
-0.0990237517568
-0.144496137581
0.28940043799
0.330566753403
-1.44708571084
0.396387387627
1.05944783824
-0.603235500084
-0.315589312636
0.432306019249
0.31675030045
1.00605339982
0.0692139167612
1.83221477367
-1.07545900435
1.23204631376
0.798830088261
0.180123917251
-0.807342954177
-0.105583788005
0.112863003284
-0.415968102532
1.3934951903
-0.0707740319988
-0.297959007758
0.605685410333
-0.989050370265
-1.74307319969
2.27415484605
-0.438361788902
-0.883306572275
1.33376138864
0.513977456086
0.460702419893
-0.296695211461
0.242794940353
-0.53399168184
0.134494371844
0.0402988876358
-0.613941014502
-0.655058532907
-1.0994570833
1.72412144578
0.0586062114053
1.31486687286
0.209805487729
0.525877145741
-0.889246326117
0.127384971734
0.196230505245
0.822223636878
0.245409170497
-0.637191947453
0.428219204797
-0.272899781554
-0.721747988978
2.16537178608
0.638914705601
0.18187114163
-0.424522329595
0.215522711054
-0.877151941408
0.358270441756
-0.17261484183
-0.421296824699
0.0372216217948
1.68475927614
-0.704302276797
1.05010847018
Score: 1