3
44
10
3
-0.840260355925
-0.526232032825
-1.39138176024
-0.756396165183
-0.233170353618
-0.59274854632
0.804573816059
-0.273767456682
-1.03447037839
-0.192905243237
0.925725270022
0.43845691448
0.369943846226
-0.133929987551
0.199783530104
-1.0866118367
-0.520348188762
0.449959784723
-0.633290688731
0.239251971444
-1.51106987872
-0.0343876685679
-0.12051883204
0.542537643472
-0.271855874668
-1.9319787825
0.576583531693
-0.928274520221
1.46028792638
0.597249850274
1.18658754725
-2.57048145615
-0.506153644807
-0.828620679953
-0.187258925609
-1.24282305463
2.06248596915
-0.574867509126
-0.175965191983
1.65716329123
1.24474732998
-1.37732547588
-0.763189484541
0.701118160557
-0.103925708339
1.11274492554
-0.893408539098
-1.84003455327
0.215374262084
0.885907866618
1.27146340161
0.526825139406
-0.370418527263
1.44407562346
1.62893342276
-0.918441316349
-2.86294179583
-2.42190380992
-0.434534415447
-0.215902259496
-0.10627145927
-0.515129189431
-0.781962801119
-1.16106027008
-1.08773027932
-0.270627495232
-1.66923729863
-0.0304953428351
0.191368929908
-0.63032863474
-1.5579310146
1.18663184282
1.45610237086
-0.579484307211
-0.245463978059
0.340125515386
-0.685075018047
-0.585519246414
-0.0967327061062
-0.448317722946
1.87517921189
-0.223403984311
-0.50892527065
0.313828146685
-1.11280528638
-0.731354119643
-0.681548870271
0.0355021396707
-0.0960266670263
-0.827893221987
0.788781387947
-0.31646698545
0.777059264455
0.645447748019
0.77050297001
-0.52010982669
0.980406574387
0.233060918906
-2.37212143046
-1.07571571583
0.934911715562
-0.261094923529
-1.8928073497
-1.50219818879
1.42739484377
-0.010997382805
1.76005698306
0.337473676214
1.5299222498
-1.28462758824
0.147242953626
0.311143495628
1.3391288918
-0.355190692398
0.313547366132
-0.509467957522
1.09752708653
-0.438395305096
1.67855569075
-0.8452850104
-0.697342840109
-0.327654392681
-0.183890559848
0.485511610642
1.18442374711
-0.682084333541
2.0553515244
0.329105528846
-1.22200927011
0.649094774681
-0.132287152785
-0.513150552693
0.403972762981
-0.384522976011
-0.118457555064
-0.512364201971
-1.05614908977
0.685551995841
0.764548114153
1.4608040279
-0.753390947863
0.738069060795
-1.5435801739
0.642949556553
-0.460138132994
-1.15979690795
0.427389988857
0.748370383042
-0.237849466406
0.236215337019
-1.31883275088
0.682171927163
-1.89952148862
0.763002318705
-0.507431057789
1.80047631648
-1.20135788932
-0.611675572999
0.343658803646
1.91582101111
1.08253459868
0.291270453638
0.16907264985
0.303614245541
-0.622429874794
-1.20820047761
-2.32837887823
0.16541953684
0.736055940161
1.25190901951
0.746530751377
0.907952744678
-0.138313183119
-0.192470924791
2.5453344779
-0.32650860342
0.0917088187766
0.686972788303
2.24038974543
1.42898284398
-0.0579050097574
1.98490155992
-0.258641348145
0.0934011338023
-2.08894447989
1.43079101007
-0.431304039183
2.01326184127
-0.267333739651
0.394056101459
-1.30872157806
1.02333721612
-1.86507116403
-0.789884557318
1.51867628718
0.0107638519757
0.238651190018
-0.271336784486
-0.968789672834
-0.28627472318
-1.23772897771
-1.07562766028
0.896364863774
-1.72821688421
-0.933336669089
0.914736211282
0.452830652639
0.532780252942
-0.95846172003
0.293705545132
-1.2060199287
-2.31296406736
0.399137611777
0.654879832765
-0.355723979359
-0.526259850979
-1.17357908048
-2.3727300251
0.64604047219
0.578820402997
-1.12818200305
-2.6823847471
-0.0498944309844
1.51945809599
-0.417094739875
-1.39481514673
-0.29758214773
-0.831259975062
0.210892151156
-1.0212285891
-0.635653736952
-0.357141983536
-0.969655663665
0.344243732051
0.0516541737675
-1.64531379294
1.15087211276
0.314024452336
-0.837574710699
-0.368546248791
0.481010289116
-0.473116999602
-2.87631394029
0.800995272334
-0.14194953089
0.247990840206
0.48313026186
0.207814203003
0.850845533433
-0.188755158319
-1.59924537454
-0.873449996356
0.939579315065
-0.880993536326
-0.0992972742691
1.12213330343
0.980032354598
-0.0754346356052
-0.0116122440138
0.326182044968
-0.644985009182
0.00951559434882
1.31188960529
-0.197672030727
1.26782407586
-0.945771936863
-2.1474228779
-1.95234511076
-1.27622344279
-0.242985938151
-0.347961012168
-0.057786307784
-0.0949021864865
-0.329088205391
0.141157334109
-0.218585991625
1.05655981453
0.220155408918
-1.50068173936
1.48312833058
-0.203545214141
-0.359804059217
-2.04657104767
-1.02790342545
0.446201902723
-0.514090785208
0.767166352052
-0.285089003231
0.575638417884
-0.874136638762
1.41738737549
0.667373797889
-1.27848281802
-0.719348373115
-0.927600112111
0.711456073925
-0.97658788135
-0.282747383657
0.347212936353
0.60064976322
-0.2685912887
-0.319266231434
0.0449120160579
-1.52575842926
0.0823452512021
-0.146036778932
0.0266705881939
0.392105648502
-1.26521341261
1.49378102097
-0.998062203899
2.41691521998
-0.558417503397
-1.79091015518
0.376148494099
-0.340646465037
0.0238954805695
0.670911295389
-0.375104676724
0.831324262832
-0.482203206093
0.416865218266
-0.278575073612
0.528061717296
-0.131465401743
-0.405854243942
0.629639972063
1.78172765548
2.42271636179
1.10643770239
-0.651249399631
0.211118832058
0.206469681229
0.0996172435289
-1.21050501117
-0.820221839143
0.289506529889
0.179812272018
0.965363447778
-0.335335184808
0.247334459175
-0.314701934532
-0.574889070135
1.79448117589
-1.14924412854
0.329135957837
-0.337227656906
0.919068070042
-1.21047310358
1.50980569145
0.0156230817145
-1.16872362973
-1.41217890929
1.03807687736
-2.06344749845
0.137142183348
-0.691992376656
-0.264379468232
-0.656811837996
-1.50071493864
0.587257892496
-0.332147500596
-0.187958012455
2.12595114398
-1.52185485953
-0.226297910532
-0.687105883694
0.948859431568
0.807713986301
-2.19691758972
1.12059543928
0.203831432604
-0.0955891961877
-0.487390309924
0.550736677785
-1.80427110171
-0.640259312751
-0.782606016108
-0.338079071617
-0.263844400636
-0.529024619777
-1.91498684098
-0.673250917253
1.1171039097
0.384488893926
-0.570511383003
-1.16939103451
0.321637209785
-0.35984464789
0.427068596631
0.606415411064
-1.80178955209
0.105282178999
-0.269530481074
0.645376385664
1.19541124906
0.799069156254
1.7647442083
-0.698631641914
0.936511488759
0.339303693472
1.77964174731
1.11057036442
-0.574861602308
-1.04330991849
-0.26282776009
-1.3056455392
0.733492606517
-0.387114268951
-0.111393650554
-0.204483067191
0.418704405196
-1.76373191123
1.03616158554
0.16098338771
1.10407572155
-0.0678691993123
1.12493831308
-0.682686874993
2.20327654893
-0.251331881371
-1.05835968611
1.33815368975
0.302639683921
-0.993331927582
1.16881779824
0.822668476388
-0.00724409343968
-1.07442167333
1.51659877353
-0.25497012931
-1.64841564856
-0.212030106036
-0.234368777078
-0.897418253571
0.204883780775
0.101998105085
0.113266458035
-1.12507251948
-0.2516710612
1.20776767746
0.24688479975
-0.122827180298
0.144461821507
-1.28208928884
0.26188702773
-0.573375235762
-0.508456810694
1.03978927319
-0.243324415893
-2.20297408651
-1.4172960713
2.00599825019
-0.807536816474
1.01557145534
-2.65687907662
0.18849315565
-0.73883362595
0.175489974789
1.47396029265
-0.0972787661456
0.44767457518
-0.676852892221
0.993566674406
1.78461169417
-1.53902913061
2.19566163434
-0.428567569805
0.27882205436
0.449318905207
-0.876027337836
0.488632344516
-1.35520973555
-0.958210881056
-0.0897486487643
-1.08250128562
-0.873907083921
1.0129910621
0.973087261593
-0.1605687553
1.04348411024
-0.201460438284
-0.77846703164
Score: 13