3
44
10
3
-1.48817553963
0.225588940249
-0.535735921409
0.802099278205
-0.490848745079
1.55734505277
-1.09348105599
1.26000680647
-0.936598134267
-1.73425266379
-2.65246362569
-0.777991693822
0.27348777444
-0.215026937839
-0.993069560897
-0.414694382272
-0.454748413197
0.0254488458329
1.44289911218
-1.09010280873
-0.396424000571
0.669594650785
1.23298923107
1.32971819766
1.41295907027
-1.02790745082
-1.9032939515
1.1991492957
0.383102628561
-2.12551991895
0.0406227824561
-0.536119853624
-0.359116261334
1.57250771017
0.222394748965
1.17340125177
-0.84931330194
1.65525788416
1.80528375563
0.484951982153
1.39476766564
1.59309452409
2.04221732431
-0.44548197264
0.833179249857
1.41011959642
0.359744573784
0.892578340542
0.602060386255
1.20237497562
-1.05001026602
0.109054172661
0.813993571607
-0.272629657436
0.73339421164
0.100837925366
0.402073753361
0.855457897347
1.17538595024
0.783392806889
-1.02179021758
0.482459606573
1.52062529535
1.74255606224
-0.91953979535
0.415858941497
-0.159783589467
0.0139794535194
0.728188884586
0.534130166334
1.61235531003
-0.639461416756
-1.42950549007
0.488083238085
-1.36845429671
0.816736746169
0.301692613683
0.0500552216234
0.557086809837
0.967295736461
-0.619603654009
2.48872087473
0.0660076252591
-0.89844607085
-0.60261301916
-2.40846783553
0.0482447675056
0.989776172977
0.63727462214
1.82303443565
-0.71464487276
-0.0593960011617
0.0651157047682
1.15186583353
0.361722189104
-0.288890962811
0.300115567361
-1.45624221064
-1.405724697
-1.82972928585
-2.6220484109
1.68301998993
0.832998489265
0.466942720887
-1.89225063097
-0.669270280676
0.288316655929
-1.1593444073
-1.28006230515
-0.829729336819
0.231338189768
-0.819729781497
-0.0634461027364
0.111328339358
1.18476552276
0.742731577318
-1.57176216888
-2.26822499045
-0.740217055563
-0.22476588047
-0.593682734598
0.994325476893
-0.195320990406
-1.65192543872
1.32960040992
0.382325856154
0.754226583772
-0.723684346325
-1.63938661454
0.0304780354183
-1.38959989192
0.0375898518777
-0.419196349371
-0.337166925427
-1.07612381631
-1.33234007158
0.576949373169
-0.206812048871
-0.620599004767
-0.597714268022
1.35684764525
-1.33587066372
0.679607608891
-0.85573125127
0.136208924079
-0.16503925427
-0.203562574099
-1.13431251108
-0.876078899698
1.33798461255
-0.0245866673878
0.11805011278
1.00970024551
1.38162661018
0.699006404433
-1.48210822973
-0.324683180765
-0.532934977653
-1.62621427251
-0.651154935543
1.08071362034
0.504521102311
0.284774074612
0.294848367746
0.745246635745
-0.915764589423
0.989854693134
-1.12012794433
-0.665108145101
1.21692629523
0.597449929892
1.08713657091
2.2992242294
-0.808721623602
1.80466520681
0.295879107223
0.20297458292
0.45486867957
1.50052271362
-0.000940986686455
-1.55691206618
-0.0370579761171
-0.24896382443
-1.07415289567
1.76828350008
0.480753105543
0.946779581515
-0.868887827304
0.343369835924
0.250497288646
-1.22775519689
-0.514832897575
-0.17272781198
0.163859532233
-0.262027690552
1.1548759012
-0.194805841976
0.902835821903
0.433963350211
-0.407987950569
0.800304171595
-1.59293018424
-0.466361849776
-1.05146341752
-0.703731566758
0.835450489038
-0.645651646687
1.42286716707
0.77095201454
0.528767655913
0.699374430226
2.19107266444
-2.08291478396
1.23703224337
0.380623727065
-0.196162032821
0.42257917046
-2.31079039762
2.05324471529
-2.49601534935
-2.22463900711
0.455949856303
0.00516167823439
-2.08032398809
-1.00737096091
0.221696055568
-1.60447490562
-1.60900205628
0.931725437766
0.114172771197
0.99329255011
-1.36956769952
1.00928284676
0.80481628783
0.304296542433
1.06850069619
-0.677345183814
-1.79708375776
-0.923715832854
-0.439773120063
-0.0700888727655
-0.00602575353618
-0.21035981645
0.0418393153552
0.312229730882
0.994621904227
0.939901750536
-1.11213157948
0.668729969062
0.26806142919
-0.345090110049
-1.11436279245
1.08566180743
0.242348627219
-0.64019464839
-0.0831682365571
0.763898008952
-0.2110675708
0.787636039025
0.0818464749684
-0.218322127859
0.596647662669
-0.16378287887
0.401003568902
0.425036927387
-1.68524067852
0.082093900018
0.329043002586
0.853504343215
-0.367360710239
0.0151125985987
0.676090849548
0.683182814397
1.74776785336
-0.571515305034
-0.635443331122
-0.377256091992
-0.263314662526
-0.31976136118
-0.192041590097
0.23988048904
0.229208695177
1.10062836307
-0.62758753529
-2.27050578529
0.020517633549
-1.09823013372
-0.405634108509
-0.96593990385
0.538808180402
0.913663903391
-0.244245182297
0.0397803180788
0.0906789368923
1.26251171376
0.263058427586
0.353729248727
0.350369271017
-0.793366246951
-0.630172867742
0.0409638645925
1.19613799608
-0.297978985744
-0.225065861344
-1.29543526244
0.386375878681
-0.0582806343105
0.955322374342
0.396679927726
-0.824128717588
-0.59193524931
1.53264278527
-1.83062425569
0.29787608316
-2.30673794771
-0.861131944129
0.914677813328
-0.358017676834
-1.26818634138
0.650482213211
-0.219252603765
1.88769749263
-0.678636311196
-0.373280233773
-1.07320217102
-0.949235386572
1.7441683353
-0.844506495131
1.0920466854
0.544465795554
-0.568460981199
-0.244334516775
-0.964269587824
0.00752719692844
0.988225907252
-0.433295864252
-0.266927635701
0.909027765125
1.85595542986
-1.52632882778
0.812259776459
0.597853421576
-0.632206040726
-1.1829393878
-1.28839508199
-0.998047995619
-1.13970900301
0.837819524817
0.193208769256
-0.651547016541
0.434968448568
1.35291665068
-1.14711231019
0.346528234065
0.999841444288
0.356580480938
0.21902177825
0.804652846096
0.167052742688
-0.992705340821
-1.21556622459
-0.455362882754
-2.21880469657
-1.13999868973
-0.0997680327983
0.0603173112786
-0.265354619566
1.90533004964
0.723566444962
0.895081308794
1.06405826046
-2.79389149324
1.28628876939
-2.60735336771
-1.21558486558
-0.666458295597
-0.982892329279
0.446990042358
1.08934489703
-0.715188543341
-0.841901828568
1.0518093258
1.04337088482
-0.190246788737
-1.33299262185
2.30663651472
1.14950484519
1.4800740055
0.122521761909
1.21019095177
-0.427219535957
-1.10931546218
-0.267690976434
-0.850989577338
-0.393359214596
1.66080567682
1.94424516944
-0.624270241634
-0.991045427874
0.886751190157
0.268871782398
-1.45129343528
1.22414086472
-0.710357600093
-1.47598515002
1.20012369086
-0.751047847167
-1.32290299451
-3.3860696813
-0.757253902484
-0.432572693626
-2.76631566213
-0.742588996879
-0.263083608356
-0.673994811363
-0.229692291188
-0.15034875562
-0.0800098178703
0.186711853895
-0.0819959805764
-0.765345360495
0.403508984872
0.582005426272
0.239641280711
-0.315373709441
1.23649278842
0.146595436796
0.401869778166
0.766219791315
0.996295871841
-0.956759441822
0.12784786317
-0.436382017078
0.290551567646
0.848288710268
-0.113863266231
0.935801443566
0.87789249797
-0.711355983181
-0.132232998482
-0.366016065758
0.17444174361
0.369014065295
-0.0162902293129
0.761221486481
-1.3367439812
0.927326196741
1.60106514418
1.89783377187
-0.120924595328
0.973785468205
-0.181775810404
-1.20665441429
-0.317326801883
-0.352866324984
0.028467019344
1.12950297317
-0.744665559248
-1.26238671882
-0.759334883988
0.136720094596
-2.08217219619
0.189736367774
1.37157395291
0.740903594885
-1.68235542075
-0.670700037872
-0.418527962858
0.414052915602
0.985846731345
-0.590687960109
0.266724937526
1.03076343263
-1.42337857349
1.56203437675
0.466961861157
0.48719365372
-0.310141091365
0.953279606729
2.26783554139
0.030990512187
0.212618655996
1.2558402051
Score: 1