3
44
10
3
0.45542366496
1.32726555526
0.0212227344399
0.325393056353
0.585920572608
-0.695352204987
0.934706022318
-0.790403910632
0.462873217606
1.45387975768
-0.104866787928
-0.343423027978
0.962878563632
0.214776392029
-1.29261559621
0.515572225004
0.643175756764
1.11646506662
-1.46250172642
0.146688050716
1.73094958302
-0.943440640923
-0.270738740216
-0.482344896589
-0.425488700567
0.84263643536
0.788952740954
-0.163594932546
1.25983339326
-0.961369474444
0.315363999874
0.012325109724
-0.757746498758
-1.18518431885
0.272694620225
0.643985614765
0.681847628141
0.773502006103
2.37577218934
0.191344582177
0.382268254563
-0.720060234234
0.419651383667
-0.0199044766816
0.103121234891
0.926007835813
-0.523087509526
0.430901633529
0.920031182726
1.58661318178
1.07104004627
1.27834911034
-0.695119524715
1.06779444484
0.0185309850991
-0.0808976359681
-2.1855589227
-0.656072900088
0.457091338324
-0.408920570938
1.05073381149
-0.0119355445468
-1.5253804612
-0.975504046132
1.46548017974
-0.147740315455
0.59232959387
-0.718749124491
-0.0831598954385
-0.754474321839
0.913040406664
-0.518982554794
0.180689288006
-0.226999552561
0.215487752726
0.640255630498
0.478169728037
-0.223718099897
1.02414522109
-0.163295098264
-0.570774394756
-1.047530655
0.0145260360199
-0.874892633055
0.825718759768
-1.33935757877
-1.75369845375
-1.33513947745
-1.01984969658
-0.0669216468175
-0.561094742648
1.77200341037
0.457770251587
0.00993923686357
-0.0840339067204
0.915014698192
-1.22839879226
0.486720706407
-0.622750810265
-0.244019132496
0.975993341466
0.419754633894
-0.792375893444
0.972537988163
0.489277287233
-1.29180454469
0.450989159895
1.21318632647
-2.9020556102
-1.524158014
1.20069813051
-1.29892347178
0.439092431369
0.0799952124055
0.885234466839
2.58326284982
0.431158005003
-1.09795398691
-0.37225857287
-0.759938477013
-1.03335334772
-0.949816390932
1.31694328853
0.82931615122
1.41025526751
-0.072965973634
-0.49180443144
0.285943140104
-1.2600113044
0.665777659769
-0.0134726862709
-0.160520571872
1.00203706743
0.580929883742
0.113752020243
0.468655856573
1.62641851042
-1.30200662958
-0.532733692999
-1.67050499691
1.77956382878
-1.38341693142
-1.5221747243
0.342886456871
1.00323919329
0.752065149401
-1.42070268171
0.249611884079
0.669135613781
0.435846391284
-0.888259261392
0.407233493237
-0.284969725006
0.318694336218
0.78192765866
1.62438960929
0.302900938334
-0.564835164897
1.27040723877
0.596807349394
0.42946011015
0.882759702633
-0.758433888804
-0.324885517374
0.948165960073
-0.910064910319
-1.15097535395
2.16399692287
0.403284931544
0.792429762656
-0.590139506552
-1.11421850181
-0.61374866082
-0.0223934468032
1.46522154951
-0.368672913985
-1.48456827063
-0.246098299332
0.189476405084
1.28227066147
0.729128645447
0.451322136579
-1.99980830718
0.770332139161
0.431309245393
-0.758259985443
0.889408772648
1.28103221715
0.979293473724
1.78071794748
-1.33642675665
-1.66510393314
1.4329484477
1.10917820307
0.850394680642
0.311818449684
-0.559830777988
0.859564652704
0.733725586734
1.35011691854
0.957515012409
0.985291757816
-0.0490530268967
-0.423210378651
-0.152168399733
-0.958373424622
-0.543941480262
-0.295675115652
-0.0848964066536
-0.267661321107
0.288821749544
-0.70579978547
-0.793543731604
-0.713071951989
0.367204560327
0.943569339179
1.45281275844
0.846460327819
-0.0803458872508
0.597659090701
-1.18037153049
-1.77349163326
0.0674716767846
0.922754950091
0.341412183187
-0.234150301113
0.544062784818
-0.171430998198
-0.656311412059
0.635644168274
-0.624027674107
0.232026997858
1.82377225551
-0.668586290244
-1.53036707299
0.207625033265
-1.04276742726
-0.472137644764
-0.457899175287
0.856264097133
-2.2107041563
0.801675117979
-0.993167361874
1.29362548203
-1.25361522552
1.24910789976
0.0501847625024
-0.483051574261
-1.44592954047
0.980753708893
2.92636762422
0.673549772441
-0.765401806573
-0.998230458441
-0.787505550796
-0.455866282391
0.824630666798
0.705426290465
-0.71780488189
2.35211198984
-0.317771366176
0.541159616797
0.0797763242954
1.31028634663
0.984332766947
0.758086750511
0.365502765477
-0.715903287467
0.204597886631
-0.203133755947
0.256954873996
-0.126396210129
0.125954211982
1.78836950194
0.349696506445
-1.6702198741
-0.0831884722834
1.22875116583
-0.766159564153
0.158973772031
0.0752855874643
0.861472638665
-2.20089074884
-0.675201583253
1.47050625038
-0.744217176317
1.48472563389
0.422493478777
0.597402288953
-0.554487873797
0.99334837236
-1.30227243982
-0.873243851264
-1.41990457668
-0.674504128192
0.719945001946
2.61008725968
0.690362175133
-0.709384025978
-0.598353724403
-0.703198817744
0.924078709611
0.141798804028
-0.405363501727
0.579473894908
-0.0338653222908
-0.191389160619
-0.540972812038
1.88429251389
0.755112715823
1.99160072638
0.563832703682
-0.0767770135133
1.58661146645
0.425382408988
-1.19157349139
-0.271611310086
-0.5573804006
0.422896097988
-0.764273537535
-1.43138454261
0.152192955424
0.183890396896
0.0884728782399
-0.20491064764
0.650068513684
-0.415997559527
0.00330656226125
0.122445230644
0.735900507862
0.512310294625
0.525099318948
-0.88556638745
0.398377673582
0.644565019809
0.464679719436
-0.287925244573
-0.109645446449
1.58533372158
-0.712300275759
-1.71212870549
-1.20790407457
0.498451034726
0.00928174796783
0.626089891171
-1.06073069141
-0.696741353206
-0.169233756365
-0.530485980701
0.939173966881
1.01808599355
0.539713129666
-0.746906421755
-1.43064512059
-0.858818967911
-0.80637934377
0.461210404239
-1.64713986997
0.920532451087
0.151718069255
0.0873134729596
0.709758937941
-0.284885783063
-0.236686385617
2.0103218888
-0.290641706464
-0.0741293863266
0.473514537371
-0.385366601219
-0.621919139845
0.663739058748
-1.81019396859
0.773647368281
-1.63716447757
-0.900902549093
-2.29678150917
0.721626254144
-0.300582725136
-0.915260818622
-0.679604438359
0.750716304858
0.174587703984
0.827804067969
-0.262890210927
-0.18771684781
-0.889364533413
-0.869267437602
-1.12253015701
1.43822301903
-0.270169618375
0.736097122456
-0.490531429186
0.723579626535
0.905732635474
-0.399519280924
-0.244394608853
-0.720908430211
-0.555553921928
-1.05836106862
0.383188408143
0.12931394637
2.85898378819
-1.05496008179
-1.09740298237
-0.382901983892
0.819483734801
-1.15512233415
-1.91756512071
-0.450882468034
-0.729409188579
0.647280643648
1.46260551324
-1.33679088581
-0.913742426282
1.51360491046
-0.209717091418
0.346744607512
-0.900612273875
0.0482410390668
-0.364762094972
0.473127135537
1.58092766218
-0.255225688215
1.03606243348
0.422548613013
1.16990797322
-0.254023121155
-0.496855541849
-1.47341878018
0.45562908414
0.841197631245
0.108721528577
-0.643976015232
1.15706191892
-0.0102184108951
-0.420954647986
1.41176624062
1.11993057925
-1.3813101696
-0.795273822115
0.310650883309
-2.62437266613
-0.854248035448
-0.063207350387
-0.562601487376
-0.0165176668143
-1.11438372358
-1.20084818819
0.231559036556
0.508644606457
-0.252094674141
-1.00196800102
0.706657760241
-0.176952158202
0.68416088499
-0.191838040201
0.178753831393
0.49756017973
-0.318378979663
-1.82189019605
1.21002252155
-0.708721088711
0.152193040778
-0.642513615631
1.22005617053
-0.34990636821
-0.140831601886
-0.103168511825
0.213473092161
-0.384351559907
-0.0253902521618
0.912276583216
-1.4304489315
0.15906122675
0.991192852307
-0.67158190384
1.26873617412
0.732839304191
0.0692494024916
-0.0530946428492
0.129196302951
-2.97932590928
-0.271403350182
Score: 10