3
44
10
3
-2.16000387236
0.456844895818
1.42611074846
-0.281816316817
1.20157908319
0.0394965453679
-0.991137805007
-1.14341106343
-0.346115524706
0.190522962353
0.173371149711
1.55256114413
0.882961650951
0.693261269351
-0.166938734808
1.30127856465
-0.916062065702
1.09044352065
-0.131614021704
-1.27490901268
-0.507921898752
0.18015991928
0.154807684362
-1.11063845145
-1.75104583453
1.60623373244
0.386947705368
-0.513927149284
-2.92860471977
-0.334122135246
0.259152597024
-2.18996933036
-1.23026842516
-1.80025848823
0.38198751447
0.434108455406
3.07840080437
0.420422823308
-0.768358609717
0.087834727512
0.0864516381307
-0.0100443530271
-0.641985014921
-0.120263379689
-0.587260041874
1.15955412349
-0.341374081101
0.127783446984
-0.37531679168
1.72017847954
0.315192898364
1.49805021349
0.329256835149
0.837048725402
-1.4615514852
-0.237117226215
-0.318568637313
-1.12093859313
-1.07163758282
-0.419451294209
-1.46093585524
-1.86664384277
0.540772590167
1.11676173886
0.673637927408
-0.436157900622
-0.547538206706
0.696848352967
1.20999227066
0.437597122903
0.259508820879
0.175279482917
2.00210963446
1.27539783604
-1.05649557042
0.00799811870991
-0.189805866761
1.30678618723
0.444742790569
-1.73593476854
-0.766562712829
0.953947327452
-0.404063262219
0.852435894342
-1.76306761786
-0.560638678162
-0.443814422063
-0.132973072009
1.32276719141
1.25975771903
-0.0226107348863
-0.0783218287655
-0.825732212672
-0.534541558715
2.75668264395
0.97733832476
0.934026587821
-2.13139766265
1.69375142425
0.799121812967
0.908751615609
-0.191362362271
-0.0524540730389
0.182632657402
0.0809487630219
-0.380565808791
-0.337428029833
0.0599935716865
-0.870085945152
-0.697740897461
-0.0115513286127
0.654929987266
-0.115411549705
-0.00811071487612
-0.588862837386
-0.81808981278
-0.265275965406
0.712286972928
1.56289345952
2.8074352644
0.812371988687
1.15771077479
0.474249427968
0.286186140172
-0.0750672244286
-0.78822787311
0.685001020981
0.636498786907
-1.94611324686
0.385484545911
-0.199761638093
2.13926329255
-0.653337121252
-0.685185093584
1.2494199381
1.10613439744
0.317929213936
-0.350687892568
-1.12903248417
-0.637635214042
0.285607007909
1.42328523251
1.41472844071
-0.929469327921
-1.46230416434
-1.1677594811
2.09833286394
0.520007576327
-0.22559159752
0.873164007261
0.242778214936
-0.409774989983
-0.102334077056
1.22533766422
0.146201235906
1.17805726979
-1.80077593064
-0.487938589987
0.0014640525214
0.365397949096
-2.11652196915
1.25542060472
-0.210209479444
0.536750341821
0.609833012288
-2.15145991585
-0.0344736273061
0.680125663238
0.763465728955
0.437103806727
1.34190648826
-0.400424313326
1.11823051653
-0.837925837139
2.60051874819
1.01849029419
0.0700124633014
1.53035020283
0.432818602054
-0.825876998177
0.71521236248
-0.547208918766
-1.33217696192
0.81943037936
1.1962944504
0.93932739913
-0.921272753282
0.0966159042605
-0.106524408435
0.556677292104
-1.64968259932
-0.886155254409
-0.11898870116
-0.303010785622
-0.240108119367
1.61967473287
2.00262074805
-0.853742880881
-1.44409399318
0.497018803428
0.396287975301
0.648177718388
-0.472632432722
0.987977780441
0.397067280707
0.00506846322175
-0.700297074069
-0.805819541431
0.473659116571
1.09797178751
-0.123064603024
-0.452386449604
0.777899174207
-1.57690795955
0.57074580516
0.243987448948
-1.07416165438
-1.32534392939
-0.831517349371
0.841171465995
0.607843086266
0.288583610505
-1.5699232867
-0.39159675517
0.323803640153
-0.354079930645
-0.304483274026
-1.29333722028
0.767707175343
-0.980786350732
0.193342526232
-0.299627514467
-0.211312179128
0.531055316619
-0.479457367231
-1.03675414072
-0.157564368813
0.496358469293
-1.40198587007
-1.56131469002
-0.869498577861
-0.859044158068
-1.23692168285
0.861566293759
-1.39320096079
-0.263338590705
-0.431555442432
1.1460080685
0.941002840555
0.732799624945
0.465341110875
1.04251777478
1.33421094548
-0.292907023555
0.0513453868095
-0.65592717772
-0.0163604133548
1.08785582619
1.26633051494
-1.36522355877
-1.67438630956
0.538221498805
-0.317144014027
-0.274732458547
1.613094883
-1.00789822927
1.75634604757
0.114496457754
-0.951225925767
1.23609889528
-1.11314681638
-0.134513653887
0.188926997743
1.09144863335
2.6068190572
1.45982502423
1.86601823819
0.121445222258
-0.233381561786
0.269550365345
1.38221954004
-0.0404923622221
0.654256046563
0.0391392818471
-0.22826721764
-1.15524032558
0.865685082074
0.769550753384
0.100451395915
1.03560757331
0.898038359648
-0.38029847434
1.85470893446
2.37521758636
-2.14581154863
1.01590301843
0.223278248521
-0.224060929715
-0.777385386338
-1.68192938467
0.0653085974407
2.34754435391
0.975233268456
-0.354274775675
0.537133081186
-0.403211017277
1.54614567563
-0.435201211933
1.50280083198
-0.301288955617
-0.0532443219793
1.18793497674
-0.294881974354
0.693610989843
-0.0469265793328
-1.29976332311
-0.0241803739899
-0.041792016709
0.889028837123
-0.961831214696
0.614511003182
-0.576297352113
-1.72590390177
0.555115197226
0.622187660675
2.41221258469
0.192159158667
1.09579478709
-0.30106800219
-0.439890907884
0.294401319438
-0.529864695991
0.87833206992
-0.40477222991
-0.0380698182555
-0.861267924302
1.04664615059
0.590725846161
0.00497942524921
-1.45101539928
-0.151059125735
0.284493477252
-0.328939416713
0.888368159567
-0.344474150442
0.537282539558
-0.375773115089
-0.256493647118
1.39652966445
-0.33079475674
0.413286348584
-0.27513674607
0.382758879979
-1.29197394
1.03102224471
0.339466697281
-0.057350537923
0.529501495681
0.226911505567
0.567986422378
-0.198280155967
-0.122439568784
2.21507997971
-0.290730205944
-1.34074987582
1.11035837822
0.390044819616
-0.584805155901
0.64667950732
0.410534987031
-0.291313268882
0.649664513156
-0.462525609407
-2.10987570113
-0.495947020153
0.176564142415
-0.87157664929
0.119790748018
0.206447413173
-1.22876505676
0.35384310969
-0.55876687341
0.39522568651
-0.812056996597
0.503566135579
0.743881439192
-0.592184603256
-0.959704602856
0.643632997364
0.837812224547
-0.72599578559
-1.6459022744
-0.0234426899484
-1.24415172493
-0.961519206947
2.25492787317
0.307584975173
-0.224494823872
-1.13559577369
-1.17922983001
-0.242782839737
-0.0597327610396
-0.991505841424
-0.244501814811
0.794070842825
0.338490479901
0.778552353009
-1.71590395337
1.66516676884
0.116355564683
-1.28325664735
-0.275593318068
-0.0385590079865
0.384925555789
-0.0987711727588
-1.87464080663
-0.321257210863
0.125907576842
-0.811859078251
1.07946554771
0.565024190938
-0.288013667013
0.486595439933
0.670857269749
-1.04646600978
1.38495886394
-0.0386550922705
-0.962445419727
0.967509106643
0.830562533776
0.842502655788
-0.184901678434
-2.02598268044
-0.505918655547
-1.26592088609
-1.03896565292
-1.50033128238
-1.0297369546
0.818441714697
-2.60864134917
0.137334989576
-0.764483752315
0.602244888014
1.21775320831
1.92856591598
-1.37856313355
0.302348528028
-0.0869950602022
-0.410439054486
2.44623631669
1.6164937136
-0.219040465717
-0.307906673446
0.916450905412
0.123117684926
3.01798856637
0.695941180658
-0.707399407677
-0.208216209776
0.67841184617
1.04499879685
1.12616574473
-1.53024342394
-1.35628676096
-1.85464150694
1.09228801708
-0.374780053538
1.83524667588
0.0154856441294
-0.695571630848
-0.631699326165
-1.06044846556
0.834036946758
-0.78709690723
-0.419563470986
0.124380997637
1.36067762294
-0.0651405627904
0.0530900724785
-0.425713734864
1.89405582047
2.10623717498
-0.0785037178292
Score: 10