3
44
10
3
-0.17791035201
2.39261634756
0.324434897322
-0.752963626227
-0.107650077556
-0.205214681408
1.40359651639
-0.607339975557
0.538407100123
0.784588329837
0.128431112979
0.809215402808
0.605615165678
-0.472081706911
-0.0413989811077
-0.513982937539
0.356408892698
-1.11169800196
0.628405012482
1.45464007394
1.59809180108
-0.195468549516
0.225638320923
1.34871675746
2.15958460737
0.255647419349
-1.58553337346
-0.669501902394
-2.79369687098
0.859211163004
-0.667156608118
0.658962720614
-0.200977896329
-1.30873646597
0.010583076269
-0.0740323713508
-0.813726951962
0.308101244324
-0.268199934321
-0.904129575504
0.202404438324
0.366914414121
-1.40439087157
0.696873910001
0.490473136283
0.546566786396
1.36454793236
-0.8898070786
0.178254279424
-0.252776201301
0.607708776823
-0.575456443143
1.6928464214
-1.31563148859
-0.594556409233
1.30849862121
0.234448902616
-2.29061909905
-0.642717638322
-0.0683302411233
0.299381004596
0.0790330371995
0.695308880296
0.0936860064344
1.39070716135
-0.485007269211
-0.0630096167341
1.22975321117
-0.972725988422
0.430476409436
-0.336994788856
0.117968475202
1.29023358578
-1.17694213684
-0.56517874418
0.355737864346
-0.228201690863
0.908668705761
0.664274145933
0.723478276684
1.29918548579
-1.30863860795
-0.329968839994
0.276615047362
0.270940104057
-0.43586577403
0.484043413598
1.31814913447
-1.58881542194
-1.97627106491
-0.710125349857
-1.37717148088
-0.641057266242
0.985673391158
-1.41597754065
2.34413342299
-0.0586912133223
-0.49103463357
-1.42636008392
1.00002146113
-1.10587728418
-1.45559038973
0.207338000868
1.63710795437
-1.24313643943
-1.63390940437
-0.138366035127
0.730556199406
-0.896570991743
-0.044192899586
-1.81430712391
1.48897447088
-0.0307048102165
0.29073235019
0.234358714153
-0.59422059745
1.69203371132
0.969750486821
0.90297026613
0.730598560926
0.0393347344526
0.203029412022
0.473788361393
1.18766011033
1.44161309024
0.192633164662
2.19005100533
0.105097476815
0.271785681015
-0.910797323107
0.47039572972
-0.554024084301
-1.74320169317
0.706550097457
-0.122085439656
-0.277698292481
0.0699354208473
-1.00736504553
-0.882865701714
1.41015453495
-0.561726030117
-0.10775308302
-0.452172449522
0.867658422956
2.05842652494
1.37331222589
-0.231372256382
-1.12858812577
0.384396249066
-1.85803853942
1.15318675626
0.544954078162
0.860248617763
0.823931179299
-0.244693671713
-0.248482105961
0.896558454193
-1.0045415918
2.5178723847
1.44899982766
0.186098145321
0.114840079705
-0.648763950892
-0.93051257771
-0.922489652043
-0.403718689465
2.16887242667
0.147149864001
-1.23876011041
0.173876616665
-2.44464979356
-1.73642933328
0.863469723838
0.516153370448
-1.16354030622
0.694361246196
-1.03799749715
-1.50293699443
0.291419114189
-1.29833091717
-0.581610063479
2.77267565218
0.640335427504
0.611050525845
-0.555476069211
-0.381985908582
-0.430814949212
-1.54037660772
-0.874722937985
0.503447932128
-1.42861515108
0.889134851861
-0.626906202282
1.90853730358
0.367499994664
1.00843996415
-0.0232431301588
0.493711666694
1.35672370892
-0.829696069484
-0.225067684295
1.82014184463
-1.63376709707
1.70963191804
-0.735726814015
0.773802019448
-0.429587232922
0.414844041295
1.93377361166
-0.156807767429
1.59346840169
-0.223561739803
-1.35555562482
-0.195984147299
0.812919975508
0.177131950055
1.66158728776
0.426774302158
-0.827854020435
0.333260489386
-0.0232176687948
0.0063436376447
0.937424802654
-1.20726329342
-1.30806601977
1.71754838508
-0.780830321309
-0.0494673858976
2.25297908001
-1.08042156108
-0.579302560735
-0.10752184796
0.307147316105
-0.268917240047
-0.0684370451114
0.557308084138
-1.11886876536
0.786079593123
-0.0241431001808
-0.386391309929
1.21956382871
-0.348251467456
0.385461666275
-2.33483662383
0.775762619981
0.232960358582
-1.6796358397
-0.77789355874
-1.48748104908
2.02409224687
0.0284929384456
-1.42145495684
-0.51226832226
1.70263690391
-1.76808283686
0.00278572668401
1.02208697253
0.55200671066
-0.312131031385
-0.636814633619
0.447707647787
0.218570338029
0.0146443632759
-0.692164125193
1.61657690854
0.847640196495
0.111050746306
-1.07177239694
1.24112051785
1.27861057886
0.194791418761
-0.0659341594551
0.550266724772
-1.89406080585
0.279188526469
1.46327460074
1.23937863591
-0.0871823683543
-1.71214795544
0.72815511771
0.0290591656948
-0.80590394851
0.601849786958
1.30561375735
0.49813909023
1.09985985403
-0.386454265223
0.755603579483
0.716969395632
-0.449964082285
1.24566973304
0.106062656605
-1.57184434938
1.80902551456
-1.18725641258
1.26249550583
1.52946426323
1.0716886125
-0.187846737813
1.2928909332
1.07641403209
0.353707535007
0.162624815492
0.150657332997
-0.575774970901
0.772454648914
-0.765614660831
-0.0947766479381
0.0703063829275
0.943963656887
0.879251482009
-1.69559120839
-0.693861734065
0.837627029104
0.720730626997
-1.76409249363
0.453286356709
-1.0591089287
-0.258556157412
0.0868266418765
0.983084041284
-0.129398540407
0.685098198267
0.710615111011
-0.446320503254
-0.285400159612
-0.0777519492511
0.162258339244
0.530879282498
-0.876859011914
-0.357223948811
0.811646301193
0.650358933142
-1.17637945804
0.263800111587
0.279450608984
-0.711149254576
1.58827527691
1.70746600917
0.862110805261
-0.540963312719
1.25120619831
0.0483536526085
-0.837765182646
0.454886112119
-0.169651970656
0.0642883472251
1.69355416547
-0.868614485844
-0.535839357676
-1.09767713711
0.0502027275615
0.86298300215
2.85267559653
1.07498746591
1.47591477874
-0.586939771835
0.120110587915
-0.317530000235
-0.155082675258
0.700921736697
0.0587041073974
1.23265542651
0.103779427038
0.952982912377
0.951634252315
-1.19521671942
0.624051234988
-0.0571087320491
1.35552856184
0.47017821922
0.711245954491
0.966552625544
-0.220125838092
0.72062944722
0.334826778954
0.95382565996
-1.19074982428
-0.384050659904
-0.670874664632
-1.33428953056
0.426776717165
1.56782961773
-0.319540939676
-1.0467348619
-1.49282554655
-0.087628865141
0.902785763564
-1.76574104298
0.0923459059626
-0.867783189935
0.786576947238
-0.172471464247
-0.554355315263
-2.09275829352
0.49759176189
0.702749890832
-0.243333467644
-0.955272065129
-1.42246049554
0.508703657495
1.24465853793
-1.6813137914
0.546725458566
0.214941550524
1.46472613297
-0.0080437293739
-0.25326999957
0.398762349377
-1.30105184264
0.0447567116833
0.24300047624
0.596831912394
-0.747811349785
-1.84303068035
0.0989560374869
1.66231588313
-0.361125732497
0.67792304331
-0.646332964853
1.17205440821
0.895736307964
1.45110209306
-1.22077288037
0.232988552967
-0.304481185772
-0.286771148076
1.57728403648
0.797066585904
-1.41793090044
2.20572818018
0.68185042901
0.278061764205
0.714197728292
-0.324565021614
1.9321091947
-1.67271286821
-0.647051210568
-2.73844346809
-1.85185811925
-1.73244581971
-0.722118604525
-2.37714476842
-0.154621546069
0.0262181709371
-1.40124365383
-0.28815728967
-0.249963315273
0.434882051435
-0.335374498578
2.23955112047
-1.49398753033
-0.670340319301
-1.06902085868
0.426477551411
-1.12634151622
0.911497586934
0.391169403872
1.15030486554
0.203525614014
-2.40239353969
0.309546750991
-1.03803597054
1.70232551902
0.0698148800948
0.988062952756
-1.11381718841
0.665696672351
-0.729633230845
0.520368839558
-1.51202123808
0.396234705494
0.565316585414
0.27867482791
1.65934117468
-0.129080422931
0.847005176915
-1.32935916439
-1.02628758213
0.791058702443
0.0277249073389
-2.50235427877
0.115468214748
Score: 10