3
44
10
3
-0.780176739707
-0.726189524253
-1.5473201652
-0.961246814006
0.0397398237224
-0.632389238786
0.861774617
0.0289054091989
-0.890913388762
-0.0587989002621
0.960106156026
0.50012423592
0.229584766738
-0.246335733702
0.236519055214
-0.787355734135
-0.544683151126
0.287394490996
-0.840132593185
0.373787718945
-1.71858619487
0.0887933901894
-0.172556710114
0.696243572213
-0.132240612271
-1.65592154356
0.538020046278
-1.15892212791
1.60662368748
0.824081405749
1.70687642999
-2.54525621656
-0.826616568027
-0.861264971371
-0.277469282713
-1.22356360057
1.95888273602
-0.776562964007
-0.174777704851
1.71228977154
1.41991993702
-1.26053928559
-0.92392485435
0.891168188939
-0.139632080611
1.04859571755
-0.970506106382
-2.08470074515
0.127261741121
1.0562731527
1.23769737571
0.414499924813
-0.0253807674349
1.39018739638
1.76128121444
-1.0842271154
-2.97985563118
-2.44700350302
-0.307976429786
-0.245352977805
-0.0756786470797
-0.547012894261
-0.773001935702
-1.08111539817
-1.14128428629
-0.502485179364
-1.60587387554
0.111239250486
0.0482754314956
-0.613532004765
-1.38286514427
1.25777951567
1.46235581085
-0.646507738585
-0.476642792603
0.255661466565
-0.952707082572
-0.906841648762
0.0279883483595
-0.398930854672
1.85184905823
-0.270350496541
-0.564240369127
0.506546015404
-1.01232207298
-0.664701942879
-0.713898467653
-0.269548406827
-0.37082500307
-0.879634696656
0.75582807372
-0.331701213573
0.839928205464
0.597989695932
0.830894531517
-0.669301745398
0.989722737762
0.069140278767
-2.10001237015
-1.08402732613
0.897219193099
-0.479039019413
-2.02089516701
-1.38226412577
1.48726600542
-0.145582028021
1.73771032244
0.274015596526
1.30383040918
-1.30777609141
0.27784058333
0.0403509602277
1.41371154518
-0.39953502924
0.315389772423
-0.361829448072
1.06799605109
-0.600140675744
1.60188436756
-1.0142346077
-0.821201557645
-0.408011720999
-0.449194493992
0.461131707835
1.02204824394
-0.575842530282
2.26098789547
0.395616035726
-1.057249755
0.500468473703
-0.198231364952
-0.41606802477
0.311847297804
-0.564223341679
-0.297502365687
-0.652938246796
-1.28681187325
0.490932338493
0.902271743226
1.61848647891
-0.581481333862
0.664269864556
-1.43350202756
0.597425042432
-0.395641895919
-1.11790569185
0.341161151339
0.919327676052
-0.122692151134
0.278981644938
-1.52364183276
0.895265025371
-1.93557562283
0.752015245116
-0.293976189377
1.8490896546
-1.16359107843
-0.471889736692
0.412673338313
1.64015187593
1.10171541882
0.385670416215
0.00862496887935
0.180492161315
-0.713278092293
-1.24126480163
-1.95591194386
0.0651551045596
0.583591046561
1.20747263147
0.76714261579
1.0905343074
-0.1542214278
0.100809578373
2.77974806598
-0.29239994053
0.0942159210172
0.685048494177
2.0504587245
1.27952015203
-0.0604697006172
1.97626053815
-0.0617120926194
0.201574068957
-2.16118214114
1.35252501509
-0.112692038219
2.04977328243
-0.408564230425
0.399953716181
-1.67676491415
0.718988105287
-1.77182255822
-0.483187927582
1.56998911456
-0.187860250341
-0.0770456672973
-0.11246517024
-1.18818379756
-0.184762688586
-1.00204394919
-0.839085449958
0.899914036234
-1.85333866883
-0.805535510422
0.995075367821
0.59877429879
0.498214940399
-0.961527487444
0.423887984055
-0.897484296966
-2.32574823175
0.520454381875
0.814573822061
-0.427906396642
-0.680596164708
-1.29719684377
-2.45360177427
0.427911765102
0.638663350036
-1.50159455536
-2.57561947158
-0.556867472191
1.4438598056
-0.345671569404
-1.06461062027
-0.457636928309
-0.813018749638
0.284678840042
-0.973145265108
-0.555598083731
-0.338029441662
-0.64740588352
0.495693325236
0.116523023119
-1.82821059309
1.3552575517
0.219759250048
-1.09658875577
-0.382862496094
0.166503229507
-0.59528212593
-2.9075466915
0.6095821088
-0.346869820385
0.345912002417
0.60135487723
0.0655691472467
0.971388696379
-0.229975471993
-1.53555691248
-0.973131326593
0.455704512158
-1.04902530554
0.155734107857
1.24293272875
0.608752066589
-0.407525589224
0.270642212995
0.256518794291
-0.72064364435
0.230233543629
1.10192981707
0.0860226001109
1.35801233149
-1.06701386773
-2.24086327289
-1.86895917311
-1.06832612447
-0.257734700867
-0.508219625282
-0.305347701386
0.09800369751
-0.377970551446
0.319900873728
-0.501509286097
1.24404968905
0.115427551168
-1.40171881974
1.61096700095
-0.214980142458
-0.0556146534477
-2.08773591184
-0.903864322119
0.562806012984
-0.565505941208
1.00148030929
0.136319873834
0.746355600286
-0.848267521523
1.5720946828
0.917836752488
-1.46770027391
-0.543339136174
-0.730086337338
0.742135083845
-1.17998303282
0.0429072607887
0.559581900478
0.689225565283
0.0637484524611
0.0885600280488
0.240007049074
-1.17387906957
0.368584141182
-0.153974592084
0.324962264147
0.637243545953
-1.36969604233
1.40155248826
-0.804328843566
2.57075805338
-0.719046030722
-1.4424642037
0.141841241239
-0.104126965509
-0.178919541454
0.855279152957
-0.287353208662
0.847171749465
-0.226217340494
0.335037053487
-0.080396348466
0.42034084564
-0.379369733535
-0.21968606322
0.445558019405
2.07845543517
2.51489170745
1.02126122916
-0.325896087158
0.217762649622
0.1366994157
0.098700350172
-1.08067605959
-1.00375548553
0.59846374581
0.210247478849
0.942690826837
-0.435996210842
0.232138935744
-0.562609445614
-0.518603338689
1.71237681337
-1.10151224645
0.458191804575
-0.271126708291
1.33585080857
-1.2415283482
1.4878394034
-0.0498970036818
-0.598752635578
-1.33885702266
1.32498730323
-2.11650808255
0.428188628254
-0.444126211793
-0.528320213007
-0.482999497361
-1.61172342015
0.569446899403
-0.35619801151
0.00408187487056
2.13066791752
-1.44728391681
-0.247349861962
-0.611025896122
0.916432572708
0.828639691227
-2.35242580632
0.968097496629
0.316786673219
-0.608951317483
-0.564499140488
0.534822045494
-1.49855900161
-0.648321839796
-0.745747024611
-0.374010429595
-0.346924407471
-0.604700371597
-1.61781467126
-0.791295024434
1.00048652409
0.380195231758
-0.765463099386
-1.27345193905
0.234746501113
-0.673681954403
0.12295014413
0.596471030395
-1.6732969987
0.157548800875
-0.0815621435904
0.874862141774
1.00612368244
0.778292175093
1.73109505631
-0.393637164548
0.951686456599
0.21533025857
1.56531475607
0.727506548219
-1.05902657771
-1.03506975154
-0.340270860994
-1.08803921009
0.776754415021
-0.602800851932
-0.223428457516
0.0697782604796
0.409759987876
-1.50817920168
0.837200652463
-0.204506644607
0.870938378807
0.0879726303626
1.17952581795
-0.56782756906
2.19549172289
-0.476370684521
-1.0820619414
1.32585941211
0.249197947741
-1.13509330435
0.963285722512
0.77384822384
0.0095904845017
-0.884149174457
1.34986160543
-0.234991856026
-1.64011453364
-0.386026242823
0.0304974013182
-0.633587021378
0.355533856992
0.173143237671
0.255266188075
-0.982810773121
-0.428045185616
1.08051358553
0.12102448473
-0.0606625335339
-0.261650500102
-1.20006637344
0.269969978242
-0.318167221069
-0.392766088595
1.15703592762
-0.257889689567
-2.22043672524
-1.3701720978
2.0419099586
-0.408556165364
1.07599159311
-2.55347012946
0.0771665418676
-0.927634425855
-0.160165416558
1.58428587503
-0.113627336702
0.22659731403
-0.974033282892
0.70826433723
1.82347654267
-1.54133595424
2.12615052301
-0.403763705679
0.437814015166
0.426634165741
-0.765155625407
0.485691505037
-1.49048140506
-0.897355351059
0.0336202218979
-1.18597045609
-1.10586643335
1.15969493873
0.689564824824
0.0599389190274
0.764483700591
-0.436726971259
-0.929020176056
Score: 13