3
44
10
3
-0.97115877848
-0.720096659287
-1.47499880015
-0.82519742902
-0.242194552086
-0.780961975365
0.715548036186
-0.018994160992
-0.941310526918
-0.0263340256204
0.899992055135
0.496636431182
0.400407140709
-0.244412055338
0.0231301684799
-1.05830424394
-0.243801571859
0.368650172139
-0.709457029746
0.0528684526237
-1.31509396518
0.0204415353044
-0.167388167869
0.664326487708
-0.0963454035137
-1.81621121379
0.614081711351
-1.01708364212
1.32105942002
0.856284789256
1.31935733403
-2.52320048614
-0.877282102261
-0.661537596829
-0.0824899898312
-1.15948465419
2.03593528923
-0.581502045949
-0.281372991768
1.76270000584
1.56699499219
-1.39987464606
-0.880247719127
0.682265208489
-0.0937960405824
1.17255983407
-0.972790458967
-2.01912058331
0.440274109092
1.00770723441
1.31473763243
0.450688018393
-0.0573059480066
1.35530552989
1.58408362299
-0.89398485931
-2.82121930213
-2.12370229916
-0.443976454202
-0.282899465083
-0.0963474234467
-0.58493495519
-0.939419457307
-1.2231525612
-1.04235630287
-0.585988717146
-1.7063643734
0.121446710448
0.147122718919
-0.749073013658
-1.3559781507
1.40222472197
1.5261504264
-0.685867327234
-0.458022908691
0.44683056638
-0.546838777229
-0.607929857894
0.0940898227961
-0.456858464563
1.84235871454
-0.456686070574
-0.559055870853
0.299071447495
-1.04432117064
-0.705382944435
-0.655659212241
0.132932876642
-0.320039131309
-0.763614659694
0.82699597885
-0.386243395858
0.906292215806
0.515253429167
0.633502398463
-0.525988466356
0.971203131812
-0.0203624858362
-2.24100022253
-1.0359881861
0.828665452335
-0.383202347264
-1.8104854155
-1.57110939763
1.44079243733
-0.022113804224
1.82703655757
0.560087584454
1.37786099509
-1.20347272718
0.17490213396
0.259511085477
1.3378688301
-0.30223631264
0.321087822845
-0.46016383658
1.26832147467
-0.631648144357
1.59499789613
-0.842659150194
-0.911957612653
-0.447447804053
-0.223245485066
0.231511354959
0.850604226838
-0.689716994529
2.07113394684
0.227368837188
-1.29164288982
0.555508007299
0.0740079417164
-0.280823230091
0.272009002052
-0.46061067994
-0.104297252869
-0.625107879041
-1.18301781277
0.626737740585
0.943135225661
1.35673139812
-0.745470593091
0.588609300965
-1.51221739802
0.742362578565
-0.500272575697
-1.17767335268
0.406703569577
0.744378319446
-0.173712831037
0.221572358828
-1.4628753091
0.85477662937
-1.81550211215
0.639937928271
-0.527974306015
1.7183755191
-1.39553804514
-0.411491466807
0.319429051773
1.72120964873
1.1885192419
0.380498059694
0.124841636563
0.356939749845
-0.665000473825
-1.14487069668
-2.24545209227
0.211972633567
0.473619534381
1.16148687874
0.628143147757
0.699431536597
-0.0464205115056
-0.0600551467493
2.6441063904
-0.543636307756
0.306332320695
0.783280695838
2.17964313406
1.43549512804
0.0400583787254
1.90859631723
-0.136323058202
-0.045577363983
-2.05383358998
1.45785927276
-0.397762531339
2.12905190756
-0.431816621122
0.40739626884
-1.60176725318
0.913871314478
-1.74434254185
-0.522642471714
1.49643840742
-0.016922526634
0.135330724654
-0.0457073915551
-0.968189744342
-0.342112403882
-0.972084303538
-1.00866602331
0.8951442815
-1.51303569133
-0.882554377338
1.01758332258
0.529171065186
0.622389539133
-0.846440995656
0.293926332517
-0.995618448092
-2.26799212776
0.517753853376
0.511063649655
-0.313714626607
-0.569585592592
-1.20971060626
-2.31423031501
0.548748758073
0.781744656074
-1.13635442957
-2.74303908168
-0.204678878474
1.43590053853
-0.414222581762
-1.40300365485
-0.404368778743
-0.834567523566
0.352670141448
-1.05488010966
-0.63757518
-0.364832504666
-0.572036902559
0.51829727178
0.242276040359
-1.7980028049
1.33859100866
0.118138572758
-0.79557146536
-0.394002635055
0.35035532224
-0.576386218032
-2.79219207422
0.804280101236
-0.282615116966
0.266743109585
0.33437320497
0.238528998318
0.830880935888
-0.360011446545
-1.42565116925
-0.910324509895
0.770306752584
-1.07909053598
-0.0660493220167
1.45659795664
0.881362943013
-0.173056696277
0.156448197319
0.295914372135
-0.593260646058
0.131157760889
1.08581454457
-0.0361093412741
1.13955390407
-1.10763956145
-2.15286955388
-1.87914884997
-1.4582305106
-0.240138970797
-0.319151667842
-0.168576917757
-0.0647233702865
-0.444820203668
0.156199983196
-0.418012611865
1.32571095441
-0.0270266949105
-1.63381617756
1.87736641502
-0.25782299423
-0.169044274848
-2.0206435346
-0.923161015972
0.540615449261
-0.425977689798
1.06188822365
-0.117093074684
0.6520445905
-0.79093889881
1.49853133411
1.00387588022
-1.20321813104
-0.641543514974
-0.869716347784
0.783191062101
-0.997459811828
-0.287358449701
0.612080885109
0.758313938357
-0.265697537685
-0.166100172917
0.177160792619
-1.39144751656
0.289856410658
-0.2558985157
0.049492523027
0.379502697217
-1.42741597497
1.1458836195
-0.766533924322
2.42877873146
-0.669040545186
-1.8159047825
0.31437446019
-0.247939560759
0.109899505694
0.570860951261
-0.222584793562
0.90725194124
-0.426828590049
0.187592510872
-0.314722403763
0.483565660608
-0.40490607868
-0.632874812424
0.461196433524
1.91342120406
2.02352048122
1.06108888693
-0.411532238013
0.127080278052
0.137659527574
0.169420861653
-1.08326541055
-0.8109923962
0.561887121363
0.40717797448
0.738627223508
-0.463538254142
0.0399313811361
-0.4538020079
-0.406147596505
1.74031964116
-0.95484891863
0.252192975132
-0.247490602844
1.14352935665
-1.15490922489
1.73175586259
0.308516455256
-0.960747325234
-1.24075823074
1.25989946927
-2.03893507731
0.207974479912
-0.555890658569
-0.192552019028
-0.322151199097
-1.62905466161
0.604115779463
-0.309645779336
-0.252362531385
1.9560953369
-1.59764590031
-0.248138077649
-0.386214604056
1.02199774297
1.01470052496
-2.36954069191
0.930721574533
0.0335277751491
-0.335730276345
-0.363824129832
0.769431008346
-1.58008918043
-0.676790633889
-0.682601612706
-0.198249210464
-0.223848516664
-0.705811794573
-1.82991910716
-0.423823695215
1.17010722405
0.396595108933
-0.508912425753
-1.0954179983
0.401376092189
-0.613002393326
0.240855236898
0.583092173464
-1.86928994151
-0.026403204404
-0.149823103787
0.666432046225
1.17557202299
0.817250679331
1.77384807275
-0.412386374948
0.824769206198
0.232382088363
1.71420634532
0.978779460392
-0.742807598964
-0.943687566508
-0.497952850238
-1.09170041486
0.466769426582
-0.696753863465
-0.174201150095
-0.123375442374
0.504632262047
-1.52766392651
0.82164228866
-0.112645613901
1.1361838891
-0.0378676147485
0.949200117837
-0.70743438501
2.27329006984
-0.461899450299
-1.22768965991
1.28758479393
0.421397572991
-0.921162485188
0.914616612353
0.85800307268
0.0446483983338
-0.910326723572
1.20830022912
-0.0621027587421
-1.55120459918
-0.260322184641
-0.233946088752
-0.657017344339
0.370501615286
0.204760897593
0.275387546592
-1.19558825955
-0.480499438015
1.08934168108
0.234210537819
-0.0331004928741
-0.0759895402474
-1.26244973117
0.254055128589
-0.534678374174
-0.640743523248
1.03826012248
-0.117438830568
-2.08128398995
-1.35276434002
2.16418872019
-0.687888859125
1.19687602056
-2.45735461731
-0.0840755683348
-0.821402426329
0.180175290776
1.41545959867
-0.113764011204
0.282539782982
-0.95531759108
0.818738209513
1.64845958977
-1.55578287803
1.99832944511
-0.648179792277
0.510550875819
0.405652081483
-0.92937969716
0.591335897634
-1.30773551311
-1.08621896047
-0.105736620122
-0.975649092489
-0.778140390276
1.11112730648
0.815980436577
-0.059154993623
0.979965055391
-0.0883305431047
-0.904030547555
Score: 1