3
44
10
3
0.122844655208
0.250199528316
-0.924337863458
0.517066351397
1.67587040771
0.856527350629
1.12959607983
-1.9440416045
0.0889244882271
-1.59826341173
-0.470833528956
-0.628604682479
-0.751414481427
-1.0231499063
-0.00535002869894
1.92481900155
-1.81269844672
-0.501155911449
-0.681503323779
-1.44695461424
0.0711881438986
0.00133160937041
-1.49430891528
1.56980877651
0.622719929831
0.673241888064
0.761643369453
0.118383862636
-0.688420266628
1.22184371518
1.92183567422
-0.504134388014
0.625188233084
-0.593599025862
0.207303077857
0.502896514448
0.950097611388
0.70139980278
1.13112638814
2.19040464146
-0.419376453946
0.1562061953
-0.385895155924
-0.364455503705
-2.33023414433
-1.53487485791
0.484717234014
0.257088421873
-0.432568832034
0.380003192724
-1.46675866429
0.212812446789
1.00590790284
-0.336329662611
-0.816076878065
0.379803320357
-0.393855588245
0.177318969015
-1.0105729123
-0.155120693317
-1.1190252856
-0.443527516637
-1.04774447596
-0.0267413645481
-0.976171279637
-0.611728216047
-1.4564646426
0.161125278066
-0.687794973698
0.155896963491
1.49273336701
-1.00305201583
1.14313586797
-0.844935567182
0.635576953112
-1.31760735066
0.227162365161
-0.208506260721
0.407131148156
1.39124921241
0.32747368224
0.803332200548
-1.56849588697
2.6981146633
-1.35591248815
-0.550348105084
-0.664200527364
-0.246950717359
-2.95814035418
0.20899746899
-1.40703826486
0.999281582489
0.961356362449
0.10934833942
0.857700064061
-2.16676088888
0.774191329695
-0.151589572543
0.767637000203
0.57680488954
-1.20428439622
-0.739192855567
0.334764231308
0.636502646317
-1.13101645278
1.22384223361
-0.225966623357
-0.937435784501
-0.269829022157
0.224374530165
-0.651960508005
-0.00743813359331
1.20123461997
-0.38971147533
-1.35958164013
-0.506737859525
1.28696602177
0.520380875294
0.0319280826014
-1.73371931558
0.0702045362782
1.72462871411
-1.24847699054
0.66459858181
1.10887604372
-1.64757152611
0.811147295502
0.320114604553
-1.67016993303
-1.03274302078
-0.178025406467
-0.0980199032661
0.889854326402
-0.484418357727
1.64336171197
-0.0503334631488
-0.0347235408569
0.497421834224
0.405065779108
-1.88001953884
-1.33929968566
-0.798418110024
0.861838993362
1.89338486602
-0.928558378833
-1.98773968524
0.288377626552
-1.28702870503
0.827625991559
1.1639172624
-0.902827591916
-1.53322340744
1.83081388829
-0.615418369577
1.99329021959
-0.188975538364
1.31402867867
1.90281794605
1.06789157958
-0.372849294169
1.48528493958
-0.239573260812
1.68550605844
-0.759430875618
0.199877357584
-0.588815707405
1.81721058334
-0.622536380566
-1.17199694628
1.33718240199
2.71860616153
1.30061339152
2.08067724204
-0.409319792651
0.0558025335199
0.120151417159
-0.200821281549
1.74375056167
-1.32996210108
-0.0480041554617
-0.357559704633
0.590989862968
2.88645937701
0.849763582371
-1.53669153279
-0.0721763010941
-0.575319153472
1.50808187193
0.0746178960173
-1.26478698043
1.47675040769
-1.73543475416
0.689736423377
1.08906172597
-0.595030747169
-1.37379220298
-2.12548666556
-1.75102823969
0.500902997924
0.637404320027
0.938237932496
0.252694942035
-0.353133962703
1.07234036016
0.240910114146
0.466039939388
-1.10082317098
0.0725292942828
1.33610739794
-0.655581732836
-0.013717984525
0.847083670899
1.63021626672
1.02534597479
0.822056620436
0.278124543699
0.575654989918
1.00638379335
-0.137850693375
-0.198366730093
-2.40587551066
0.148457787355
-0.1594997388
-0.86839124637
-0.339688566043
-0.556810866529
0.07154639866
-1.44935084529
1.69299536555
-0.0559695800522
-0.640120245101
-0.985969193779
0.42688721626
-0.107315346032
1.36441615155
0.583000480818
0.559421411776
-1.44698391032
0.603312412172
-1.06236723744
0.830865824994
-0.626965092945
0.878062371588
0.98845508732
-1.6817344336
-0.341642829431
1.84370965578
0.858456859244
-0.4263347803
0.124672757566
0.411662607138
-1.52344458484
0.501843151839
0.716437009038
-1.00733122182
1.49320650241
-0.598352244323
-0.538392591255
-0.814720293831
1.16144237639
0.180412441977
-1.48012118814
1.08278269386
0.920562355748
0.0857993831112
-1.1460484981
1.17976936922
0.681736124926
-0.942759782798
-0.130135615471
-0.965743264241
1.1926592153
-0.317318665587
-0.121339353753
0.104070247985
0.0906147854249
0.455270050111
-0.208745091192
0.415384380414
-0.113489031411
0.828435759055
0.588840286581
-1.18394294027
-1.78524684764
-0.743209993547
0.716802562349
0.100874383429
0.92549934319
1.21880189414
-0.64302537053
-0.0603487588899
-0.151765532191
0.172388323454
0.745743888314
-0.719450927348
-0.763908529794
0.47968418426
0.227054976199
0.454290296401
-0.0362841722757
0.435212262382
0.112032529755
0.354132762186
-0.929145058929
1.1018645091
-0.00104202406336
1.03659127977
0.283060583604
1.14244472507
-0.875538552553
-0.0943769391027
-0.390869467933
-1.93228191527
0.602699003086
2.57571934179
-0.356703685063
-0.637072192224
1.1318526062
1.1906357217
-1.3368007194
0.518501338064
-1.41952493455
-0.0736769518443
-0.961332818943
0.778818365734
1.07871435332
-1.42066943244
0.213024039415
-0.0160419738196
-1.19075419997
2.31087666113
-0.272416288295
-0.529425519562
0.979494938652
2.03121221204
-1.03601212929
-0.934138149471
-0.359459609524
2.47227059291
1.5135506416
-0.236735033071
3.05014442008
0.811920966182
0.088741003055
-0.207201972243
-0.248325240788
-0.433126862461
-2.70049920409
1.47792235265
0.0972421268629
0.780544229007
-0.0559843549794
-0.680505776261
-1.52346219865
0.099606778988
-0.949982330131
0.896006288006
-0.499807766429
-0.340340626532
-1.73622812093
0.678730873509
0.372021231204
1.13080518015
0.38024193886
0.997339927445
1.82565611447
0.597833894053
0.603913226934
-0.546553745753
0.643604237035
-0.155053230578
0.222023529611
-0.363793513772
1.23988783328
-0.648141499502
1.21477909654
-0.87778570186
-0.909306248668
1.38075007079
1.08332067043
-0.689639884347
1.95363366262
-0.788577391707
1.07039392707
-0.164935199618
-0.0153759125808
-0.821014937853
1.08747893515
0.789328853297
-0.529341754709
-0.970471415451
0.00572323935092
-1.18500065988
-0.143332896406
1.3231358308
1.14973893633
-0.732706910424
0.188507040912
0.445507812629
0.0965666808921
-0.605706942494
-0.6908439975
0.491953922265
-0.0949155577183
1.41710925417
0.107146763563
0.993112674198
0.878997268769
-0.170716935168
-0.0559650124433
-0.137642531268
-1.57252931209
1.26696427735
0.20955263185
-0.706233064469
1.55743744965
-1.02198423249
1.12728485022
0.941071511076
-1.59443262044
-0.495372523376
0.0146033266154
0.972593593202
-2.06380540691
0.927043816542
0.535277736615
-1.33097539319
0.557529185973
-0.245440500286
-1.16334256196
-0.0508520266142
0.0382592490414
0.569276249515
1.06632116501
-0.618979313652
-2.26129979768
-1.34652304434
-0.173041228395
-1.03778860169
-0.499072444397
-0.0500136331242
-0.284451703418
-1.53242562157
0.0948854783611
0.190006611324
0.179904615286
1.68447566517
0.17043349335
1.99242159696
-0.0963463346307
2.48205837664
-1.42176512261
-0.931941039015
-0.938058258473
0.495757454427
0.626907008493
0.0431695845789
1.95305926704
-0.875751931566
0.660738984541
2.1610934689
0.0549084753453
-1.72022122259
-1.28169731901
0.0369947749885
-0.153268767312
0.328932528456
-0.25551847179
0.475738109818
2.34759712959
0.430820823151
-0.317576435035
0.0709906913295
-0.581423227546
-0.28394864024
-1.48485915922
-0.220793792679
-0.265577747736
-0.381861781905
0.781581947832
-0.93405660031
0.0435384209968
0.728635199346
Score: 1