3
44
10
3
-0.465898527089
-0.577759713539
-1.44383773211
-0.915726419442
0.00641331922632
-0.678503976676
0.745501650782
-0.196945734223
-0.94681589175
0.0287595507896
1.06720703272
0.426217136867
0.384288339671
-0.430946136363
-0.0797369959944
-0.875704777984
-0.267755103895
0.328436941862
-0.74960164388
0.082684891513
-1.22644946113
-0.0956958527823
-0.17303388158
0.557785071645
-0.0680864315903
-1.86458492163
0.606283370964
-1.19425075304
1.38294414853
0.848387224879
1.59308418532
-2.40236348092
-0.788870614439
-0.597383419045
-0.269679973518
-1.21427384842
2.02624454901
-0.578441854347
-0.277271054336
1.74131395716
1.41826416953
-1.56194396842
-0.697961667372
0.588985612948
-0.0090180649247
1.1954169709
-0.912930291925
-2.03465587245
0.333569516274
1.39924556257
1.22604640927
0.409766718718
-0.15198787408
1.26268828959
1.78543241679
-0.917917653135
-2.86943340353
-2.39198860656
-0.488376466529
-0.335809095968
0.157925894989
-0.530013302041
-0.938873850488
-1.17000130339
-1.02788744407
-0.374664104065
-1.58103131629
-0.0508516892211
0.26864499195
-0.520853155956
-1.33595040908
1.33831595174
1.45952749225
-0.466348044754
-0.313757487798
0.0847930635125
-0.889885904164
-0.456485121078
0.135047225247
-0.304206464574
1.8330273996
-0.422856371383
-0.400967927821
0.319295647455
-1.05677765034
-0.656429387123
-0.933552199504
0.0820456832788
-0.343097802597
-0.867930336287
0.722855620971
-0.50354895769
0.893360841734
0.440633471732
0.693592134186
-0.722471969604
1.09645294215
-0.102927230882
-2.42483549979
-0.976024548534
0.995520989731
-0.390282515611
-1.77412813773
-1.25411042412
1.40226895723
0.0933359405039
1.95414153878
0.347660587947
1.39363333893
-1.24626325548
0.233226197825
0.020009304745
1.34532574177
-0.143072124355
0.177401449631
-0.385043588908
1.24148327687
-0.733104229444
1.36194719459
-1.0963770348
-0.842882439839
-0.43283821597
-0.239341568369
0.627262339097
0.888815162599
-0.537622298743
2.12952657654
0.610223999263
-1.20006814388
0.487964551727
0.0167656507086
-0.437081080501
0.350447862662
-0.36834795891
-0.343633094115
-0.468986322581
-1.31536325393
0.528907715714
1.02403043361
1.34022629365
-0.602556264645
0.66096780683
-1.48905159402
0.538924256362
-0.152396838976
-1.23572433562
0.532484766547
0.638023223755
-0.0632640762379
0.520562297368
-1.37658610213
0.657359791715
-1.87225850906
0.802409839699
-0.514976942411
1.70283644025
-1.09617548142
-0.567780781665
0.0710362443821
1.68110841571
1.18466634901
0.108923709912
-0.0538048221304
0.259497949995
-0.73628948604
-1.28511977255
-2.09709948365
0.294228623692
0.418369184563
1.14791262637
0.618103330298
1.14549325842
-0.0371942328231
0.031779255091
2.73679123348
-0.345345170757
0.139725079248
0.638112677895
2.14827244687
1.47186835891
0.0944011133089
2.01630503334
-0.418621765132
0.088363811897
-2.06796743634
1.22516902667
-0.332253771129
2.1251088697
-0.475298316928
0.582015784366
-1.39829236301
0.992309183959
-1.71332015637
-0.59552121746
1.29628949065
-0.0206010849237
0.185088099426
-0.0123990985121
-1.20807074696
-0.4396830421
-1.18104280483
-0.820788116626
0.944397611317
-1.67935386878
-0.697950654044
0.945288312812
0.719977074348
0.492637078093
-1.09202999277
0.334055245888
-1.26182195703
-2.31902469421
0.314704149383
0.706419580561
-0.333537822728
-0.445325519105
-1.23528248049
-2.23145619456
0.529001446106
0.730022428392
-1.35818122152
-2.41745828147
-0.182677648226
1.65834813178
-0.287609983404
-1.11886488625
-0.30019250758
-1.19464766267
0.201090852867
-1.15409295837
-0.665000312441
-0.380072838452
-0.665823645235
0.608206980782
0.15308511426
-1.58262504356
1.18026572425
0.189172972366
-0.956576296918
-0.598492873242
0.457300353945
-0.575172658764
-2.74461078592
0.696768082751
0.0593671454327
0.118719557248
0.477689998255
0.393574981381
0.940672076317
-0.100371648265
-1.36969108834
-1.0392515816
0.607878392875
-1.19918683355
0.0665791667173
1.25831980003
0.777679528524
-0.308467025194
0.0410839574196
0.311066203785
-0.535932342378
0.171786980813
0.939551122226
-0.409886983744
1.21848340328
-1.06275321333
-2.06829110943
-1.77910281688
-1.29411036757
-0.0313769144706
-0.363073067849
-0.222994670747
-0.112482593241
-0.823103422862
0.241586049176
-0.247987888804
1.22579187242
0.068538291578
-1.4655317849
1.64318730418
-0.121523080632
-0.193004125019
-2.14353110936
-1.25325810062
0.600557432014
-0.435610167486
0.869656025495
-0.13375370046
0.473056644057
-0.998022365852
1.26271181235
1.05697478422
-1.36096121586
-0.589565541812
-0.846303984228
0.64977222933
-0.953633168826
-0.305019497717
0.509522090175
0.700638203937
-0.277988078603
-0.164964746467
-0.0664523103318
-1.48112721078
0.134764026323
-0.417214052498
0.310397611899
0.43856801511
-1.30474999172
1.52608139556
-1.03132222346
2.73519384364
-0.561980524253
-1.69276241292
0.0758718823764
-0.434668462103
-0.0847983899498
0.817230555628
-0.159339532603
0.963220140141
-0.210375008363
0.436770979026
-0.218823695961
0.510749163861
-0.211347799497
-0.454221945229
0.647584688658
2.13902418478
2.1853812455
1.14228238983
-0.241282990963
0.250431598857
0.308995231714
0.202778548835
-1.08729689825
-0.999485293731
0.676982081074
0.341217661317
0.519708624535
-0.5668146681
0.277441290479
-0.318972648041
-0.297239050366
1.89688779541
-1.15052636474
0.221308185524
-0.423876414448
1.06372838491
-1.42561354268
1.60178918143
0.242676523072
-0.854004072011
-1.23368920091
1.20247024333
-2.12506109149
0.52210648456
-0.297110012353
-0.375876388517
-0.446925428651
-1.88681237344
0.501073668764
-0.279589846066
-0.0778463796579
2.1216325843
-1.32893225256
-0.567186226404
-0.441120005692
1.17259857932
0.883048010393
-2.25514862133
1.02507681862
0.274043444921
-0.376153771213
-0.495248638953
0.656595503078
-1.6036691384
-0.535131938117
-0.832527354049
-0.140018405539
-0.490578239656
-0.681458322681
-1.91895736339
-0.529746933231
1.26684792877
0.465601312796
-0.767624659804
-1.21538404254
0.567193164248
-0.627581604482
0.164740614665
0.646619289778
-1.70897955208
0.210465391119
-0.471660443332
0.668614039235
1.4319208953
0.772658239315
2.01058151212
-0.376862385215
0.831808464036
0.262217800052
1.85705182816
0.995283097387
-0.812462902737
-0.812131638192
-0.39497462531
-1.02792964614
0.832856632531
-0.684433751463
-0.354937088158
-0.161759339622
0.541860315638
-1.46757828533
1.0547951811
-0.0414797522813
1.15929597728
-0.0412458512368
0.951329498186
-0.749610475205
2.32201397758
-0.5429489523
-1.19578281916
1.14351752909
0.0291199235558
-0.748716707875
1.01517370114
1.06623955979
0.235180581806
-0.851146216971
1.16930058257
0.0140728478367
-1.72959924765
-0.422317074306
-0.107093486284
-0.790146477676
0.151398699948
0.0335032015369
0.166095657363
-1.14845695817
-0.15987722515
1.38916754905
0.171204672329
-0.123137248523
0.0100945098007
-1.27618544728
0.0573065434989
-0.552431336184
-0.628454591508
1.20679388979
-0.0300496623905
-1.87233623876
-1.3496723202
2.27309599864
-0.728424581991
0.892239435057
-2.47037398825
0.20716639492
-0.793001671793
0.187344122923
1.33989897901
-0.371960163037
0.351768197654
-0.936572539587
0.91924637887
1.74714778964
-1.28826458493
2.0195437424
-0.771131079617
0.509981379812
0.487497891803
-0.888626789952
0.566200991339
-1.30259004987
-0.937714055735
-0.0606228142963
-1.12667957173
-1.06974677547
1.33073849946
0.823496183101
0.0276139045003
1.07627989209
-0.423932352925
-0.923132951238
Score: 13