3
44
10
3
0.876880814935
0.955168150759
2.01959473277
0.00197247122057
1.48504446831
0.635715854321
1.24037922357
-1.92992358468
-0.453690203666
1.27561662119
0.877455557898
1.21080399482
-0.0779688180317
-0.561460632337
-0.866864639626
-0.827561462859
-1.23642045872
-0.920906466888
-0.888354371735
0.841657561098
-0.892863184608
1.07967436895
-0.14795269469
-2.43829540454
1.47595476932
-1.15563626922
-0.115939601863
-1.06002534001
-1.78443728153
1.05053518359
1.01343989481
-2.37858833889
-0.84588353738
0.594107310753
0.602290074532
-0.477850790322
-1.78382636919
-0.552291515061
1.21616472986
-0.956424734542
-1.14684188984
0.81806972969
-0.045050922607
-0.233411795646
-0.10431860628
-0.241305368402
0.866406120024
0.470300324924
2.50192301807
-1.2674603315
2.65212927783
-0.103704281854
-1.79580410042
0.54496875288
0.615956646335
0.309555315774
-0.581698680453
-0.446251818853
0.697800497944
1.24622746318
0.0953857029345
1.9364611956
0.0922982966291
-1.29877781164
1.48099416158
0.365146052845
0.75404091556
0.731694316713
-0.365152720524
-0.57604863432
0.808744902963
0.748705347058
2.27028685622
-0.868968998042
0.855191934204
-0.814432817314
1.65997304545
-1.15170749357
0.343023025758
0.429500874192
0.631892341562
-0.514035960239
0.317087698691
-0.334089459259
-0.188555530283
-1.17816214756
0.558915803254
-0.715563651624
2.06014137399
0.782568131413
0.655743087394
0.958341331695
-0.480250614352
0.188126536244
2.36479511661
0.194998120362
-0.475288754584
-0.25835369077
-0.7382865217
-0.773605756539
-0.859236093982
1.18786375808
0.144444437352
2.15459762285
-1.71045797214
-0.259550205252
1.61689874569
-0.0936388671572
-1.17919706079
1.02075796547
0.508396754739
0.648069800899
2.86980486728
0.41795651029
0.604459145585
-0.653871671635
1.13779995387
0.00742202357796
0.0214823079856
0.58471277457
-0.501885120963
0.935923333202
-0.524054136542
1.17086992822
-0.949667831981
0.219403374057
-0.0622093800328
0.76766761729
1.15769936252
-0.164119151865
-0.453209175568
-0.832993047898
0.567957439052
0.098733529577
-1.4290918897
-1.27111019776
0.797804575878
0.892902383243
1.64687291102
-0.379933367536
0.393577013296
0.141053253243
-1.57058077222
-0.638178153161
-0.602211761903
1.42325287173
0.62807678094
0.0494055320555
1.19489713863
0.210877854727
1.63860555576
1.23992066437
-1.38008562171
-0.629350659002
0.00246257658755
1.58478643108
-0.699392526248
0.542872014263
0.467672531279
-0.949670041855
1.54330538281
0.414607236629
-0.0568683823836
-1.5430803287
-2.22326134781
-1.20298581889
-0.427267547693
0.0103208954794
0.706700405962
0.563197397442
0.0811658406379
-0.0625943798488
0.806117281082
0.390738120571
1.53115678612
-0.547220736915
-1.57116974851
0.0714450027992
-1.88157863575
1.22391852865
-0.806929249772
-0.748235893628
0.452608064191
-0.324505702613
1.20364935516
0.21967592806
0.167595407124
-1.80029392081
-1.35684292172
-1.66062776109
-1.08624169723
0.269405628907
-0.677363074235
1.70460498239
-1.23079086328
0.272153639728
-0.160182604992
1.06733163418
1.05900807536
1.1941650425
0.592873279351
-1.59386425407
1.76019567431
-3.3688775314
0.687079508141
1.34140367724
0.568517646078
0.361591085444
-2.03809033367
1.13170819576
-0.530016832343
0.51685697391
0.999715642794
0.742516191408
-0.805850100502
0.0439708616109
1.81905772612
-0.666889598261
-1.7905462109
-0.633017509351
-0.725980433383
1.95241289993
0.107177705283
0.559223279136
0.437707075103
0.230419559127
-1.23296383163
-0.687669500724
0.0451446668917
-0.89842802229
1.45102746057
-0.120215409619
-0.648621017444
-1.39646315687
-1.16160183412
-0.827988692706
1.44913453434
-0.872112258703
0.479421399992
0.340036280103
-2.98509977754
-1.14998612314
-1.13387155888
0.613417559824
-1.69352207017
-0.701863999553
0.206085751818
-1.46766503916
-0.826009211502
0.55893372428
-0.859822312321
-1.16361450087
-1.08395335566
0.826639744379
0.796774368722
0.577312355044
-0.537935616772
-0.683431291056
1.64804725574
-0.0357817913557
0.48827621475
0.143094737626
0.516696216064
-0.766874829988
0.285640785366
-1.00249100086
-0.369124913987
-0.501355720499
-0.645160782752
0.141581562123
1.05155627434
0.750826057288
-0.875100464042
-1.13224639007
1.60312963953
0.53618712771
0.548605943984
-0.882664500493
-0.627468135507
-0.745686760917
-0.992168990655
-0.179692057625
1.91769356424
-0.408887217016
0.0502297403446
-0.484720548685
-0.101394496719
0.613743816305
-0.64719342352
-0.0505803464276
0.994747363122
0.742045650121
1.02281483285
-0.638936499046
-0.383564847693
-1.43740586259
0.273330121703
0.868021525666
0.906467598299
-0.125814041731
-0.412848449997
-0.819562612154
0.173185822099
-1.64738097406
0.29612486999
-0.379568183784
0.502034404988
-0.131597127264
-0.0902391769212
1.51271380731
0.214213030666
2.18989917812
0.540150522492
1.2906260205
-1.0875549687
-0.337381454624
-1.19299597835
0.920226841451
0.206239822779
-1.03378934142
0.591083833178
-1.77432245618
-1.16876809375
-0.61234974012
0.884299980119
-1.80233661726
0.184949070119
0.251703062068
-1.08110121218
1.69215787432
1.59158389555
-1.68900803046
0.537922871248
2.42804281726
0.673784809562
0.073924760677
1.10156559827
1.30121870319
-0.205389369584
-0.523241050772
-0.232962632504
0.610258117006
0.0361708082258
0.900170156032
0.912368564011
1.21378648203
2.57182436844
-1.0751409705
-0.930466787852
0.0828923319494
-0.0487465461946
-0.341988145838
0.598181553544
-1.27210132454
0.58453538279
0.0682769600959
0.307906472744
-0.3642071572
-0.675253779072
-0.67341907997
-0.526751163967
0.887380859249
0.370644888022
0.0129888116917
0.170245093449
-0.626347248878
0.394034856164
-0.259300035498
-1.97236128876
1.33050148782
-0.642634079869
-0.80443210372
-0.409372693662
-1.45808749359
-1.25593428841
0.773901723704
1.06927704643
0.543489480731
-0.880461556983
-1.39610933761
-0.676722802885
-1.70535207274
0.146953011797
-0.562329100395
-0.129293423152
-1.97895402226
-0.108103612905
-0.330736014728
0.843632098749
0.0739493976178
0.126168448182
-0.244575581234
0.73513716568
0.949099940272
0.757161107009
0.263421654741
-0.302002872599
2.41700150055
0.641318603191
1.18867266145
0.0625013146038
0.27166039698
-1.65573642288
-0.80069979707
-1.29145197733
-0.393978148224
-0.501864395136
-0.248564398788
-0.536308324096
-1.90015169191
-0.486256228263
2.89584778105
0.0615930883247
0.620254472912
1.52755372679
-0.415166274087
0.440518671109
-0.187424342186
-0.81487948232
0.378773725879
-0.00124276848749
-1.14723806336
-0.771136699748
1.13098717672
-0.710786267916
-0.439251024384
-0.0974392646569
-0.737481179485
0.154544427879
-0.357621937593
0.550484370067
0.351834767802
0.997815221435
1.53577746778
2.21028632939
-0.446439935025
-0.414782378389
-0.728441973958
-0.860012107206
-1.48615840649
1.16893584867
-1.50333630417
-0.576266625587
-0.0360859974244
0.748330959338
-1.09095304938
-1.97708044704
-1.73186812659
-1.75479675238
1.30060596479
2.44469908502
-0.82871558154
-0.740766601434
1.62355493231
0.47739364979
0.885358881973
-0.474175638846
0.110134607718
-0.52310124843
-1.17480730354
0.722177851561
-0.0963547411834
0.123760328763
0.566229373278
1.41737161721
0.0412761458555
-0.481880162326
0.0669969057131
1.21615188855
-0.838193786812
1.95692793935
1.71459964015
1.43394796459
-1.59739607161
-0.133410493695
0.408604901434
-0.385798268561
0.904249120334
1.65920085415
-1.62901768279
-0.419891566286
0.862459035006
-0.124013223411
Score: 1