3
44
10
3
0.848952569898
0.483553791748
-0.878261957883
-0.348663118107
-1.22979449902
0.69880387229
-0.0371988510211
-0.220926660955
-0.640195884957
-0.896147087854
0.112167625999
-0.644617948484
-0.0195365786411
0.351302264433
-1.70043625548
-0.283121641589
-0.577636646907
-0.33906446171
2.50943924533
-0.512042965773
0.0999855736618
0.26643621253
0.407907674568
-0.782144417088
-0.0286193368373
1.24309855694
0.0258085367207
0.345998995541
0.477231532418
0.518143587097
0.364178375157
0.468018868496
1.18420738492
1.32283096742
0.0332770105855
0.0812259192003
0.526241590082
-0.620123412332
0.644701429431
0.968593946805
-1.04181238012
-0.48492633725
0.442060568936
-0.370188236224
1.01958137412
-0.823936012601
1.05745154118
-0.224449710047
-1.00337257825
-0.245203877886
-0.372954361454
0.735994430245
1.1151770725
-0.957943023388
-0.0118014618008
1.64835446961
0.447187765888
0.100066054754
-0.50080429471
-0.574882691461
-0.501050036039
0.389086230846
0.951560701738
-1.15747667113
0.643307918105
0.463295684646
0.191307799303
-0.743395726049
0.358239791536
0.469951226301
0.922969250366
0.0475429879046
-0.814695811258
0.0807669331489
1.14753293657
2.01325440553
0.322773773485
1.60932334832
0.322553508499
1.82926320373
0.270716497656
0.19724926556
0.654324998683
0.830824924328
-1.79690180528
-0.439531215315
0.580367617965
-0.841766603072
-0.684933494692
-0.496955907743
0.147002800245
-1.39621053337
0.388457586992
0.92156687721
0.946771794691
-0.0288568434392
-1.45167291181
1.79050325231
0.371403936152
-0.0817114068781
0.0988011518742
-1.1959656765
0.822706707229
0.471141314042
1.1558540054
0.169768557554
-1.89163136331
0.0529999548427
-1.19519392035
0.541635664235
-0.0555219471386
-0.798550492758
-1.13293071361
-0.543361470796
-0.0902844567887
0.792099617303
-0.642297917472
1.07182790957
-0.413060460634
0.545695984914
-1.05968741847
0.0986848548492
-1.28674145254
-0.284241790567
-0.428017261048
-1.74920637099
1.16363347848
-0.769601386063
-0.115556494095
-0.372634938264
-1.10588532809
0.229312973714
0.106715360873
-0.957045154456
-1.76652919595
-0.969952219985
0.17862146794
-0.405976586433
0.392529713215
-1.58235461747
0.310513606419
-1.86244790038
0.710225464149
1.31419573746
-0.231541203848
0.108707191729
-0.498071539245
0.724418067366
-0.914321107182
0.202399252421
0.410213834235
-2.69439660632
-1.32957124572
2.06383774187
-0.626082937689
-0.11386407939
-1.26229100967
-1.00947478273
0.576258052656
-0.219143517794
-0.764658733944
1.02121017891
2.26227723804
-0.562226057957
-1.25382128271
-1.41744989158
0.357141154805
0.669150666792
-0.958235897754
-1.26303386689
0.729372685253
0.134248802568
-0.582890904731
1.72906350702
0.773033828467
-0.405709889109
1.59412982545
-0.124888072877
0.177391062907
1.00951647161
-0.777107732438
0.649031843408
0.290554074963
0.581647634238
0.133554914851
-0.125560923712
0.995946291635
0.90803214897
1.82397323993
-0.474060169236
-0.166905163954
1.57745071769
-0.644590813685
0.689638177905
-2.27611327366
1.33292593972
-0.67308688783
-0.383603197476
-2.18856494623
-1.89605643262
0.746842631432
-1.79774166397
1.64856297883
0.0916868449851
-0.33339061375
-0.578520088208
0.700522898288
0.206894161654
0.105451508808
-0.0397441688093
-0.013653734858
0.0824606326711
0.39840427773
-0.0516093310912
-0.212851625582
-0.731448943214
-0.522008928775
-0.293433784163
-0.659480338636
0.048722249214
-1.21864572608
2.21027211588
1.34209585661
0.471650292671
1.37275709319
0.999039709105
0.898055096791
-0.628348555841
0.190922707888
0.730548897055
-0.66239888946
0.871634629653
-1.09100913471
-0.934539054259
-0.350818829729
0.680438409721
-0.852709119887
-0.884578402314
0.743980996908
0.108592323181
-0.13214534341
0.327108206084
1.39240593473
-0.276883680226
0.887669117753
-1.06900489257
0.206568747769
0.351499347768
2.1016921192
-1.08718317426
-0.418510355092
0.41510829182
-1.26373322707
-0.548762132919
1.51069266488
0.0858154752246
-0.565042678785
0.0917676921097
0.385516538086
0.357861207149
-0.919393940806
-1.10135146584
-0.24664079184
-1.11878536925
0.0451910161364
0.706126090236
0.95026490457
-0.676689257733
-0.24156712837
-0.155527167214
0.381292362722
1.55166847456
-1.33463399281
0.370876751449
0.996284919704
0.0952107968134
0.355621944941
-0.365244551303
0.444374248632
1.61479660765
-0.335002060753
-0.447791221667
0.539747127631
-0.818307112386
-0.357368453319
-0.00469536485784
0.229183895679
-0.900588317483
1.51041954013
-0.360214673517
0.634037438154
-0.824670326377
-1.36592173783
-0.263306542837
-1.47262953894
1.37816893449
1.26219192327
-0.373788617951
-0.262544958741
-1.36612936327
-2.12399090609
-0.435355352424
0.337001277026
-0.491933204349
-0.27233638104
2.29767359756
0.727297351749
-0.235385678532
0.344297255096
2.38409934958
-0.0880929211385
2.87408286016
0.33587943579
0.445603596206
-1.29009201292
-0.229456010051
-0.220780957349
1.68742357697
0.566768710726
2.27327643434
-0.251176225958
-0.86211995734
0.533343396599
1.93857355033
-0.366528840945
-1.88348817653
2.30582231756
0.562228395465
0.0113615304544
0.397451970057
-1.48470959736
-1.05756217048
0.367837791215
-0.464961444629
-0.973248471507
0.0344794291068
-1.09210567842
-1.39947058232
1.78307830412
-0.644923988446
-0.66431413001
0.885284849523
-0.378641369805
0.382473208746
-0.280551314593
-0.278512215408
-0.546263936841
-0.661255800756
-0.0448751446178
0.361001529849
1.25343605397
-0.561306726984
0.976725266716
-0.76451453185
0.914111909661
-0.344977651185
0.819431305635
-1.14613930441
0.074459537248
1.37420289372
-0.492546181552
-0.488833508514
0.897503964541
1.12865597911
0.654493942151
0.119673902549
-0.845013617882
2.01555490017
0.513789275144
-0.00365301309345
-0.375258681504
0.977907634759
0.54969711084
-1.92270409681
1.19822050838
-0.435761581527
-0.778306615893
0.0244584077824
-0.863557703467
0.863349576962
0.213539454563
-0.809575827628
-0.580679166731
-1.75579339378
-0.873005956877
-1.1844858013
-0.771270302771
-0.880005197794
1.01563599678
0.577063654714
-0.486593829086
-0.847343228596
-0.223740165044
-0.442440612898
-0.848908470364
-1.24327436114
0.466724211374
-1.52281758772
0.10010126236
0.3087996689
-1.78194509109
-1.86921929115
-0.211567805679
-1.90798331257
1.57397262422
0.137894193863
0.886769363121
-1.23939411568
0.417451855426
-0.263554913749
0.44212000966
1.46972811346
-0.547186891016
-0.684945068521
-1.22465985095
-0.478691425252
-0.433516176641
0.437542970258
-0.624706500616
-0.468580693522
-0.408876101643
1.44483913773
-1.22142622824
0.367305115824
-0.390776407593
1.54150979803
2.04010398524
1.32971542628
1.26269440063
1.14262968772
-2.10938907302
1.88531534886
-1.29557113321
0.337235419099
-1.07708532708
-0.118201258152
0.625941233262
0.946648239762
0.710940024668
0.623362019606
1.46712858805
-0.014161882573
0.525834427318
-2.29279518431
0.452225002823
0.944687671933
1.4944540547
1.12095556641
0.353586149295
3.08198053217
0.58774152828
-0.103067043176
-0.689375365562
0.185055138702
-1.68597260595
0.0432752581207
0.601899300252
-0.116190628531
-1.47389667843
0.353464992944
1.61191018385
1.11681057813
0.792221585859
1.48386083457
-0.170853421151
-0.183245978231
0.653855637554
-0.986665022963
0.114932871602
-0.70931703492
0.581033067125
0.62989288325
0.689094508084
1.01309634471
-0.526159776343
2.04273371042
-0.607659438705
-0.743936819952
0.790102309238
1.83212325844
0.450208359799
-0.012054432985
-0.0596129065753
Score: 10