3
44
10
3
0.225287803668
1.4910269041
-0.544563718338
-0.843555885328
-0.589082129049
-1.75508469971
-0.0136513215046
0.561708887926
1.40596698751
1.44474924743
-0.67269026877
0.823542603239
-0.200009928883
-0.784810914491
-1.88069197984
0.0555826328586
-0.42256812306
0.0544180557283
-1.03768522047
0.832140205678
-0.210217443707
0.907638828455
0.429931786981
-1.09019165634
0.470540794615
-0.256223093166
0.38063295002
1.43901699436
0.999424398434
1.02858736735
-1.60086760932
0.678419310714
-0.503315956076
-1.87781386147
1.39495075351
-0.54694851553
-0.00424901471711
0.509695284701
-1.17350354545
-2.37082101006
-0.812587989005
-1.59658504777
0.13075506892
0.0499845319916
-1.44260115407
0.457281620086
-0.858037236122
-0.850014155236
2.57688673011
-0.716832462761
0.473571447023
0.166223505639
0.214646923438
0.734226851629
-1.11360900631
-0.0290009523844
0.954431996948
-0.00727995282081
1.69157794194
0.419120448642
0.862114696441
-0.829747202639
0.707884527558
-1.24537225884
1.46503794177
0.663060406069
-0.317446076291
-0.723015589995
0.330618423232
-0.343995220759
1.19937223028
-1.66972822767
-1.48704688307
-1.34012800515
-0.348860205312
1.98569681595
-0.631901770049
0.0882278344761
0.472278284378
-0.287528001751
-0.557947056514
-0.408831934521
0.769590360552
-0.0539403365443
0.196892658482
0.295683727347
-1.07607273732
0.747587999258
-1.37509204322
-1.63187474446
-0.257687489625
-0.631074886227
0.0793213493471
2.04916850871
0.272780279975
-0.863958501175
0.372002116479
1.48974977843
-0.240740418461
-0.212351683899
-0.415783934299
1.53226187533
-0.521729476516
-1.16816136706
-0.75551765622
0.173948497207
0.0719802305683
-0.196626097712
0.862880338416
1.39421131898
-1.40366191492
-2.61646461878
0.473805182933
-0.994980016608
1.71911896082
0.720890523066
-1.62760705654
-0.591704179838
0.999164016244
0.156753134845
0.353594050546
-0.95914986066
-1.7898568249
1.17430152567
0.421469693745
-0.227896325521
0.67784956397
-0.618937653372
-1.10577504805
1.39661113766
1.6434621519
-1.11085720816
1.89252115276
-0.783130300055
-0.720661796188
1.28610562181
1.49531697538
-0.682523195262
-1.60208356324
1.22777326198
-0.923548720849
-0.0115838268455
0.903723029578
-0.35549523398
-1.4570783237
-0.964549863949
1.12978183114
-1.81864276971
0.749459114232
1.41492730936
0.80892040791
-0.652471492079
-0.846651493651
2.90958809285
-0.15156424338
0.957084916047
-1.35745132354
-2.36217051506
-1.18012089928
0.326308808258
0.673184184683
0.649635862234
-1.07961049921
-0.326952667333
0.665459860417
0.206835569358
0.775198739194
-1.15869009355
-0.366182956728
-2.15396090439
-1.9128761769
-1.02646224087
-0.299161053743
-0.288819128545
-1.14278177318
0.0800684581796
-1.02338006892
-0.147182417021
1.66744909687
-2.43222915998
-0.713408926273
-0.118211066605
-0.286692081524
0.841918722094
-0.218473659756
1.45245161814
-0.448039266399
0.224728931294
1.30600388947
-0.876520466695
0.471179134303
0.283207561351
1.15013749324
-1.17163923579
-0.307918275591
1.40603014395
1.25613485692
-0.488153704614
-1.96658638845
1.08840130533
-1.02759509112
-0.267029758599
-0.116258275563
-0.761736184485
0.0682192068934
-0.668276593541
0.588529661377
1.21052599838
-0.10244603805
0.711879408544
0.821508071681
-0.635376366978
0.164771708512
-0.941117903461
-1.2806120852
1.41463485931
-0.733130851733
0.693325888413
0.199358550477
-1.00388660191
0.19511822999
0.792654717093
0.0901040389851
0.535916711125
0.835930457931
0.332942436886
-0.359788651697
-0.871439987929
0.0298564656918
0.369447207816
-0.926057638563
-0.433010799429
-0.450253723896
2.04081581935
1.42820693681
-1.00460442699
-1.06237382144
0.378917606231
0.21946303728
-0.506898565242
1.53608721357
-3.09715485684
0.513280880216
1.36452758605
-1.78963402124
0.566814492864
-0.979605551123
-0.221444104031
-1.64002439832
-1.12357213587
0.107835655724
-0.322504387662
0.822389322339
0.131686012367
0.501363949918
0.790530637502
0.384488470901
-0.532711774
-0.595677684649
-1.98251443086
1.09199205659
-0.32378004399
0.64842631606
2.42683810212
1.10405999114
0.180126251684
-0.569281570402
-0.0776044257645
0.128258280783
-1.61375588334
-0.0895677817218
0.946319763187
-0.699390290053
0.255814492717
-1.05322643769
0.842640514388
0.480497378019
-0.493540010485
0.823713698627
0.134387902121
1.21586077969
0.580021281618
0.367591930362
1.343323161
1.1626966846
0.098326929001
0.331262599196
0.14301147969
-2.03124204
0.372724165118
0.75927255067
2.22647651532
0.383462524042
-1.34509423098
-2.15169921989
-0.47052793499
-0.578219296729
-0.414793365096
-0.579101525217
1.1363779121
-2.1311463047
1.17528015258
0.556768320678
0.697133595117
0.234933096701
0.483182085918
-0.338053852453
-1.0071788294
0.317281855345
0.856181908615
1.43222579797
0.958765469211
1.16160939352
-0.165365845942
0.0647962762307
-0.938973387413
0.0591011646151
-0.54859277875
0.701159839223
1.06767510991
0.426338872105
-0.474649565387
-0.0865016196187
-1.1432133602
1.01200476226
0.635940084037
0.402516680118
-0.225178414874
1.31388837133
0.892256665712
1.51579241249
0.263445082692
-1.34848484972
-1.41419052389
-1.16730048322
-0.00497936880058
-1.39532319171
-0.303750220907
0.834422825401
-0.899432955751
-0.0527348149318
1.39798687
-0.693876756358
-0.884255257272
-0.778921916152
0.462899211513
-0.6874732054
-0.082920315566
-0.0617371433028
0.371012908163
0.509517767451
-0.444624274863
0.529401614007
-0.5805568757
0.0278590407023
-1.32855223884
0.0190231561148
0.74341588831
-0.299648963946
0.461292839369
0.868865238801
-0.132519383688
-1.66102424124
-1.74536337995
-0.365408694408
2.1518020681
0.294660354487
0.339477468477
-0.770379034008
-0.659334982624
0.75584421809
0.585391568002
-0.0323247104178
0.126598755173
2.5439340365
0.172786755044
0.0355638685476
1.98834406582
2.34749626075
2.82311612227
-1.2895996137
-0.109521946995
-1.63691441598
0.464240796865
0.244438740118
-0.538113105549
-0.0501591206693
-1.19886647184
0.0859170760273
-0.00247896122528
-0.412272347117
-0.956806635191
-1.44138416407
1.95924236339
0.526225290007
0.611287482545
0.525655012264
1.23137640205
-0.0423897715604
0.439031826749
-0.383943926341
0.799690418593
0.411385881651
-0.0503307137381
-0.460508626277
-0.666198695814
-0.115443856615
0.543423719682
-0.216018860186
1.4519446884
-1.47380579249
1.56970812599
-0.652562619399
1.32021525761
0.356281649096
-0.628445597334
1.28496419861
0.86615827466
1.40407873909
-1.75238607691
0.746390668353
-0.843397614539
1.08061943823
-0.665307763278
-0.0379256628991
-1.6753329299
-0.703735891339
0.807909270884
-0.0388101182476
0.0635394334295
-1.41137222017
0.628507638275
-0.753456225518
-1.23115755073
-0.230167695158
-0.146213662097
-0.401146404694
0.268906155884
-0.378513261357
0.0764973180964
-0.0135592259338
2.09979597596
-0.819771890139
0.209167033828
-0.15508293549
0.238257706699
-0.0402219777701
-1.25956456751
-0.144631354846
-1.71099446646
-1.18467252522
-2.66899895037
-0.867660135436
-0.814022745577
0.871009575075
0.105177827295
-0.138419598325
0.813441095258
0.297138526524
0.827536439642
1.33647084413
-0.271726731258
-1.30440923656
-0.371139473315
0.133703759088
0.0266215929511
0.131445641713
0.319520311608
-0.272425248391
-1.01047907039
-0.395498995638
0.740704754021
-1.21259022659
1.49982853594
2.41924219158
1.94420728288
-0.267238597861
-0.632142006808
-0.271456485491
-0.98941983643
0.356683796054
-0.156329899605
-1.52064684315
Score: 10