3
44
10
3
-0.455720060905
-0.860628727754
-1.32210746229
-0.865322042687
-0.0813305873997
-0.658431719434
0.812719145238
-0.0750084429416
-1.04419022814
-0.00564995278984
0.929091120701
0.564449988748
0.414100749941
-0.316523327731
0.158207352625
-1.05371995654
-0.206327284023
0.210861513822
-0.742620555002
-0.0456855632351
-1.31261974991
-0.18928878869
-0.13619379674
0.705147369966
-0.137312782642
-1.70133678824
0.629679745842
-1.14953732593
1.46021794851
0.757426295144
1.37568707096
-2.63894096176
-0.880552366954
-0.853239600899
-0.234151893122
-1.32147320379
2.10711635383
-0.714131254866
-0.189272326795
1.80524610246
1.22125834357
-1.46255422283
-0.764708165697
0.568054955225
-0.155809388952
1.22407261546
-0.918723727495
-2.21068995151
0.276013069246
1.03305013292
1.16908890782
0.459417587359
-0.119693341468
1.0941841109
1.77956505005
-1.07682884865
-2.88571588249
-2.47085072792
-0.548527242719
-0.416167177607
0.212805013572
-0.599076880418
-0.832738355486
-1.23752164598
-0.990363040203
-0.496924898202
-1.63348259432
-0.0945506053563
0.0575763110328
-0.475320585007
-1.54526684383
1.36711252046
1.51583909476
-0.473730135295
-0.556534422795
0.118101385518
-0.672476923784
-0.625795524664
0.129616733023
-0.423150278447
1.76797516501
-0.370453289137
-0.570481862488
0.173243142693
-1.16650487417
-0.645761961587
-0.786833105746
0.0193478013428
-0.339730066394
-0.711395806734
0.747858493949
-0.42885578803
0.894340950387
0.522194589725
0.605701903356
-0.648654879111
0.983533760185
-0.0748420060502
-2.09181757549
-0.895346074679
0.963302263649
-0.61918183324
-1.71426996037
-1.34550144152
1.55496153445
-0.0117210383157
1.82388590808
0.333034450043
1.329180935
-1.16673958044
0.168681338809
0.234561678397
1.32283617699
-0.323339943209
0.238210454506
-0.500404572284
0.975503518269
-0.751448799438
1.58194184685
-0.930290810469
-0.94003966827
-0.48005156873
-0.227482468552
0.426684332926
1.01552312211
-0.43347542268
2.22035787951
0.553173351476
-1.2052947008
0.511780953175
-0.175317901029
-0.495465028696
0.388872135619
-0.342796975254
-0.0650503703869
-0.532927506747
-1.26059482517
0.463786400628
0.749038965189
1.18882693216
-0.600089863925
0.791950588059
-1.63911125373
0.673779931559
-0.312368848327
-1.11510518197
0.325708874772
0.820735467737
-0.0967521017451
0.414228764926
-1.53652167262
0.80225650849
-1.73421976352
0.699310595255
-0.309099481493
1.67218211668
-1.1389010501
-0.271246917929
0.360047198064
1.67170263085
1.27766964616
0.0781361816209
0.230387942151
0.207208009542
-0.851533847238
-1.12023796235
-2.12291845092
0.185069694128
0.455038206987
1.21336145603
0.860884347231
1.05974615221
0.0103749309302
-0.155333234234
2.70106967248
-0.227840453744
0.10397095011
0.663857518472
2.13012274932
1.48533857145
0.00334953754689
1.93841979313
-0.405115326771
0.0413700586604
-1.97212805331
1.11980829142
-0.452168388552
2.1277712766
-0.334050789808
0.485293467639
-1.56966927335
1.01890226208
-1.7140306811
-0.518949971001
1.3918713677
0.0587145446193
0.0422007020114
-0.159064414089
-1.07540239395
-0.400476833494
-1.00558929829
-0.811255346359
0.901553745589
-1.59016662453
-1.03655181695
0.848861036711
0.639308950124
0.557026566698
-0.851076933828
0.38749498841
-1.03931079849
-2.12446735463
0.378610653163
0.636978601474
-0.232721615773
-0.508353492154
-1.19196008871
-2.46170246203
0.399216112295
0.723816016849
-1.40003425895
-2.52582203922
-0.299865561389
1.6373191242
-0.343519526899
-1.11479863453
-0.209359569108
-0.902006134069
0.272834137891
-1.11947898977
-0.625747694935
-0.29046896495
-0.731471943115
0.635700883793
0.260718491281
-1.88158476772
1.14484753657
0.193199988994
-0.877228012462
-0.469998326456
0.400752006762
-0.691739037496
-2.81790822033
0.683340718206
-0.121204575619
0.27897652552
0.689189638889
0.376822907355
0.856579799314
-0.138967397574
-1.3856179663
-0.881246626456
0.669137310944
-0.946522341893
0.0847203710757
1.54576024045
0.68787842436
-0.202432346907
-0.0125793286712
0.330288736148
-0.600926494795
0.16037061449
0.982586670958
-0.128353716504
1.18765030899
-0.972107334927
-2.17328514147
-1.77591399908
-1.35459740672
-0.278429823896
-0.358195869833
-0.0979046935057
-0.173528585487
-0.613698586795
0.342332772087
-0.279426084613
1.20610391773
0.0469323608073
-1.48335417191
1.67792255821
-0.305340905187
-0.244830032002
-1.98498816602
-1.16001825736
0.570997795808
-0.358884381188
0.909663887243
-0.16308644369
0.644839817357
-0.839141196284
1.41936967679
0.936163961699
-1.39996456278
-0.516573089074
-0.865938063345
0.621263126705
-1.16314596833
-0.129624880969
0.343288192695
0.573177174066
-0.481750610017
-0.0717899033077
-0.0771751481492
-1.20311657774
0.117605244858
-0.443942283994
0.143121980637
0.404435890086
-1.22323068696
1.4260209128
-0.978279717036
2.72481028871
-0.719365171057
-1.60975553137
0.326798133639
-0.103496756293
-0.0917281598888
0.925546180381
-0.431916856592
0.745126957048
-0.21196913538
0.45938733411
0.0048174153088
0.513092892368
-0.49467334847
-0.641809180085
0.682394288849
2.00695287114
2.07154099382
1.3284439947
-0.398909841109
0.191492813124
0.0388319185425
0.152315611278
-1.0228826025
-0.906145026716
0.543465342931
0.242826383929
0.845203239487
-0.561835706994
0.237148146181
-0.460807111681
-0.209885688301
1.92821778165
-1.06848277264
0.231333636039
-0.209395897208
1.08533331522
-1.30844120233
1.45687714479
0.249460681955
-0.802012687832
-1.30843168828
1.2425971846
-2.21666534366
0.343817337313
-0.380811698176
-0.331382678415
-0.439641479745
-1.61271799608
0.53714666162
-0.217631792079
-0.0331674844758
2.01696064551
-1.53806450731
-0.394871287969
-0.373022735566
0.923210814095
0.801154052295
-2.25368273872
1.14952591458
0.0978425390541
-0.498404255486
-0.394133631562
0.569254892096
-1.5153974346
-0.574993745123
-0.813382200846
-0.0817853944494
-0.330779917453
-0.548657276195
-1.92869654649
-0.616024179608
1.40043046348
0.442042168026
-0.841414573084
-1.27018367348
0.543869314862
-0.561807114443
0.359851176886
0.704483478486
-1.68906918932
0.0292372737805
-0.342202744633
0.779610825422
1.29933241752
0.838047494467
2.01359539307
-0.221067143458
0.867117226307
0.0686834870983
1.79510682109
0.922078789923
-0.870725627637
-0.884101108152
-0.478574045352
-1.29832203903
0.717045135343
-0.75967753371
-0.318801270545
-0.184985225635
0.509320938763
-1.78878245438
0.99515584077
0.144414774577
1.24240716277
-0.0898588641565
1.12149996613
-0.870088943783
2.04860071
-0.54056606079
-1.21979335583
1.18092947154
0.0977812897207
-0.936717782925
1.0193754426
0.972328791852
0.0648564377815
-0.816995440268
1.25749827758
0.276964935786
-1.70849820962
-0.490005681592
-0.0619164721326
-0.843886221413
0.163389443971
-0.0102749631863
-0.0877204255566
-1.06840397834
-0.285412895447
1.16174366064
0.0498904031153
-0.13991124291
-0.18473631436
-1.15580022994
0.112088585099
-0.572818178663
-0.494311130745
1.20987110668
-0.117292131534
-2.24096160188
-1.3933289375
2.0487801153
-0.706913239215
0.970861514775
-2.52344483891
0.0481967370126
-1.04739299709
-0.0623712022919
1.45390788707
-0.245103790739
0.373319753656
-1.0427371446
1.0092736655
1.78016302978
-1.40739465036
1.87275073608
-0.780041431193
0.45602367443
0.491377270199
-0.816814946142
0.51905287231
-1.42872668808
-1.05390160634
-0.0976257383101
-1.06807937091
-1.0659872465
1.22459811803
0.745556621009
0.125397089383
0.940814012433
-0.459901059693
-0.821956649728
Score: 13