3
44
10
3
0.100278749654
1.52080745798
-0.568191078178
-0.872488242056
-0.376162380333
-1.63475993059
-0.0238457395723
0.617125935476
1.50248420237
1.4615230458
-0.771366308631
0.767160883899
-0.0937370084739
-0.802485850188
-1.72574774235
0.0175096826817
-0.249023900039
-0.0602080268835
-1.22359994608
0.796572989652
-0.169410310026
0.789221413027
0.383591637196
-1.09404498997
0.410469762137
-0.475201311122
0.568653002806
1.32138791498
1.06228267743
0.973483360437
-1.75847533857
0.43819633129
-0.530585833354
-2.00749927133
1.38099603875
-0.224528012026
0.242333234421
0.498668377113
-1.25971132406
-2.48604987646
-1.00031749705
-1.62954299056
-0.130925245843
0.0581863873907
-1.56877080467
0.582157313996
-1.03072927344
-0.940323877674
2.56536108523
-0.961213903038
0.601261105013
0.339133550733
0.20911197592
0.744604468113
-0.870083299
-0.153960590082
1.01828110078
0.0838429858988
1.55580672632
0.421400286857
0.861991053668
-0.992716727038
0.618394784221
-1.28877879131
1.35560714526
0.486119931225
-0.0788122222754
-0.819787620902
0.354498836081
-0.288569523222
1.38830055639
-1.65421627235
-1.59651197692
-1.10051624345
-0.293046769877
2.08812650529
-0.599960896395
0.0568924069858
0.359951925356
-0.375451097041
-0.343117736291
-0.463971434199
0.83971351443
-0.10109713505
-0.0237206958946
0.0516129483867
-0.988563571866
0.512658221597
-1.31861032584
-1.83107955197
-0.192746074775
-0.492752524464
-0.125182859429
1.88379603194
0.13229593586
-0.83671721837
0.761058882016
1.78661808035
-0.19473324686
-0.296882953561
-0.486741172301
1.58717654729
-0.453601469748
-1.25578743686
-0.971973753084
-0.00863418748086
-0.162804079157
-0.214583498335
0.939369232481
1.38089926092
-1.54370191647
-2.70595617042
0.370490603616
-1.05113257751
1.48252498264
0.78392859824
-1.50892546589
-0.893426978547
1.0369604385
0.0783475881114
0.454709710182
-0.927950910938
-1.70614611242
1.27456223495
0.196013421585
-0.310664936049
0.553715067172
-0.563865827149
-0.976809918468
1.20721503249
1.21070818655
-1.28521993712
2.12261276775
-0.947698135158
-0.442666704453
1.35969179012
1.42389784491
-0.49336283684
-1.72164063287
1.26451222644
-0.835236464849
-0.243079336932
0.926853103149
-0.57056764028
-1.45904023547
-1.09233700875
1.00763073274
-1.73661620801
0.593983720514
1.37287845325
0.891810494955
-0.588353834295
-0.886076847211
2.81194379797
-0.111880731416
0.752530372565
-1.62796425908
-2.33845423214
-1.38276042383
0.146229517519
0.539970777208
0.639456239072
-1.12316048714
-0.152178967291
0.664104586646
0.0891876122711
0.825054381985
-1.09613714698
-0.134379072063
-2.01514758112
-1.98646593621
-1.01780602786
-0.330052399725
-0.24752220393
-1.21554761989
-0.0966249168877
-1.155236784
0.153226670908
1.8314261023
-2.62043550742
-0.598790617291
0.00815446436577
-0.258642282488
0.886611946309
0.0243269482012
1.22930998028
-0.329219913002
0.356249902692
1.24950151965
-0.634975768386
0.328935761989
0.145401583035
1.16841314394
-0.975067082371
-0.351299177249
1.47340956926
1.21575505754
-0.628901819428
-2.03868913232
1.07788383687
-1.14179644004
-0.232824958199
0.0451019644572
-0.875324129628
0.213715267154
-0.563344398059
0.805387649363
1.09630009505
0.0685760560909
0.836432185981
0.672859310507
-0.680155473922
0.339034930851
-1.23854637051
-1.23201750434
1.6196106653
-0.875275251591
0.866491482136
0.316247393199
-1.16584612057
0.123856417696
0.964142987885
0.306910254546
0.554951615513
0.683655869337
0.459231263102
-0.511536290601
-1.01153529333
0.0516830439156
0.417581150188
-1.0539384282
-0.437738798905
-0.534542817428
1.93809707292
1.37874790132
-1.04540687004
-0.759030919381
0.576793888838
0.163399377676
-0.314799150095
1.43309028178
-3.29848935124
0.558164811124
1.34362776966
-1.67895645885
0.576123368958
-0.878858871415
-0.366503054805
-1.6829999167
-1.06269813351
0.149683497232
-0.272022227348
0.766620561848
0.159610168286
0.533796366363
1.01590494976
0.498713462662
-0.372311802819
-0.427712299189
-2.23754805597
1.370779365
-0.377346660605
0.562911271592
2.62569225142
1.1160397828
0.288904689364
-0.424685791973
0.0356074367677
0.0702343798435
-1.73086678398
0.0460090088528
0.840997081473
-0.668185029022
0.14137965355
-1.23681058746
1.07823140846
0.417790698649
-0.536514259538
0.818978842166
0.177914607931
1.2130126291
0.71255287131
0.260906618154
1.3621284437
1.2448642616
0.0295168481494
0.285877371399
0.0759378525779
-2.11552660833
0.258187773473
0.707305020494
2.03810246587
0.608605086626
-1.40636039363
-2.3525978208
-0.485717500834
-0.649763540865
-0.388667460125
-0.584282898749
0.958615384809
-1.90815162304
0.987372142412
0.487001823821
0.641214339975
-0.0188864006196
0.57949179839
-0.442771822534
-0.958646062362
0.0172367335637
0.982315398045
1.43354201013
0.942402984622
1.37248775439
-0.0458951696932
0.100212991931
-1.08085359943
-0.0362670793058
-0.414866025867
0.874399654128
1.16397297251
0.480093228076
-0.386890728419
-0.394049735448
-1.40066899103
1.02649267436
0.490248529308
0.556128585407
-0.288450824993
1.31165715858
0.901943545267
1.45701981673
-0.0254522103437
-1.32352572659
-1.52710650823
-1.07601646877
-0.0247377406588
-1.39360907973
-0.412258758112
0.930031754972
-0.938674096656
-0.0535304576265
1.5349205257
-0.829456422771
-0.753650970037
-0.650482255337
0.428082926957
-0.783020743741
-0.00525853354866
-0.0281669490448
0.319915284993
0.73024173162
-0.519547717416
0.686681586164
-0.557478194558
0.0945377249183
-1.33974209611
-0.00940771156729
0.868023172197
-0.4631891376
0.440610246244
1.06407995273
-0.234972701513
-1.67059410909
-1.41298509132
-0.303637216256
2.23328048248
0.114620724499
0.686065394899
-0.991342522089
-0.794026704836
0.928629482397
0.572298409573
-0.0637865651893
0.0130691312172
2.50961927496
0.11400896786
0.150040983707
1.91005737168
2.69066594273
2.92701346381
-1.31058369226
-0.155757457496
-1.73045579212
0.429874996299
0.199916257155
-0.651672935086
-0.121188042278
-1.32368987508
0.123568911103
-0.128752665565
-0.533697937568
-1.07223271528
-1.35589944772
1.81300036512
0.623325607463
0.574479071746
0.604086471122
1.1700120415
-0.0756555036004
0.411680682105
-0.388276254656
0.860127373341
0.482951152606
-0.276924123409
-0.363499902116
-1.11178156476
-0.155790687153
0.586177638698
-0.212693226929
1.53814831246
-1.47137239146
1.53808663522
-0.702468858636
1.38808475559
0.402087223584
-0.697527225961
1.42025257312
0.637281378058
1.44044757178
-1.62112064992
0.761014190456
-1.07936353856
1.11102823326
-0.621982101666
0.00746572031617
-1.74951631041
-0.684124012714
0.680521558247
-0.0285005906242
-0.0122325772642
-1.47883498134
0.54920350752
-0.619272451314
-1.02448413071
-0.111049836394
-0.225427716946
-0.430199323468
0.243542256378
-0.373442121118
0.154299196231
0.0680080629084
2.14641003377
-0.783402821081
0.0903026213297
-0.03927263688
0.601864114793
0.0871562728547
-1.43340393499
-0.306783958805
-1.63970139408
-1.06221370339
-2.59358438642
-0.848526469687
-0.743952612784
0.931333273463
-0.0120024155805
-0.206587485255
0.401358537482
0.330408323233
0.78853314
1.32539287892
-0.280660152951
-1.62675495469
-0.303891961764
0.302798319649
0.0287460830394
0.0154245973342
0.230239739361
-0.210929648898
-0.995909656269
-0.234031470359
0.642253892299
-1.24343161573
1.21886861327
2.44978638589
2.26237097043
0.200914356086
-0.513688790178
-0.381064200817
-1.18287921794
0.356938156304
-0.119118129321
-1.3686932687
Score: 10