3
44
10
3
-0.777006602078
-0.717627296382
-1.52161621673
-0.740385897841
0.047021122269
-0.590024259459
0.687212448147
-0.138438420076
-0.992467596654
-0.183871222987
1.06977118996
0.360315949374
0.300986425655
-0.264222092326
-0.110129891466
-1.15243425898
-0.663017512406
0.367094186342
-0.791925249885
0.267112335793
-1.16176940342
-0.008306964598
-0.172919683693
0.457993613352
-0.139626842664
-1.91386724359
0.468123209238
-1.06643732668
1.3850738676
0.765068895746
1.28300210657
-2.50161946525
-0.876133456117
-0.760047821158
-0.22285616732
-1.32765949376
1.95327682883
-0.7089195468
-0.183430715941
1.65054455328
1.56645346462
-1.17619773507
-0.900111766274
0.807101385598
-0.206901568321
1.17857438403
-0.629130901321
-2.06914813768
0.321488248329
0.889030471854
1.02066734311
0.531443782519
0.02600886455
1.3709143554
1.67110791745
-0.708807423697
-2.94040326669
-2.33935389779
-0.313333085503
-0.397421189607
-0.173739613565
-0.549299859051
-1.08840386121
-0.913594279185
-1.03150786417
-0.455665154793
-1.65833951225
-0.0360726083817
0.434858221787
-0.705066157883
-1.49511884999
1.31707706092
1.77824867721
-0.436699544607
-0.296676329711
0.256320562892
-0.525436161303
-0.579223529567
-0.0906409014348
-0.376027500948
1.69882547906
-0.323543734383
-0.29962566737
0.125878122674
-1.00286084612
-0.819442008693
-0.430066228213
0.0742462780096
-0.269928510241
-0.876658788116
0.639835619123
-0.394657889039
0.884954892961
0.404968252099
0.643591048773
-0.527090919035
0.834982709462
-0.150354543472
-2.21760707063
-0.829985742199
0.686271135173
-0.400530874281
-1.65613850169
-1.41383628373
1.76651377947
0.272571379916
1.7152597004
0.556544059961
1.49115689897
-1.21008863951
0.209825309142
0.184726299924
1.38924436437
-0.441575972117
0.156997751568
-0.294570733634
1.19109784866
-0.638364561844
1.52378533484
-1.052940842
-0.919565660529
-0.484809208765
-0.409979177348
0.249537300271
0.867264516159
-0.602945865217
2.00119388617
0.326989478833
-1.3306563074
0.711564059065
0.0222419877549
-0.451358272503
0.488272514207
-0.361455316943
-0.0766460314801
-0.398887369221
-1.25030916765
0.703395700214
0.857221178745
1.37809214864
-0.716555638955
0.804830836219
-1.46259292729
0.367043966175
-0.430372524811
-1.33358449451
0.551992485392
0.675519506471
-0.0875909109591
0.473097542841
-1.36840130015
0.777541377614
-1.98419756795
0.679138885339
-0.538972151665
1.58463018673
-1.3385846663
-0.481173504402
0.418687661083
1.80808869694
1.26390881132
0.242461845349
0.105794724563
0.30552114577
-0.588817970414
-1.24369429953
-2.28341350481
0.311781990271
0.46142853401
1.11741441137
0.671937659491
0.945073019068
-0.02593277193
0.127703886667
2.61580563202
-0.270426754406
0.180538136853
0.801191542001
2.14919914193
1.60656490388
0.0394038445187
2.02287388633
0.127000298697
0.00729930770262
-1.91542512882
1.35758322632
-0.298217053035
2.04333629054
-0.256005485396
0.762886793072
-1.60702286529
0.744836512327
-1.69551727594
-0.316140131399
1.45073498728
-0.363703565912
0.19894185999
0.133464771736
-1.32518980003
-0.520967274949
-0.863079053963
-0.784539201841
0.732140199785
-1.52374351661
-0.896814004716
1.11293305842
0.748376583585
0.352075802821
-1.07214381446
0.355851811221
-0.993740946325
-2.1090303917
0.450740648534
0.685896605777
-0.410056663909
-0.620326779021
-1.18509864324
-2.34885416447
0.454829492712
0.402421413272
-1.19666285358
-2.61401097743
-0.464964232785
1.42369254258
-0.279449936337
-1.34257075851
-0.568450537327
-0.767152734368
0.0913422630395
-0.931258301507
-0.654017967673
-0.0832580326386
-0.678538873244
0.47743867334
0.428260710767
-1.70504285908
1.60822715111
0.310141457608
-0.616996099606
-0.394773222698
0.399625844271
-0.529173479265
-2.90481768347
0.745927751444
-0.260951407952
0.0719350587088
0.694835418163
0.288134621825
0.664866783903
-0.309644924229
-1.57503004403
-0.839127823061
0.531146337529
-1.28446214423
-0.0485957399011
1.28290099939
0.686841098284
-0.410288522701
0.302511671072
0.252174847228
-0.731066784447
-0.0160238106984
1.08049462284
-0.0602479686697
1.12781367294
-1.26374649949
-2.30866155003
-1.96158916039
-1.35665250237
-0.340523544152
-0.401589216312
-0.156276979247
-0.146267105546
-0.606347352242
0.222784218806
-0.36662083389
1.4876802182
-0.127698760046
-1.54129630193
1.43971873358
-0.246719713678
-0.165673947178
-2.02276382428
-1.05542181872
0.6834948364
-0.418275316515
0.814138312873
-0.114023831651
0.470490654079
-0.881444100068
1.62365855371
1.03930503976
-1.32051831931
-0.400343759032
-1.10910813909
0.856982322451
-1.14671132801
-0.447917475214
0.689538534313
0.575593011282
-0.196398114698
0.0393008204563
0.2026189606
-1.24642833016
-0.0328268598987
-0.166194602993
0.00472024302827
0.591490323049
-1.4614221894
1.36395739918
-0.809173342621
2.49137361141
-0.873567664325
-1.77982711608
0.0969691993878
-0.200371276833
0.000866671117904
0.57955631896
-0.237847982241
0.885761487697
-0.165424054331
0.552910816304
-0.28086427459
0.50110704544
-0.271975283635
-0.52044892667
0.528367602906
1.87039267529
2.16323449688
0.974199355445
-0.644152943353
0.291805665098
0.307562759354
0.169175220916
-1.30198636668
-0.891027103784
0.588609940675
0.383546410502
0.785082071304
-0.516544210901
0.123020182617
-0.361750900831
-0.274724075969
1.74245274729
-1.21082369225
0.347394109871
-0.187412487751
1.02003159856
-1.20618755472
1.60888407402
0.184417126215
-0.780816564528
-1.24056280649
1.14319896273
-2.1527773448
0.307331824734
-0.516358996885
-0.178375799795
-0.420988648558
-1.51535424121
0.60250799231
-0.406030193714
-0.0903711513627
2.12790606924
-1.51328970249
-0.334786879597
-0.455162221866
1.23347026782
0.777123492946
-2.37913839341
1.02754508908
0.22146145211
-0.438603934477
-0.348386808167
0.432992807892
-1.77356642047
-0.85304570563
-0.743293517987
-0.177591374448
-0.37678900519
-0.847935844636
-1.7942436232
-0.38670322559
1.09377689423
0.403010897082
-0.400047670882
-1.18933035802
0.429182918367
-0.587098038491
0.115179227249
0.422853127684
-1.59573458976
0.0621796422077
-0.0729478489744
0.733092174609
1.39600225429
0.977399696973
1.81834221869
-0.723509501844
0.954059075625
0.330159942482
1.78518228535
1.02888140192
-0.754345168284
-0.969442705503
-0.350264427859
-1.20401630479
0.740394007899
-0.507041645069
-0.105301267797
-0.180811769568
0.176737216302
-1.3066388229
1.14221457924
-0.203382860524
1.22377798251
-0.0768196036726
0.950669848637
-0.78620221014
2.274222716
-0.607549500014
-1.19154507005
1.10737335546
0.293301225883
-0.991697936416
0.983794895817
0.764360839843
0.0423798291143
-0.821039893838
1.16294638871
-0.244990455962
-1.41896472133
-0.22445622803
-0.126263512326
-0.617733034312
0.243040140436
0.152092110746
-0.073433720852
-0.981674837965
-0.348827152134
1.13284582879
0.0638889610488
0.0776483102669
-0.0662047300111
-1.43310836329
0.118222605875
-0.493991335959
-0.523156315861
0.979898752657
-0.348823420704
-1.83339676479
-1.35701457547
2.11146988185
-0.844485946559
0.95621071773
-2.59386826084
0.23591633354
-0.939336475123
0.0932303088584
1.55832389894
-0.0576942886823
0.513810250181
-0.952182800678
0.834847259533
1.86601063188
-1.43187537544
2.15778557329
-0.616361945389
0.521476728265
0.3698496529
-0.97781201454
0.673469973839
-1.15147886885
-1.01158250864
0.0263405571251
-1.12153621091
-0.792276579631
1.21976557114
1.21863133719
-0.0614736026619
0.873470980883
-0.287546851985
-0.850615889573
Score: 21