3
44
10
3
-0.82355992077
-0.757954161567
-1.45489028353
-0.673400478038
-0.166878344478
-0.585197512767
0.736604320747
0.128805443786
-0.947766715586
0.0710424876406
0.860533030508
0.597602888278
0.349155254672
-0.113701993758
-0.127993696084
-1.1299356602
-0.443270280072
0.375659259845
-0.562486614673
0.203153822142
-1.45667510753
-0.2008196043
-0.238229645853
0.279162882176
-0.316237813176
-2.15741672894
0.423019927918
-0.894920398961
1.20465830384
0.538417339612
1.24357392551
-2.57264117147
-0.665854615539
-0.988143349192
-0.271533069512
-1.34858811866
2.10123781421
-0.524038696172
-0.118802092579
1.70227079187
1.22881117337
-1.09341737918
-0.882302946031
0.688986724007
0.131117498985
1.11337578422
-0.910722941236
-1.82415096298
0.117642132237
0.965391737704
1.21195561575
0.495623807518
-0.234066548724
1.27469302334
1.57218521527
-0.872746490279
-3.11158783517
-2.24413479906
-0.305112116485
-0.124964133357
0.0278500438758
-0.603126398585
-1.0434016621
-1.13772532923
-0.759143361096
-0.474360464936
-1.83547930951
-0.115713638918
0.123564388695
-0.632657625107
-1.25799544126
1.12988602262
1.40734222079
-0.434394939452
-0.435331059702
0.265931438596
-0.715534816667
-0.524847556877
-0.0558516995485
-0.45968808116
1.79011246135
-0.399221862583
-0.531166564238
0.384547049331
-1.1165668958
-0.983012374742
-0.553844966201
0.172770495734
-0.163517823705
-0.735773304033
0.791501551388
-0.371033773026
0.848410326888
0.322677953492
0.697147966238
-0.548371650029
1.06284878619
0.374618862651
-2.01927349942
-0.99066002689
1.00607328752
-0.354264147964
-1.58397613172
-1.39518785603
1.39810323182
0.219819629494
1.80206774394
0.423669753862
1.57460553361
-1.2560241435
0.0159166954124
0.36575333121
1.45064891673
-0.413127857029
0.21346451341
-0.508574652896
1.19108244329
-0.580683913127
1.79929830919
-1.10035363062
-0.752138815198
-0.383596795469
-0.287691786802
0.330572961909
0.843738931642
-0.673645252834
1.9201066185
0.248619083429
-1.19362094602
0.4997236739
-0.26532673556
-0.431362937234
0.353512214117
-0.521383009613
-0.244197759571
-0.516738095336
-1.0800870924
0.558656341092
0.757612141002
1.2057162339
-0.611290602594
0.533929893605
-1.74459742003
0.80204096083
-0.0286638377655
-1.26321584838
0.305672817454
0.846911856452
-0.13095924798
0.185695445866
-1.50841878783
0.708747783375
-1.83790596112
0.617222819629
-0.480079922018
1.77298410004
-1.0799578337
-0.453728601387
0.161717056225
1.74282183109
1.08574170201
0.430407184099
0.347326077129
0.308363729166
-0.733756853978
-1.08950715021
-2.08990485439
0.390688289963
0.397048206899
1.13684742039
0.739955747625
0.810036060022
-0.141404720643
0.0401670041665
2.63022531552
-0.24191912152
0.115175140398
0.832178943375
2.06664282668
1.32713353072
-0.171587150323
1.88636173154
-0.291885770448
-0.0032199119078
-2.01436643775
1.6269238747
-0.309074177553
1.91938601971
-0.384512463053
0.430628987822
-1.46157943363
1.00351680423
-1.66342311124
-0.684385387272
1.60033150394
-0.0267752422937
-0.0094366020734
-0.136667187274
-1.16211856084
-0.313663233915
-1.19370287401
-1.0481596252
0.780001106294
-1.58013481678
-0.757960027569
0.701906298062
0.612493321096
0.53005686613
-1.13103571166
0.276915149562
-0.944354179031
-2.19669846761
0.456455891435
0.765450734463
-0.423462793011
-0.557161006444
-1.2975380792
-2.03246599946
0.645765272111
0.50367263781
-1.50930393115
-2.44216902018
-0.299752172528
1.42205212563
-0.531582027329
-1.37230575943
-0.201822783243
-0.818492973069
0.455007035717
-0.791821090291
-0.714159462845
-0.423268956596
-0.671566380102
0.499334421613
0.128179977242
-1.62160297875
1.52286245806
0.038972452482
-0.992863320063
-0.38896460416
0.550506424593
-0.568794285925
-2.87463512076
0.802044026755
-0.229932988034
0.281638438364
0.681056068407
0.150627123652
1.06667732149
-0.438766407867
-1.67193555875
-0.931300770307
0.583006032264
-1.06998510448
0.0753382956067
1.16852393711
0.826808728722
-0.11541603768
0.27699815416
0.24010567735
-0.751916245859
0.154359399138
1.3152133544
-0.347680016249
1.07437370394
-0.905819385044
-2.21556210076
-1.8454543314
-1.45677290702
-0.167008983091
-0.486504964712
-0.202253409241
0.03797718001
-0.39727312845
0.242696312861
-0.410150104365
1.40866735375
0.00819636713844
-1.753063941
1.59755768007
-0.087089714681
-0.251897104922
-2.00362449607
-1.02303920202
0.474983668535
-0.629466787751
0.84747504458
0.130959874541
0.61429554179
-0.729324541329
1.48814058975
0.981735068555
-1.40095093293
-0.705329013752
-0.904895463102
0.748509297588
-0.841626442996
-0.332638940261
0.556925287587
0.473124746342
-0.33013700207
-0.119971049992
0.125792038936
-1.34314796735
0.127742801069
-0.326284581262
0.172868380081
0.444052336057
-1.26956434744
1.55127038939
-0.856255930524
2.45606394511
-0.623365795769
-1.77699075893
0.326745996503
-0.368094242412
0.0540905718303
0.689549318605
-0.47655137108
0.889098796376
-0.471024302894
0.308223084738
-0.0455925507164
0.534540777832
-0.198604408444
-0.630820546895
0.613861691496
1.58023657452
2.04868693665
1.08187977851
-0.263720171918
0.151255338941
-0.0632043163093
0.080864649949
-1.1070370218
-1.06518458048
0.673437058696
0.493700904105
0.892714784535
-0.426347956574
0.106379571378
-0.427744276274
-0.421197155735
1.84501832356
-1.33752786677
0.283916361484
-0.387326789022
1.04919388583
-1.12621483625
1.48497936578
0.24297253931
-0.841513862164
-1.19695689575
1.03315310381
-2.00211264342
0.22205182071
-0.750520567093
-0.069736860687
-0.733007576587
-1.71194514098
0.524511186968
-0.31597675246
-0.107520411417
1.97641704822
-1.48808488716
-0.241533293838
-0.52018733165
1.14588050728
0.735503897554
-2.10742773555
1.03245677213
0.395756126744
-0.787750746265
-0.524440789149
0.535938892643
-1.64625081985
-0.540223781285
-0.624446456723
-0.464731264199
-0.160349948102
-0.557232726647
-1.67374521535
-0.658702056996
1.04013098934
0.28589094125
-0.432647013274
-1.24655071189
0.417250383849
-0.282069955149
0.123199083723
0.565755539765
-1.784571768
0.0233272529309
-0.187147812461
0.753871713045
1.35552401103
0.878536985157
1.89349240975
-0.544252665489
0.813217691654
0.313820574051
1.54147149378
1.13516254825
-0.627872015455
-1.08325796884
-0.350428843407
-1.0648997578
0.869843750583
-0.607897421581
-0.15660997362
-0.181455349245
0.30003710161
-1.5729589903
0.942247352545
-0.21094819698
0.772198170141
-0.095480417245
0.893018351627
-0.885364312619
2.27965719143
-0.102494467618
-0.927746543451
1.39720994144
0.339637620748
-0.856548541227
1.32359653456
0.942105226941
-0.0732633641787
-0.985769655238
1.21954710637
-0.23250850031
-1.6168697651
-0.0388456904348
-0.197333188411
-0.553380130549
0.167057092566
0.112364034709
-0.24485665093
-1.16116066772
-0.28188744555
1.07159609576
0.113683982709
-0.350353863525
-0.0484659318068
-1.24808881798
0.124572282346
-0.709354822704
-0.629567857876
1.07520933392
-0.344388137698
-1.76784404377
-1.12697378776
1.87675061658
-0.771845797077
1.11480753283
-2.58310391964
-0.0296466941313
-0.687496133218
0.165687128518
1.68585648687
0.0133625160848
0.345767930718
-0.788346018589
0.821381210175
1.97608726552
-1.32779757463
2.04873879704
-0.492338383985
0.522045080705
0.662743521685
-0.951096514154
0.700058007052
-1.28194716423
-1.25299721276
-0.210099199013
-1.15004912467
-0.820236476445
1.34280523367
0.823876904681
-0.175757117188
0.884053119712
-0.446112739763
-0.960168507814
Score: 11