3
44
10
3
0.151422982188
1.60213682485
-0.420993755077
-0.901825029465
-0.372858798864
-1.52837493651
0.0960646406408
0.527944210967
1.37922118828
1.48578328354
-0.747884230599
0.684399309523
-0.03509087756
-0.506391944971
-1.68801961023
0.0689195125249
-0.247939616931
0.101038750036
-1.12040873117
0.679816745811
-0.202893961649
0.731826777962
0.62526321446
-1.20344065449
0.433699854068
-0.442323322218
0.341175189528
1.34233575081
0.953289123415
0.970352345801
-1.66880727786
0.381583268805
-0.575105915892
-1.82083954034
1.14737203244
-0.3943074091
0.262037052231
0.348538092188
-1.49794516826
-2.46141922002
-0.917458708678
-1.63045610018
0.182294450275
-0.0675924931977
-1.48764798403
0.477051103713
-0.895158596139
-0.778733447172
2.54008605516
-0.907901783525
0.446610043964
0.342630139518
0.429281480338
0.628306442135
-0.989395589894
-0.0892380538255
1.00686666828
0.0474643594508
1.64186255729
0.557820140673
0.89667199284
-0.820668868697
0.450757167701
-1.17222645997
1.27707175186
0.409777387699
-0.0171809982426
-0.791996807145
0.146035115749
-0.222963055605
1.42229431323
-1.85180973906
-1.6260381824
-1.20180582435
-0.505331050772
2.20879219198
-0.536823724904
-0.0737638029889
0.51284143945
-0.393026924795
-0.383755669141
-0.455637516788
0.768878022059
-0.21974937226
0.122287820667
0.420346843301
-1.011212747
0.621025925662
-1.10897095619
-1.85624635427
-0.21944590698
-0.682902771345
0.107243282955
1.9436294187
0.238882086798
-0.710330011952
0.280508624525
1.59400682154
-0.238300419321
-0.218385884721
-0.341712867
1.49021543386
-0.26424763242
-1.39364336288
-0.805371762478
-0.0392867054951
-0.144185016152
-0.324548009844
1.00396030934
1.25077450068
-1.39268567091
-2.71255413729
0.18449314022
-1.04018858466
1.67407460931
0.829673344767
-1.61293879173
-0.815182264552
0.892370987456
0.125242927229
0.434536637208
-1.02867554369
-1.70266671548
1.12070540079
0.34118218692
-0.219458577286
0.568883476943
-0.654226385431
-1.12347738353
1.20466733369
1.34128199026
-1.16461878942
2.0413031925
-0.754426861757
-0.573153995696
1.39928301968
1.40835366811
-0.493610001985
-1.66638516929
1.16687803584
-0.706877091531
-0.176775492834
1.01658603441
-0.455185809914
-1.4828009422
-0.87482321298
1.03614965932
-1.65189035454
0.587998656526
1.45508051148
0.776857699012
-0.394361823978
-0.993297244305
2.76671248787
-0.213371494994
0.806155688584
-1.64112309726
-2.40187719183
-1.13394380041
0.34479027053
0.67285997518
0.83343660196
-1.26841908443
-0.299550356621
0.501370943444
0.167443106468
0.758269796642
-1.08814304196
-0.134138442439
-2.06161939185
-1.94864389448
-1.08969516842
-0.425804493283
-0.376858855048
-1.32891132433
-0.0747173485395
-1.12394404832
0.0806900363296
2.06667946246
-2.43265765893
-0.610911476608
-0.0714284077574
-0.190973675892
0.715076528285
-0.206437206065
1.33270644784
-0.372458610731
0.670660940009
1.29111685179
-0.616390872868
0.268933868991
0.115937231306
1.24525283259
-1.14324132165
-0.477889700328
1.47668619414
1.11567779547
-0.610499504089
-1.71738406186
1.32324707073
-1.13932347097
-0.257273243448
0.0379236463781
-0.833107153375
0.0518124959094
-0.593819978745
0.688631185586
1.08735887326
0.123007750279
0.667234989165
0.684816762795
-0.516609941053
0.414340302635
-1.19226429746
-1.44294170219
1.59117908413
-0.702371486652
0.87221196722
0.369051740467
-1.09037451653
0.255126830751
0.996344228671
0.24710478359
0.629753415023
0.775699664124
0.485192592173
-0.421835924028
-0.912643707927
-0.00190758569785
0.437854974471
-0.818401489008
-0.289488657823
-0.615962931731
2.02552279575
1.47094585154
-0.83515734662
-0.83165198473
0.34401448438
0.410567875436
-0.403696708041
1.39340086174
-2.96415608145
0.610402205875
1.31293980542
-1.56738586361
0.626187585033
-0.911534719097
-0.436207931846
-1.85314948635
-1.15942441175
0.203457385229
-0.47932998192
0.791963038765
0.0921486574958
0.416218466875
0.747076684271
0.448929124192
-0.611217871667
-0.693783148043
-2.29938730759
1.29303018334
-0.39415214893
0.574181628895
2.61152834246
1.21923018903
0.336784129497
-0.457333599367
-0.0541810024331
0.275964489274
-1.65747490959
-0.0534662377969
0.890526254126
-0.607429367956
0.142566215247
-1.20283896191
0.98722555896
0.439019323938
-0.670668735889
0.727204097144
0.358364536482
1.23054238501
0.575815593625
0.319635038568
1.36425775851
1.1087363103
0.0504038176555
0.15647504298
0.328966495722
-2.11843390423
0.235501823764
0.816636174138
2.28688199968
0.602445624598
-1.31311506746
-2.54895980953
-0.53202648304
-0.686751332938
-0.540498922372
-0.460191100808
0.865192774405
-2.06995267716
0.89964061236
0.675137272276
0.66533969948
0.20762414794
0.732688106025
-0.354691079485
-0.869739715875
0.141007548453
1.07489360623
1.65684933532
1.18198438778
1.33394329085
-0.234294092863
0.243519801868
-0.840628608265
0.028628749901
-0.492891544497
0.656110717444
1.08694346123
0.684387846856
-0.144140583323
-0.272588117814
-1.41902670456
0.935017541035
0.549427338101
0.369867780392
0.0208722156162
1.00202129637
0.779372539464
1.17987080707
0.425264280841
-1.46463806232
-1.38953242461
-1.07193026335
0.0626615572702
-1.3944483572
-0.447416509688
0.907964808051
-0.822807241729
0.0120478270297
1.36793384433
-0.878960026432
-0.725656837443
-0.497720431536
0.464882428095
-0.639900787862
-0.0775821500241
-0.0970127502702
0.417735593808
0.63504134014
-0.323263207422
0.71134180545
-0.738025118876
0.139142158059
-1.28484396705
-0.0289561581591
0.777055757755
-0.267001536581
0.423540102207
0.996393451714
-0.247797465322
-1.4590722792
-1.43561857718
-0.331750776438
2.30579555397
0.107142472968
0.664186642139
-0.770816135761
-0.541860682872
0.858847594712
0.550619900346
0.00720167321893
0.276349887345
2.4867192159
0.300623540479
0.138770295078
2.05081371141
2.63607856444
2.91532574386
-1.25501080075
-0.304513646996
-1.99751250935
0.443978005659
0.0762164837862
-0.528982818909
0.0871148275759
-1.2098119191
0.0445541306838
-0.0766477478997
-0.486529438494
-0.973128004994
-1.49563973053
1.89397966946
0.604385597975
0.629466065964
0.453513277108
1.0173463945
-0.0969938761682
0.259245703577
-0.250475898272
0.777738429319
0.315728601491
-0.311614486709
-0.72068283226
-0.881895637013
-0.401108467821
0.374181892676
-0.268329756369
1.37095552975
-1.5094780544
1.64064226539
-0.808794100617
1.35630682437
0.468690589957
-0.687773377986
1.20075443587
0.824408690209
1.33640959582
-1.6413263687
0.864609677891
-0.898718383848
0.889033879772
-0.773949698685
0.0504870658229
-1.69875959944
-0.830329394046
0.752426356412
0.00172604253126
-0.115570515942
-1.49516769118
0.612350727153
-0.481352367701
-0.901136494213
-0.0722253880776
-0.289119882738
-0.548759717531
0.164592350279
-0.603070189891
-3.3393233736e-05
-0.00856137622604
2.45895716473
-0.689499824199
0.083485728799
-0.156481164275
0.365589404963
0.0671267715956
-1.15794063761
-0.0555020351824
-1.71446819228
-1.08503196211
-2.70675960378
-0.78316420381
-0.707669517739
1.1846813745
0.174897612143
-0.130108273794
0.751167400072
0.143185595471
0.931592178237
1.54730937262
-0.299424440833
-1.41567844582
-0.523581138895
0.0676162026474
0.0176519421039
0.211845521404
0.208810348966
-0.304692473033
-0.983543234842
-0.0835525427512
0.715686629543
-1.19991228772
1.32426310132
2.333656463
2.04011478289
-0.0918942633671
-0.461944384403
-0.421620459947
-0.883806682751
0.323483830389
-0.176271160658
-1.39705278181
Score: 219