3
44
10
3
-0.502476349429
-0.92730685895
1.88048042725
-0.506864435811
-0.134203388263
1.66522436307
0.534677491802
0.390654330533
-0.90548136729
-0.985521054653
0.643686358184
1.09772288051
-0.60454895378
-0.940000221951
-2.41053198797
1.21440030481
-1.6034621812
-1.31253466087
0.404496793817
-0.112970178852
0.746783895185
0.716013841866
1.76198296215
-0.879766040365
2.47304117972
1.28192085385
-0.97408693355
-1.16740850815
-0.143429776344
-0.973317433613
-0.430017760723
-1.7663797924
-0.647889262805
0.234963510513
-0.0487255338299
-0.0458091765048
-2.15645050122
0.519564916312
1.04500699622
-0.574798315376
-0.557307267368
-1.48631102446
-1.24650531815
-1.0115452958
-1.71999133954
1.02289221173
1.0865745339
-1.43003010259
-1.1375974067
-0.329847505351
-1.09918299937
0.721317060764
-0.378229496583
-1.28468227075
-1.5587141569
-0.552426086149
-2.52300160534
-0.195799858395
0.251860550732
0.775869325645
-0.324247721643
0.225165980662
0.632793655704
-0.104853523676
0.48383015396
-0.556840481979
-0.155699398716
0.47599635855
0.514074692769
-0.499245171435
-0.792514481515
-0.716457490829
-0.344940420281
0.289897772353
0.656616710708
1.58809068679
-1.28082187028
-1.4161864078
1.35142328099
-0.254487607741
-0.373454557475
-0.73116018741
0.409815182706
2.48828292887
2.27065450157
-1.46158313991
-0.322510631661
0.212297210844
1.31482590889
-0.724959402954
-0.577594806706
1.18029641706
-0.986873010477
0.610386827935
-0.178350376604
1.13029778174
-0.863731638284
-0.174293917658
0.794863277603
-0.400276115065
0.403915509973
0.0502204016873
-1.44727540043
-1.8014751705
-0.949629728487
-1.11210625386
1.51469738143
-0.663025071991
-0.395307153536
0.583271150102
-1.4815721558
-2.08464256274
-0.373695479755
0.321695128543
-0.183274066923
-0.404583322699
0.117502802611
-1.24516166532
-0.436062232753
-0.416449195321
0.244617681904
-0.336381028533
-1.80989230414
-0.51978168271
0.324694305136
1.2575513473
-0.81380828574
0.731803838879
0.309778854112
1.52004668561
-0.647651070235
-0.556136376911
-0.168071852929
-2.3541111416
-0.0080547331447
1.1359863748
0.181728329159
0.23598008475
-0.297031974615
-0.26386885362
0.683563856128
0.164684702541
-0.360219011421
-0.0753133799915
-1.00619534482
0.709538177986
0.118834714366
1.29510638973
-1.15167689845
-0.071510292851
0.947615382677
0.276680636993
-0.383639402357
0.21264443413
-0.33516260202
-0.261911397375
-0.641525657935
-1.12538023019
0.639393150891
-2.10000597131
1.5577857809
0.266386072065
-0.756324717874
-1.74714198852
-1.22062420224
1.51700972719
-0.533194700874
-0.431639609486
-1.48499755271
-0.17590766619
0.219459878125
-0.655858853243
1.93113713722
1.15265696164
-0.335809799804
0.811191451922
-0.604981813872
-1.03048033361
0.863562601828
0.891392028349
0.980353974664
0.285375029116
-0.219520268971
-1.63470047335
0.889257671625
-0.00717763988166
-0.764126085413
-0.255849936385
1.79847392005
-0.0260023994861
0.570319536954
-0.444177010994
0.303061292734
1.32383638886
0.455767804303
0.852363365379
1.90306662262
0.315462115423
1.87421963622
-0.442136349677
-0.318892228484
-0.444136986763
-0.202484296657
0.052201478108
-0.261765508316
0.18790118784
-0.729780552301
1.20919098795
0.825521529211
0.28575521856
-1.27333736299
0.427670710503
0.932133560967
-0.297079934912
-0.400227085157
1.55437141451
0.542780839803
-0.0925384037405
-1.55337838008
-0.30266683494
0.366642972796
-0.665070278134
-0.98812227837
-0.894190652393
-1.41839030648
-1.37620156888
1.96384478263
-0.447113774438
0.0648062714678
0.0131979923941
0.855077080005
1.19735040508
1.23571299689
0.330735313375
-1.46631244464
0.310413505217
-0.230001013585
1.08995800172
1.47570540365
-0.0768949288102
0.309099434467
-0.858098722425
1.60241376729
1.73098591235
0.86507491566
-1.50382043529
-1.56803886667
0.373836794187
-0.130205359553
-1.1163984284
-1.02220816285
0.78171372724
1.55421882292
0.860279914309
0.635172105986
1.97397973761
0.176117924366
-0.642868453073
1.8426433083
0.143660132225
-1.56010817578
-0.0128795392743
0.48914428961
-0.483269285131
-1.00007858567
0.757440475132
1.45939075395
1.01113576188
-0.0767998388131
0.115583195683
0.467088649795
-0.206636856714
-0.0883059411113
0.510748724494
0.215663574656
1.33339092274
-0.74390259943
-1.51713823396
0.694150512918
-0.79826290123
0.662555397151
1.2015296523
0.121937366251
1.64227024248
-0.856836925099
0.557136242273
0.167609038708
0.47459953177
0.132162850351
-0.0819011783686
-1.33041776024
0.0975819654747
1.68368363802
0.654864248411
-1.60232523486
-0.981716617058
0.998894387593
-0.278245160761
-0.286422359554
-0.261283349665
-1.15991170427
1.74866326608
-1.63397720489
0.608688964647
-0.141429211657
0.73882856983
1.12540499164
-1.49615626638
0.582415886545
-1.67435125982
-1.11558060329
0.772902634496
-0.111194033526
-1.37702834876
1.96071033395
0.337113932684
0.5469273823
0.676402733146
-1.88257313136
0.363805456262
-0.342492041359
0.728031980775
-0.689407078141
-1.48037244887
-0.294604319639
-1.60211082882
0.962388593496
0.28854468497
0.601210305507
-0.179362410827
-1.03171656497
0.749612276266
1.19611749455
1.16761555915
0.570014041293
-2.38283094751
-1.2399892572
-0.174968044329
0.832338094868
0.759042346523
1.07600126764
0.0314995061319
-0.973813976513
-0.415857739373
-0.933995075151
-0.0578766510303
0.935039830985
-0.21907183639
-0.561770691569
1.37460986981
1.01723667603
0.393058920076
1.41391415953
0.00329903917574
-1.94740638193
1.24459998936
-1.40479911964
1.60400716233
0.678312009001
1.43749438812
-0.424859436498
-1.26892497931
1.71310268485
0.586044661952
0.0737146215395
0.811916222164
-0.00819060755156
-0.0951224629349
0.039847548767
-0.37246596224
-0.399326602045
0.600215968067
-1.44789762672
0.480840782644
0.875166686166
0.326907381744
0.322530347675
1.37947958769
-0.92803022448
1.63656178964
-1.33256057469
1.28289592131
1.0006970467
0.0560303262149
-0.664944556388
1.84744335875
1.2922839097
0.571047581645
0.191862254093
-1.01586505017
1.01374556278
-1.90825056692
1.60165741783
-0.54435088848
1.76363111836
0.860319046928
1.57258195538
-1.30338041408
-0.922793290149
2.36047619759
-0.833566595537
1.07987820105
-0.247535082361
-0.15670290959
-1.23697481352
1.45184696855
1.2714802181
-1.25540220194
-0.869308740378
0.641689305907
0.296558214829
-1.6839013171
-0.57329900164
-1.11630219466
-0.68032631022
-1.86867555449
1.11326242478
-1.31391930007
-0.330553273463
0.520730968545
0.672384216218
0.127217705729
-0.24987267179
-0.59053764743
0.714962815645
0.476831406437
-2.30051074901
0.74149252947
-0.292821528323
-0.0876444542835
0.163924326413
1.11972808114
0.81761944716
-0.385040937711
0.620153405374
0.366758536155
0.0347168488082
1.16899715612
0.597504300276
0.388179157712
-1.00777084471
-0.507785770882
0.465979524389
1.77134834162
-0.86070308174
-0.21168707135
-0.392698603528
-0.752576696236
0.551266284514
0.0598179960491
-0.0615394077562
-1.7747644926
-0.902505334727
1.45900537174
-0.126241053935
-1.38961895814
-0.148395437835
-1.90484856986
1.21715510384
0.15590425286
-0.670151063462
0.728143105776
0.641595682783
0.824609536816
0.999146032183
2.28169561364
-1.2719843332
-0.974113936164
-0.416028263419
0.0930904651143
-0.101417892352
0.226764195904
-0.222796362767
0.972089378919
-0.389542201589
1.80078889623
-1.85660693992
1.98765018507
-0.0940162879289
-0.0116227115695
0.270865425517
-0.588876729304
1.2144715988
Score: 1