3
44
10
3
-0.908816644204
1.68644009844
-0.172267951155
-0.51286310806
-0.601945634402
-0.285573873521
-1.50923665805
-0.0513504187259
-1.89099813616
-1.44590656701
-0.480569488597
-0.998332335696
-0.138939243103
-1.23094797563
-1.43549033552
-0.139561599733
-1.14271019724
-0.901960789892
-0.822416655518
1.27351173473
0.352269490878
-0.563913453909
0.90268327121
-1.06796538039
1.63788760919
0.137984005389
-1.20124243041
-0.631156596316
1.33348495542
-0.180326878296
1.43509291808
0.583086256538
0.666852774322
1.20235903878
-1.42471344784
0.28360891549
1.79743353317
-1.18724664435
1.45982521993
0.595231246063
0.360406605246
0.435991697672
-0.448087584144
-0.881103835707
0.204622888246
0.72199479287
-0.728976334625
0.728003968761
0.610067527451
1.29422289785
-0.435191611955
-0.907238651157
-0.711325415362
0.119967622517
-0.453458849319
0.112151746703
0.574444222824
0.560283327195
-0.241128293136
-2.50081801002
-0.00820747832322
0.405888600207
0.953414172043
-1.2525715294
0.0126120857197
1.00268320634
-0.253457917143
-0.16427652624
-0.367732549627
-0.361844139246
-0.558227740692
-3.05063931303
0.282745288768
-0.230458079163
-0.834287198847
0.00519676513971
0.163806585682
0.556387814382
-0.726585390218
-0.122940657789
-1.83529650229
-1.92816343637
-1.28543565289
1.10825848987
0.223512041534
-1.90303873874
0.0914450794288
1.9171580659
1.70865451214
0.99777626309
-0.759981535891
0.426468559543
1.19239078698
-0.567181288272
0.118494379453
0.771524654371
0.0412420287814
1.10600735556
1.09689694403
0.00929796624884
-0.469132228066
1.14682955105
0.3589432842
0.528374421721
0.167867256288
-1.39857845723
-0.401730053942
1.15907815861
0.00722003160109
-0.576521947844
1.64850576781
0.554049231867
-2.10148591373
-0.803851263946
-0.030043306384
0.517719550919
0.784253028432
0.348262368452
-0.689003654396
-1.66828923963
-0.44411041173
-1.73085413739
-0.679019226198
0.65024619805
0.862212814497
-1.06124849082
0.539475740407
-0.409084944184
-0.889737498988
-0.530807981286
0.79881780392
-0.973604119104
0.952721220504
0.350177902811
-0.763552025729
-1.1935023981
-0.298801687444
-0.134324501657
-0.542174309361
0.353022992999
-1.29634456532
-0.744533217091
1.4254485703
0.439544722932
0.575364484542
-1.03904956255
-0.620873689828
-0.719354651803
1.28934348985
-0.678083770738
0.622288847969
-0.446944770815
-2.1082371391
1.72761529343
-0.887330133561
0.342454081906
0.472774674841
2.25487142552
0.190405041368
1.18857964212
-0.802474414451
0.553982173737
0.428296449538
1.40170016668
0.59516216068
-0.451326501053
-0.226750788502
-0.642999819371
0.607560882315
0.780106799685
-1.22955696349
-0.7706583283
0.699891689124
-1.35549087435
0.779782581611
-1.81271503866
1.60380843077
-1.85439440527
-1.59937474939
1.24788358994
-1.46683022218
1.24399795572
1.37340287674
0.48056377907
1.2688214405
-0.0760292203297
0.736646459634
1.67304100663
-1.89811550572
0.683632760302
-0.555575285407
-0.946303917459
-2.33283614377
-0.259753100218
0.442017433279
0.748300590724
-1.10561315877
-1.05560139442
1.95416869505
-1.90595613776
1.44861932654
-1.50079031545
1.36525971892
-0.563490601637
0.292162924847
-0.879550526869
0.574172206201
-0.38211860309
-1.12119893544
0.626865242231
-1.4281034147
-2.20844656921
-0.868503334737
0.968560101296
-0.635962470845
-0.358272506132
0.421130564042
0.473233824294
-1.44326514573
0.851585001982
-0.457495181117
1.0296657729
0.18929864311
0.541728677457
-0.0820877564227
1.32130734258
2.12659843148
-0.818226493887
-0.400831264901
-0.731687887434
0.335487025415
-0.0946170995794
0.0912059866426
0.286398290322
0.386419519623
1.18503931059
-0.708683793798
-0.0944354982564
0.099963959746
1.47228115193
0.692856223193
0.712935742134
0.90203253835
0.439552029662
-0.980668636214
0.761287175856
2.35758786335
0.0627338115524
0.78954593173
1.65366421131
-0.513673482642
-1.49593420316
0.746299636325
0.225646456594
-1.87924215335
0.789091710784
-2.00997687379
-1.59349965293
-0.516543225587
-0.280278247202
-0.0389029605749
0.129397571477
-0.267465941069
-0.39078055752
-1.17211685167
0.844813668926
1.61011946101
2.21841939366
0.347190854519
-0.567002066611
0.615750796786
0.217846502501
-0.961664877734
0.611487984114
-1.61338775035
1.93211479243
-1.42757394578
1.10404205325
-0.283380713178
-0.00994708085339
-0.241780105022
-0.284647197438
-1.46295215177
0.615862178263
-0.0691323561644
-1.05699492646
-0.616090394096
0.183467821092
-1.05105085286
-0.929577097736
0.486763623419
1.19461231689
0.570619739157
0.460569872607
0.659613864846
0.969970904442
0.606885719578
1.26927414765
-1.26502370638
0.388410958178
0.0772307476221
-0.26781140211
0.889875115138
-0.866274834542
1.42562402841
0.891869270134
0.137138958373
-1.17772754435
1.35005777696
0.300751272017
-1.16088910148
-0.990444406978
-0.177273169077
0.4956092328
-0.360293409052
-0.523652455214
1.24547065346
0.0642490647223
0.853137312423
1.4368457888
-0.0890409208291
1.17805342595
2.01072660903
-0.721791163825
2.2025111275
-0.956041053243
0.302914317679
1.02199907319
1.01862072952
2.31719850742
-0.847476599675
-0.518202002744
-0.552784474202
-1.41749654693
0.369917868261
-1.22955096654
-1.05096278487
-0.681920465076
0.702470358938
0.937922554882
0.719770018829
0.697680984258
0.736710268125
-1.68664506834
0.668053294426
1.00257526959
1.46858418849
0.985448707721
-1.31095895433
-1.47707891083
-1.1286014002
-1.33707679491
-0.278911800706
0.5141627937
0.273786738855
0.0533816697088
-0.78273082391
-0.7164959662
-1.15322628006
-0.199418010957
0.0407410468178
-0.453079141679
1.35342492095
-1.60270281883
-1.0576665157
-1.23379561443
0.293691293474
-0.272959099038
0.991461549796
1.55771012859
-0.501900090991
-0.248763630978
-0.32242954883
-0.735571712498
-0.284746447014
1.19050910255
-0.396837409481
0.224733185005
1.7774230885
-0.208029090445
0.818238509056
1.99146857717
0.00343382874388
-0.356871493507
-0.715648286844
-0.642801680042
-1.88180939686
1.10335506602
0.529715776531
0.664550755198
-0.948475622055
-1.6446245791
-0.605534350276
-0.0885685385301
-0.436720551535
0.974980609013
-0.453096760929
-0.776400131348
0.887332167552
-0.0774951898623
0.949211871411
-1.79187559889
-0.659572526421
-0.312644898027
1.78204302799
1.06739206396
0.955916799788
0.382420511453
0.33164446118
-1.40758041048
0.578699795322
2.02329206095
1.77366828225
0.960547199913
0.715060471278
0.945693692933
-1.02284591676
-0.294783678792
0.645881151132
-0.420057674557
0.564454478118
-0.341933129303
0.378763338697
0.958242993133
-0.26175521877
-0.145320491023
0.915525041028
-0.909896076685
0.0931757260014
-0.418265625412
0.552256347832
2.01434192733
-0.630115660736
0.0807411366685
-0.90367960901
0.181509021969
-0.835088978244
0.827724706147
0.506940696063
-0.628019113255
-1.25720882992
-0.252123193937
0.12747971149
-1.83787230346
0.475414624004
0.771396383293
0.889251690302
-1.56943048213
1.25578704608
-1.8083559379
-0.35868075079
-0.0932769573297
-1.81799225431
0.196977927289
1.19115703171
-1.3214514519
0.0753042331037
0.562106894545
-0.754051509875
0.24558553511
-1.05161719124
0.417112891836
-1.04458906463
-0.196816685814
-1.1162439779
-0.468829596005
0.31767941078
-1.09787064166
-0.0918768662144
-0.393007871012
-0.714428208279
-0.121233432999
-0.246539151958
-2.36735891075
-0.404985203887
-0.259923464123
1.0369422478
-0.485760788878
-0.966261627058
-0.386989922071
1.89207140374
0.669717187803
0.997710848279
Score: 1