3
44
10
3
0.371754681299
0.864821325908
-1.0275813625
0.0146711190172
0.27813818642
-0.0771980175293
0.85401030986
-0.0638712319963
0.62368987488
-0.392171355214
-0.0208288554773
-0.604472214182
-0.637146719321
1.70721355948
1.32474188797
-0.442621910511
0.873802958647
-2.72215413713
-0.830336965162
-0.769780592925
0.640225260602
0.0562451625281
0.641980695266
-0.853862642459
0.306903010494
-1.22932131934
-0.262156853478
0.099149221524
-0.531028413006
-0.274451272288
0.671339157312
-1.69591173349
-0.562246326217
-1.17572750616
0.236840272415
0.654354990299
0.678670687428
-1.56843211588
0.500980981711
0.600284271165
0.280231864824
0.823387713638
0.0384556993125
-1.14719756524
1.93106287698
0.517780533456
0.335990885578
1.05485963693
0.836468582832
-0.37011903602
0.884521315953
-0.982061907569
1.01544023132
2.18176571949
0.797564243243
0.537831722167
-0.56409430309
-2.1556671245
1.71995793954
0.603072905979
-0.441527144912
1.04301369417
0.199554311459
0.0350817087187
-1.85877936559
0.889488209327
0.637941849018
-1.05809534897
-1.08382712979
0.513875552474
-0.646908747801
-0.580331040282
-0.781724669894
-0.153244159604
1.07050875954
0.69821872102
0.603608241286
0.0996053737672
2.03117284063
-1.08005599593
0.899565252747
-0.407136899092
-0.7893008283
-1.5427484258
1.66790687368
-0.6362271355
0.177005399622
-0.0496809559915
1.04201033307
0.0761053494514
0.452164041301
0.0747109899646
1.12583628564
-0.568518830824
0.559421491924
-1.1260995013
0.669470855644
-0.688876253298
-0.389078894589
-0.876474877748
0.558459505475
0.80279753441
0.492881770867
0.751881291535
0.136630828035
-0.015848128531
-1.02694120237
-0.242240515419
-0.4322895955
-0.813028389852
-0.0940923659934
-0.349640737125
0.277951515404
0.794671104263
-0.022475008886
1.59083837845
-0.41894084725
0.638595645897
0.0586156644206
-0.200778950864
0.434799616504
-0.378439360164
1.70134706455
-0.180698658888
0.479275864393
1.41576994068
-0.520334363712
-1.56069245647
0.243696219548
-0.862244275568
-0.778956081341
1.05380859514
-0.672486318448
-0.448549090433
-1.23055932804
1.3915683066
0.674634146553
0.599997735507
-1.05502702163
-1.57995670083
-1.16139627364
-1.44761732615
-0.340721066163
-0.387612579999
-0.739090462506
0.806748377628
0.0877762592791
0.660557863838
-1.22549762233
-0.945339919515
0.188359281005
1.87710845935
1.28544932814
0.565562348938
2.21388636707
0.772899307852
-0.047427458817
0.401111295173
0.267284221404
0.534211537839
0.871075331945
0.465924709608
2.23281285047
-1.40131015784
1.51578240607
-0.172575101417
-0.275980223495
-0.20919326056
-0.339933362238
-1.33669528443
-0.822770888361
-1.80119908341
0.225570511973
-1.3174900213
0.464023645225
-0.0552556767588
-0.407490604494
0.925627967762
0.389220879996
0.502277306763
-0.279157472699
0.219212017126
0.8448182902
2.52895592658
-1.98150818702
0.915079160796
-0.679943190758
0.589971868419
-0.960739187355
0.00689398476707
-0.801870320576
-1.21419049581
-1.47012889655
0.989050733725
-0.426178533253
0.484880569957
-0.267488332577
0.532089789408
-1.90184573433
-0.513677377418
-0.887069100247
0.0256724985973
-0.797439369791
1.3518407519
1.32509762257
-0.494923782587
1.00727782964
0.0107309439547
0.802606267137
1.17684922439
-0.92938016007
-0.486301370131
0.206073945958
0.129020147153
-0.553824903141
0.0769354659957
2.68459797084
0.32959834235
-0.929411940001
0.47293478399
-0.985059018634
-0.662721480621
-0.542582079011
0.599774755135
0.0929772531141
1.50727715833
1.01725303023
0.175408305992
-1.71986722031
-0.389166375807
0.559755981363
0.770281947908
-0.859517708663
-1.12213543705
0.254116560954
1.04306485344
-1.63877694102
-0.811038949985
1.1450997822
0.634408281144
-0.0722347305679
-0.103430165716
0.563021250218
0.790832669749
0.549979869793
0.215336489627
0.631851518364
0.162958054819
0.277032995943
1.19779270207
-0.827475045816
-0.808153995893
1.30883420214
0.841529341766
-0.0152493530436
0.0729041683387
2.08689222955
-2.75119267319
0.493386985397
2.0340444896
-0.395189598964
0.255315244921
-0.374139422747
0.913567964867
0.836464584646
-0.612380974719
0.287222381368
-1.3046655678
-1.4409118449
0.223489228191
-0.00679485787633
-1.8953536287
1.03060337517
-0.0694442394529
1.14402672229
0.771542831397
0.827043709153
0.139804320396
-0.430144766526
-1.05845742063
0.0390916894372
-1.49961883301
0.589483628892
0.0646673226557
1.42138392069
0.0762596312649
-0.0239983249596
0.100858433456
-1.23152179121
-0.21644975069
-0.176285496247
0.0779659195422
-0.000926323382738
0.951047085183
0.322626067939
0.332558641807
0.388546257109
-0.260382045144
0.6379659512
-0.487643326812
-0.347086333407
1.22279980805
-0.33431579685
1.16268216356
0.43533322472
1.48854120141
0.497322843789
-0.0633643325983
-0.472846747385
0.556908571007
-0.20890753329
0.703183330027
0.00834088406746
0.91375945232
-0.879227196752
-1.16484546716
-0.756712354639
0.296125174711
0.819019975105
-0.27468272629
-1.575373926
-0.480157776842
-0.772274077059
-0.984089394557
-1.55944025568
1.09875044953
-0.0570615330173
0.572739291597
1.57417058621
1.07876584846
-0.594693118069
2.0136841272
-1.69988130667
-0.973322020387
1.06219700045
-1.93341759482
1.16225472608
-0.0468508432379
0.899442893127
-0.159849937593
0.0711116298335
-1.11741135595
-0.519377377767
-1.94899075105
1.10329323855
-0.45036353851
-0.291980199036
0.812643536515
0.10856509144
-0.07423691587
-0.455004577699
-0.247892259484
-0.759995200043
1.19486994182
-1.03899389132
0.195359381029
-1.21228086708
-0.55182630251
-0.757738764084
0.135463509391
0.909912250174
0.738435080566
-0.76630016355
0.987252024072
-1.89978486099
-0.467216839839
-0.457184763552
0.110592310586
-0.530371498875
0.216653574735
-0.830343430153
-2.72165956877
-1.84966923051
-0.340286314663
-0.933730209465
-1.51523789784
0.531577713473
0.61478514313
0.561197503971
0.106252280514
-0.773410574485
1.30478622183
-1.16720007235
0.583670140106
-0.862252899269
0.570929230933
-0.104819292947
1.66414353659
-0.748684482491
0.555595244048
-0.0245961863982
0.716512134621
0.634210567393
-0.184131708959
1.00710996595
-0.838055221332
1.38922023355
1.51839490316
-0.917293844043
0.988758289191
0.0117418823875
0.227914171499
0.0772423771567
-0.0074587420964
-1.52327728315
-0.218027174608
-0.31516734975
0.999804982067
-0.536270126572
-0.0311766160664
1.11519748576
-1.56073633554
0.819514591036
0.458712658472
2.03142316968
0.503755207106
-0.525685128609
1.47592682838
0.616133507828
0.707862121238
-0.630563946572
-0.762398708767
1.09741104849
0.202882593462
-0.549442417821
-0.921246059637
-0.497293191031
0.151717012915
-2.10665559553
0.276223213097
0.735554478731
1.62292460202
-0.791151932583
-0.159424982642
0.677523524729
-0.342710038366
-1.34426579412
-0.551049135375
-0.571648431873
0.283159818897
-0.408389053098
-0.287870436223
1.18778968671
0.227323243271
-1.01135882274
-0.118984582604
0.228734115994
-0.833055082255
-0.435386084641
-1.35345656424
-1.62023412507
-0.736841179328
0.713078612246
-0.316955482214
1.63467132333
0.211159878311
-0.501864806647
0.698567176217
0.727038960932
0.00643659121717
0.737812954512
-1.1749579789
1.96511386014
-0.301366820457
0.314237484734
-1.04506654838
0.323877535584
0.983211503804
-1.42603214001
-1.1070692966
-0.156944250866
0.469334627017
0.745172588954
1.15731036174
0.614410150216
-0.943318811943
0.429533114505
-0.252865077446
-0.404447358827
-0.0536120926973
0.7638705093
-1.41224608386
2.33902697097
Score: 1