3
44
10
3
1.7637627947
0.505800795828
0.0192390541232
0.828276642749
-0.211053693242
1.12549861814
1.89931066861
1.27824034072
-1.02186146414
0.836745311701
-0.970697122444
-0.49918486522
-0.614510687697
-0.0377865955935
-0.945350102573
0.197463647577
0.788214251568
0.134486197744
-0.617204164462
0.0391381468447
1.15125037385
-0.960367297382
-0.584034952598
-0.635641625762
-0.039609937621
0.254288815708
-0.181014598386
0.647338336334
-1.19131107074
-2.23476960622
-1.08324417576
-0.262647640068
0.578362080613
1.61141064174
0.445651463585
-1.41255405929
-1.35546922586
0.0667797425096
0.0295183601267
0.14781425839
0.737209251501
0.380563134227
-0.770988383801
-0.833248535775
0.90866493286
-1.86308859248
0.073617200565
-0.305512490611
-0.735073200825
0.58476360664
0.729468667199
1.14633885263
-0.121544719123
-0.325115450588
-0.0722969835765
0.418512555701
-0.256512040613
0.899391900325
-0.869126249108
-1.17572766298
-0.881118279846
0.806648164239
-0.203318329558
0.667566414787
0.122110006845
0.412680940953
1.60487979
1.95337143956
0.106354236147
-0.226803267516
0.250483483446
1.16664038075
-0.455168314723
-0.961224447818
-0.620887277927
-0.526863780244
-0.318197018581
-0.292868466795
1.48231702759
-0.198427549033
-1.29638622325
0.64754637048
0.473344282035
-0.0268375171185
-1.24633129912
0.875492789356
0.219725959493
-1.81370533277
-0.390722387765
0.605628201071
0.410338157083
0.89309231385
0.557023470362
0.455157667795
-1.03074548628
0.412614511759
-1.05590187439
-0.458308517267
-0.107498648741
0.25617154835
-1.42514232529
0.391673072565
1.43973289473
1.9122185377
0.642819298796
0.0711071648596
-0.0748107613594
-2.39848275239
0.343463661658
-0.2781258334
0.124457153245
-0.273316030224
2.24885093733
1.20748254435
0.395546753101
-2.26124333225
-1.16333068119
1.17760997312
1.25399056519
-0.127701779537
0.0554890488465
-0.479301462955
-0.467708545024
1.10584298926
0.572944289096
0.027539049702
0.758546754676
-1.59498744439
-0.0928668541344
0.116209179474
0.660748494946
-1.46740121893
-1.26097565209
-1.28748353494
-1.35861538204
-0.139416136771
-1.13997338352
1.07482155759
-1.69367789603
2.38158352173
0.802759163117
0.730603029872
-0.404226970539
0.294700247111
-1.22625258841
-0.916697502448
-2.00166952983
0.659842991602
0.233659103713
-0.0502463472347
-0.274600348994
-0.574352264849
-0.0722862398752
-1.8617920099
2.28603639368
0.725499075363
0.310390293197
0.377056895297
-2.59828165192
-1.56004065935
1.40405965814
-0.729936030828
-0.331154777158
-0.0181070979746
0.382254490509
0.377762716976
1.51230086194
-0.932044633684
1.05475182319
0.155602062525
-0.0339431256277
-0.909784315082
0.770744822397
-0.956115729172
-0.734347753404
-1.29980530574
-1.19871009201
-0.987397413044
-0.375020701364
1.7064215664
-0.0630223306814
-0.429444703398
-0.195396719436
0.199914356163
1.81828776801
-0.479571867745
1.05291596082
-0.234112288304
0.805362486978
1.72041505674
-0.304651806397
-0.141388109219
-0.51579495426
-0.33145179878
0.369113631412
0.0575935593406
-1.35143534487
0.240367699683
-0.637521180665
2.04453884359
1.07529019608
1.24063833258
-1.35114068226
-0.903137416484
-0.822538695544
0.290333431334
-0.565143112549
-0.8945194557
1.86814297441
0.00317841680454
-1.22812219167
0.71494517694
-1.3598043606
-0.821228382112
0.507737557009
0.360571345963
0.0509814365481
-0.445628283867
-0.259114205309
0.615428006147
2.22414431211
-0.529203795186
-1.82479402597
0.320705722422
-0.411039787987
0.271500163138
-0.77929068135
-0.652198745506
1.068147206
-0.899950257098
0.432182224535
-0.295669743254
-0.0244426937507
-2.73011730591
0.156436365511
-0.431134251668
0.361471892321
-0.460379832493
0.367576104219
1.43508896048
-0.650565763685
-0.91645032749
-1.40769115574
-0.515969574716
0.383970918377
-0.946466457583
1.85561440849
-0.255594091649
0.618662443037
-1.16745217476
-1.26297533143
0.864033912607
-0.334657189456
0.434709747497
-2.09345247909
-0.224889933273
1.17895302507
1.13606854581
0.132570169221
-0.933524886854
0.200345334439
-0.690599145092
0.159708739279
-0.314966561974
-0.0625087958334
1.29274988993
0.118243450909
-0.697655390933
0.659839825132
0.880275724337
0.174117158137
-0.904849197946
0.316438488287
0.557546143732
0.826002314922
-0.215581185016
-0.816691078615
-0.294720442483
-0.643867377569
1.4538600703
0.899068857729
-0.734719137464
-1.05635981159
-2.09184516573
-0.691995720734
-0.753243727786
-1.46254247317
0.71328912888
0.6251750103
-0.467304163591
0.157672749897
2.33708180662
-0.1151503692
0.10463853765
1.12875725869
0.0938055632602
-0.618285521086
-1.39809054082
0.882743272307
0.416526860213
0.124645939384
-0.876938317714
2.23661138988
0.839632072533
1.84676719386
-0.774914918956
0.621453495778
-0.190728329585
0.910053643929
0.0192152546632
-0.574239476012
-0.867245719339
-0.0114317278895
0.700804384087
0.164524764582
0.464160189756
-1.93424769826
-0.0964209737826
0.192742479342
1.056875102
-0.591721031703
0.811503382646
-0.488187357916
1.72382083794
-1.4780558124
-0.885449284972
0.0511605604155
-1.50343074354
-2.02444815164
-0.189311315979
-0.664142530544
1.10172167323
-0.888554481411
0.635430974976
0.237621408586
1.06460377586
-1.05179024031
0.369548597892
0.313481736413
0.521903296148
0.502500353335
-0.756477056611
-0.423633016802
-0.419932277876
1.82468589413
1.1647318268
-0.0582713577686
0.460053720474
-1.23321057747
-0.809157156982
0.285874010723
0.352313460302
-1.16536689479
-0.163573527882
-1.01591714179
-0.930335447375
1.51081030613
-0.667890434426
-0.297979795998
-1.46081760743
-0.106746836422
2.30110983427
-1.12612622721
0.240333515414
0.316410381576
-1.18794941664
-0.238665521761
0.716943571603
-0.16834399924
1.76533859375
0.95221051472
0.778660665406
1.2833647037
0.477925835591
0.544167033025
1.24173213192
0.783374694851
-0.0151926739708
-0.862645785443
0.964347790249
1.37142559602
-0.376749585311
1.38772451194
0.994118984344
0.851052134964
0.278816963998
-1.30241740929
0.0043629959751
-0.514450713019
0.664614063896
0.216275554786
0.0621078795256
-1.06869492776
-0.10842782072
0.147336835997
-0.0531374641274
2.09885287073
-0.18995977029
0.00606662621407
1.03166560231
-1.05228421819
-0.0318705481142
-0.158047098099
-0.691015294957
-1.9335306012
-0.310115384083
2.09711978265
0.247541461881
-0.648474792363
0.544543942125
-1.03309520324
1.04914469853
0.136903223257
-0.420805207027
0.342784367512
0.145583679338
0.146068819033
0.480509095676
0.486260880986
0.429430020412
-1.03076425899
-1.70277392168
0.679344000032
-0.721233131152
0.341738836589
-1.0138974675
-0.634415128683
0.147425558466
-1.39711133311
1.28731712107
-0.932463066199
0.201297249719
-0.323787721276
-1.29366750014
0.0950834077722
-1.6436441482
-0.842938172161
0.282894504251
0.728839081034
-0.938089499314
-0.546834264373
-1.23108812308
-0.157586101199
-0.748648300812
-0.450495898242
-0.436152894315
-0.534319134083
1.67495831021
-0.946030037243
0.496923536326
0.948097735112
-0.23513995067
1.43272716226
-0.190673787716
1.0420118737
0.655480048033
-0.598942410713
0.604892590929
0.286062835788
-0.317531503337
-0.130896089473
-0.281136449068
0.468889003674
-0.940648648305
1.26041128957
0.380299696089
0.900091825234
-0.32541404865
1.6086884207
1.77361402893
0.409404987774
0.146648617273
0.920512011322
0.516442424809
-0.217561340702
0.595071052327
1.42174671038
0.575658704986
-0.466034195962
-0.777000642696
0.109392480136
-1.72116324793
0.897640058041
Score: 10