3
44
10
3
-0.885905758672
-0.960472467366
-1.1220464994
-0.0920945665714
-0.171304732063
0.242251607314
-0.513795325671
0.529759447804
0.463900077519
0.55383259812
1.11744005809
-0.342847752293
-0.983315161981
-0.25009121503
-0.13164741397
-1.12761377755
1.8115522755
0.615916379472
1.61263460576
-0.295786422144
0.00632760714562
-0.641547175632
0.668790857071
0.863816115816
0.110325259607
0.467903040276
0.0372987404118
0.579075537311
1.28968277812
-1.79810139417
0.00851234544098
-1.17891878734
0.297933491877
-1.0143201928
-0.759136829656
-0.906931091439
-0.603845998499
1.02355503505
0.284601164574
0.28178316314
-0.750315706614
0.0947438990955
-0.107867142778
-0.202689985238
-1.79180235707
-0.3076085787
-1.01438936355
-2.29831683807
1.74524995604
-0.154137899085
-0.322950957174
-0.316518821764
0.0833507373481
-0.0606608873319
0.476359108962
-0.252884875603
1.25632398413
0.588533924797
0.137616132943
0.770564577502
-1.03145942811
0.805248374502
-1.38826368453
1.13471128115
-1.78212470065
1.29185805464
-1.23904760976
0.453305264335
-0.515400215669
0.300827021621
-1.67499770462
0.438282206935
-0.260946152715
0.0593185683016
-0.38511454501
-0.725575034194
-1.51770614843
-1.4955101526
-0.222713553937
-0.50722471221
0.233880353703
-0.649697588687
1.49113723646
0.5779998068
-0.747012572013
-1.35607781196
-0.195909832887
-0.728023593866
-2.75779165373
-0.442161788657
0.42039820062
0.91173818121
0.920664017935
-0.932651802515
0.978274593736
0.125798412198
0.148079578302
0.983893817577
-1.08698341413
-0.432011308669
0.0255436268793
-0.258160875318
1.47524275325
0.636381748066
1.34451465529
0.1586179785
-1.2148127505
-0.177985097867
1.08977443368
-0.425318098345
1.74352751456
-0.894685186678
-0.529757209311
-0.586266023936
-0.311501503354
0.538092635405
2.58301088694
-0.167875909968
0.28373088152
0.549134154054
0.241502242487
0.228930256364
-1.01687140137
1.4885731425
0.652401480696
0.797304170017
-0.125401746318
-0.278717605162
1.05615354541
0.0868601665852
0.906038783353
0.526678540497
-0.288974884419
0.147529067785
-1.1302108888
-0.371770741836
-0.912217377285
0.230778099123
-0.791132758503
1.53894419738
0.406157995995
0.563866520246
0.147692261588
1.7939478047
1.38931286713
-0.02336846136
0.160045728456
-0.0758288166299
1.76656331905
-1.35959046902
0.974615970126
0.0682910299804
-0.187761590332
-1.31062884041
-1.79147964896
-1.1573009848
0.444072231799
-1.0351014828
-0.0680391373418
0.394324982145
-0.740888212179
-0.650184620592
1.12044485755
1.06877190269
0.571523232958
0.625504952793
-1.86960236426
-0.702802559511
-1.14695924941
1.40096540098
0.945046036526
-0.577369028565
0.109071349933
0.426234204495
-0.82083401803
-0.764940834775
0.77888171971
-0.34647341053
-0.180306910475
0.0142000376449
-1.10092460371
1.29757882943
0.355585980317
1.12081525373
1.76818287478
-0.397495845307
0.603804016739
1.1243226813
-0.876800434516
1.27169767944
0.907372563856
-0.117993081121
-3.03011380616
-0.878572393791
-0.992601438831
-0.69537019295
-1.58190787156
2.10184536771
-1.20703591859
-0.285462509242
-0.579647108966
0.935301973111
-0.676463889958
-0.14678971923
1.44813568782
1.07504143186
1.97772026049
0.0757907351691
1.00871046433
-1.68035702921
-0.423790650137
-1.19427885853
-0.305206956771
-0.53261024302
0.209280503836
1.08470931498
0.342108318944
-0.214546776372
0.515615441682
0.018330716116
-0.821158987796
1.53485348835
1.86669476473
1.8792602797
0.119618357412
-0.693279978723
-1.97610986883
0.228748107718
-1.24671385637
0.16946493428
1.17098524357
0.943844031559
-0.384028140909
1.07117201241
1.92230444577
-0.503583837208
-1.21507702504
0.0530809699167
1.49784984577
-1.02742415245
-0.433371260446
-0.0451125977725
1.77992639974
-0.490196691158
1.1762297578
0.826868569698
0.44838432225
-0.613448956091
-0.124994093523
-0.740391749327
0.820933601036
-0.712924460882
-0.310599610519
0.816694861391
0.782967926703
0.462795615376
-0.768270706211
1.74574145643
-0.34098307391
0.0492365885712
-0.689139206141
0.954276689533
-1.0636360293
0.580897586775
-0.994952917738
-1.02438579727
-1.00474126536
0.277206015522
-0.0156739486055
0.595918744909
-0.295707408489
-2.52890265381
-0.937949777886
-1.81592853466
-0.187362571539
1.56847876656
-0.499737853201
0.995046985762
0.571178069289
2.5252363034
0.267013234147
0.149093070106
-0.391670409882
-1.00381576651
0.408049246803
0.908613200959
-1.75976597585
-1.39450170188
-0.312532173811
-0.0574413745176
-1.22174477503
0.954559517855
0.955047728315
0.216686181088
-1.13565684649
-0.388363571022
0.26019705397
0.258875746859
-1.66829898053
-1.20806660841
-0.276645083084
-1.5022089619
0.293577497819
1.76539324716
-1.51485194817
3.26994350028
-0.740103266697
1.47697295929
-0.016591003843
-0.228969138537
0.821916522179
-0.435868182694
-0.0285466499469
-0.952433505191
-0.681547829215
-1.22771281777
-1.51512992073
-0.142267966556
-0.300263681968
0.188381482764
0.0702508887413
-2.32827282712
-0.316548027301
-3.16459306172
3.09061520852
0.631936147433
0.247891826834
0.607585921736
0.0289387331799
0.826166013455
1.40135469398
-1.09866283213
0.29275738647
-0.248627934651
-1.46694913037
0.778654453696
-0.553665627821
-0.693283811968
-0.496708567512
-0.0128694082751
-1.54970620018
-0.47174812531
0.244731581163
-0.640092423914
-0.275497259834
-1.14500431273
0.432071031229
-0.178070602755
0.423786008618
-0.129849689738
1.71905611433
-0.0374398513303
0.0585586105564
0.228208138187
-0.232195495049
-0.194046749048
0.549522221904
-0.385127275807
-1.10596060218
-0.897527101031
-1.39126982931
-0.749221011943
-0.0853541903842
-0.675398136551
0.497523302433
0.365915590148
0.113442954773
0.565702286694
-1.13846930273
-1.01599068672
1.73835129969
0.499358405547
-0.9745330905
0.333557110777
-0.369518525011
-1.82451314096
-0.279317161752
0.0047437515005
-0.533705513983
-0.520500716394
-0.881807969311
-1.21012242123
2.39022745519
-0.854489448316
-1.39153508474
0.682889730596
0.081146845999
-1.93253672529
-0.21958490122
1.22595610764
-1.12242090598
0.617313564384
-0.258217516898
1.25922837449
-0.727480754211
-0.645960608378
1.72265694596
-0.983258952567
1.304530088
-0.325382038616
-0.768262391692
-2.1547396966
1.19455368412
1.32533193655
-1.76724253438
-0.17699481515
-1.17112494068
0.407716812988
0.548904426736
-1.69299953941
-0.252891923705
-0.842791483137
-0.492290948947
-0.18207774855
1.01976797031
-0.142944726611
-1.2572012666
-1.24579297667
-0.758045600443
0.29714360086
0.41768216884
-1.10899793417
0.271900171178
0.159194236302
0.0975564624867
-0.27706417857
-1.06111665897
1.36541926833
1.41940196926
0.193631807312
-1.15569209356
-0.680974030941
1.39611053375
-1.22427432273
0.103786219734
0.908156385037
-1.46760868193
0.652651186373
-0.0194475361889
-0.82097279923
-0.715009405928
-0.644820899891
0.408972084102
-0.111098613164
0.810194784754
0.87567905014
0.371956767179
0.829675543517
-1.49402717645
1.46931077843
0.322417238635
0.0645011204065
-0.740815377581
0.188559132803
0.681718765325
1.13897501277
0.708881555656
1.49332855158
-1.93557060144
0.198193279647
0.803075164987
0.802940275656
0.0615096255303
0.0651561295727
-1.33088900325
-0.548094400976
-2.41529228081
1.26820202184
-0.457985900137
0.718088635908
-2.0342366319
-0.3551439343
-0.168283801131
1.40842442031
-0.480778248334
-0.47625692014
-1.45559952937
-1.91040078534
-1.38370357512
0.0972634867857
0.115470102733
1.23219301604
1.39743981222
Score: 1