3
44
10
3
-0.711771631382
-0.653668104096
-1.23891153978
-0.699625513318
-0.069391935619
-0.669504784166
0.829203266064
-0.103317409891
-0.935668692701
-0.0387592827729
1.22933969141
0.451791385827
0.421268616647
-0.183722540633
0.210001118366
-0.938802606656
-0.27818676541
0.177891056714
-0.606785613793
-0.10563801342
-1.33516432308
-0.113873919765
0.0865815070128
0.819554615228
-0.0750767141041
-1.85716794538
0.590494912619
-1.10623777126
1.29969608279
0.807238108815
1.39954569422
-2.57343035568
-0.97675631001
-0.747802076937
-0.229806132434
-1.24257084592
2.10127107152
-0.670889091479
-0.141995049841
1.65050357026
1.31973809191
-1.50243181026
-0.604899713301
0.567061083633
0.035571640845
1.18223372458
-0.962897193321
-2.20965671967
0.210606603342
1.09047495937
1.14363780375
0.629518879508
-0.229096383354
1.16435318227
1.83529682745
-0.893398426319
-3.00219440278
-2.28050134688
-0.358872169688
-0.206753644257
-0.0304940428835
-0.523095024283
-0.921763466086
-1.15156400031
-0.87216778825
-0.503112231922
-1.57901325156
-0.0911418901254
0.262701380872
-0.644649401221
-1.64203597464
1.48815472936
1.64046164954
-0.469589983998
-0.355092174369
0.244550561271
-0.453512163154
-0.628198397497
0.0362292694391
-0.547799696328
1.72339175892
-0.359265864313
-0.551963352959
0.33865613778
-1.16995552184
-0.552656539031
-0.684768633733
0.0423276591878
-0.228863888619
-0.755348800669
0.727855961854
-0.450660526346
0.853158426653
0.295803873132
0.631928486198
-0.794417275869
0.896565696428
0.0934509304063
-2.30685279857
-0.972055688855
0.904341505092
-0.33444341928
-1.63361160058
-1.36820468592
1.70456300038
0.00239878157219
1.73854447344
0.438487164099
1.12848576426
-1.2336745989
0.15941122658
0.153332077804
1.21603877872
-0.358504511578
0.113827744139
-0.597112895868
0.999674750724
-0.852480352872
1.67748809141
-1.03493356772
-0.885956423036
-0.560594422958
-0.0471172770628
0.59640026538
0.872683810856
-0.48691552813
2.20391853314
0.44122977724
-1.21633839939
0.618937536498
-0.246737708281
-0.52965287727
0.307909917793
-0.454429179961
-0.281432251808
-0.600498970876
-1.03531921802
0.676237338438
0.919021178037
1.27142322009
-0.604136475118
0.730544924872
-1.63408717305
0.692531512178
-0.341947762109
-1.21304874944
0.390004576387
0.829010938335
-0.150588244402
0.324809294172
-1.47455399969
0.725213407346
-1.7293683171
0.713266536981
-0.58835910529
1.65509701892
-1.28197930602
-0.258685046869
0.0612730190853
1.62613200762
1.20111744107
0.271059568437
0.0913990042664
0.408911108465
-0.785947249382
-1.30579543742
-2.33149189709
0.333066296807
0.398798155051
1.16267263135
0.902857667157
1.26491795972
-0.0473482054503
-0.12700035676
2.71740316142
-0.417360483634
0.210830265232
0.569039681322
2.17758642841
1.42320701256
-0.0447508358453
1.88474627312
-0.416051947066
0.115811746223
-1.82260880937
1.29311984142
-0.136665859299
2.02900131121
-0.222227130504
0.5361273612
-1.6077033495
0.977787892803
-1.69238029437
-0.564067170156
1.43205078296
-0.156618867743
0.244628820579
-0.154860978374
-1.08248173028
-0.546017340823
-1.18965242101
-0.605409901274
0.914566637099
-1.56848583755
-0.9045181633
0.755175167709
0.381933971383
0.651688259406
-1.03037541825
0.523420311901
-1.02136194475
-2.14224251416
0.387712524114
0.648891171168
-0.10576333851
-0.615494528032
-1.25197915058
-2.53549941667
0.474073310117
0.771597436522
-1.42965923146
-2.58827224566
-0.365923333033
1.67811212129
-0.297000008925
-1.21712795808
-0.441817345339
-1.16296536678
0.127236816176
-0.939259841278
-0.659960124213
-0.284799329966
-0.652816429143
0.586793772967
0.3900893243
-1.81619082574
1.30094613907
0.275458262622
-1.05244069492
-0.162308613655
0.588602900963
-0.849580389915
-2.86347027416
0.707061346099
-0.207346898425
0.186465451331
0.516114953818
0.284675052068
1.02674340784
0.0201075153368
-1.52050657476
-0.887393101014
0.744952623314
-1.07470897575
0.13058130989
1.37397091076
0.863107201152
-0.290173474581
-0.0513537566906
0.485347586266
-0.748173008994
0.0159727828508
0.926864603257
-0.125839945306
1.10157957315
-1.0259709337
-2.26764973948
-1.73519143598
-1.54309720691
-0.0253688820324
-0.47350903899
-0.133032134625
-0.0504610257036
-0.533064992175
0.407739074796
-0.381874045456
1.29332535707
-0.281783770946
-1.41131486958
1.56770750705
-0.473037219538
-0.254840771427
-2.07739349843
-1.20560891298
0.555297173925
-0.333072905698
0.761610268371
0.0289928680069
0.568735214843
-0.899246913699
1.20220295578
0.96141733346
-1.37610178106
-0.692808310277
-0.909215477771
0.536397454456
-1.08062144218
-0.219256805048
0.452787264992
0.691612422936
-0.28316395776
0.0436890622897
-0.0771931616865
-1.35385717879
0.298574501008
-0.475978158204
-0.0341299133834
0.317918688617
-1.33877136352
1.40169646324
-0.828449350934
2.67825075918
-0.588583422561
-1.70156659442
0.238129749557
-0.201156777446
-0.227683594561
0.883406051252
-0.275166920573
0.76259464787
-0.387396255006
0.362417351829
-0.00757679221894
0.595280588351
-0.471016342626
-0.557360973247
0.660843023646
2.20498072125
2.32264314254
1.28514583714
-0.53862718286
0.244195835912
0.270769242027
0.156527761509
-1.1631983166
-1.00434700693
0.560091464376
0.0905107862055
0.816696879153
-0.616046202169
0.31239164094
-0.561003480405
-0.0712142346384
1.76332684049
-1.05952936046
0.172623863237
-0.242856805076
1.11078333841
-1.35400301343
1.43586957729
0.189706175399
-0.800378748376
-1.32442484737
1.41878860462
-2.05951809612
0.527077394766
-0.572990229594
-0.0742237804384
-0.368241352986
-1.71041894004
0.520588624687
-0.22128248583
0.0811804348912
2.01038165772
-1.40635501745
-0.31605767242
-0.618556207287
0.944335658058
0.820979941864
-2.31120440626
1.01219178409
0.0930042728043
-0.398830977683
-0.407511040226
0.484189433804
-1.41280805473
-0.39754211949
-0.859624750883
-0.0745349721536
-0.390184935779
-0.560154297946
-1.85191596801
-0.718144249422
1.39343370803
0.367798032266
-0.814854744908
-1.15971423275
0.392932550842
-0.404906795533
0.197607752608
0.568073943898
-1.70684569054
0.0916250538084
-0.48044730122
0.73082877642
1.35431924999
0.964623594717
2.00585891644
-0.364507600337
0.890220859659
-0.0764203134633
1.81371189519
0.70509122291
-0.949025147919
-0.752441357385
-0.309869844407
-1.18718954059
0.64737724098
-0.76020823253
-0.266965676256
-0.0507210991254
0.451962399855
-1.48071816496
0.902188650855
0.16845577355
1.21575800147
0.0996564951209
1.00204566994
-0.820629609721
2.28673220023
-0.28429504556
-1.22835406972
1.19129135502
0.156729173421
-1.09007192836
1.01925688333
0.966360787033
0.0587473174139
-0.995067306116
1.25385075984
0.14615859556
-1.6996535762
-0.426229421831
0.0823833904246
-0.763164743819
0.02395913164
0.0479704892589
-0.0798431642343
-1.04971208699
-0.350239857647
1.20441704993
-0.166472902586
-0.0767644525651
-0.149785735836
-1.3708480631
0.0286345700008
-0.509406773085
-0.520147567829
1.31270780224
-0.158787937179
-2.18741931067
-1.36085979576
2.13459526759
-0.405779188982
0.996343838231
-2.59262549839
0.0772888478721
-0.97371612523
-0.00730223659134
1.30714030432
-0.367705999438
0.464363622982
-0.942374126614
0.918615352576
1.71119281886
-1.53262537231
1.9488804472
-0.657622432385
0.497029024332
0.653825561173
-0.876607744685
0.447612414937
-1.49949212094
-1.26060442337
-0.176208819702
-1.08782513123
-0.84380913755
1.32670534045
0.866556770935
0.0307643323474
1.09195364899
-0.466062812347
-0.929633447982
Score: 13