3
44
10
3
1.09173759173
-0.794476095483
0.630651367435
-0.0164663551895
-0.318115686808
0.0425032842505
0.368608230007
-0.693051006622
0.407991505892
0.747197135685
0.921441781319
-0.530849421261
0.185777638846
1.97464736033
0.246535331058
-0.717424827923
-1.16039702661
0.856496803365
-0.670009570701
1.26547003241
-1.38407798466
0.161383861266
-1.30281924052
-0.566226854256
-0.791304008448
-0.575862092057
0.33958281179
-1.51360683177
-0.878897102256
-1.89119093145
0.134907305598
-2.00846475674
0.551551393493
1.93697408834
0.922320075019
-0.915670960285
0.376764040978
-0.0250306559686
-1.50708316008
-0.563433234832
0.174315544508
0.583413582435
-1.4997260037
-1.78504512056
-0.197000500307
0.630658962955
1.40793385149
0.434650696067
-0.222983511983
0.15871369586
-0.151614639359
-0.00350674675158
0.932125245154
-0.070804589974
-1.40746281355
-0.131800849869
-1.62910001849
-1.99752273266
0.869611777743
-0.152251252932
-0.197546000991
0.32770129942
0.665068805126
-1.48020736236
-0.146307116308
0.443184884637
0.250349855506
1.09885717567
-0.836966313867
0.901126559393
-0.237857334093
0.596420810394
-0.234666421324
0.104412128488
-0.465727590431
-1.78948045164
-0.367054134056
0.731226810074
0.679500583474
-0.398610855784
-0.758910804335
0.492864043367
0.216314654326
-0.412872184325
0.418255364239
-0.230978273139
-0.94738495435
-1.04710805751
0.268284723483
0.724632598166
0.398170165955
-0.0596546399251
1.20632202892
-0.737706604489
0.021739161912
-0.796166848132
0.0282109777789
-1.3739313038
-1.77296503831
1.24242927075
0.910707325325
2.0471958534
1.25081182137
-0.641611372827
-0.421860869824
-0.410360914316
-0.62233966969
-1.26878385118
0.669853945348
-0.704289029025
-0.25453130409
-1.5183552724
-1.1593955909
0.355200956027
-1.13418369707
1.43500612497
1.02069839315
0.190423567514
-1.6272152794
0.853663323208
0.662444199118
0.716002053201
0.615597963419
1.02914538944
0.311358398375
1.13975418736
-0.62339822112
-0.567686470718
-0.108725451625
-0.388887881873
2.11261887229
-1.81364762086
-0.393100565831
0.236672077588
-0.605883082773
-0.786847829945
1.47305027575
0.904702600813
1.04183685385
0.174933335825
-1.06698462157
-1.23238204688
2.22946593152
-0.209149383128
0.841224886204
-1.08039372158
1.38967648682
0.832833961106
0.908020160375
1.07317420581
-1.79297599997
0.285104968117
2.46545367775
0.256864189775
0.168767786491
1.29725849286
-0.829381389787
-0.00277957945689
0.479211356445
1.0634713752
-0.810113764879
-0.0503189255978
0.012731017146
1.15311584782
-0.270010310561
0.533160063025
0.0601705765873
-2.03477215161
0.547365017131
-1.12567241366
0.719503788405
1.47870544955
1.11427613688
-0.612848984359
-1.33475026856
-0.749229894089
1.67778787992
0.703868500664
1.0835663887
0.575810368107
0.53905989264
0.551932929312
-0.389510426193
1.16937043728
-0.465827604866
1.06056201325
-0.996359619139
-0.409643419606
1.86021823197
-1.27255670832
0.608419845234
0.0521036309414
0.418641871885
0.422488916803
0.263644483311
-0.211540898583
1.41212542201
0.841527540623
-0.208179448213
0.853175618325
1.41200100098
0.200693402309
0.129521730892
-0.302431600405
1.4163777557
0.171801478667
-0.275032548634
0.742817714951
-0.48194848737
0.0479679234961
-1.31495686726
-0.651954462172
-2.03070728861
0.834671021546
0.258705419212
-1.52886855141
-0.300412691134
1.78926586652
1.30413318063
-0.998403596094
0.804638280551
0.209429674782
0.596187503835
0.385371177745
0.121368419123
-0.775725526161
-0.753651715522
1.770778107
-0.350623594707
-1.49714438015
0.0339996650026
0.649872006396
0.543765925758
-0.724201439583
3.02815604413
0.894559163834
-0.349506351552
0.657641494236
1.0568103682
2.01366801808
0.74943921367
-0.904727786573
0.556357117226
0.452327503031
-0.899352579723
-1.64338667127
-0.212400809042
-0.45565898099
-0.80933875
-0.110715890634
-0.481651249579
0.729592792378
2.02053248094
0.97565279705
-0.225555356386
-1.49843152818
0.415818397369
-0.290135399708
-1.28805484651
0.37093234087
-4.14290115358
1.35158665963
1.05738526253
0.592109466696
-0.909943907167
-1.35269049862
2.04089667307
1.85956098739
-0.138757590248
-0.554237354783
-0.278241017463
-0.173145194446
0.0679544451554
1.26708545647
0.0808780283482
-0.388729245195
-0.618462980366
0.627301344622
1.02942834072
0.784269290122
-0.452068256321
-1.08914965193
1.55768624368
-0.577819858069
1.6911566148
-0.224355994695
-1.02852628659
0.916384580928
0.516730218171
-0.238260734133
0.665582684793
-1.43967901954
-0.320961968186
-1.24097021348
-0.79511472232
0.233354583499
-0.477962859789
-0.762130506019
-0.299632105361
0.529526727688
-1.0558076813
-1.95831863899
-1.76026703426
0.379134247114
0.00753694902977
-0.355485523117
1.63063253672
0.621307289651
0.242625882279
0.846462640266
0.357488939191
-0.196993681356
1.16016875853
-0.27210154708
0.387034281533
0.0336604840732
1.11044236817
1.0825233698
-0.139357712304
-0.951821988562
-0.544876270751
-0.365042469364
0.0347173754411
-0.241063467327
-0.625643475075
0.12204107932
-1.04083318261
0.40727289455
1.67991205652
0.289508845036
-1.6375386444
0.817380553901
-1.13773605044
0.209822761121
1.03207228917
1.56366011234
0.131191760609
0.375021631409
-0.789452549586
0.957362705416
-0.637059893626
0.945177695
0.841093218197
-0.663508492964
-0.544858669121
-0.477721983389
-0.257344852253
-0.35952984687
1.11539490167
-1.1319995197
-1.78639552231
0.92522483698
-0.396646520916
1.07152546028
0.0393668312839
-0.0477703667216
-0.848032517255
-0.822342081227
0.239219570086
0.765817979597
0.6557837881
-0.0978092604178
-1.18556973566
1.20957829275
-0.466206307073
-0.391861749526
-0.154926746753
0.610847800029
-0.413972142467
-1.63827263165
-1.84575126002
1.05996390292
-0.0688199448439
-1.18257286219
1.39481425879
-0.382485897655
-1.29603569719
-0.401089702987
0.326691755343
1.49374851388
0.486023508202
-0.147713425335
1.00168147239
-0.0262713807641
-0.278054661787
1.0366918343
-1.21711918321
-1.30840435233
0.179827017495
0.0607798974606
0.494826932683
-0.286879883575
0.977342832236
2.86312414621
0.925790950458
-0.0351660746352
-0.891759114991
-0.413982469964
0.422714636126
-0.890726327126
-0.033502754612
1.00707135006
1.35855682273
-1.50136041893
-0.88352422654
-0.402371963407
1.10836971497
-0.555414816559
0.618156840724
-0.660030723899
-0.955456570067
0.785993134143
0.708694785625
0.00250281039501
0.344199565438
-0.670416732368
1.11522492914
-0.196124948989
2.16800427574
-0.38158366255
-2.52446621291
0.628496714605
0.462020414426
0.0790691598392
0.847299109849
0.201648261208
-1.95390612452
0.169820389022
-0.211310133539
2.10272199457
0.524991301509
-0.509418541345
1.13798791463
1.20479613597
-0.817569840599
-0.391549597232
0.681176248677
-1.27349748135
-1.45247839342
-0.67187525259
1.29751293283
-0.380530073004
-1.32442596771
-0.540886061675
0.369266390999
1.12994705822
-0.510129655629
-0.248898099082
-0.703706487253
0.705545581771
1.90848360592
-1.38285662588
-1.38692604272
-0.672197553645
-0.92538853032
0.230300174431
0.422166989904
1.33867386898
-0.175369729829
0.553243258442
-0.1153570343
-1.02670141011
0.507720837165
0.467333439102
0.853283018607
0.976375177476
0.369283665782
-0.734790310365
-0.469107955341
0.598041403083
0.317899603546
0.29686113071
-1.99312354343
-0.194487176986
-0.886534911849
-1.94154898018
-0.330720107024
0.454044867855
0.91954692796
-1.36276668874
0.461963270516
-0.323933312696
-0.366524171814
Score: 1