3
44
10
3
0.220739525194
1.67576951939
-0.56250257172
-0.948630666312
-0.466860964868
-1.61549332717
-0.00488913487343
0.340784424927
1.29707677993
1.43601043148
-0.784460609617
0.864628352476
-0.144476990703
-0.820136964401
-1.68097683392
0.140714506327
-0.19842945998
-0.21363443271
-1.04017151006
0.753118478058
-0.433594382222
1.08805364384
0.567778945177
-1.03302410254
0.423150552238
-0.332961658583
0.288328854851
1.2924808207
1.11632625632
1.17037597012
-1.67051229812
0.410136567166
-0.670600234013
-1.798969624
1.25012303669
-0.374401987221
0.0319632998438
0.681200475096
-1.24159774284
-2.20222624647
-0.495179631983
-1.52292163957
0.0363374456867
-0.00561701540669
-1.36108466037
0.680134080259
-1.011816599
-0.754241431938
2.56136573543
-0.837163675381
0.610011242665
0.279674745129
0.447247602572
0.905405985889
-0.934529858965
-0.0393410376659
0.977576449251
0.0258973539263
1.55485989716
0.801576783729
0.924653413338
-0.889690631633
0.57885906728
-1.18450684632
1.39751297014
0.424830026206
0.0898533300847
-0.673168037876
0.344807292881
-0.522106610047
1.3236629644
-1.62454618609
-1.34673403783
-1.31938741538
-0.57316775475
1.97072643806
-0.573277099799
0.0803442982484
0.169300866269
-0.024641926622
-0.6523293337
-0.543491362794
0.820009375899
-0.331592422922
0.389484052074
0.266992843794
-0.994003916225
0.737743349155
-1.15474024906
-1.74611808032
-0.114174896308
-0.759964778904
0.175346064354
1.92196025757
0.0888278770797
-0.761314803691
0.328166267738
1.51850691667
-0.103078337976
-0.244841826324
-0.530290366217
1.52935760147
-0.528747285315
-0.909222808884
-0.975753833295
0.100864640501
-0.270187648801
-0.479800808299
1.18137626436
1.21719546408
-1.43390082633
-2.59935892415
0.488167310621
-0.980496798269
1.88916870625
0.552168666749
-1.54571517324
-0.738619726924
1.05713578267
0.215943885959
0.501757676311
-0.910337759846
-1.62790251012
1.00645960327
0.499367784431
-0.261716968827
0.698747279412
-0.613575875279
-0.926407240095
1.45967141836
1.35841938213
-1.46149207054
2.01173489851
-0.995728199795
-0.726654797907
1.27518665988
1.63190981248
-0.428602518757
-1.4659068644
1.18385754622
-0.885801915522
-0.192382850813
1.11264198582
-0.405546901571
-1.55703141107
-0.987840936051
0.922249863967
-1.74013555157
0.453864122554
1.46355414697
0.577456275451
-0.396294826723
-0.774937444291
2.91579808028
-0.0372886521458
1.16620804483
-1.51475500412
-2.34296427744
-1.1485142187
0.26496349571
0.695434090314
0.708963884713
-1.05499876203
-0.237826130721
0.629026547647
0.0532170045735
0.888524760258
-0.922079227801
-0.354931981312
-2.12337243005
-1.86571382601
-1.11379694542
-0.485217535718
-0.305142035252
-1.12490147577
0.298415918559
-1.25349620506
-0.263264502101
1.78681352932
-2.38473189333
-0.643838535074
-0.0805412008704
-0.253220035958
0.426716863766
-0.205581000812
1.74823990038
-0.39454569184
0.410620519187
1.40257021708
-0.512958522112
0.57163224902
0.0899454765944
1.27621306031
-1.02863068306
-0.336980637018
1.45452023602
1.1819918843
-0.582892014322
-1.96351526838
1.08520509203
-1.00315630106
0.11920786273
-0.0181239667909
-0.742730093922
-0.00879754973573
-0.571344441993
0.649752203584
1.19676408511
0.0596050622721
0.589350826178
0.628702085913
-0.439423569902
0.203044015165
-1.1265774044
-1.28408771543
1.47582477396
-0.591849289342
0.657180678658
0.317433425749
-1.0855695959
0.310043035277
0.997460253861
0.353903442272
0.777012249057
0.818997715491
0.494098030938
-0.64570458907
-0.987052011406
0.260121766874
0.537567243017
-0.84970535788
-0.412348493038
-0.431004002296
2.16511295606
1.55956028833
-0.904148902296
-0.813736542835
0.402841671287
0.313059385974
-0.258875398401
1.37588136312
-3.14515588326
0.419760766498
1.16591331481
-1.70496531013
0.506988254751
-1.06326527905
-0.0201005273766
-1.81719841404
-1.28342068783
-0.14203788431
-0.336548916301
0.91884856804
0.178644189148
0.460618661948
0.974101116878
0.383617330241
-0.72446643161
-0.706110856018
-2.14241333471
1.22959030142
-0.13353168464
0.509708199715
2.64795060337
1.32024350245
0.427512265273
-0.625739470245
-0.200261594673
0.125645758458
-1.29044579374
0.0210698621569
0.894328081346
-0.707137803427
0.455318015167
-1.18475741968
0.874617400441
0.467133459849
-0.629739999999
0.685375668919
0.0511433491493
0.982525272883
0.323537837249
0.236139387762
1.40040660821
1.14478504922
0.23674045267
0.289278500319
-0.00719394637488
-1.87898877661
0.524654492961
0.883442630933
2.34321348336
0.372044711862
-1.06608866824
-2.13089106087
-0.359379231054
-0.932674944047
-0.385392982735
-0.404506772732
1.06481797996
-2.31005882171
0.91138238331
0.512130208768
0.786748026872
0.464215694853
1.04268743653
-0.641231318604
-1.08983416119
0.0876074821682
0.799206941909
1.62165260061
1.20708420153
1.26419612467
-0.100221645991
0.276046594139
-0.897665025476
0.208501628227
-0.491679246918
0.909563873301
1.15103343179
0.443615308312
-0.772680228602
-0.263708579379
-1.32463893398
1.02136244314
0.421811206412
0.0835630716697
-0.0444376639982
1.27857020513
0.82970810534
1.5142484608
0.233264360072
-1.37514030097
-1.49028619221
-1.30452731905
-0.0996001578446
-1.38205593405
-0.571659427773
0.741631559851
-0.803008909567
-0.207322283834
1.31994064758
-0.754524761494
-0.895140516391
-0.73487972471
0.47531935681
-0.586479792058
-0.0455132344221
-0.165557775788
0.261766685203
0.502353806287
-0.370441290942
0.700764859151
-0.491922181936
-0.12964225705
-1.49783379363
-0.061191681254
0.785040014104
-0.456132256576
0.407340981175
1.01437336821
-0.137252312486
-1.34363337855
-1.59044411554
-0.620002756556
2.16452306367
0.152864639414
0.610577030154
-0.715287675958
-0.606762677904
0.915789545167
0.722557477455
0.0516124547023
-0.141929520422
2.44683185174
0.27102079935
0.199789146291
2.09179741389
2.44464774983
2.88272942361
-1.18393735663
-0.139855998523
-1.92042056616
0.537594676701
0.088780525401
-0.658413361805
-0.318610216282
-1.37842176623
0.173927608969
-0.097472933743
-0.31957801012
-0.871436362717
-1.34662149498
2.01078355344
0.479263033263
0.472647470365
0.344887962
1.3538670357
-0.00430630759436
0.357130318835
-0.221850828315
0.946469469295
0.582459527354
-0.0397552039486
-0.193568295648
-0.840433085776
-0.285311369613
0.589450649888
-0.163743656541
1.31648779041
-1.47386174099
1.39369446355
-0.740120242992
1.28651975982
0.477274586409
-0.393659480264
1.22691476749
0.777384832217
1.12026592187
-1.69458738961
0.834705536465
-0.76583902248
1.25506601619
-0.614883345906
-0.0429115383508
-1.49675764108
-0.362785399376
0.870313347859
-0.00551485619978
-0.140449527479
-1.51317849391
0.528324158918
-0.841452468377
-0.996190425561
-0.116774782152
-0.242405687668
-0.47312366932
0.317588864416
-0.552377208344
-0.268029205984
-0.128985351631
2.29966389098
-0.928021103211
0.233318535706
0.0373062772614
0.570560182091
-0.0499830930966
-1.1639825919
-0.178033195063
-1.62939715475
-1.22595303914
-2.58965749583
-0.624104135537
-0.585901965167
0.876835659025
0.0714166430719
0.0706836208939
0.58029879758
0.0937593314228
0.710361755215
1.39340114119
-0.10647988457
-1.52275633097
-0.493359465045
0.0796579579087
-0.0473489973736
0.231004084023
0.241880620729
-0.383646128893
-1.08807260428
-0.41849824588
0.576392365396
-1.21219062416
1.39063876689
2.36155375648
2.15744133478
-0.0462298047462
-0.46979431998
-0.397015820743
-1.04885836253
0.364297764941
-0.216928089568
-1.68691898869
Score: 10