3
44
10
3
-0.711299230097
-0.666931923786
-1.6094555236
-0.834716231762
-0.219138267355
-0.705260551078
0.826244642692
-0.0814157066191
-0.896436723127
0.155579881192
1.10233046091
0.490575328698
0.378120074442
-0.106283354532
0.271297877758
-1.01661383473
-0.427411103925
0.311741990848
-0.533712977202
-0.175773574414
-1.29538257658
0.0696667290542
-0.0147961557124
0.729840874605
0.00636791163222
-1.77419528448
0.665039870389
-1.25193706947
1.28039078268
0.800328591452
1.31882501798
-2.60896448775
-0.967796416666
-0.904903291201
-0.157717487291
-1.30055809943
2.16667511167
-0.478401436945
-0.297538976489
1.62091430389
1.26698565172
-1.44410298485
-0.697564026604
0.536485946847
-0.119961158168
1.10404481778
-0.922610336791
-1.82861899636
0.260908312083
1.07534427645
1.14594552104
0.480391441982
-0.182092876588
1.17262856432
1.73033722855
-1.01870128507
-2.96333859712
-2.5201843173
-0.417359108088
-0.130421562432
0.0268224835946
-0.487437602176
-1.06576176433
-1.25900076416
-0.97084495642
-0.335084517776
-1.65825937384
0.0414251633169
0.309655203528
-0.555710768468
-1.58588892637
1.24827495696
1.51958781955
-0.617870834505
-0.417566190085
0.306706464458
-0.609751768534
-0.38001153155
0.189249564449
-0.526425594153
1.67498721724
-0.473525474573
-0.489409543686
0.457860601685
-1.15115812102
-0.728798297917
-0.5245580936
0.0136977641229
-0.281979216333
-0.709140615215
0.901375069206
-0.48661842669
1.00199624363
0.444369145919
0.741246717276
-0.802995589859
0.792280213286
-0.127335809265
-2.29593742044
-0.942510411969
0.871439828874
-0.236823273987
-1.61157428365
-1.50424505849
1.36342778304
0.125150998626
1.64997881926
0.445968952222
1.22454370486
-1.16244729648
0.211506855781
0.235432846795
1.4430377435
-0.201618054429
0.102417034312
-0.589588253774
1.11895533392
-0.929771974314
1.63495936214
-0.998330054361
-0.956270431154
-0.49786363033
-0.0830156002718
0.326522720667
0.730806926793
-0.752445971188
2.07778912503
0.555736318802
-1.33088414758
0.629734587361
-0.239811927075
-0.280569886618
0.256179614334
-0.395407475336
-0.0914730996249
-0.631011473999
-1.03171696456
0.617835369577
0.830926949049
1.24134387998
-0.671485229424
0.702697993947
-1.59594733059
0.73707045598
-0.445503060003
-0.998433217124
0.211387741346
0.881913928426
-0.23822082789
0.314485717158
-1.53164593398
0.914506629928
-1.62157869087
0.701418149976
-0.434220057796
1.77964364964
-1.4661670026
-0.312598656348
0.0614522072596
1.65849819047
1.45640416241
0.132637444107
0.190216775558
0.232944176112
-0.913455494337
-1.31721513366
-2.27513842937
0.239571624695
0.329458228456
1.18460971022
1.01674168963
1.02840260137
-0.0464868454551
-0.0414710030414
2.86169950746
-0.395889468219
0.0336474306742
0.596333777052
2.16766234805
1.50163590955
-0.0913364055479
2.16388633313
-0.417911401545
0.0726114867804
-1.92405146342
1.32403551069
-0.198497609021
2.15112363265
-0.349693249191
0.624169183333
-1.53944830239
0.767378396122
-1.43373007548
-0.71116881045
1.31452556464
0.0337691239117
0.082983178377
0.0385706928929
-1.34720688296
-0.391100449439
-1.14948828938
-0.564851022398
0.918200986178
-1.72590333964
-0.902534800934
0.914190813537
0.496105791041
0.577291047246
-0.944910238367
0.661245137449
-0.869084831684
-2.22847397458
0.333513640711
0.594648554475
-0.264379351511
-0.667029083153
-1.2731025518
-2.35721386454
0.571115938924
0.727793793179
-1.3638796405
-2.60027099062
-0.27272514943
1.48320084327
-0.250232030135
-1.30616376367
-0.135702516696
-1.03676865807
0.403315557582
-0.933140812377
-0.491816161297
-0.19731073576
-0.782934521339
0.661516647411
0.15416501402
-1.76421793999
1.27482971999
0.386438187327
-0.782408237009
-0.331074147779
0.617220366178
-0.568179367952
-2.9225427069
0.623463737762
-0.102019877849
-0.0560582202667
0.560323736624
0.302084964551
0.999862436353
0.0927559148818
-1.15116345222
-0.679564878575
0.688306600694
-1.1545319553
0.207286552772
1.42778554877
0.790517957004
-0.296165736556
0.0840976260487
0.341376331922
-0.38728574621
0.130496064135
0.965207563915
0.0156900690893
1.31004969902
-1.05707669711
-2.22479334433
-1.74018690242
-1.56649089419
-0.119573493815
-0.620769786985
-0.225852322406
-0.199239720389
-0.504039235475
0.406530267562
-0.288175152038
1.31363719897
0.158506085956
-1.52542567353
1.77721653475
-0.346533176797
-0.13760148062
-1.90993392487
-1.202090492
0.755321228784
-0.50945484038
0.824370007005
0.0104813602413
0.551806673901
-0.825470122758
1.1922599667
0.988744019879
-1.40297753296
-0.761648624655
-0.797798718825
0.579980501278
-1.01685134909
-0.167743740924
0.508521050231
0.71779851027
-0.243999158512
-0.100881456709
0.128336171076
-1.35556535289
0.212796812319
-0.484413383053
0.0724873068962
0.444436446639
-1.28314584928
1.08758966184
-0.863418980368
2.7313557875
-0.727777788568
-1.52858954751
0.135422909176
-0.160826940183
-0.0518198308266
0.77213419427
-0.343709181561
0.991573899201
-0.277148889488
0.332619419136
-0.230789371281
0.61127790481
-0.367466777611
-0.481014076158
0.541954837475
1.99339131931
2.20080230488
1.14896105556
-0.526197804285
0.0189523579298
-0.00762896077288
0.104871839093
-1.06898450248
-1.12075869643
0.584013379413
0.164864874944
0.797020859397
-0.574773005595
0.138048521398
-0.425569945797
-0.268194650955
1.77782596062
-0.969136390921
0.259531983616
-0.351305994645
1.18013821555
-1.42390091257
1.41929010854
0.222274232354
-0.772006104002
-1.25698823564
1.24701082978
-2.04219669785
0.293685092491
-0.770644496604
-0.130358435461
-0.44219224089
-1.78026158769
0.504276489156
-0.0966057142616
-0.0403372772861
1.92543456416
-1.39362259715
-0.359869906243
-0.654114038494
0.976540309026
0.657966334222
-2.33544349837
1.05815340082
0.294876925769
-0.282117346735
-0.378280918468
0.428283182557
-1.25834939883
-0.370982364501
-0.795762625737
-0.250242508794
-0.287944167493
-0.651701773792
-1.79838126359
-0.898310247375
1.2615752915
0.542495257462
-0.687598631261
-1.17520704929
0.4694099259
-0.524578860306
0.277516555987
0.600756237618
-1.60160530449
0.192441544392
-0.35155135613
0.804542172194
1.34050512602
0.95047708905
1.67389172372
-0.478343444557
1.03745861586
0.0826629269963
1.50977867994
0.963622518211
-0.940481642455
-0.799882937536
-0.406133998331
-1.17375827408
0.60190949811
-0.887182236901
-0.243166224952
-0.206093994329
0.781760081237
-1.64796961083
0.850038184144
0.173972828248
1.28826388478
-0.00208420822533
0.974324212315
-0.939201713934
2.01106533901
-0.587407849193
-1.27906968464
1.34434380743
0.167704269228
-0.942651276633
0.955430540141
0.788368666996
0.0382428803341
-0.918084032741
1.25850733902
0.0274627582582
-1.52934180433
-0.381327489474
0.00708132316655
-0.830223385031
0.169306122767
0.0186049547245
-0.120404134787
-0.937873045933
-0.195349400119
1.17465305636
0.0627966110084
-0.0998986532792
-0.154148279905
-1.22271688205
0.109870641423
-0.607936389516
-0.521366458988
1.22063956436
-0.201783462166
-2.42895766553
-1.51001107337
2.2191262145
-0.577152322657
0.896170850397
-2.27267802026
0.127184079219
-0.925215481901
0.0530528114304
1.52780112435
-0.188854447952
0.359563351073
-0.925881240217
0.821415796608
1.82631430574
-1.29293879458
2.03200201634
-0.542802744281
0.433805750317
0.63676745934
-1.06022718789
0.60937248321
-1.31565348143
-0.917183470447
-0.12497151048
-0.905890579972
-1.12331049319
1.44094976715
0.876055020087
0.136086266656
1.04484804305
-0.495240670028
-0.865245573528
Score: 21