3
44
10
3
0.0548080250685
1.63561507938
-0.49897006664
-0.937466541999
-0.478262259059
-1.6541742677
0.0209119165369
0.516481429492
1.64677668974
1.47447691439
-0.88047288354
0.730370974343
0.0505271566146
-0.753438430098
-1.86388782368
0.151732890723
-0.244804787541
0.079463676689
-1.06644363681
0.683764444948
-0.136541020511
0.747752462641
0.519482318842
-0.955025314016
0.247436360877
-0.37476946939
0.466002618394
1.27654628069
1.14950088917
1.04366587699
-1.95438997942
0.323784405573
-0.359737702678
-1.99270990829
1.17394779897
-0.282560865757
0.0668116400256
0.557713855321
-1.14955038142
-2.32528257534
-1.11300534813
-1.54362994228
0.102638196943
-0.0465229488579
-1.20680868915
0.388867848642
-1.04109607393
-0.773230828093
2.68742081064
-0.714376092181
0.504625932591
0.190730814398
0.604848124436
0.662209529276
-0.686377064599
-0.211024450702
0.898468791074
0.071008317787
1.55172619447
0.467218937018
0.925036049133
-0.691764948607
0.621335662171
-1.14306692314
1.21899426324
0.206729959044
-0.0702240739116
-0.762231022087
0.497310102781
-0.328117367978
1.26019264818
-1.72692164693
-1.39505689344
-1.18106657722
-0.208303833682
2.0550461555
-0.547874570874
0.091453562177
0.394926255454
-0.326135111951
-0.728175700629
-0.331274108787
0.786843553379
-0.0797313123254
-0.160071399502
0.226158732244
-0.929938777008
0.675875565344
-1.10826713638
-1.66600978982
0.036402612497
-0.799731719372
-0.101287042778
1.79631269204
0.208843848891
-0.495387948664
0.471102101617
1.40874198587
-0.228898169332
-0.199641761733
-0.434343398974
1.54211983029
-0.384910446536
-1.38954236612
-0.807338378502
0.145975818382
-0.215401818345
-0.286520633137
0.742300371438
1.04583715701
-1.50083846833
-2.6064603863
0.569608009481
-1.12133971075
1.63895649414
0.849933190047
-1.79139824597
-0.998789788229
1.02691110308
-0.0758877625121
0.507155240195
-0.737933357657
-1.73652564611
1.36201525994
0.491382873074
-0.330235887226
0.478242303632
-0.535361084054
-1.07925943329
1.23334690791
1.31630982653
-1.32709878502
1.86167027938
-0.738433459508
-0.424888784161
1.58756893559
1.49593607464
-0.353445305505
-1.52063115554
1.24018518556
-0.864517431953
-0.218939169963
0.80379853446
-0.438854392136
-1.42076795332
-0.977102861282
0.825398480468
-1.6849570952
0.514950279419
1.19162053553
0.880411832307
-0.566939416706
-1.02373084659
2.73794140756
-0.0759706974646
0.774260289738
-1.74356737573
-2.15880100129
-1.33641984188
0.0532291737523
0.648952530106
0.571785608837
-1.02777542479
-0.151957904498
0.495618418145
0.170687866986
0.834553575296
-0.980066295314
-0.308200451567
-2.14277818346
-2.09066662841
-1.13204111221
-0.302101294964
-0.00460720724846
-1.17137306608
0.131057321761
-1.19795283429
0.15010576113
1.90625116814
-2.58580677475
-0.833121429965
-0.0367399223545
-0.460030020244
0.664496755516
-0.0809434641272
1.44435332006
-0.22767609821
0.547583988376
1.20092486431
-0.724096050402
0.357715969234
-0.064395220699
1.22167312129
-1.03927929162
-0.401039342707
1.42128189604
1.15700561178
-0.588953296276
-2.00605581283
1.29173402612
-1.29689247886
-0.0813969251783
0.207150682494
-0.820692755054
0.210280286736
-0.63665432482
0.509590763392
1.14439404633
-0.225807327126
0.499280611789
0.487129899971
-0.590433135909
0.212263767578
-1.06849757314
-1.25253122023
1.61991288277
-0.535008395817
0.672791693343
0.319794363252
-1.29105123293
0.194264146435
0.992952001784
0.430093151271
0.650109072955
0.740013283241
0.628082111256
-0.328655723503
-0.971493697963
0.0580604970456
0.595592525225
-0.75051087184
-0.343395441123
-0.373634556767
2.04729591941
1.44522478728
-0.832519792458
-0.733880486005
0.43317601006
0.271033175722
-0.486817081703
1.18673003974
-3.0400984886
0.664112990782
1.11919216106
-1.63114370419
0.586508781722
-0.976281441277
-0.201098986179
-1.78637159117
-1.06333667896
0.226679456897
-0.437249440929
0.41215690028
0.0669987179759
0.339060365918
0.914148559305
0.577556785795
-0.395927621909
-0.57234934511
-2.21137796158
1.40865574597
-0.457026172017
0.503902460489
2.34006667691
1.23362663914
0.195078417019
-0.502446379746
0.398074752339
0.237002886717
-1.67211142581
-0.183182982063
0.868073931782
-0.586576186614
0.034134909531
-1.20703562722
0.949535135089
0.443955725958
-0.566482349636
1.06506826184
0.433457022515
1.13806861465
0.538260590895
0.267109914465
1.45623469147
0.952343793261
0.0203983753483
0.309437374367
0.112605820539
-2.23890860551
0.155859159508
0.845378987968
2.17279076746
0.466931300835
-1.27031700705
-2.27747233687
-0.523891219256
-0.588746671354
-0.413682252093
-0.710449853621
1.01414593985
-2.16376290066
0.933533156202
0.387100840798
0.664418876257
0.152281033016
0.58194000148
-0.207582930546
-0.888817572078
0.255371320837
1.14900497461
1.59817387056
0.848055894028
1.26445096039
-1.0155755491e-05
0.0108525012206
-0.978802059847
0.0526498973374
-0.281325965712
0.721615299867
0.982502333889
0.52634602537
-0.582049771451
-0.590568678177
-1.36257654607
1.15593016956
0.472318594519
0.37299199119
-0.0553633343907
1.07569120634
0.751295446934
1.38894362825
0.258456156875
-1.38509260714
-1.57218438051
-1.15267185855
0.103460575456
-1.2255914179
-0.505364381876
0.883013487894
-0.715910986645
0.223420229647
1.40833908389
-0.970659439207
-0.801384219095
-0.562269417108
0.346429257576
-0.632371598461
0.273446860294
0.101226608876
0.0509672396007
0.644071226928
-0.539637717748
0.636044676044
-0.564978781091
-0.25231437735
-1.42967230757
0.115774082125
0.669485774151
-0.183470784377
0.722217831216
0.855605543664
-0.170609124059
-1.61126482175
-1.59882345034
-0.137422301773
2.26164156697
-0.016231834755
0.662723023167
-0.828748554622
-0.6260502926
1.05899405941
0.719384738438
0.00764521465176
0.270398038656
2.47574920121
0.0170530230818
0.14010323101
1.91095291751
2.59964095279
2.74711143408
-1.27330164103
-0.203751863562
-1.91690837054
0.351379542056
0.22498156
-0.561876855923
-0.28892918647
-1.14921880083
0.146642387465
-0.136525743066
-0.481741883248
-0.916609371757
-1.50423739351
1.86012646629
0.496239068502
0.504552256001
0.669110169765
1.03411270657
-0.114497312932
0.269895901419
-0.268264497548
0.980895345791
0.505841967117
-0.428061377957
-0.422261483189
-0.977310337873
-0.165009595461
0.647395220256
-0.202748484892
1.30879939976
-1.23339942359
1.49528898651
-0.771135074735
1.31511013202
0.272309122314
-0.535854236617
1.29907834534
0.740801616889
1.23695544075
-1.75176237975
0.720119885386
-1.0093769715
1.0039739731
-0.71011069261
-0.053391446994
-1.75859992484
-0.758368036359
0.6881535801
0.050619203115
-0.287639821052
-1.47434932349
0.617506919725
-0.768421408568
-1.1404129215
-0.255594068734
-0.220748129025
-0.287574385076
0.279686684093
-0.482538599187
0.162786803033
-0.180136756436
2.14448443266
-0.894923536202
0.44359900726
-0.110799186733
0.343808206073
0.105939117019
-1.03092346716
0.0587250095162
-1.75648515775
-1.25524870651
-2.65906000576
-0.733315652432
-0.504520008827
1.06485435849
-0.130135119158
-0.118588956515
0.629728782039
0.421334057846
0.93112479357
1.37653860063
-0.138924483521
-1.48170213523
-0.49772125404
0.0978603165361
-0.184780142386
0.0320481292803
0.362116104816
-0.524444304854
-1.11376727908
-0.179074946921
0.758428344709
-1.11725786363
1.28062295981
2.36554624841
1.9336590134
0.0201410269296
-0.541031596924
-0.58492741024
-1.09786112184
0.361060187767
-0.0917229358645
-1.56101857719
Score: 177