3
44
10
3
-0.737516089013
-0.512654958252
-1.29328766721
-0.648781190572
-0.102259458077
-0.422590222383
0.83397743629
0.0124626021458
-0.93980622378
0.0678768185196
0.911644589898
0.489979560578
0.425587969398
-0.250549160023
0.0385360150774
-1.18528043307
-0.499128214982
0.549845723633
-0.699764755022
0.0873508281708
-1.35685005826
0.034643783501
-0.0309309933688
0.551369124533
-0.265633631395
-1.99202973791
0.429238450102
-1.11409075911
1.43931260213
0.570108615365
1.24389264156
-2.59171635903
-0.664424165495
-0.758300518238
-0.226355967818
-1.26893186483
2.04953266551
-0.64739703756
-0.225545581458
1.58425684407
1.42193493704
-1.1723135463
-0.86404548489
0.613628426318
-0.135827884741
0.910736360593
-0.983994566266
-1.79465696055
0.178791774252
0.956545812941
1.19969089231
0.753392199686
-0.253822596479
1.13331051287
1.72505809573
-0.782854013226
-2.65032554036
-2.16717695894
-0.403175528331
-0.177749145333
-0.0647828757087
-0.608056676508
-0.851426886549
-1.20501000529
-0.895393641241
-0.423055946783
-1.66822882883
0.0478130230172
0.276017340058
-0.676200021128
-1.43556642504
1.32979190596
1.66082322066
-0.606130973798
-0.405568776449
0.318852717284
-0.48123348442
-0.591157044316
0.0198450847281
-0.51230245525
1.71680337841
-0.417358008368
-0.502202642974
0.463974512317
-1.15990330193
-0.774073658181
-0.504208472099
0.015327767795
-0.213949519223
-0.830581360002
0.816587669056
-0.434987820603
0.895213318917
0.432414483918
0.613034817937
-0.690585902358
0.991266197132
0.280876594674
-2.17628051615
-1.05829362755
1.19376511389
-0.453620281255
-1.58159246902
-1.41800040139
1.42930369801
0.0418363951064
1.77092777203
0.19964818534
1.45050061752
-1.42391538415
0.0855554362934
0.304577281267
1.40370049806
-0.408914027004
0.404263239444
-0.428525875956
1.27819944386
-0.743323072405
1.70717893537
-0.884213468945
-0.726377138449
-0.692531779657
-0.348756530139
0.41210662703
0.970307633286
-0.504821424663
2.14774766749
0.444859146016
-1.35186671481
0.419339486279
-0.0156314617244
-0.652196325004
0.358003620468
-0.402331087198
-0.123761463978
-0.428859722877
-1.08217447051
0.586836825177
0.998836409598
1.31865505567
-0.740579836966
0.657348365969
-1.74856566837
0.599360650819
-0.264808344159
-1.20951718619
0.493674761966
0.843190701636
-0.221951917845
0.51032537155
-1.19149367841
0.675263044011
-1.68519652487
0.622915272314
-0.505375863624
1.58104065437
-1.31013439466
-0.553698871139
0.266227489738
1.69482515823
1.23712509486
0.417305261358
0.0593072415416
0.243964766741
-0.90563201059
-1.26763979133
-2.23157845623
0.28235334168
0.409387332244
1.20211848022
0.719582211881
0.76458053664
-0.148585772643
-0.0518077234832
2.57288814394
-0.247346652817
0.0285275904992
0.660449742045
2.20711015553
1.43745249658
-0.105788509564
2.01226251404
-0.110946489649
0.168093253534
-1.98363294109
1.27832405638
-0.431605470296
2.01837755048
-0.268812059633
0.526207704774
-1.49600006455
1.071263223
-1.84223298445
-0.60163937744
1.44947877619
0.0270045727343
0.214655013254
-0.176739180126
-1.13267884391
-0.40505365009
-1.0420196985
-1.01180145389
0.869291556389
-1.5477572116
-0.989296586724
0.58150619147
0.677577073552
0.622312060878
-0.928751652726
0.353653764196
-0.86607171845
-2.20360483349
0.554174931359
0.545081966127
-0.31507484524
-0.492567603799
-1.29994606894
-2.36903758172
0.435670258264
0.618559879856
-1.51381213714
-2.61743668087
-0.28869309055
1.49015345157
-0.385120966703
-1.36545542144
-0.282424817816
-0.871923562116
0.388845018232
-1.01546196739
-0.690254136649
-0.299740418764
-0.616081203288
0.417024175593
0.16924581853
-1.65378003122
1.4113888061
0.0521205755241
-0.821363876718
-0.413527181757
0.465477574334
-0.712380075663
-2.94405089735
1.12621485722
-0.101598436478
0.407203214188
0.695409252843
0.40654759867
0.772906376722
-0.446287782579
-1.51374991207
-0.890186638146
0.715215396128
-1.13755400388
-0.139137953845
1.15343153221
0.958892405568
-0.40119112181
0.379006781868
0.0517509628192
-0.709980436965
0.223900190659
1.23747276853
-0.325594545391
1.07023918177
-0.88398370354
-2.13208987076
-1.92275376917
-1.33969831056
-0.15316872187
-0.317895965911
-0.152817164969
-0.0814784041654
-0.645798946182
0.142213213308
-0.592806394191
1.27254200477
-0.0414685328106
-1.63846730625
1.5765289366
-0.204059099879
-0.389159922524
-2.08491207386
-0.959421865462
0.369011574128
-0.567055308891
0.858673652753
0.121620228258
0.505100788235
-0.781039474913
1.4435622966
0.777810947996
-1.31619552866
-0.797737367715
-0.892478282187
0.534703763465
-0.966617331062
-0.294090113186
0.592101912357
0.511631195579
-0.474710962734
-0.0496817550457
0.272769578526
-1.30610479449
0.10381382441
-0.141513366373
0.12180417797
0.447319075549
-1.28687648475
1.56060182629
-0.689451156413
2.53406475939
-0.555482282378
-1.72082216637
0.174708592057
-0.39936725121
0.111399867294
0.396555215961
-0.41146814074
0.975589931048
-0.316463820157
0.395896895917
-0.236628827371
0.591253904984
-0.120405734128
-0.433127039957
0.527765888772
1.77513250296
2.13935424604
1.17871654523
-0.412834947077
0.0977403259885
0.162525573076
0.300483523409
-1.05246130736
-0.936561018357
0.512591667412
0.295584604463
0.988590280865
-0.437149402469
0.30537005005
-0.387841530775
-0.494688173085
1.70170094391
-1.28771851203
0.165406237493
-0.376761381495
1.05013746119
-1.13167229198
1.46922347823
0.215263570998
-0.759680787013
-1.34693235667
1.17144236562
-2.21991255437
0.299720117184
-0.745831560396
-0.0400084497038
-0.693119039252
-1.65355004286
0.562439453877
-0.460271100987
0.0370031281965
2.02920938378
-1.3683236534
-0.159655459712
-0.587895924491
0.970647502254
0.775138739324
-2.10194484673
1.08672236208
0.144429468659
-0.511158061178
-0.376641125376
0.398151198727
-1.7234263356
-0.721135798254
-0.748372442334
-0.532949578321
-0.265461675441
-0.570033040938
-1.72165663092
-0.370958105287
1.03503537191
0.15460883083
-0.474189180105
-1.19305708368
0.37456237526
-0.296014659728
0.137143672052
0.405870931918
-1.81027879268
-0.212535706897
-0.347988942682
0.81859580572
1.20570136466
0.965735108537
1.90520454924
-0.510819695533
0.865953048684
0.297503907528
1.53991822667
1.02464028659
-0.831193096195
-1.06576069012
-0.501825097896
-1.15002033668
0.64433291577
-0.595443923237
-0.20018832016
-0.110338302727
0.472475457268
-1.48192027626
0.828423501826
-0.0745202542819
0.988368927715
-0.0562144668847
1.03126034162
-0.853326899388
2.3038739586
-0.46832072765
-0.982397294024
1.18909895683
0.288873842369
-0.975652190956
1.23034754253
1.08691475553
0.0251410263362
-0.952255150647
1.31239261564
-0.268766584689
-1.50719319578
-0.421828854435
-0.315675010131
-0.65989198943
0.353446760964
-0.0714223942722
-0.294815841283
-0.993694093321
-0.386329567833
1.15018460071
0.104350656042
-0.0956897388725
-0.0498553047003
-1.37479676657
0.161883580923
-0.57784352688
-0.495548639378
1.01214980192
-0.0320425312033
-1.7706192884
-1.26320825079
1.88069615106
-0.839048182752
1.03634043966
-2.46058687431
0.0364707720015
-0.848280256045
0.0393576632256
1.5080934986
-0.0721317013674
0.357185530936
-0.639192860496
1.01323206199
1.77817780031
-1.32500302669
2.1327493722
-0.730970762772
0.535329258959
0.509130635122
-0.733192092975
0.50113149532
-1.31867300369
-1.00935764846
-0.145748813027
-0.882325726844
-1.01403756663
1.0405136502
1.03754571598
-0.239008256636
0.92997294611
-0.21877834778
-0.912147082737
Score: 21