3
44
10
3
1.95966467176
0.563082841728
-0.137056977256
0.646714583577
-0.226699706744
1.11975645519
1.91618652248
1.23880407907
-1.23690913567
0.768053585373
-1.05551481307
-0.58505487647
-0.594040373166
-0.128694744401
-0.766827256416
-0.0333653774452
0.886473143637
0.272649261608
-0.764694478238
-0.00928964060349
1.14078783218
-0.895253354798
-0.678399721797
-0.592033245492
0.0381150866552
0.422942323853
-0.0989449784324
0.714803274535
-1.2337526028
-2.12883395883
-1.02774010375
-0.103613430797
0.493248496586
1.53296411295
0.5679735417
-1.50122579664
-1.31109343897
-0.128447875779
-0.173874016701
0.000598747389345
0.745895804912
0.33744236446
-0.780635371119
-0.963364639293
0.910232564081
-2.02411006833
0.220440337443
-0.319225445218
-0.6317351557
0.686867004569
0.759797670469
1.16013375029
-0.20358309088
-0.115886460959
0.0379854728759
0.493676898471
-0.0968746146202
0.759665978989
-0.956112959748
-1.21319152472
-1.03537146624
1.08961714554
-0.060358596942
0.541312558125
0.214618119683
0.294013865735
1.33825459895
1.88597010327
0.169482513599
-0.0569663114976
0.206778528784
0.993323076117
-0.293632651853
-1.07458594235
-0.565459413173
-0.597954300072
-0.30479380921
-0.191368681206
1.3914251711
-0.254854392881
-1.31579810196
0.748927947255
0.593963269761
0.145157118638
-1.04892966483
0.767454239284
0.299965772183
-1.86205388308
-0.435932974001
0.674600894112
0.393156291198
0.944709372212
0.666055088985
0.456581895958
-1.00184186036
0.440026871204
-1.15524612325
-0.550990462118
-0.325513544684
0.358339269836
-1.29374301441
0.526247447446
1.42266273908
1.84948718807
0.344951607885
-0.108768327997
0.00515115506738
-2.31378161079
0.370310537804
-0.186011433111
0.0918650609838
-0.46676588068
2.18489244511
1.24376229094
0.430283285784
-2.31398995972
-0.94015991638
1.08896682467
1.19187753292
-0.111032357647
-0.0391615567366
-0.699477276923
-0.525840539297
1.12950438896
0.492877796785
-0.0515722723856
0.568840873592
-1.85189589563
0.0146627697734
0.11169366405
0.581592142076
-1.41677799402
-1.2279746846
-1.45696231758
-1.37371041331
-0.12685537367
-0.972087123778
1.29091495258
-1.75221061871
2.60419312475
0.948773470565
0.662752457528
-0.353786252578
0.268126771424
-1.33006294304
-0.742126471683
-1.82185783814
0.651178706866
0.221390888489
0.0602817417696
-0.399242061421
-0.578980064782
-0.183932652975
-1.83861161864
2.41585650984
0.886593287411
0.329114573171
0.305719243726
-2.4819125961
-1.5701055108
1.41417474623
-0.658096734414
-0.374535763082
0.0198459883617
0.429927298753
0.113420412305
1.63248407446
-0.923668421932
1.07478560809
0.171745450718
0.0186713500717
-0.922748114232
0.723674265248
-0.885863117428
-0.790851888526
-1.25436247366
-1.24061052366
-0.914268244584
-0.407600662599
1.7777290191
-0.0823292279213
-0.409358565537
-0.0923405662882
0.187307633642
1.79968557259
-0.36596010405
1.00134183491
-0.39955410921
0.745435966836
1.55275277871
-0.209677174091
0.0427730323909
-0.363481108287
-0.533648689357
0.311195547042
0.0102105478547
-1.35079743033
0.198111995826
-0.52642508368
2.00996065499
0.917681676695
1.3072262406
-1.20103055335
-1.00085625932
-0.684547462324
0.190208661576
-0.471217128802
-0.856793246207
1.71147907905
0.137288592183
-1.28995070055
0.69375718008
-1.20908264568
-0.811462196939
0.610306416739
0.299214794795
0.185218722943
-0.382421417248
-0.182446153225
0.699444161564
2.12578969718
-0.584903334709
-1.80897882654
0.553840363759
-0.334475235315
0.254452806619
-0.667979756078
-0.652362082704
1.07474883523
-0.733669385162
0.436517621137
-0.362901209428
-0.134466390034
-2.75811442669
0.123032052407
-0.245155559776
0.385004631764
-0.47548609232
0.39706427513
1.32943813462
-0.600088932899
-0.98768909984
-1.50803802947
-0.702161729802
0.350884385434
-1.03309760464
2.02474052794
-0.35868519247
0.468031300763
-1.2537085924
-1.14284505756
0.607851946209
-0.283354215705
0.442849990619
-2.0927578858
-0.0707222239253
1.10827152827
1.03526963072
0.0873080455947
-1.02857083962
0.302482563286
-0.610552406369
0.20451594197
-0.360535237111
-0.331228382444
1.1933216682
0.209242743828
-0.797480415697
0.246441872621
0.897018075272
0.380955417422
-0.994655316868
0.272221839572
0.611914362937
0.786138147957
-0.190955317289
-0.723370426814
-0.0934453029552
-0.540149710065
1.34815631979
0.964705390319
-0.423840457162
-0.911879639875
-2.12865982841
-0.623271048687
-0.745546149651
-1.42903268267
0.799884972269
0.810546043909
-0.536055985855
0.13686777614
2.34318450762
0.0250130069815
-0.0667255306381
1.19311315388
0.181016205845
-0.535847814007
-1.45674012722
0.91049330186
0.386187190098
-0.0583832506891
-0.676249417526
2.40187511685
1.10874874949
1.64631288007
-0.887639055493
0.608005423531
-0.227998116637
0.836421037162
-0.156762515336
-0.418326100427
-0.709049708162
0.000887505999165
0.744886223004
0.042421702877
0.556264468329
-1.93432759646
0.238882733673
0.384163317398
0.957050332703
-0.375248964459
0.735716064213
-0.607114616908
1.56703774765
-1.62614187973
-0.738341449242
0.194808552786
-1.45445062618
-2.09442924587
-0.150286539253
-0.839255306419
1.1066855596
-0.813119939244
0.902373661544
0.170647666302
1.06344095733
-1.01411177363
0.365292786962
0.282637022102
0.637112277445
0.493769017791
-0.584144108024
-0.496289554635
-0.439361528447
1.59198943125
1.26352549939
0.0390824076146
0.362112561087
-1.48474595242
-0.653019041769
0.380413475387
0.314705792718
-1.24238316599
-0.094315415869
-1.07483265855
-0.836373263765
1.45803845173
-0.5874513085
-0.323802296497
-1.30036186706
-0.27189500926
2.42603228227
-1.09223402902
0.168443125595
0.217169388609
-1.18536399458
-0.251879658482
0.841643754408
-0.362041128715
1.76356253169
0.959928392187
0.730720108396
1.17192608757
0.437077897856
0.442613592415
1.25540418001
0.667679120912
0.0607393047976
-0.803746969634
1.03580009033
1.42345092038
-0.314424892127
1.27136262163
0.988573850015
0.706887946059
0.417422213432
-1.33171985799
-0.133190021487
-0.642972076979
0.585892018493
0.233140884407
0.06593195804
-1.2090749789
-0.290778565303
0.0179154253272
-0.0288296642599
1.98419243641
-0.163112197738
-0.0798009720447
0.992935929216
-1.11637131123
0.0291922977144
-0.119899272094
-0.848998077203
-2.01299282242
-0.335910968036
1.97997282692
0.326021082329
-0.739952853801
0.584816791142
-1.10945641634
0.940635988894
0.190711766583
-0.365427319032
0.455061006231
0.10315936603
0.132056461055
0.620334251907
0.579117240799
0.41718245114
-0.793985413818
-1.78766355549
0.883355506512
-0.773559367215
0.538045784987
-1.03978931264
-0.589139576679
0.027649061405
-1.26831314476
1.26975038528
-0.966958876922
0.249861504599
-0.217979241341
-1.17919062408
0.157606374972
-1.65893764165
-0.648945596671
0.222289631889
0.903169868462
-1.00433133238
-0.484372804034
-1.14450597609
-0.125302738679
-0.71942878163
-0.501061315956
-0.43600340099
-0.722334716623
1.50913250126
-0.646629092196
0.39211682386
0.901294416033
-0.344469733815
1.48670220767
-0.178176550773
0.999194887424
0.635384798018
-0.586156424513
0.681863047582
0.257950340559
-0.229847757416
-0.127177344553
-0.476976205471
0.370600711296
-1.03879669385
1.33725523536
0.304379869665
1.05445477862
-0.51037179672
1.43255649607
1.80752039953
0.472458293071
0.232961257492
0.893753471529
0.666158681784
-0.225660221121
0.726191713776
1.16535054076
0.548901414946
-0.469619051127
-0.757191558622
0.0839100164082
-1.57317000213
0.889967659762
Score: 10