3
44
10
3
0.414501183907
1.58650041761
0.533608292379
0.593831884366
0.64181188489
-1.11554960588
0.705327495646
-1.51883608415
-0.518325514978
-1.06097146975
-0.209278315161
0.582647837452
-0.643627161158
-0.37914759185
1.87323529858
-0.389160296662
-0.721290371818
-1.88268436333
-1.44983579307
-1.88843450984
1.05712689305
0.198887595205
-0.342569088044
-0.576734891169
1.19937142021
-0.370901422568
0.334350195001
1.07411867777
0.575229081447
1.11684219169
-0.512289101067
0.895795570207
0.440712136939
-0.433364287542
1.37326265027
-0.241120040011
0.38746844015
0.887798756391
-0.803026081753
0.0497620689994
-0.437912445407
1.20937053222
-1.2845305333
-0.117304878583
0.738615851737
1.0898305978
1.95947235283
-0.823197407592
0.516825771668
-0.454538048923
-0.0436178082104
1.35165067975
-1.41717750746
0.449016994673
0.462520832501
-1.90753411363
-1.56463725383
-0.591429347631
0.271866116526
0.862112889518
-0.754667846437
-0.439337432213
-0.0465329301389
0.449042099504
-0.948815231142
0.649420400202
-0.180257987918
1.22582451864
0.623348365616
-0.752093743081
0.278005407103
-0.189216008208
2.34608389839
0.73573180979
-2.06565424175
0.170823522373
-0.40815463257
-2.06131826536
1.76299410489
0.394180825907
0.380742343865
0.547430159417
1.05056348026
-0.0576077398134
0.146002199647
0.108488571362
0.960854996882
2.17737958681
-0.815152287758
0.185146423451
-0.348438122715
0.68516687692
1.05779628339
-0.630462731483
0.726532853031
0.132649877536
0.136369313983
-0.219626904986
-0.624606095227
1.07029340098
-0.596478981391
1.11649239392
-0.625338860212
-0.64423779727
0.0762701295337
0.526228873205
1.55769195136
-0.578547559128
0.351290424295
-0.697249899719
2.01334123302
0.88609021641
0.261801560915
1.24453494398
-0.669059449034
0.511137033127
-0.288723216147
0.525280036184
-1.11894507945
-1.52552662062
-0.292714763683
-1.08118935146
0.0904043919342
2.24725266313
0.121385343175
-0.303886710712
-1.32588874058
0.0699056436643
0.140707268442
-0.437676088203
0.626520876275
-0.69851521105
-0.637054008453
-1.17153225131
-2.22162647853
0.372722788685
-0.672603351752
1.08787673395
1.72566792759
0.338087482734
-0.609889610323
-0.623276128736
0.160345935465
2.64737796299
-1.08076573951
0.717575055117
-0.877323295572
0.167351889286
0.472446153318
1.23756901469
-0.0781792568561
-0.128317417235
-0.10898922036
-1.60480009662
0.663800867308
-0.652594913747
-0.792329067172
0.419866018908
-0.869893511227
0.363377794073
1.22423490612
0.472327656421
-0.117646060942
-0.374482320536
1.39508431614
0.967658743685
0.853447186694
-0.704842175199
1.11060459378
0.259992767022
-0.223377098842
-1.88253141505
0.922686244821
2.70982150362
-0.665534346152
0.800620571502
0.811766953074
-0.759057610441
1.78742580118
-0.686933130851
-1.3595938139
-0.372418010681
0.540496685549
0.965507838319
0.93756044089
0.741078993084
0.912074846735
-1.61494801979
-0.63631449528
0.260623197111
-0.116851283145
0.846325128252
-0.96928194361
-0.250109596927
0.102155233341
0.591590115504
0.348755840734
1.05119529951
0.685948481571
1.16947690135
-0.0330905735587
0.661014486146
0.889671367466
-0.697283515118
-0.745676204208
0.491974610242
0.413341907053
0.200898755501
-0.21320327639
-0.118551135601
-1.43807590313
1.8015712622
0.139456169396
-1.27484685878
-0.465687783493
-0.605595847165
0.956066247643
1.38598611576
-0.31520694518
0.0856212847766
-1.47736451324
-0.125724342931
-0.377656009151
0.716593643602
-0.565789776122
-0.486752123446
0.131356980377
0.66556501687
-0.882019999989
0.0243623946302
-0.412105389021
-0.83029540992
1.8468359046
1.10004625183
1.38115129012
1.61285846749
-1.29351889426
0.974903578438
1.83889683575
-1.29371257659
0.116591234006
0.37668071766
0.263234715147
-0.788099699948
1.09959004503
1.56763280412
0.32979798613
1.13619586633
1.88072789463
-1.08823939933
0.0492859203421
-1.75148541553
-1.20156460828
0.96884094946
0.584324104277
-0.545346431481
-0.418549762193
-2.3439970799
-0.279680409818
0.125163883228
0.522948383218
-0.622655005386
0.228507952399
0.654058707057
-1.31348007048
0.60449516434
-1.37307355285
-0.991696819282
1.96979401967
1.6296856806
1.34964779779
1.63007532587
-0.54770043932
-0.543702859887
-2.21202038644
-0.625582872509
2.81797766478
-0.465527772006
0.241295195817
-1.50113992547
-0.359298533603
0.327168911544
-0.0395953829338
0.748818145376
-0.963649700635
-1.66940640483
-1.25718549936
0.831803915265
0.216601571211
1.17552514083
-0.133827799035
-1.23195267851
-0.0899347782473
-0.36568923669
-1.14410452476
-0.224779145516
0.0999716501638
0.708838469285
-0.492018157475
-0.663339134989
-1.84564672654
0.0137012666202
-0.483583694924
0.751885420431
-0.212026959013
0.544410421898
-1.48922036312
-0.0139885214362
1.27503179907
-0.339724293778
-1.59701180804
-1.50370334907
-0.848165788747
0.344918779259
-1.2050851001
2.33058926747
-0.676570078207
-1.66056391031
1.27921520437
-1.06237941749
-1.72258155611
0.21501716954
1.61146388584
-1.64152468837
-1.19328448647
-0.197316462311
0.595241941214
0.120554535984
-0.0840204758664
1.89021453233
0.409695088068
-0.668716783814
-0.288493450918
-1.42249482806
0.41908205099
-0.90682640866
-0.216859987556
1.04038063334
1.38898413576
-1.57145535627
-0.187340899796
0.632483813255
0.944607903581
-0.860621462675
1.25946234698
-0.0395625163501
0.883637120579
0.138953989881
0.876039749259
1.20587887398
-0.525688557663
-0.396021010462
0.0858953356954
-0.899789117177
0.383550719547
0.0629259849613
-0.900850950182
-1.04586934116
0.475450085925
1.19484699188
-0.141836260794
-0.283605690856
0.655341723119
-1.32005369618
-0.903740612231
0.161126454026
0.585380770939
-0.499404400849
-1.50472498844
0.610182950051
-0.63374621618
0.166168700469
1.26928953464
-0.00877787550233
0.794492521644
-0.433527767855
1.61957060145
0.806501107376
-0.164767110316
2.36081097176
-1.14471009446
-2.6473544359
1.26875238933
-1.67917668741
0.957775383989
-1.03076210538
-1.24369139455
0.664324332526
0.590407174895
0.301149839203
0.581769888558
1.46038902153
-1.88349219254
-1.92289026047
-1.300414125
0.67596784744
0.084834820543
-0.648676638906
0.30391324836
-0.252674756603
-0.43277455948
-0.744327826154
0.0268097626618
0.668932781984
0.572577225035
-0.854045374006
0.42460229971
-0.77789750555
-0.162940098959
0.57944059138
1.45350974494
0.950564185867
-0.925889520134
-0.417014867788
-0.633979547822
-1.9598789318
-0.627621358395
1.32201542124
-0.878608638271
-1.54478466713
-1.28359535975
-0.191698902106
0.317786008453
1.31641949432
-0.55565267219
-1.05400271401
-0.252699473501
0.344802697606
-1.46501486675
-1.11178981895
-0.854476330829
-0.532736744744
-0.356971423172
-0.342551252028
0.351564388634
-0.549971274424
-1.54490543793
0.374658533139
-1.0832531614
0.635397614191
0.170121232935
-0.00738220046348
-0.0121665086476
-0.754936438372
-0.701898397644
0.291206564386
0.807271115698
-1.48552024308
-0.206141971776
0.250932559309
-0.335695931624
-0.130295049342
1.72642144683
0.831225183839
-0.449427403619
0.787063081174
-0.527225678079
1.37993642921
-1.25527571819
-0.857001276188
0.36479333283
0.919030081876
-0.474997451413
-0.925355464634
-0.0156102034199
-0.594735154383
-0.5223875985
0.223502690655
0.8967572884
0.958704029747
-0.375119003327
0.967973265455
-0.858227752116
1.01622910121
-1.01699527167
0.0989713250756
1.4086986485
0.668700289954
-0.552573598464
-0.689040781581
2.60504611219
-1.44651883644
0.467689421337
Score: 1