3
44
10
3
-0.72136910434
-0.48366022895
-1.41571475765
-0.816230946419
-0.213378387195
-0.6636979274
0.713862972464
0.196348742963
-0.975753195245
0.0120733787111
0.81436439881
0.602719729336
0.311040366044
-0.11498313079
-0.0983839111687
-1.1942594717
-0.421762820132
0.43119813986
-0.738481098924
0.122827485959
-1.43900869717
-0.0577213813173
-0.297352325309
0.320689423872
-0.339449427778
-2.04155664714
0.308392727364
-0.857860747116
1.2686892708
0.721980153053
1.08076030608
-2.46105725812
-0.663708384565
-0.955494890856
-0.300513701651
-1.36074960293
2.23115500771
-0.636410882338
-0.193944719529
1.72064395929
1.19707523419
-1.05051185973
-0.825290109817
0.763868592646
-0.0439672932578
1.06541393963
-0.963107691167
-2.01903860717
0.0994407881184
0.908513843641
1.09592066117
0.656230131028
-0.404308262005
1.38800603847
1.61501205099
-0.814871893701
-2.95811928496
-2.14735133017
-0.235344031276
-0.197226487557
-0.0975479455817
-0.477129545658
-1.02848783
-1.24202999126
-0.959906443953
-0.475341710934
-1.85912061562
-0.0562538894701
0.0522974840775
-0.60880988596
-1.36588073662
1.16179156346
1.46335453598
-0.39160106821
-0.45820165952
0.252838845037
-0.585789256251
-0.342465375075
0.056590543533
-0.417126768558
1.75927342902
-0.405249786434
-0.596900368544
0.43593890029
-1.20537421087
-0.914114010661
-0.673565229651
-0.045937382198
-0.144533461712
-0.786318470213
0.726583373614
-0.41186601073
1.06938348702
0.442667199577
0.717946860759
-0.584529036496
1.04108072392
0.229522368383
-1.98271581155
-1.31251582652
1.03098737102
-0.368596705904
-1.54566829954
-1.53017053313
1.54632787646
0.120550374167
1.71999716879
0.46084657991
1.47382146084
-1.24606889095
0.0501418984346
0.258209408467
1.40491659063
-0.239813244603
0.146323803841
-0.470364928884
1.18508745705
-0.53132023744
1.68065347572
-1.09943806579
-0.879959483508
-0.434615613755
-0.235297407226
0.239410518419
0.90826961871
-0.61881100568
1.82035803699
0.402981292982
-1.43430624873
0.556473221042
-0.13058067628
-0.537502680945
0.335148635819
-0.408784070123
-0.144740975998
-0.532774561005
-0.979016644252
0.514704537892
0.930653084453
1.25051693059
-0.636936009524
0.697678439285
-1.57387721904
0.795922824594
-0.0811240162152
-1.29706853698
0.433320866663
0.84610848972
-0.0959000630788
0.301424061748
-1.44929576218
0.714598809497
-1.79771380506
0.615467467116
-0.378924517603
1.72862809614
-1.18660097326
-0.37540441508
0.311605715049
1.71048064913
1.13257926052
0.60932921386
0.208986363984
0.203306880826
-0.671198752414
-1.12445521069
-2.11024217562
0.356617561778
0.538485000494
1.1409770037
0.771811777375
0.766581783511
-0.179459636852
0.08877922562
2.55847779324
-0.403044235194
0.187967100305
0.663897356613
2.12071882045
1.26680877556
-0.190309352839
2.05045308259
-0.239287805675
0.0449543196983
-2.11576473673
1.57114800728
-0.375859740415
1.93251076192
-0.455419977877
0.614412441527
-1.42716666575
1.05699257254
-1.75798510717
-0.530795720873
1.61902736612
-0.0589608028344
0.18934096106
-0.228681424986
-1.21147149649
-0.220489940234
-1.10569847206
-1.01212228801
0.83483847669
-1.48932935947
-0.846060213076
0.743471676978
0.681051488746
0.552245112081
-1.03357530559
0.359446630525
-0.979025908067
-2.19136160983
0.344453882237
0.587077489963
-0.485377655871
-0.583370928035
-1.12006318637
-2.20802361305
0.520597688049
0.705040181385
-1.42749217165
-2.44490130295
-0.210528460363
1.48938677686
-0.470594738878
-1.40767559134
-0.25874413835
-0.935503896483
0.417982780909
-0.785971923795
-0.755818218389
-0.581706350775
-0.640243838064
0.382983633057
0.222647094597
-1.59389303636
1.29138262524
0.0760741162115
-0.900292780813
-0.624485488728
0.65454640393
-0.560544085913
-2.90113637841
0.942355800663
-0.217805284995
0.199710901806
0.533283926444
0.102299757102
1.17150537904
-0.289811166991
-1.71564013922
-0.889988757524
0.521247546813
-1.17595215856
-0.0882298819854
1.17239854243
0.790729842474
-0.235115108856
0.320162530735
0.283576994105
-0.751850082629
0.0721429605589
1.3205672922
-0.263612463228
0.94056189805
-0.769727512974
-2.22662634163
-1.79463563764
-1.30229797593
-0.0932800027314
-0.454402235345
-0.386949633943
-0.0199106413959
-0.374259922115
0.153641172079
-0.378928554617
1.41541863099
-0.0164571944504
-1.79247687046
1.66350107808
-0.147105660932
-0.259231357867
-2.20837553993
-0.885354017738
0.444366655376
-0.580054474007
0.780658481169
0.0206097700951
0.594777418442
-0.684301662828
1.39693943199
0.910533680929
-1.38001321751
-0.690287472958
-0.752651041949
0.761103698364
-0.914575859966
-0.323456169604
0.577824207199
0.402544291842
-0.385959263545
-0.209796885656
0.168700325087
-1.47000966983
0.0160685641983
-0.232286892137
0.1232201473
0.569219372601
-1.42489440858
1.56239689018
-0.77887427416
2.42978797209
-0.677470774335
-1.82035292901
0.313155449786
-0.366945352423
-0.0579004991622
0.847247766836
-0.363885891294
0.963706334833
-0.457216018671
0.344390721473
-0.0755981015472
0.515233294043
-0.151513573293
-0.578513896159
0.708751205214
1.57777114707
2.20954935055
1.00114071174
-0.366433049187
0.291127779632
-0.0044901986911
-0.0369299491279
-1.01586262175
-0.9842653659
0.556666114831
0.432948151684
0.891485818962
-0.422530766071
0.0999399430187
-0.406393755099
-0.498446654061
1.64990471118
-1.30007112213
0.375125069379
-0.387478961242
0.993299276898
-1.28817693772
1.45751558365
0.0962607541402
-0.920064100082
-1.17390131208
0.998754535902
-1.89986137517
0.275691471616
-0.684782846783
-0.0508847970747
-0.570204996758
-1.61604425228
0.546432254593
-0.23664052719
-0.120831952339
1.97986210017
-1.39193224656
-0.29093967902
-0.459745265064
1.25113560356
0.781977468834
-2.12812844263
1.09754463808
0.385222727135
-0.762959351453
-0.545625926621
0.428031733194
-1.60201083477
-0.376315487209
-0.817684200782
-0.407603580522
-0.195025001937
-0.617382997463
-1.87916621094
-0.536269047965
1.23878150073
0.0729023465969
-0.522316028665
-1.26497655679
0.250869527874
-0.407549582474
0.182162177268
0.575823784996
-1.74648170508
0.109064849196
-0.296299845663
0.694144010023
1.28390266217
0.878154008337
2.0259852904
-0.632404206258
0.98406164903
0.160074943312
1.6050059093
1.19658827657
-0.559838562697
-0.800730182241
-0.33495024336
-1.13816209315
0.754814633055
-0.453711480247
-0.140676510325
-0.0841462986469
0.37631797579
-1.63634804884
1.00332101367
-0.106641606623
0.789772930766
0.0596720277166
0.911719208637
-0.733619379231
2.16117534292
-0.151769962957
-1.07337793404
1.29285274088
0.524673530004
-0.794530837988
1.16558724978
0.849864861799
-0.114917244856
-1.04739258643
1.40467961911
-0.306068445717
-1.55061994588
-0.00875804724895
-0.326311196199
-0.650371368633
0.088932680119
0.0180134213805
-0.139887976111
-1.07026851835
-0.205487854178
0.993802266379
0.204767892129
-0.0925709442884
0.0199045713958
-1.20970936682
0.276262415787
-0.727571910267
-0.65294323174
0.902997774253
-0.30565279286
-1.81222160143
-1.0425143223
2.15300937128
-0.944860867579
1.04275788883
-2.48950667361
0.037361546455
-0.72282084306
0.0246238592822
1.59687320357
-0.0604851306167
0.390439533377
-0.702118782169
1.01769844785
1.85357050957
-1.32063054384
1.97081438217
-0.717055313013
0.530833153938
0.626500735647
-1.05243417645
0.74453548211
-1.24960538891
-1.25230620462
-0.233864598252
-1.10399596853
-0.753971593296
1.23905815374
0.942761629201
-0.193250887682
0.803877807788
-0.37962108375
-0.849429249326
Score: 21