3
44
10
3
1.28195305802
-1.45356150876
0.60387052575
-0.24642202028
1.15896241596
-0.873961620386
-0.395097748887
-1.9723647659
-0.210150863268
-1.29401585853
0.355110398486
-0.376499599628
0.691515321661
0.786427590315
0.137432801895
-0.860575048664
0.279747326276
1.26186156787
0.0579781365815
0.4399285735
-1.60382295665
-0.694813565166
-1.40843417603
0.831817749465
0.253451752145
1.67030235747
0.976023318848
1.10445429457
-0.777492516731
-0.525738050906
0.188587986293
-0.365905583253
0.824883345734
1.08995188349
0.888834486239
-0.927806620544
-0.369935083496
0.444758283135
0.834467401646
-0.639897122046
0.132513155398
1.0223927349
0.769657605996
0.71146198165
-2.34573720263
-0.186362406839
-1.34067199611
0.424230242423
1.66332643196
-0.130529593042
-0.331657036362
0.105991537654
-0.622866802655
0.345299863285
-0.115054227043
1.57342918513
1.17887828717
-0.051024001796
0.701822248668
1.10684949709
-1.61066807005
-0.364365554578
-1.24282322711
2.07811751827
0.0211130920635
-0.316563130592
0.769855529841
1.33746798039
0.0736993122886
0.423916614965
-0.343516207769
0.738464225668
-0.37449819012
-0.322041908862
0.15648687394
-0.823755575327
-1.05368023752
0.609321355006
-1.14628103121
0.132773813152
-0.828028057712
0.508503711129
-0.188391152201
0.603831581519
-0.980021322748
-3.03545164813
1.09618550256
-0.88754475457
0.815545024223
0.0456901190197
-0.709029812255
1.02945534004
-0.219338834411
0.742401737785
-0.299335061594
1.71119972598
-0.420322408194
0.103407457332
-0.209198204069
0.386848203909
-0.768474072271
0.496313862406
-1.35918004118
-0.289388871789
0.235735517791
1.48195485189
-0.543884655361
-0.0630010498478
-1.90318385412
-0.80825196389
0.950807978773
0.366666634899
1.27038817563
-0.026248607022
-1.7043220839
0.115032993172
0.844103525017
-0.0907791002529
1.47476995916
-0.750059520419
-2.95141199513
-1.22276465778
0.588054680207
-0.332663147205
-0.457830443593
0.859682106903
-0.672076131886
-0.527803997601
-2.13459617821
0.470219247085
0.298061858723
0.715301761692
0.87853228989
-0.369070435569
1.10507093076
-1.59402567305
0.0355691145581
1.44924854869
-0.648519250404
0.659794783824
1.06727695093
3.18515539183
0.40534439866
0.313524588359
0.888027462429
-0.235907624165
-0.284112791673
2.0423652699
-0.0712338677214
-1.41846248689
0.145349034629
-0.0206768035723
0.06812804901
-0.0242856205867
-0.790746750519
1.18782541227
0.177655680409
0.172445546584
-0.912507888697
0.392383933003
0.863074251578
-0.248126606921
0.62870232001
1.44582904505
0.0605954477484
0.129821641004
-1.83238947551
0.389761784004
1.86573029632
1.81383659615
-0.422400499644
1.47618625822
0.54431474357
-0.73311711961
1.13174134247
0.679508604197
-1.38443266855
-1.05793849709
1.29275387196
0.0917203984138
0.420008145022
-0.599215509279
-0.257086574173
-0.314966868467
-1.38843579526
2.56178333794
-1.6994466444
-1.67475532178
0.809336776849
-1.05023844181
-0.375506659733
-2.19101205273
1.11322263699
0.549738826616
0.423798387609
0.618245374223
0.406918743824
-0.253641842746
0.0143595580813
-0.429144409651
2.24058159289
0.290462192374
-1.55797379602
-1.07411342141
-0.216863597217
-0.975249487788
0.194898872228
0.654439645292
-0.777800797922
0.363119940933
-0.472603174347
-0.814055421678
-1.73600815292
-0.653896287365
0.612062596575
1.26164221752
1.37638186337
0.71673205292
1.91835352783
0.283444668113
1.37069196289
0.211295775729
0.0804282667196
0.637844833071
0.438344075046
0.669992206249
0.805656548811
0.218033745783
0.244978928264
-1.05159294022
0.0212223871613
-0.276562893148
-0.460302659553
-1.66226698917
-1.73847152763
-0.353179441431
1.4464631731
-0.799340826841
0.00554617480208
0.539055855339
-0.685495384125
0.295635701901
0.79253847297
-0.654778502829
-0.188821025816
0.499155475584
-2.16798938194
0.972823240248
-0.35061508185
-0.494650778032
-0.497896609252
-0.621684723918
-0.206671853277
0.310945271259
0.692951199868
2.0138848783
1.00267473838
-0.332242635238
-0.821199338104
1.09020819185
1.39494730814
-0.170178915027
0.479859554692
-1.15807093925
0.478630499892
-0.832717519671
-1.09082177916
-1.71370980682
-1.37081678111
-0.490331541844
-0.597804884277
0.651841601463
-1.48827612248
0.884086255368
-0.196243679966
-1.07154839509
0.825112323613
-0.415805301358
0.518308033264
-2.1396395502
0.143901188703
-0.0927666777994
-0.80085658291
0.571198919115
-0.524565008083
-1.29371802754
1.78472026411
-2.0720308678
-0.628813577072
1.35731988493
-0.270216362217
0.198473016083
0.338567219919
0.925305998694
-2.14730751067
0.649515956415
-1.06703951854
-0.0371677239582
1.50865347277
0.761638387383
-0.000493466576205
0.359248894158
-1.17180084947
0.193038965785
-0.00282212689225
-1.30680004208
-1.47726285583
1.90195179537
1.02547159417
0.765367399552
-0.899514756298
1.26314840201
-0.637410899913
1.05802727138
-2.63847841283
-0.500856062669
0.993905842532
0.0302456111853
-1.03380358798
-0.872541575869
-1.20167797993
-1.5679480181
1.03904093274
0.314079934507
0.373650217686
-0.382066325462
-0.371024797687
-1.4429415176
-0.528452295918
2.11264910722
-0.0623989008291
0.165715713652
-0.809452479764
1.29503822097
-1.90346842293
-0.302907570544
-1.20327200449
1.30854055904
2.30675954939
0.155069369234
-1.22468290463
0.335204252924
-0.459504386267
0.851835016979
1.528868223
0.317628095346
0.544879475656
0.050581605504
-0.0893033393769
-0.250507497551
2.51472792691
0.326575198805
0.110026857912
-0.15496760586
-0.22281322537
-0.199543663745
1.06339188895
0.7795414277
0.40783980496
-0.00992240857141
0.577604836319
-1.41366439543
-0.567948332489
-1.2287291279
0.518624385887
0.36730873667
-1.40326335678
1.2907155955
0.770435860855
1.40867389219
-0.949542973784
0.925729064392
-1.95628779243
-1.61428338411
0.124398121172
-0.192380457969
-2.6392826297
0.489958448218
-1.24818967565
-0.571806031754
-0.00974752692913
0.107834091023
1.32981381495
1.97295027697
-1.07517226084
-1.15818931479
-0.241716522565
-0.125304107807
-0.513940830736
0.609565322023
-1.29754233619
0.439051780632
-1.38376390176
1.34652313372
-2.90093533613
1.390250269
0.679476764171
0.0460014066161
-0.631661422559
1.17309991193
-1.17297238499
1.10647918656
-0.731897107766
-1.24502818041
-0.464812619652
0.110666652182
-0.0271026314665
2.0846787972
-0.0915672911367
0.266637672661
-0.542358129213
0.504329363285
0.939259592769
0.272624938552
0.374340626396
1.24254544049
0.723181591433
0.771878945806
-0.892533433116
1.53924668591
0.508554560432
0.686440460745
0.279088122541
-0.594042308505
1.5514068223
0.677798839843
-1.86858741878
1.96144637447
-0.370004515694
-0.212319894253
-1.97980073284
-0.983258541339
1.60352839435
-0.711992292805
-0.655272862554
-0.494583665882
-0.570993929675
1.29551938254
0.426375288439
-1.17951379183
-0.71514761763
0.0501522804383
-2.28914275123
1.16893022547
-0.216736200306
-0.251950693008
0.468404102919
1.05776184858
-1.76054556662
0.0121759219767
-1.67589841501
-2.57563156674
-0.474905960769
-0.321453061543
1.4630761852
-1.10585256465
-0.23958321571
-1.02988716747
-0.462279588882
0.530292735391
0.615908938308
-0.809638959033
0.787928191047
-0.55533283178
-0.0683422425783
-0.744513359858
-0.4754673656
-0.352825667797
-0.756572010122
0.797786001747
-0.851031207041
-0.121320541161
-0.347571431042
-1.97540657984
0.491290326496
-0.666041520085
-0.475851310289
-1.88729974026
-0.494785110714
0.569215395421
0.0501931131053
-0.262824506469
0.0842685048983
Score: 1