3
44
10
3
0.656011999633
-0.355582358355
-0.233155227232
0.314122109711
-1.28448303082
0.0411710455363
0.954428582865
-0.966680915621
-0.0655014812589
-0.241722511882
-0.260420408635
-0.591814810897
-0.0148482115522
0.423365135533
2.08826751201
-0.94568297754
-0.202871607145
-1.76416268476
-1.65214631824
-0.916382084652
1.92009109191
0.926734933753
-0.468468507202
1.97324064545
1.22094520833
-0.994613478857
-0.893420741658
0.132211693214
-1.77495407377
-0.280265530971
0.123233423446
0.612701440994
1.46689655202
-0.783888128775
0.0436514822462
-0.27872620401
0.126198164898
-1.19147536616
-2.08605982674
1.86348407412
1.27947557453
-1.96399742196
0.651646191476
0.623341846408
0.0839619532858
-0.012355084764
-0.304361919473
0.0682808009084
1.98583346134
0.439693486743
0.050779848878
-0.87561323456
2.07905478927
-0.650946918917
-2.77555322254
-0.0819026817688
-1.24261183115
-0.359609355237
0.202453158137
-1.89534423407
0.330639177661
-0.677751979193
1.12848906388
0.449165324264
0.622963314316
0.869666615815
0.000348136125088
-0.0633995896021
-1.27053170657
-1.19814534196
1.0196516676
-0.619184960607
-0.798345403904
-0.0106070634273
-0.476276437706
1.11052800546
-0.488740239512
0.121063902391
-1.17483346042
1.30918945947
-1.14476500399
0.761704607993
0.222593543307
-0.0895692420969
-0.299941961402
-1.09908151888
0.00179416142166
-0.175135057147
-0.875852541047
0.176297997446
-0.0416214830866
-1.0924530363
-0.499974980641
-0.691315791992
2.60569074981
-0.534544213266
-0.489151857029
-0.725484460231
-1.01003603653
-0.0216104307515
1.21372581761
-1.72489243641
0.754637636969
-0.108963058597
-2.59840407309
0.584456531123
1.17132039335
-0.832539661973
-0.250481334704
-0.332800327602
0.385269418411
0.670801781143
-0.729530150615
-1.81940681892
0.275506592596
0.504503901246
-0.338974010947
0.819383487945
-1.25837607205
0.664595514473
0.323506646936
-0.618568031174
0.32941848081
-2.16777871363
0.0893747018088
1.31157213166
-1.46906278957
-1.25232844278
-0.857454416286
-1.2714814677
0.396593975517
-1.48056291931
-1.48387984593
0.814584615566
-0.172447706168
-0.669186778313
-0.154725776155
0.776243438133
-0.125597116841
-0.628002894609
-0.838511600686
-1.14744594643
-1.74271363615
2.90355461303
0.555309007249
0.820015763754
0.568805112457
-0.423995298619
-1.32346163232
-2.11073504507
0.388604915927
-0.505107337373
-0.127394913473
-0.850462111348
0.623790221123
-0.189836548609
1.95182029848
0.656668304244
0.646150607543
-0.0700928338303
-0.941422639794
-0.384176956309
0.206839749543
0.917220092731
-0.301971455145
-1.37661277556
0.377670966588
-1.0695790265
0.270945489691
-0.557550261532
-1.14786471758
0.470049898657
-0.998303917572
0.392953918741
0.506496352593
-0.261263586586
-0.687275284758
0.158750757455
0.12419338781
1.32370638895
-0.917826271582
1.7886248726
0.543201017947
0.053020868591
2.66619015218
-0.201596996925
0.199784413558
-1.13271977291
-0.197975950332
1.45258532864
0.0455342308099
-0.165861485977
-0.0265005986775
-0.247707497395
0.231547771185
0.141555764156
0.914319053985
-0.403114171403
0.273843539764
0.795020158838
0.139392931462
-1.30141190644
0.377279254412
-0.26714709117
0.206124914858
0.0209856194249
-0.217823967474
-0.242150088265
-1.49734740053
-0.145049771484
-0.00279301433208
0.644893613622
-0.0899339040491
0.0848377604554
-0.37542349101
-1.63207780647
0.0770392126757
1.71835897372
0.380096433884
0.89894166164
-0.336566950676
-0.5244700742
0.346224218054
-0.624519647545
-0.608893418366
-0.454214466338
-1.78283537111
-2.02432369852
-0.921616783962
-0.639049550012
-1.29394326362
1.68293649258
0.052111079475
0.579532521041
0.721441960534
-1.08846359267
0.255096752838
0.509427042785
-0.221498736141
-0.453747533108
-0.677730681993
-0.311302403588
1.20310443383
1.68224488213
-0.423395775596
-0.508629178962
-0.541921509827
0.000820894597627
-0.228062732143
0.317279016665
-0.944509227435
-1.71490482619
0.508115590926
-0.359795331785
0.957147662239
0.471389043321
0.939612795386
0.808652599954
-1.26310215311
0.565009025133
0.119952160293
1.54097754559
2.14258194
-1.47555449345
-0.814351200328
0.565232592824
0.0334938509943
-1.2129923373
0.706942182239
-1.15008535875
-2.36747739183
0.469683255541
-0.0828426728157
-0.625386981638
0.574075135356
0.939097522331
-0.682546989721
-2.02465145084
-0.77201929987
0.889845860278
-0.785890147223
-2.22617576461
0.0219269356473
-0.131144204845
0.193638657818
-1.02020545168
0.371371163776
-1.59257150147
0.22998697989
-0.410866945307
0.578337519864
0.432602411501
0.84268851769
-1.11658022501
-0.20039774579
1.12220567122
-0.821394884766
1.14939387715
0.27493242236
0.57856353568
-0.404919626323
-0.326582916939
0.143668460126
-0.268946780449
-2.6116616811
-1.74745233655
0.283127422664
-1.72013979465
-0.756725706806
1.12257536795
0.562761648462
0.339464453259
2.02646125818
0.146722044
0.909539594779
-1.25024012355
0.198651039725
2.81142656528
-1.14390243642
0.592794371952
0.0151862257535
-0.596105596592
-0.63210049483
-1.13904591111
1.3783833125
0.798739644829
1.10381044279
0.631073338703
1.82177071314
-0.0217524471755
0.980902609315
0.3217520003
0.674817022495
1.35424556387
-0.311390656989
2.17900620559
-1.14717156764
-0.477860123623
-1.28846122696
-0.902749575018
0.709267069551
-0.696426964282
-1.20868984706
0.0241520687209
-0.327762481583
-1.17168163769
0.70894105055
0.404323155644
0.588719079763
-0.749930593747
0.532123954811
-2.10714838098
0.168671728591
0.116551923112
-1.21280030832
1.74328012567
-1.33029420102
1.86589754092
0.75665744894
0.141421384569
-2.05025501827
0.156628482536
-0.270959517122
2.68569915391
-1.37355102711
-0.461161331215
1.33785133908
-1.93149984983
-0.5265345668
-0.429804399113
-0.123267151222
-1.9541900311
0.0040459471621
-1.81514520507
-0.32327298587
0.393329915344
-1.1399385518
-0.28772003743
-2.3859615979
0.468063561773
-0.0988448631598
0.201278590432
1.18076588763
-0.525054667404
1.75546849466
-0.0743851477313
0.255122192134
0.175173643375
-1.25649241036
-1.59404498256
0.895012026768
-0.163540375655
0.741109680936
1.20297824548
-0.926944203869
-0.3382723064
0.371196506305
-0.580854603081
2.04117430106
0.763182362393
-0.70048991541
1.38060269481
-0.494514052377
-0.755929219077
-0.668730152566
-0.772871830192
3.10348393011
-0.794739417198
-2.36308733799
0.377765106601
-1.08412480661
0.569440335694
-1.16507895245
-1.00172387389
-0.741990228671
-1.19501221005
0.896954833391
-0.186881496246
0.84251180505
2.20608281994
1.23797400568
0.234213133282
-2.34859047067
0.546547473744
-0.578968191719
0.441897854505
-0.0744624507967
0.094655604567
0.182307808727
1.03872029295
-0.351595067314
0.583869090495
0.0143631935126
-0.723379827007
-1.92582140749
0.734376887871
-0.525598937813
0.982595929657
0.493614865339
0.699674818622
-1.19588917862
-1.4514395678
0.255242991443
-2.61332604169
0.865591420974
-1.94016864537
-0.17349611243
0.158615727307
-1.76793377496
-1.55486316581
-0.608377696405
-0.513966343374
0.975996835011
1.19816456913
0.264672787649
-0.846244049276
-0.333958937055
-0.388702734928
0.0408701436469
-1.03301612396
-0.737233848244
-0.696712678457
0.00622796638056
1.04026773741
0.265427202119
0.243903889145
-0.829001629914
-0.566460518809
-0.712178822399
-1.67942431206
1.35174472768
-1.01135049982
0.394844081397
-0.260837555113
-0.118541228315
-0.0401277905261
-0.670795742722
1.16990789086
-0.225587952262
0.0431376748725
-0.504954495617
0.36777984002
0.961015220411
Score: 10