3
44
10
3
-2.33328695595
0.506384938112
1.46828210985
-0.347091057685
1.20881216279
0.106453669696
-0.992908514519
-1.17222045498
-0.422560520105
0.00751184922276
0.198143323933
1.56909001258
0.993910819393
0.577112873583
-0.175929783373
1.2872328359
-0.806404552293
0.908470788617
-0.0254438898363
-1.40383737305
-0.423920938989
0.0963562471239
0.226028452832
-1.30463702684
-1.76679369089
1.58660166356
0.42097097041
-0.524790189693
-2.86701606163
-0.725058417175
0.356812867657
-2.14996680578
-1.15654192675
-1.87578049595
0.362494423827
0.436214312381
3.28094037067
0.508682780475
-0.587968971837
0.0972107456298
0.0914236227798
0.0604944536212
-0.489109906642
-0.125370046912
-0.623531462897
1.19348953305
-0.349872515665
-0.0673319338178
-0.406856231632
1.55238956585
0.487600147724
1.55201517732
0.199667686481
1.15537532376
-1.52301833128
-0.12544279167
-0.386087314733
-1.08633733079
-0.932714458017
-0.238847150468
-1.48082564647
-1.87954388573
0.406852306755
1.31737463633
0.707665577181
-0.38838066789
-0.553349835611
0.657631096683
0.979516940904
0.390190061046
0.284000041868
0.153158331063
2.19218893722
1.26102302736
-1.15027277617
0.0466090535835
-0.255165486256
1.29599986943
0.609938609651
-1.59484785512
-0.999355282159
1.00320761797
-0.390930029629
0.953640226377
-1.74520449298
-0.41356812862
-0.429345627182
-0.0774066764091
1.45087488219
1.20091238475
-0.0508987446735
0.0441015292805
-0.859557903589
-0.497473065721
2.58287177403
0.949251566329
0.833564915996
-2.22610332596
1.78723429897
0.800779774984
1.02251489123
-0.176674997628
0.00593205414891
0.181324537001
0.0668707246339
-0.407642048677
-0.0313203191287
0.0870967026176
-0.916865354922
-0.557013159428
-0.029325121754
0.57834957523
0.0130591292767
0.0567040699303
-0.451781953261
-0.623522749228
-0.270780737607
0.539085087891
1.4146075424
2.75212156581
0.802261471798
1.23987373491
0.539351336481
0.129782628122
0.0491298266978
-0.648272874166
0.690914324182
0.557822165521
-2.01209014147
0.426214450565
-0.528358184192
1.94070018301
-0.52136659689
-0.649332840309
1.23631354741
0.933086848368
0.34671753204
-0.425262829854
-0.988043275871
-0.488578155984
0.295513828119
1.06341281286
1.39853096842
-0.870206538975
-1.28950197138
-0.984930903425
2.02674400299
0.56281389116
-0.328048660127
0.82802940755
0.390088389514
-0.526191537407
-0.161090397405
1.14608979382
0.108382068181
1.21525933511
-1.76428318837
-0.46962365125
-0.171109256392
0.599445488079
-2.23865704581
1.49872394571
-0.0429367206096
0.518701311473
0.62194604044
-2.12065721191
-0.283865090523
0.670692105427
0.855486428221
0.371788201715
1.35639763345
-0.582787919044
1.10613734707
-0.825926860194
2.47075328474
1.03153773045
-0.0208633614163
1.42839411004
0.368448812039
-0.876453596438
0.811206978068
-0.385018264127
-1.25032855695
0.776593022467
1.0412450243
1.11819073216
-1.03450470553
0.0959734703238
-0.0821260255615
0.482534684685
-1.75677212593
-0.985848764145
-0.124780431186
-0.266642390576
-0.246435367544
1.48095687085
1.72959881552
-0.963273600414
-1.34263633954
0.374779429026
0.336166203409
0.709215103675
-0.395804255009
1.09056138122
0.415830195032
-0.0498331750616
-0.893558693139
-0.740897806304
0.525355515717
1.03216855377
-0.164859810855
-0.375204808744
0.6348550823
-1.42865262006
0.453707910314
0.174471862132
-1.07675391589
-1.40067540863
-0.910284006487
0.872313846996
0.530735279291
0.318828136166
-1.45340333135
-0.373898867317
0.379875541651
-0.365220391995
-0.316481170032
-1.08248293302
0.772717612497
-0.98741760913
0.303649004744
-0.42102651827
-0.369003497866
0.657995623232
-0.417517117833
-0.930998205154
-0.0528337665759
0.661257616506
-1.35523619989
-1.59695704624
-0.83776534876
-0.789485147662
-1.2492333308
0.683458532789
-1.31081533988
-0.245993781334
-0.481369069072
1.0618949058
0.85293554484
0.679839265816
0.484907949218
1.14280555853
1.36755351443
-0.362859103635
0.0886346482694
-0.656085082567
-0.133854883092
1.09143619026
1.27430178354
-1.34112688404
-1.80151788506
0.656535292654
-0.224177222548
-0.463386887534
1.52776535834
-1.1089782698
1.69686934515
0.0035967668658
-1.18036863894
1.38351406166
-0.8947238845
-0.0845735034458
0.236006411291
1.11267896093
2.50065434396
1.2224489142
1.90648037068
0.145398370321
-0.200034275415
0.242502230512
1.32277504117
0.149328936298
0.726535944024
0.0974127753472
-0.428775638588
-1.25586769074
0.873723305005
0.920618613104
0.247760240498
0.819696575596
0.930631756877
-0.399525117038
1.75668538775
2.31068946768
-1.98809736301
0.999457237414
0.0827715334416
0.0663121008206
-0.698730058359
-1.66476949186
0.229709969174
2.37539392806
1.12739905694
-0.313262257456
0.515358665937
-0.459060142209
1.49444683953
-0.36889629348
1.66919927388
-0.337268417632
-0.0114907312392
0.950183011377
-0.0938339195035
0.659801578562
0.0713590486379
-1.1893231514
-0.130124656828
-0.156875126073
0.878355964475
-0.994889551988
0.651662019913
-0.418617941605
-1.75135008178
0.651637495776
0.625145766687
2.37783765552
0.169508243513
1.00141730765
-0.378390344629
-0.487732207154
0.275736309419
-0.669808252275
0.584257247676
-0.310110549953
0.106499728109
-0.914719889011
1.02100990899
0.454718173253
-0.131721160124
-1.45420596982
-0.0498780723015
0.227931650982
-0.390444998587
0.969110085658
-0.500436586328
0.48501676628
-0.255347815461
-0.349991984384
1.29867579002
-0.387786384569
0.400770339934
-0.424023950544
0.453230856645
-1.24978223709
1.04290263668
0.334303573436
-0.131511918719
0.518354469649
0.201359641685
0.580570354316
-0.243032944262
-0.198250706522
2.30826448615
-0.33856206239
-1.32423398374
0.99855910781
0.407196367044
-0.606119230295
0.603293913486
0.390040918187
-0.190232456895
0.514058012781
-0.517782814367
-2.01388668589
-0.495401319582
0.10857256495
-1.11159867896
0.190525565804
0.15317061317
-1.09988065841
0.326690164447
-0.698628853956
0.387648415686
-0.839864907028
0.390812476047
0.619080101725
-0.825804115213
-0.929241065415
0.415808061685
0.939093333307
-0.559867376207
-1.52236150667
-0.0677470812126
-1.11975565002
-0.826693674088
2.12397312787
0.414853712321
-0.184703412049
-0.930323375852
-1.2427167674
-0.236224221666
-0.145929011104
-0.909496894243
-0.288695347416
0.76653666467
0.353213357376
0.72472795524
-1.62652460751
1.68701165488
0.106279693614
-1.28735875101
-0.475305232816
0.0742547484935
0.232239664887
-0.383566964169
-1.90313285387
-0.288132462094
0.294650903847
-0.57524425258
1.32775557977
0.503229573405
-0.237349253852
0.422899371234
0.757860968674
-1.18801564961
1.29794643172
0.0284664732001
-1.0029030251
0.79263323912
0.764616786976
0.889829528194
-0.328337546553
-2.13928483855
-0.524152008565
-1.09162177743
-1.2671613384
-1.50141637739
-0.992391858687
0.729858740063
-2.66614709805
0.279710191888
-0.796274567614
0.516109715144
1.25920024698
1.86056004211
-1.38437865944
0.268561863209
-0.149717940367
-0.634688505749
2.57813544839
1.7326042585
-0.189106090062
-0.172143030769
0.873354672794
0.0984342998057
3.07661268356
0.695090368389
-0.84414001887
-0.141790805929
0.755276638958
1.15090439127
1.04679090141
-1.63042079416
-1.31783877692
-1.78905155942
0.987614189877
-0.431008451022
2.01690457908
0.120008572319
-0.802705619328
-0.598823417744
-1.19418706485
0.850829056554
-0.586959569979
-0.313640147546
0.141366589903
1.22352286043
-0.126532333695
-0.0375750737774
-0.423654666181
2.05017820058
2.15666951403
-0.108846771399
Score: 13