3
44
10
3
-0.669856455438
-0.664147291001
-1.38387466803
-0.992213731687
-0.0106652605618
-0.679092937364
0.772447466866
-0.0187192110357
-1.02111676405
-0.0479284808663
0.962348522956
0.489228136652
0.36744852465
-0.474318598446
0.156051738049
-0.778727617995
-0.341899301562
0.401798466406
-0.747506016825
0.176726728733
-1.47791877329
0.0127245046839
-0.289015984454
0.640558222752
-0.122176286193
-1.93110811341
0.529969879559
-1.06881055179
1.35544322818
0.74013451492
1.44320962976
-2.44355157929
-0.929158024258
-0.786594763688
-0.266157307641
-1.12631515865
2.07886389246
-0.620152163187
-0.31323067238
1.6586648515
1.29152200962
-1.3287442232
-0.804874730429
0.756390278824
-0.0938644479956
1.18224445611
-0.966236355442
-2.04152459628
0.3069480202
1.12074059655
1.24743354367
0.288756984541
-0.0509862780816
1.3603716851
1.68664762018
-0.885309616325
-2.8445468266
-2.56786677017
-0.635327426568
-0.323066721874
-0.294270149766
-0.556537632762
-0.836396586806
-1.25666043598
-1.14666519764
-0.543983815078
-1.54931892348
-0.0980758343947
0.218937311179
-0.599128461361
-1.45838763931
1.3965800476
1.51627080853
-0.511971868622
-0.535690814768
0.170896836288
-0.667728952398
-0.43657049606
0.111372897549
-0.567611021025
1.81079419139
-0.342836228812
-0.567629134416
0.370938587929
-1.04324693207
-0.633908496157
-0.685153782357
-0.0330601055082
-0.414083763053
-0.912648251293
0.786677896193
-0.412713383081
0.801880011952
0.353574933662
0.720794381551
-0.643240452988
0.895500848231
-0.0830137943156
-2.24532881235
-0.905092709406
1.0484153854
-0.400307887271
-1.54416473818
-1.44080452568
1.38973930089
-0.316162174745
1.87010658757
0.583339323093
1.43879605286
-1.32118203008
0.0977513401241
0.177637669953
1.50657646751
-0.450204496789
0.232874292829
-0.449133476807
1.13870626117
-0.645058331749
1.64713740332
-1.00583253389
-0.675212754831
-0.433661524997
-0.398142561529
0.475237116888
0.862631318309
-0.40887127021
2.28771863205
0.571194180596
-1.31726558836
0.54764833767
-0.0967839476746
-0.539913234582
0.275504633596
-0.23949082719
-0.110062950982
-0.61545352451
-1.31546692752
0.584170641784
1.07919425821
1.32074293996
-0.71383361195
0.512871930565
-1.59166097153
0.718064268726
-0.600603053005
-1.10888957789
0.283763707552
0.76206419998
-0.1481451522
0.230795038732
-1.34919835539
0.696440869185
-1.96232686823
0.873558436166
-0.400887064467
1.67475445599
-1.2711388418
-0.386751369742
0.389904136547
1.73644685535
1.18325437724
0.336551655328
0.0216259408177
0.175399034518
-0.729619829632
-1.21120448553
-2.08372374359
0.115179137711
0.48541977879
1.2599075611
0.668511462651
0.98173416665
0.0605323717957
-0.0559268574971
2.73750982297
-0.362157491927
0.282270688941
0.701620275833
2.10802644553
1.48095849405
0.0646436486322
1.95670560911
-0.371921788142
-0.00451774695856
-2.0529347316
1.12245801613
-0.454008438613
2.00645349598
-0.267747833089
0.583504202458
-1.73637105077
0.862151689583
-1.7431537723
-0.612292795167
1.32727909592
0.0708813573617
0.0542833627981
-0.038538712751
-1.04345566088
-0.410403905014
-1.19575484137
-0.779678483692
0.902253004015
-1.6537379294
-1.02876100705
1.10477705035
0.491509309434
0.572630357186
-0.754421076725
0.289272103791
-1.05659745726
-2.0145985981
0.450701362408
0.736834552337
-0.440781224617
-0.59343812312
-1.27918569261
-2.23005443903
0.516835898889
0.593204224243
-1.37431334786
-2.64186052623
-0.308730041032
1.52474673977
-0.340193451717
-1.102861629
-0.333208242655
-0.8266803699
0.150610284866
-0.918289292633
-0.560650302324
-0.36383630167
-0.765726883793
0.661909959876
0.201233752519
-1.52191008068
1.4535725825
0.115985809749
-0.845009534488
-0.510160629228
0.340437277187
-0.642885726083
-2.89124875936
0.649101452346
-0.126645597459
0.414168516462
0.451524774158
0.269168145413
0.967896984383
-0.208247031655
-1.38584677285
-0.752684698051
0.653149635894
-1.22083640739
-0.0599584008967
1.540216677
0.628028258069
-0.412101822569
0.149015285558
0.396835490265
-0.590267941506
0.237394410566
1.11685883263
-0.0560815384496
1.16837406235
-1.13872401039
-2.31818372803
-1.92314898419
-1.32454990057
-0.197206047969
-0.377734964868
-0.30814106055
0.0425049639646
-0.348765745778
-0.0444270599829
-0.378582507868
1.22291838141
-0.0657902234522
-1.57528884938
1.72367020946
-0.449593271365
-0.425019223361
-2.26138961051
-1.25047855373
0.252611966839
-0.48938389817
1.0619313629
-0.0420856919709
0.622801430673
-0.784246717087
1.4494986632
0.895054099592
-1.31013296671
-0.467611563448
-0.924713817317
0.490576823262
-1.15974436349
-0.302638865731
0.535818279435
0.863830228764
-0.199328913467
0.0240180952031
0.0592547142938
-1.46472525083
0.0876830530962
-0.349151308789
0.15311629044
0.512890075411
-1.32023480328
1.58540787829
-0.863500368393
2.53620356502
-0.588598203586
-1.54330587708
0.0716577084234
-0.055253772496
-0.0854598031218
0.822445159755
-0.37917228976
0.797483645365
-0.346534115402
0.509106628419
-0.171406562514
0.517284307414
-0.319231429349
-0.358137823355
0.533727028573
1.94770823122
2.26661934923
1.0045221861
-0.0951651080702
0.233324671324
0.304699800615
0.0314603162928
-1.28797909006
-1.02300050018
0.440520849001
0.390831071602
0.69014498484
-0.358737583763
0.184319451238
-0.502841217756
-0.481372596876
1.93396731574
-0.989593606961
0.225125420421
-0.384341343357
1.11402105017
-1.29319140918
1.61777043819
0.221265610485
-0.715965318076
-1.15016224733
1.20059067733
-2.23909568923
0.520690710815
-0.403394008592
-0.289536882363
-0.341550683484
-1.42782475829
0.624409159658
-0.271185188211
-0.0577540549009
2.04284449219
-1.35042351994
-0.350753220438
-0.413510883266
0.992961920521
0.875459638179
-2.28171224321
1.01374965132
0.194023072579
-0.420670681294
-0.390622216484
0.531591885056
-1.5983591084
-0.514445712522
-0.759184307569
-0.290759409455
-0.268151485622
-0.791055578299
-1.73971378164
-0.573988136638
1.17974644324
0.351317135863
-0.487845614735
-1.27555538567
0.555251404866
-0.642505867913
0.192820019097
0.591285374785
-1.81704641647
0.0747291105608
-0.220775295556
0.833741432088
1.24276005342
0.806702182791
1.82422505409
-0.449436469182
1.05768302853
0.369129927447
1.64929328451
0.972945367874
-0.91788097922
-0.830430541386
-0.52758542018
-1.2641776723
0.816856272749
-0.982616914902
-0.346690126579
-0.127338057416
0.372621062308
-1.57849965129
0.9321472995
-0.00889420168953
1.12212882125
0.167281823633
0.996474164528
-0.778542263674
2.18354841688
-0.509228387116
-1.14796194622
1.2476564836
0.375070930984
-0.823674368988
1.10750231638
0.796337315532
0.145435567503
-0.602461601807
1.33689891273
0.0365717148399
-1.8102313042
-0.229575526954
-0.159014826979
-0.692844780943
0.336994659258
0.0758378911481
0.298957646385
-1.117384281
-0.240011599157
1.17613548138
0.146767149122
-0.149014130779
-0.0480926213355
-1.17594579549
0.341794221824
-0.659719638608
-0.460846324489
1.27542843735
-0.253668848963
-2.00191409326
-1.17244694276
2.06761252303
-0.506920931026
1.0220549773
-2.5892426159
0.0874746635685
-0.768761938687
-0.0757858868178
1.62855575672
-0.065838479811
0.191422374316
-0.920878589408
0.77921948255
1.7886826633
-1.44415768408
2.06258064802
-0.712622991019
0.470970699602
0.511973292721
-0.954981839527
0.598682634505
-1.52845110449
-1.14119399476
-0.117288628096
-1.05720850517
-1.14234178432
1.13868705478
0.710060273042
-0.0979357800013
0.835929574325
-0.40944451891
-0.821550269424
Score: 13