3
44
10
3
-0.550472023231
-0.726223850044
-1.37352129819
-0.985265157567
-0.297865447317
-0.661040359386
0.885677557146
-0.27807039277
-0.749313843411
0.0513867921871
0.903649059672
0.497644877926
0.570993475659
-0.407637574122
0.190458971906
-0.787725815589
-0.297913474548
0.112300397308
-0.70139796922
-0.0180819877496
-1.28448209468
0.0748971487325
-0.308357339956
0.796581069917
-0.0409305185782
-1.63200335907
0.676000925862
-1.14658866084
1.36486084799
0.832845364373
1.58055260342
-2.56357662091
-0.87748160263
-0.618399514567
-0.187368079394
-1.32677983213
2.23746845614
-0.488885657045
-0.228909906586
1.55712963843
1.45771887877
-1.3797952724
-0.790892285188
0.698450934892
-0.0121603459105
1.15484242104
-0.868836268483
-1.90725473866
0.164838801002
1.06533008414
1.26523416802
0.62735980813
-0.12909932426
1.16223590408
1.71091510658
-0.956438543742
-3.00848202365
-2.65785733657
-0.478538192667
-0.33739277761
-0.0855190541728
-0.601902105129
-0.748474230833
-1.26571517374
-0.979542939523
-0.434757533339
-1.76029462076
0.087464091989
0.147581987346
-0.5151726918
-1.50385637627
1.31652592775
1.58174395018
-0.766326422039
-0.372560996822
0.444593103151
-0.671593471782
-0.576000970909
0.124412900658
-0.519228074745
1.93593756514
-0.383541797574
-0.513060101209
0.467191693296
-1.0907056586
-0.825837042694
-0.50294270177
0.116173323983
-0.288559644653
-0.77793943337
0.768701374654
-0.459060673465
0.905955954391
0.500322045165
0.558324801203
-0.687949448507
1.00516381576
0.00123257769277
-2.15004616632
-0.869669668104
0.861974539051
-0.427630918791
-1.70872116008
-1.56726204242
1.49057872674
0.0659698409829
1.86484988242
0.341286630751
1.36870838103
-1.14184021821
0.0192496564645
0.298726537931
1.36566442901
-0.386932883914
0.21973082434
-0.581692915538
1.02815612913
-1.00172304916
1.52084289794
-1.06521640626
-0.806832794371
-0.523514262966
-0.204496346434
0.392363400386
0.808998318703
-0.414114236321
2.0142278505
0.425821126121
-1.3671985463
0.556769276028
-0.298857674947
-0.344301806018
0.305238257279
-0.423488868887
-0.128245195188
-0.58658594374
-1.32317456295
0.668708994793
0.935645484656
1.09592258214
-0.727230072082
0.641180023174
-1.32903340605
0.624769424777
-0.363192710883
-1.16388722857
0.281822846399
0.66807881376
0.0330202444639
0.438040498258
-1.33769290983
0.817745656517
-1.92533558197
0.775044871978
-0.328813705852
1.56944673642
-1.33231783824
-0.487493256175
0.192397633332
1.65952866296
1.23092882597
0.238297498785
0.0800235259656
0.216918667254
-0.775704777106
-1.14541974366
-2.26743126325
0.2992870658
0.485340116595
1.22587004978
0.649348597264
1.05301563976
0.0285972195942
-0.0852660878485
2.89017445104
-0.400918904345
0.270630064131
0.63789200957
2.0625600681
1.32448186449
0.10855767389
1.96907319558
-0.311198864122
0.0221971555572
-2.09794386829
1.30248671418
-0.359255498105
2.12327233769
-0.282782394966
0.492412322262
-1.54989007135
1.07741469636
-1.65753418381
-0.561669639362
1.40835924615
-0.0393621824451
0.165641880723
-0.0250162223248
-1.15020515289
-0.360216426482
-1.08617599863
-0.749744749892
0.919696244738
-1.82791231137
-0.974678955308
1.10385049918
0.552186083725
0.524315206342
-0.890886146247
0.332088071476
-1.05728213181
-2.17528661857
0.345529111332
0.825481669387
-0.318586845424
-0.484666122733
-1.35771068178
-2.46955226813
0.320917103407
0.81415631774
-1.29157437025
-2.57060285715
-0.336223239576
1.31881141677
-0.251418743629
-1.17571450241
-0.217768832733
-1.05937866699
0.161588617048
-1.28477035633
-0.653596903453
-0.439201531371
-0.572140131803
0.379226736684
0.130403008223
-1.77034315134
1.39412030061
0.207178152909
-0.77028711274
-0.344600586929
0.449420876434
-0.516468221441
-2.98886181985
0.757287231471
0.114375586916
0.0579959292483
0.541716728873
0.279137159306
0.859279302427
-0.31143119438
-1.45204192289
-0.795380148834
0.578077130462
-1.03231026263
0.257154669392
1.23993216242
0.580974865595
-0.156315894614
-0.030781185212
0.283898405314
-0.567367034354
0.109435309822
0.982531520177
-0.21269503986
1.26313429519
-1.08461680173
-2.18268331486
-1.57360348499
-1.40349606014
-0.00363256554326
-0.346123552859
-0.398167916196
-0.107851551258
-0.732068233055
0.279745039037
-0.492994893908
1.1584543204
-0.111322330127
-1.55941979946
1.60715517202
-0.324708012142
-0.227195224937
-2.24222075224
-1.24946033429
0.497405341638
-0.270819207231
0.868319464299
-0.257759470122
0.522484704105
-0.890905625747
1.48703952195
0.925941893694
-1.27537799683
-0.446537269272
-0.850571819735
0.616120843119
-1.09434559671
-0.228096710471
0.47300967159
0.658646411909
-0.289385840846
0.0373768030578
0.060341592699
-1.2090038412
0.27043456081
-0.296626265337
0.188590965733
0.412220643232
-1.41329017144
1.4443087848
-0.948933487037
2.61551367517
-0.692835773341
-1.70467942998
0.0342846423252
-0.31289619575
-0.134068687201
0.748224920213
-0.178123167188
0.936199010861
-0.384260885575
0.416772029623
-0.174867596158
0.466185650693
-0.196930619425
-0.499579866201
0.482158343706
1.96698056934
2.26532565968
1.14115384564
-0.32769782174
0.128999277714
0.1598929402
0.14528723595
-1.21803918922
-0.941045101504
0.703378263041
0.333210019349
0.882695525823
-0.449275020397
0.388453203661
-0.452406899222
-0.330227934581
1.87301166176
-1.21840953058
0.260413325298
-0.257034773481
1.01844507259
-1.34829469392
1.45476343101
0.232973221401
-0.926261323659
-1.18662450441
1.30237322807
-2.18681629721
0.347133505211
-0.51003729665
-0.330588641455
-0.383546273228
-1.72960021007
0.580633166353
-0.29178187514
-0.168217430283
2.14398433217
-1.55885482575
-0.37723540657
-0.588654234506
0.832797838005
0.851111756065
-2.34838948225
1.09124036595
0.18255184943
-0.404739343967
-0.59870226058
0.595011245716
-1.39225517999
-0.416597027887
-0.882607530446
-0.0860191793917
-0.441363654632
-0.598741828994
-1.86364668496
-0.647793208265
1.42658561663
0.432785573652
-0.71739897131
-1.42276178986
0.531872739883
-0.618005388222
0.251193198758
0.558587128877
-1.55956407289
0.200892267497
-0.289875225914
0.766686073793
1.48177516376
0.750670830722
2.09525841686
-0.399453995252
0.657950934147
0.359045915278
1.5574886978
1.0429044382
-0.796903571365
-0.917304252758
-0.318966114215
-1.20311287063
0.810334383592
-0.930611082298
-0.512627910379
-0.0249966553157
0.43044308136
-1.54474225333
1.1051744385
0.117989496555
1.18784792456
-0.00268086988432
0.95880154356
-0.835636858408
2.27050332416
-0.51707965116
-1.14322694394
1.06699004532
0.237933036867
-0.793793399731
1.09808562628
0.942286798139
0.141156626339
-0.963677140911
1.17383377028
-0.00912200286118
-1.65982470531
-0.440020315635
-0.0628238867152
-0.594205316462
0.219127811795
0.0951023931998
0.0645143323949
-1.00756018994
-0.31733337996
1.19648277504
0.181435445229
-0.0348337967496
-0.156530461024
-1.23988670175
0.183309957532
-0.555888989068
-0.598872798404
1.24105401571
-0.133103575495
-2.13390965306
-1.32926043216
2.1156733333
-0.686003389092
0.807319159939
-2.45257760297
0.00614789586775
-0.954780335699
0.194941826369
1.63834612307
-0.278215539225
0.437043534265
-0.912922817236
1.08319778322
1.83906956925
-1.44033440482
2.05155264477
-0.645438280829
0.459428295973
0.675587031477
-0.897038890492
0.644738787386
-1.34513254666
-0.990120721734
-0.0905233844448
-1.10045700707
-1.16957880819
1.14697548188
1.00178511817
0.0315634454756
1.07741478473
-0.269608435521
-0.818145547966
Score: 1