3
44
10
3
0.745696998797
-0.347438404661
-0.182554407148
0.308326426944
-1.23853055313
0.064793515129
1.03909238183
-0.938875432172
-0.0339739258744
-0.318862765724
-0.182816174478
-0.539218362312
0.0248462261212
0.464480903878
2.27751791781
-1.02722692756
-0.0903404808557
-1.80322448435
-1.67759883791
-0.880781820343
1.89215862072
0.960371468823
-0.489863915571
1.89049437978
1.14168511026
-0.924807500246
-0.945867573337
0.209147111233
-1.77122784757
-0.324405092794
0.115591395024
0.553099136192
1.37972013814
-0.65205311903
0.0170491229268
-0.149436975447
0.172257456049
-1.29756429239
-2.1092163541
1.89797546953
1.22337697324
-2.01148120839
0.625041275574
0.484550159924
0.0913293469939
-0.000673987359764
-0.330535754566
0.100045132672
2.0786369846
0.370693138118
0.144003677435
-0.8059803665
2.07547849285
-0.635994308411
-2.82504705036
-0.064586978044
-1.14054209789
-0.423502283579
0.193187168438
-1.92293476685
0.253914259243
-0.512514770665
1.20809994256
0.498096023558
0.639847635839
0.833059079651
0.101932687727
0.0553069277534
-1.27413579575
-1.13467415727
0.920884338329
-0.561574998199
-0.839919335421
-0.00519926357292
-0.498999983283
1.14038124669
-0.448358827403
0.18177383724
-1.22962840298
1.17441403819
-1.30908779552
0.869266007502
0.201480158427
-0.0438398897312
-0.173097568023
-1.10423895944
-0.114524348326
-0.202164483493
-0.839851497096
0.242405896369
-0.088387396149
-1.13157889505
-0.483586174554
-0.628233440023
2.58618483574
-0.473286652829
-0.53040577392
-0.754913440655
-1.0680286902
-0.0352935420249
1.12750749814
-1.8249488846
0.728590713562
-0.0154676687935
-2.52528695997
0.527853002351
1.21221713574
-0.816637223133
-0.406588565478
-0.323699268083
0.368118024268
0.681206906105
-0.78710871278
-1.81664831939
0.277010229655
0.486585058199
-0.24833975934
0.949131806095
-1.31739060823
0.670986316541
0.322031659891
-0.551677313418
0.3100725281
-2.1011570979
0.071961069879
1.34727965494
-1.38748064183
-1.2398866619
-0.770373734477
-1.38565474122
0.306157568628
-1.59403113047
-1.49567174144
0.759460030024
-0.175993277453
-0.742006843174
-0.115622064454
0.732793521385
-0.181930771928
-0.638541305206
-0.854941390564
-1.304373896
-1.82317380676
2.86663976938
0.594101576763
0.834790916865
0.618066018343
-0.392152962294
-1.33402419874
-2.1426279955
0.337955838113
-0.512969561328
-0.251302046314
-0.772777238318
0.674238029051
-0.152650971684
1.89395918136
0.610860610039
0.6511520102
-0.0202412189936
-0.881422139999
-0.492062717194
0.178755398242
0.938669900194
-0.350758923361
-1.38287303743
0.420022853947
-1.0181225954
0.105625596655
-0.591248242973
-1.19570011271
0.426182469802
-0.972897946938
0.396535351538
0.416847710302
-0.187499364817
-0.667398751338
0.0379114906694
0.128557805139
1.46766855693
-0.880844291776
1.81462038503
0.515465021558
0.102652921634
2.7272382402
-0.163323175028
0.115762005413
-1.04204617178
-0.248705873578
1.40322597049
0.0402863797215
-0.0864449148375
0.116762861888
-0.161046298733
0.15173548719
0.16844471994
0.829999031464
-0.39489583736
0.399166143062
0.712768324071
0.168633520037
-1.26146744437
0.386558554998
-0.29352531685
0.235142367786
0.0606147429869
-0.132549783078
-0.319097291535
-1.47231106004
-0.177864448863
0.0967205411698
0.605997964851
-0.146078850892
-0.00261100104661
-0.461050082862
-1.65667872255
0.114378501636
1.89281747298
0.447371557149
0.809160935594
-0.437437222867
-0.459907159078
0.417786332471
-0.651542599018
-0.650672093992
-0.317339214694
-1.79932182464
-2.05884306143
-0.995102164513
-0.654398149268
-1.37935194538
1.56360481985
0.114584327284
0.578985264198
0.660349350045
-1.10204849035
0.256802780718
0.492119150639
-0.320644313035
-0.41139386134
-0.729979388074
-0.399533002493
1.35698499872
1.6518636161
-0.28382193457
-0.398994399305
-0.471493155941
-0.0506805096345
-0.176555978493
0.27647839984
-0.874359704107
-1.84348264718
0.426883485101
-0.343904079809
0.910104727107
0.351497165895
0.932395686274
0.80794029437
-1.17508525157
0.491877804974
-0.00404071627432
1.52923791069
2.11945255639
-1.49417318714
-0.775447842024
0.500105451345
-0.0956170984104
-1.25521969941
0.676005245174
-1.17800223089
-2.28975565312
0.346745711099
-0.116331720954
-0.715244526551
0.736688105102
0.887046241731
-0.610875512836
-1.8854552117
-0.792453590715
0.859072214848
-0.804258419268
-2.06142423414
0.0487398381282
-0.207434558886
0.13994005943
-0.873160664152
0.272002284694
-1.46587149921
0.258988009759
-0.363295636668
0.676735231214
0.499316036886
0.818142537557
-1.09038142779
-0.104723489795
1.1386093067
-0.856117143455
1.21723556427
0.240674862597
0.635603944456
-0.439165553894
-0.252312632523
0.247707103348
-0.384764510132
-2.68524036662
-1.7354365322
0.253913498786
-1.81375429607
-0.69966895466
1.20127076951
0.58548276193
0.35079983631
1.91448785914
0.286329376951
0.932204034793
-1.25292342879
0.232653927932
2.99849998625
-1.15647190226
0.600559465358
-0.0103782023037
-0.680081647056
-0.60362710423
-1.02409586138
1.44988301365
0.935037406223
1.07629642303
0.659096379567
1.75249779433
-0.00710709366776
1.03820757063
0.379558469787
0.669640460138
1.43802622136
-0.393129600326
2.17004290443
-1.12896271165
-0.542023486641
-1.24713017017
-0.82886886201
0.794967474774
-0.684607725765
-1.21245785461
0.0405790677129
-0.435445477502
-1.11166918831
0.728509608601
0.402096185897
0.675724559906
-0.744701904106
0.534984086303
-2.14323520486
0.290705773349
0.151665759392
-1.36440467263
1.79723573403
-1.3866462772
1.97396462623
0.890042435666
0.206668998533
-2.03274536782
0.253119015831
-0.353748709145
2.66025451141
-1.37831405739
-0.415616581557
1.25483733594
-1.87376068541
-0.479168766671
-0.377659318483
-0.0907364536592
-1.96205654058
0.0111826788378
-1.76707945681
-0.478166705202
0.320050776651
-1.18216030077
-0.153544815438
-2.38101097396
0.423343567211
-0.0511282043495
0.236162656265
1.21368175528
-0.466425764607
1.71395118305
-0.165999673447
0.261975631246
0.16487335743
-1.1476421899
-1.47711286226
1.03277213776
-0.146804890839
0.761704059735
1.23055923009
-1.07346459538
-0.40328084758
0.292398745538
-0.633525583196
1.93709921693
0.765358891621
-0.68933786583
1.40432422749
-0.508489483769
-0.675466008194
-0.521376134106
-0.686811893754
3.11969981107
-0.83226365955
-2.40316633031
0.407633825626
-1.08368809341
0.570683765852
-1.16359100046
-1.00673984258
-0.646654479681
-1.336944555
1.04383261425
-0.162917777487
0.743865367957
2.13675962423
1.30762645176
0.146880627249
-2.29128017107
0.624508100038
-0.513528832395
0.382438269565
0.0463292979012
0.117138575131
0.124942182434
1.08721516078
-0.359902624438
0.488210424373
0.0652468070591
-0.730305175219
-1.99335708698
0.699249182212
-0.452653297529
1.04004310296
0.56909619226
0.770485829265
-1.12992806306
-1.57020549447
0.181355973961
-2.61225739607
0.978624727676
-1.89719085315
-0.184036776249
0.108249076183
-1.80961095445
-1.66296569331
-0.479568976716
-0.463374565835
1.05962620409
1.18500212626
0.167018508639
-0.909309814636
-0.294642047771
-0.307316811608
0.0294319164018
-1.08743920222
-0.788126174639
-0.683427814965
-0.031242611784
1.03123845035
0.197799744651
0.295955607466
-0.963502982521
-0.513710352125
-0.659272684378
-1.70711009525
1.47752238435
-0.974076969304
0.337371563213
-0.152151627007
-0.194508412472
-0.0936071374183
-0.662097986914
1.19781822645
-0.254358180274
0.0339849981353
-0.518674777647
0.325033851947
0.891646925475
Score: 10