3
44
10
3
0.416227168511
-0.214700907268
-0.380506277285
1.37786654235
-2.26306379132
0.452826632139
0.599248443033
2.15533840665
0.59399981322
0.282839545014
1.84388018654
1.89921217588
1.05317674724
0.755042676413
-0.868447743965
0.317199383002
-0.508030811475
-0.933732330189
-0.431487497798
0.655230861302
0.515453537205
-0.84780055278
1.27727860379
0.859416646946
-1.88317432656
0.0073394675272
-1.31397519038
0.173273632157
-0.822161024735
-0.0870228949404
1.60253588477
-1.33472975049
-0.708996525026
0.235514904076
-0.773364135857
-1.06961607565
-0.349916485363
0.973390432493
-1.95280729943
-0.198948014007
0.703491436694
-1.51820791498
-1.27035437721
0.407272783309
-0.510652863798
-0.328370090233
-0.333922499812
1.70381093259
-0.249285108329
-1.0975382522
0.541361043965
1.04516928591
-1.68269261045
-0.603814832214
-0.956892053308
-0.757877372417
-0.874094222528
1.12648516147
0.640290996316
0.0304709165779
0.108638245939
-0.908508031737
0.44433947193
1.29040782609
0.109681656528
-1.04620391842
1.5983496988
-0.291816705305
0.960571607881
-0.812048521208
-0.681121755347
-0.893635680692
0.523490329094
0.160460772869
-0.391718357164
-0.0804424107101
0.399102709099
0.125773189147
1.10389614464
0.139874149252
-0.497563903877
-1.12399723224
1.44205679366
0.776190989375
-0.23592167986
0.843678400172
0.0835435190837
-1.28105462128
-0.775307257769
-0.799386500178
-1.65261955426
-0.0502736682581
-0.496093813468
1.6036359304
-0.762172742846
-0.740022796472
0.421479417795
1.49792064871
-1.2768968203
-0.0617081182741
-0.535052002547
0.833218284715
-0.435471671222
-0.435475884961
-0.836613842963
0.744404581619
0.0107765003015
0.180706169938
0.641575469049
1.15647349423
1.76750250543
0.133898324997
-0.459200172311
1.28632034407
-0.190675747184
-0.661549017662
-0.293213453807
0.387632150978
-0.116635194655
-0.585638782531
0.905430780174
2.09326036428
-1.66685245255
1.53592733974
0.207615375447
-0.287821986175
0.468565239091
-0.163310144515
-0.977064433268
-0.393048098442
-0.802247190064
0.744454756984
0.0784020986698
0.283653106974
-0.340077732566
0.501494560012
-1.26426558237
0.546124176123
-0.546899331517
-1.4249960173
-0.469681785191
0.567801008686
-0.278953653169
1.31621549454
1.22207806879
-1.06445051087
1.18828053843
0.91067076114
0.418441725417
0.00221136955407
0.660869136003
-1.96030601987
-2.34368557615
1.76806273947
-1.51626223062
-0.634084892119
2.28717026583
-0.600784551019
0.672087989018
0.750804712807
1.14488051381
0.757707767891
-0.661159153832
-0.776232713797
-0.896163244512
0.145677915113
1.07072523146
-0.993824703883
0.0439869096196
-0.0466050235371
-0.716351608036
-0.920973949402
-1.41481968002
-2.24210354073
-0.576775839283
-0.842847419659
3.30417709195
0.33080466839
0.0863748223585
-0.7608607027
1.51937726616
1.72512863563
0.159688374179
-0.66757856609
-0.366018009503
1.3521316013
0.41547477416
-0.31095421863
0.791756466584
1.04276002495
-0.738429075559
0.468134442264
-0.271329595107
-1.77539429826
0.467660853671
-0.585931569847
0.415365823992
1.09399405251
-0.422310775146
1.48999079082
0.331219582386
0.404846715302
-0.44863174676
-0.704225894967
0.329077231976
0.391421824643
0.704434752914
-0.853970654677
0.36888324794
-0.0859048438024
-0.311953989459
-0.599694306852
-0.0590557978819
-0.762067186268
0.412850241197
0.500744968861
0.293382542999
-1.2125681766
0.165557292583
1.07768607392
-0.818138156442
-0.0713973003853
0.685040805919
0.241167157962
-0.137034907997
-1.81329424413
0.0706110271199
-1.10751840702
0.953639802759
0.322717531647
-0.708062609053
0.874979989279
-0.491742510715
0.986369239547
1.4385554834
-1.70438465812
0.284425911445
-0.0538684006327
-0.0269164913851
-0.465462494422
-1.67177589468
0.450947815039
-0.152205849401
-0.51032506361
0.193731106747
1.87421116525
-1.41246185992
1.63148960571
1.49646315982
-2.04889356182
-1.82698809471
0.474715810226
-1.28513115512
-0.829138577458
0.560668958122
2.18671944519
1.02609914937
-0.266435913897
0.012667116185
-0.989121884823
0.644010300148
-1.28406074178
-0.635366928832
0.104034003535
0.216197469646
1.97471138197
0.87979432035
-0.460093341035
-1.03984868557
1.08883624185
-1.29288631053
0.66330308096
-0.52449974798
0.225093222906
0.469851107696
-0.535633174527
1.51429084006
0.406452548374
2.70362195041
0.256145942534
0.400885977308
1.68240826649
-0.413446268305
-0.734380361747
0.456930759802
1.48474418205
0.912096799503
1.16158982128
1.20215214876
-1.00199000683
-0.441138024334
0.112404916614
0.705994263853
2.86400304759
0.359384442814
-0.921124787334
0.0358428312701
-0.279764521249
0.552392993972
0.767739606077
-0.0825634267445
-0.0226852762301
1.11333381718
0.469538496711
-0.468682438371
-1.17679861688
-0.119488816123
-0.844306005352
0.833243082565
-1.09802622719
-0.803514766326
-0.349600027927
-1.49762912534
0.0073922389451
0.970320503277
-0.508495933975
-0.12250758535
0.486411347736
2.33540263096
1.69095586004
0.288470933534
-0.689887056716
-0.000886603391288
-0.611359343487
-1.55687778809
-0.977024235989
-2.14860601616
-0.499645034074
-0.238558281727
-1.09171478364
1.17138716257
1.21331670624
0.834307446569
-0.990582650895
1.05676860054
1.83474006517
0.393384668414
0.44867687816
1.56817403471
-1.52768328484
-0.567065408249
0.227640732569
-0.214557317932
0.456018008219
-0.50506205715
0.220402915758
0.721117821147
-0.519950076244
0.0907530880905
-0.148415915666
-0.984584335906
0.683862536695
1.60299265097
-0.769992784359
0.275737175612
0.359798332297
-0.530854460145
0.438142349459
0.929270224279
-0.296235998165
-1.46441517316
0.178586087554
0.262126885101
0.12146302214
-0.577431873574
0.320614686771
0.137670464754
-1.53649470343
0.0174131053088
-0.670418825958
0.519524504841
0.331232166382
1.24180847486
0.374202170877
0.829558211281
-1.37282238813
0.389877530469
0.264715150851
-0.603044520821
-0.748855509949
0.386786286028
-1.2875369095
-0.310146473485
1.07955709013
-1.0685829929
1.1490010162
1.13530737751
2.18573705837
-0.906945724328
-0.567014076887
-0.134647605804
0.40374913559
0.792538982135
0.467724080623
-0.363566772982
-0.180796160415
1.07789094273
0.375225386367
-1.94463866577
-0.821385155605
-0.368498448393
-0.0460271367693
0.320505590164
-0.912660907263
0.987388365219
0.552435423621
0.321427547377
0.0511460335225
0.19794800304
0.326415570051
-0.594866338288
1.08377623029
0.352921400442
-0.168083554293
-0.667087436389
0.0321505216319
-0.53185268778
-0.950833666684
-0.428970425304
-0.871371240441
-0.0135651012442
-0.96453342862
0.852100642403
0.644073793631
-0.234484484093
0.358153169562
-0.963685379656
-0.0538688163855
-0.29421898374
-2.2587456082
0.822060023555
0.722160615746
-1.94369827594
0.472955973733
-0.0998460979091
1.68271088449
1.15331617943
2.11822801079
0.397861467833
1.23191229087
-0.380629107119
1.24101369932
0.43169388754
-0.759881444477
1.42877294845
1.61996148244
-0.25790851526
1.42374217556
-0.193817741702
0.798995629305
-1.97338703983
0.197798085867
0.0815785741684
-0.00900859491749
2.75695586912
-0.473919979945
-2.04694918485
0.69951505217
-0.30344048062
1.05103447317
-0.624621191123
0.43492101026
-0.0273420801565
0.564718031591
-0.275264147272
-1.34012256586
-0.0582553702076
0.696761667038
-0.431780605508
0.579535231674
-1.05013055469
1.38506728555
-1.30516471374
0.649181628214
0.643528164618
0.136768265403
-1.5044521002
0.941299410396
-0.59510657636
1.16986447813
0.553234226777
-0.935342193186
0.0315450786388
Score: 1