3
44
10
3
-0.633949692474
-0.50956276016
-1.3805445616
-0.937012876201
-0.00197605930921
-0.678100070537
0.705411082818
0.0339423079472
-0.863937921798
-0.32791483692
0.748848481961
0.426014701897
0.0848973467893
-0.365199658309
0.247987232115
-0.967790607911
-0.533140069685
0.355150958028
-0.735227607702
0.250887637057
-1.41031348837
0.0930653305251
-0.121852276567
0.596004660812
-0.0102409430641
-1.92910998795
0.17415333993
-1.15221086764
1.36602318021
0.755744682269
1.35574944775
-2.63004142564
-0.816990602357
-0.647907192969
-0.128734872224
-1.37212376358
2.03390764901
-0.709231171926
-0.105007450177
1.51373112397
1.42576882728
-1.37075874467
-0.966773764204
0.709563861256
0.0750077760507
1.17548538555
-1.0129182613
-2.11552349039
0.363895156212
1.00976375454
1.16599755029
0.551844757569
-0.0446834252272
1.18433854679
1.72727436311
-1.09471867607
-2.59956407769
-2.46254943821
-0.383993534043
-0.0110066369791
-0.190836990996
-0.52769482668
-0.666737141752
-1.2144142132
-1.09778388194
-0.516876502997
-1.6580384289
-0.0922676750171
0.102965829972
-0.518126189413
-1.52707109609
1.2827334011
1.52339925299
-0.680441878346
-0.457511114853
0.234984890199
-0.924246078673
-0.483579945903
-0.0223063049078
-0.567861080625
1.64794274823
-0.42128195355
-0.637600150069
0.390783417689
-0.902051234195
-0.685304956154
-0.539927791578
-0.212484978015
-0.308643551569
-0.887389749538
0.858309143839
-0.438680102902
1.01832676379
0.358806673829
0.769157071403
-0.705321973714
0.691828765381
0.0893122414833
-2.15758844553
-1.10687214426
1.00106991742
-0.392517110295
-1.55974475275
-1.40492337927
1.44392718235
-0.123999840066
1.890337179
0.567270163434
1.24657122112
-1.18575750228
0.100757725351
0.112064247951
1.44388021788
-0.405684255486
-0.00259468869334
-0.325757477749
1.0172051585
-0.675356811181
1.66624773792
-0.95801300826
-0.85396057472
-0.354734997441
-0.320336911358
0.507894052167
0.98019599052
-0.478558893169
2.34731460017
0.382668301541
-1.3494760751
0.373256289298
-0.158227109731
-0.4039156829
0.340987370647
-0.258634518887
-0.11821780475
-0.467166243881
-1.17389113755
0.37673664424
0.773894506358
1.36687474923
-0.816126772987
0.747963564516
-1.36874615648
0.502831913581
-0.267486755915
-1.11456548065
0.143841286429
0.676571875819
-0.269266079912
0.400759760911
-1.55895807768
0.579873307895
-1.8765354887
0.806245944184
-0.335950912792
1.76376785924
-1.32791428847
-0.138849254673
0.200482625867
1.99617957029
1.28869978353
0.231798048914
0.286055363159
0.201768593624
-0.762042275646
-1.26716316699
-2.16302559971
0.175676210644
0.662239000649
1.25935270467
0.871782365064
1.25440376288
0.027929332334
-0.0618910669573
2.78918673562
-0.356702893278
0.248359921118
0.953169954696
1.91260806424
1.67283590139
-0.0249628803008
1.88833821811
-0.410437340717
-0.1014404227
-2.02604873916
1.27817996817
-0.382466009097
2.11706277352
-0.376540460079
0.487462270808
-1.5960309534
0.731515610435
-1.6274198226
-0.503886701142
1.53725153832
-0.0988950608691
0.167938053123
-0.118942249218
-1.1696120264
-0.392099758682
-1.19515406735
-0.862184103898
0.864702466883
-1.53688672844
-0.788604093332
1.00437134243
0.696349930213
0.652824494093
-0.926767110486
0.147905435675
-1.1622476769
-2.18890275912
0.501755532706
0.539379832433
-0.275794804088
-0.530581405236
-1.17379786789
-2.39423524315
0.59604625061
0.752494599124
-1.36796785256
-2.66919213837
-0.494658642443
1.2659658028
-0.357888230132
-0.990415676611
-0.325800797696
-1.01459739887
0.181116159239
-0.775253974378
-0.552403645469
-0.676411806001
-0.726289178704
0.536046539701
0.263051270479
-1.63916163534
1.37490485545
0.282216033426
-0.880391968676
-0.305957672098
0.260082637226
-0.640095073914
-2.843494776
0.836786131485
-0.218132864518
0.281458930529
0.336630269906
0.341835827177
0.894882602119
-0.0530221162538
-1.46468987852
-0.833392372896
0.612586781207
-1.28185047031
0.0103831619866
1.36111807187
0.897710390526
-0.552436334066
0.120184794645
0.408160111015
-0.607083085411
0.0463303159063
0.867390768984
0.10831442457
1.31188448259
-1.12113435675
-2.23677237441
-1.90339421351
-1.21766303016
-0.0437323475353
-0.216792833457
-0.142490177653
0.112386849622
-0.441769012796
0.200284900051
-0.20291999079
1.22743273006
0.164656505459
-1.34723658705
1.62626118091
-0.330841443234
-0.314770212076
-2.10012207118
-1.09388677069
0.328920057476
-0.336376426185
1.15558139343
0.122844495041
0.593736994448
-0.829832231641
1.49751279553
0.916087092166
-1.56882220677
-0.69935910978
-0.9479478214
0.57770058975
-0.962417894864
-0.170606289585
0.582753681154
0.837280764105
-0.147704490395
-0.0728206947376
0.244142997586
-1.6001449475
0.254765582588
-0.304150447036
0.30982290112
0.375410011123
-1.09656110729
1.53299094508
-0.992888924663
2.55163494953
-0.591672720866
-1.66205820144
0.101210133746
-0.108928742304
0.205214421412
0.675635024655
-0.306143876003
0.889501277134
-0.0622919404614
0.531253802646
-0.172439645986
0.343987026531
-0.470015635461
-0.374934200954
0.355116560821
1.86026359592
2.31170163456
1.17255969848
-0.428166152018
0.346037917563
0.106171360824
0.0296042135008
-1.07904782019
-0.7633346839
0.428766768832
0.356561441159
0.814672392146
-0.383116169728
0.0509140792811
-0.4110168404
-0.289144672223
1.91791508339
-1.14303456396
0.310847500222
-0.332478876519
1.21528216131
-1.30358888666
1.49990654269
0.116524366509
-0.814591640897
-1.33996991987
1.2942379262
-2.25319059099
0.368939116808
-0.427758846994
-0.40306781189
-0.379301642301
-1.52315776566
0.759027387902
-0.332185834466
0.00240285409452
1.97510353006
-1.5440808651
-0.446644772091
-0.218266835143
1.08347232959
0.814058015918
-2.46154940669
1.05070108883
0.304394113
-0.388270826093
-0.411231933305
0.782150905721
-1.53711788634
-0.519275183279
-0.84730152707
-0.31282839588
-0.248420669004
-0.585051717922
-1.84075076509
-0.624694387782
1.14425047633
0.433201983293
-0.629309198085
-1.41696118492
0.592797145214
-0.72937351434
0.231537910151
0.484242396163
-1.81558539324
-0.0294482154577
-0.289919523808
0.735045447863
1.07912585174
0.881323994607
1.68970761053
-0.582846989243
0.942602027844
0.176813983956
1.78226573102
1.07859746186
-0.880232731422
-0.621332830393
-0.483354696276
-0.905612590463
0.781253035533
-0.774318534127
-0.229153362863
0.108297146598
0.612337349967
-1.64732793309
1.00318340036
-0.0802066172946
0.921329267679
0.0106299292496
1.10195664592
-0.642516549165
2.2026726491
-0.486649059834
-1.00635700378
1.32233815737
0.330937965751
-1.02252447081
1.1521669481
0.801940188979
0.0145982255333
-0.690945060273
1.31575722807
-0.0655824750877
-1.94527516427
-0.277962584852
-0.0692802146473
-0.514406212689
0.121995567973
0.221005889293
0.294189091157
-1.28568812392
-0.124284877455
1.1831961205
-0.0903419127407
-0.120370648144
-0.106731954261
-1.11979240587
0.297741202559
-0.798925979111
-0.657366298696
1.01199228787
-0.336645986008
-2.01444329411
-1.29028751522
2.11719902612
-0.613293861613
1.04340521473
-2.56119692874
-0.00862272564785
-0.694014673912
0.156230885691
1.46637717537
-0.235667968131
0.42188642077
-0.912736669412
0.917300942924
1.61025536229
-1.52859755493
2.1415750975
-0.326321652315
0.529774037741
0.320768557222
-0.929854757787
0.47036295737
-1.4005485526
-0.91237502479
-0.0190409316369
-1.12415262349
-1.13972267411
1.06781186059
0.620603092175
-0.0159716633175
1.02772191739
-0.366381048281
-0.692491580084
Score: 1