3
44
10
3
1.70200728098
0.712664702559
1.1520346482
-1.76757264592
-2.06004600752
-1.88504510788
0.0399795228069
1.00381890401
0.442994423372
0.849544528621
-0.443689197578
0.962885527253
-0.351252199389
1.20180056668
0.831101391723
-1.00433442563
-0.625434330042
-0.591873979197
-0.344117931399
-1.01437920247
-0.209858387132
-0.30963013385
0.739960634375
-0.911111504541
-1.80028299537
-1.09551229962
-0.821482065988
-0.662209325722
-1.51267227931
0.232840262678
-1.12953469303
0.654074271893
0.437760859224
0.675483268683
1.44023158812
-1.57972472266
0.846497282011
1.81928170246
1.00761856825
0.465994596839
1.55746772251
-1.57200040917
-0.313799788216
-1.80902247707
0.671691081352
1.44884094098
0.260989102492
-1.02781708828
1.30346941549
-0.158215177164
0.154211122878
-0.0109673524828
2.60644319876
0.199987757533
-0.0329455923657
0.460768142608
0.0477676661782
1.75906587233
-1.02396846943
0.985573312468
0.747737567261
0.364113947509
0.266236179441
-0.624960173267
0.428024761956
-1.63898245018
-0.251451776346
0.65824629742
-0.638212815355
-0.825649128555
-0.216462817657
0.147021103835
-1.86959610513
0.435666461044
-0.171338693603
-1.83202881834
0.204941149563
0.333522000216
0.121725541754
-0.572382391756
0.237310139444
-0.0945024419427
0.708721452376
0.716494233293
-0.20539573886
0.734400812066
-0.153524150285
-0.153849526921
-0.0758703681752
0.71397993885
0.446947742798
-0.717651555508
-0.554621913424
0.952239753366
-1.10990686234
0.0343078391954
0.113329627874
0.354258805367
0.125599040007
2.04344847065
0.549975457562
0.10506655138
0.958118100068
-0.179959421456
1.16479171473
-0.663953807248
-0.36388917619
0.399605318434
1.64021912848
1.18613644239
1.33465991894
0.498563459418
0.502632505447
1.17077099638
-0.663997249779
-0.90431672653
0.457605738354
1.42117329174
-0.542157232992
-0.0659400960292
-0.41567926801
-1.47731416766
-0.283501971364
-0.339324896563
1.06949597126
0.586641986851
-0.173328447874
-0.115140349794
0.513897544731
0.487194451716
-0.32536724056
0.468619871868
0.082478949048
-3.30465331715
0.255140286054
1.39425321652
-0.850844628274
0.330796151897
0.125367228187
1.77719953144
-0.478949601393
-0.837151282677
0.594529498
0.154605180116
0.855371769591
-0.350454958504
0.433818785124
-1.26855975529
-0.931777997907
1.47186370726
-0.0340874783673
-0.404843620705
0.595934643024
0.222682128565
0.00769259759644
0.404887872121
1.01493069464
-1.17351669441
0.594420259862
0.865565379905
0.612363286235
-0.137111455223
0.395963377271
1.31924327055
0.799502375893
1.22941667852
-0.73710275257
0.161036000754
1.40653669579
1.00450851702
-0.994263323055
-1.9281532141
-0.691088266681
-0.0222941278636
0.249962200072
-1.43468569615
-0.971824285314
-1.20662977057
-1.33567226881
-0.485727414097
-0.283457902671
0.421155270691
0.502985325527
-1.16821400077
-1.19922304013
-0.565820298196
0.125356611637
-0.317715484782
-1.20401711709
1.32993898775
-0.672030386104
0.859791065838
-1.16784997137
-0.864982250086
0.37168005538
0.985587623521
-1.74718040842
-0.267921723722
-0.740566207875
0.0802248966807
1.27635214246
-0.0220295152661
-1.83688429858
0.910847659609
0.928930178602
0.564472506986
-2.13796981306
0.0699612349041
0.646429141478
-0.385378421058
0.0606755293279
-0.0688895521165
-0.424554099977
0.461441110682
-0.436731975853
0.214708126518
0.635784622966
-0.726045938458
0.854636323802
-1.39393056004
1.52383545999
0.22946959154
-0.68264201801
0.38943575829
-0.236478002008
-0.595650374699
0.323467180895
-0.932461354396
-0.470149888078
-0.727387401385
0.471455781895
-1.43805189419
0.580914279638
1.10883071374
-1.16373625513
1.6752088529
-0.840130987747
-0.265158277886
-0.45294538257
-1.45600300618
-1.02556095846
0.129626148582
-0.931203202719
0.220559164113
-1.54766381292
1.29722993493
-2.38915105715
0.124425976807
-0.77424355868
-0.518876167916
-0.546512826986
-1.5215393562
0.521606785771
0.90981511652
0.514569447474
-0.874181454962
0.508301851334
0.858559947605
-1.03671905111
-0.40368869121
0.133384534454
-0.257278327457
0.932131860139
-0.247842043412
2.2706534143
0.625168252473
-2.23114062474
0.118006765184
0.804537475645
-0.64071505535
0.491620876397
1.86287443841
-0.389178063077
0.984211285586
-0.0390548416903
-0.219478763292
0.951308884611
-1.08457492537
0.701729581218
-1.6285798321
-1.83531588702
-0.469386769606
-0.0588686808125
2.63032071968
-0.0333357309614
-0.60068695368
0.262264591875
-0.0855530978865
-1.03776574408
-0.826436844428
-0.413328976999
0.816340679615
0.516069532657
1.22704198446
0.335427962541
-1.16385712445
0.155406155374
0.0737835590946
0.396097316589
-0.624770247258
1.01064080706
0.298002725411
-1.04434643143
1.11661581114
-0.566281230301
-1.18508046034
0.0527238995216
0.22754811318
0.771620697324
0.998926117539
0.0525945115808
-0.110070763041
0.0486235764817
1.46172730711
0.875175065193
0.282792516891
-0.100840998391
-1.39022916008
0.151721522469
0.264387106236
0.484752204597
1.55048863524
-1.30588884876
-1.27558215846
0.643875483904
-1.57527402663
-2.48359184771
-1.10932681327
1.354809106
0.281957822768
-0.281415837633
-1.03221919995
-1.21918660725
-1.61143653238
-0.140315756128
0.569276886628
1.37474799797
-1.03808032292
0.0805375856214
0.945216310903
0.662024032855
-1.24507065108
0.966739534684
0.205722650758
0.268227492958
-0.399095874099
-0.664997551925
-0.131656355651
-1.72354773101
0.131741870393
0.866478565012
-1.0860543967
-1.11825087295
-0.727348330838
-1.62067689902
-0.177698804765
-1.14529279961
-0.53059932076
0.35456938877
1.03900827505
-0.610131503991
0.965596601601
-0.455087668439
-1.04364997754
-0.252215868462
-0.953093248785
0.340546114936
0.294857882292
0.886316243045
-0.0773272299292
0.692985593606
-0.542969304466
1.61566121048
-1.08317927091
0.250383157306
-0.949734202604
0.30960665714
-1.9228365047
-1.14258339916
-0.244436233899
-0.660598949631
0.559086323197
0.238753450888
0.00945074341812
-0.693237329461
-0.198159664453
-1.78850287097
0.488115793566
2.01337417421
1.07975348983
1.0479935441
0.343568843913
-0.0955727214431
0.0680678473336
1.7371172363
-0.708475846826
-0.315766264555
0.481530950113
1.18786553532
-0.750408790582
1.05624310234
-1.64626573293
1.25988253834
-2.0812136874
-1.00517779775
1.15507016439
-0.0894941212375
-0.609145170078
1.06468034294
-1.28537044993
-0.111648835279
-0.368961819962
0.594975680278
1.40845494287
-0.345977432214
0.288399810211
-0.476662812074
-0.292653126327
0.58070434477
-1.16554904312
1.02413853107
-0.0939944284313
-0.609048861182
0.00338516284676
-1.24102390957
-0.289531679078
1.1635612772
0.55197536276
0.438177771297
1.63787872028
1.08410617017
1.08463338697
-0.751467017651
0.356816002266
0.0373384219212
1.18035933361
-1.10828965714
-2.79196140259
0.239011329499
1.53869608913
0.444789384567
-0.891254465178
0.335281076236
0.169787515432
-0.826371718522
1.64576543549
-0.852178796034
-0.284449056543
-0.214969744788
-0.386238956998
-0.923141868588
-0.843112569764
-1.48176929681
-0.187421304704
-0.464185396859
0.851855154306
-0.719894269659
0.238655560623
0.569351122783
-0.189812430582
1.85468154846
0.782937226109
0.343601618444
-0.141193508316
-0.322588105946
1.95586100945
-1.13360751105
0.39049328022
0.94018610722
-0.331844543955
0.163788062479
-0.975428638186
-0.229165671408
0.0834841927563
-0.52211975658
1.70735950048
-0.242021041117
-0.324294116508
-1.43780879493
1.78941198977
-0.933106821197
-0.346000765813
-0.638720199939
Score: 1