3
44
10
3
-0.461932035475
-0.545903582088
-1.49830371064
-0.698019090694
-0.17821483362
-0.817618397708
0.765865567461
-0.236382521548
-0.915199722933
0.0267233307505
1.17980591855
0.330297781252
0.41318792987
-0.414976234758
0.00535399851685
-0.988009326726
-0.278128855454
0.308451091877
-0.643204447448
-0.0840412684721
-1.33889949655
-0.217905794179
0.063806302008
0.851376724605
-0.23781257888
-1.68329593154
0.627180277869
-1.05720202975
1.4142839289
0.691879753953
1.45605760667
-2.49772815271
-1.03021870969
-0.498786979432
-0.190914919743
-1.58491522422
2.00247503941
-0.759703402208
-0.0434702461171
1.91596552172
1.49747913898
-1.4374005676
-0.789281900537
0.458790724013
0.0756369336155
1.32674089991
-1.09465808333
-2.0836419566
0.1799209377
1.17751912813
1.1658729564
0.450199791933
-0.0650391006426
1.20716429197
1.85952421977
-1.011123585
-3.00983128573
-2.22827558805
-0.388932419226
-0.383469783099
0.0656817432553
-0.499784823363
-1.07304718048
-1.05627167903
-0.70825825961
-0.624099454682
-1.6521796747
0.0443857625834
0.0855214208952
-0.439508044915
-1.58591045779
1.38374027801
1.39392163583
-0.742917274993
-0.55598163866
0.288447072782
-0.61142266239
-0.610912032687
0.179132931945
-0.629630909914
1.81471345821
-0.247405748182
-0.495042510268
0.344503542041
-1.16218331701
-0.515640461427
-0.635014381272
0.0996347191706
-0.149614170802
-0.73061216122
0.712297256532
-0.504799815619
0.76533612434
0.472956313892
0.585458321393
-0.839040417643
0.772565650559
-0.0760701745433
-2.30553725917
-0.996713910032
0.85571049053
-0.691444951028
-1.72087947468
-1.25306218004
1.36628786623
0.017024934086
1.83556927905
0.309883713516
1.11556040166
-1.1456841926
-0.0219256844508
0.378093670978
1.32293413342
-0.184808158694
-0.0382810977785
-0.497873406229
1.0283378245
-0.881015254892
1.46690113359
-0.974283187542
-0.799768887714
-0.452652377094
-0.283919674119
0.442292234968
1.01585418309
-0.638506983691
2.02741506252
0.433592208642
-1.02632828157
0.47955927625
-0.109890567572
-0.516380416067
0.184597540689
-0.403342966916
-0.416486687975
-0.678294515514
-1.28350989995
0.576948547769
0.648895207335
1.293746087
-0.698368148217
0.745626672243
-1.586336241
0.678913128425
-0.341321321027
-1.01618863216
0.290861852962
0.851783516644
-0.168162250694
0.55732725295
-1.4881767233
0.69797105104
-1.77643233092
0.806238946832
-0.612756632647
1.80261313454
-1.13912695932
-0.334996285514
0.44558057286
1.80878377919
1.42438816756
0.163869803994
-0.136102751465
0.414990504533
-0.870025243755
-1.21924634077
-2.16799050733
0.171748726174
0.450699322683
1.25144852177
0.941659347526
1.20841478025
0.136801905189
0.0144563830412
2.77482888612
-0.216874327118
0.320373240565
0.699307117119
2.04467132912
1.51188845561
0.201282695292
1.96044555424
-0.586573547111
0.176457449231
-1.81792836511
1.17931920884
-0.207291938192
2.07501009014
-0.370049309604
0.460618453033
-1.45047705181
0.778816126415
-1.57457233271
-0.690522989238
1.42300085485
0.12303299816
0.0605524609883
0.160679387747
-1.11552950607
-0.520707105707
-1.20535301193
-0.815765188577
0.922608358526
-1.73084060867
-0.926485932221
0.820056639739
0.711703898756
0.522591604473
-1.01691215937
0.558490379338
-1.02355014924
-2.11738344506
0.306250256872
0.727650376749
-0.379483155126
-0.695477825394
-1.19404782992
-2.49838959934
0.547227277862
0.751457757164
-1.25964307097
-2.43412021556
-0.2682442588
1.65791657056
-0.414773358586
-1.11859130375
-0.350604864521
-1.08558090116
0.290049218594
-1.00155385547
-0.506803639552
-0.415728680243
-0.647789041129
0.689228174519
0.246511113818
-1.79255968356
1.12343871489
0.238123634373
-1.08635079687
-0.349928708355
0.50750011446
-0.682120336814
-2.92466298047
0.816616449248
-0.0593114666251
0.270232165618
0.558426722889
0.429264950112
0.859700376743
-0.111129470775
-1.4426093507
-0.776974662459
0.513554770184
-0.8708201741
0.15932528959
1.49061119505
0.632320611012
-0.143526146514
-0.288895914281
0.446939685941
-0.655595871802
0.038947890373
0.907291363937
-0.0868755013664
1.16101391687
-0.892310690373
-2.27438629483
-1.62623548084
-1.46081673811
-0.0574958421149
-0.436357364277
-0.164572027767
-0.0552012562327
-0.654388240063
0.22300399762
-0.442824117554
1.29034776618
-0.0102453795582
-1.57845819981
1.54514684865
-0.406116123561
-0.25669379908
-1.82739287199
-1.22050982685
0.548365431856
-0.351671296496
0.874185806696
0.0872218270661
0.536379494195
-0.761365070307
1.28614906689
0.99732581138
-1.38824512374
-0.565683713825
-0.751090187726
0.639516046422
-0.990102957454
-0.267769726957
0.41748413446
0.758765581943
-0.2920397183
-0.306723517825
0.00242717751229
-1.28659151447
0.182783641078
-0.362937689736
0.114776669687
0.277057290915
-1.20965702494
1.26155545766
-0.962550760142
2.68639273816
-0.703440611309
-1.6037897619
0.304676766367
-0.0734500138594
-0.244648318587
0.774416232662
-0.338919444702
0.680950508584
-0.268476686502
0.238290075126
-0.207631919113
0.671129489779
-0.383852533343
-0.729238513468
0.632302219283
2.22502161394
2.05136450621
1.3874086765
-0.39782689885
0.068813681354
0.237074882531
0.374524655235
-1.00819774036
-1.08245915824
0.531875960319
0.240774753678
0.549965462261
-0.65760947944
0.17013715993
-0.359855204016
-0.264323335992
1.9063557515
-1.04279193643
0.192486054098
-0.241300595727
1.15129359159
-1.36313531284
1.43774499538
0.382155735037
-0.936257631317
-1.13034815734
1.30226501392
-2.03550564839
0.460967275061
-0.711243183213
-0.349906168498
-0.716787532646
-1.60416884951
0.681304859749
-0.257510773587
0.0377955243351
2.09954852465
-1.41807283316
-0.370521425849
-0.579215466247
0.986341073439
0.84761580598
-2.36020159931
1.02743169799
0.374784182687
-0.378304259315
-0.376424511509
0.301784990536
-1.52477394728
-0.276551154551
-0.756575561193
-0.053445243463
-0.401496783992
-0.75121268504
-1.90006757946
-0.767690681434
1.19952169622
0.433519900271
-0.957200134973
-1.05315600409
0.459159131584
-0.512134881378
0.333595888621
0.697014788671
-1.66026170969
0.277809038338
-0.372442224162
0.868734140039
1.45136720986
0.868527339552
1.87686143193
-0.508687869744
0.782161775002
-0.134025447259
1.63474721108
0.959297384449
-0.890942033427
-0.544273140643
-0.532684461323
-1.14384755906
0.693763106199
-0.726559878424
-0.398220035345
-0.0375702380744
0.580114276805
-1.55553054119
1.04055925563
0.156016524835
1.26358960817
0.0525669489867
0.764471205675
-0.759495640212
2.08729740173
-0.390206044208
-1.15787083245
1.31864993491
0.176729874873
-0.960300968897
0.908146946982
0.99755364386
-0.0790449206671
-1.04709307831
1.25704801911
0.083153831816
-1.79953633124
-0.401483691867
0.090853933299
-0.796151914077
0.31688107159
0.233505313707
0.0408779119125
-0.804670960114
-0.268884798511
1.13730698406
0.0271438549767
-0.0312029563998
0.0609082393541
-1.24611141166
0.11237820276
-0.42551824086
-0.505506092817
1.2354711802
-0.235416393653
-2.4211487533
-1.41086170657
1.96110812638
-0.575885344616
0.953925465543
-2.61190333444
-0.000438186135747
-0.889708471143
0.162775265562
1.49079028236
-0.256212411061
0.539968351259
-0.839087976508
0.687189465392
1.56235191609
-1.53011840263
1.87815764165
-0.772674136149
0.449007439024
0.732613554746
-0.923438132987
0.475757043128
-1.34381869009
-1.24074870713
-0.0524526904501
-0.865349891414
-1.12327477149
1.35188362212
0.702058622899
0.0448661019019
1.1085999067
-0.570431971896
-0.880079157298
Score: 1