3
44
10
3
-0.929020828045
0.752865148113
0.955026051974
0.042215814476
-0.70246605768
-0.102813058427
-0.426530040381
0.320493986709
0.370350817053
-1.62431176397
-1.86116982709
-0.945090945135
-0.52900783158
0.836708924198
0.0127535175244
1.23343805939
0.0407691927018
0.2709162103
1.03676980559
2.75894964771
-0.81847115108
-0.935214065424
0.247562820674
0.144892671529
-0.751924318893
-1.04060247287
0.298756372562
0.193325989515
-0.303610889085
-0.985655622982
1.14405340956
-2.17430958083
-0.611789219282
0.600972282062
2.24477488632
0.529847371779
1.0518299511
3.50684970466
-1.51924145607
-1.33696490297
-1.73741518239
0.151613222635
0.79533426817
-0.962327805201
1.03701772386
0.843248024928
0.144513842889
0.0394746643405
-0.373481491651
-1.468378017
1.3012799003
-0.999262423618
0.624729871033
-0.362468768074
-0.761165147697
-0.272794762055
-0.990707380357
-1.22591624951
1.01665570025
1.77741447912
0.30161240222
-0.0401512905037
-0.813368605044
0.188385214703
-0.779310043675
-0.928003970234
0.863531585504
0.317658584564
-0.880854409612
1.04960080589
0.116014848131
-0.43969978539
-0.177184708479
-0.519974201224
2.25444113261
-1.12572381474
-0.561475339687
-0.82139567465
2.47266947127
-1.10182790182
0.648510698432
-1.51715835453
1.30128858751
-0.328031585957
-0.962977294988
0.451659910861
0.248916527973
-2.09700314423
0.0449142975226
-0.0450098207771
1.43391707736
-0.194419685554
0.831930756833
-1.07528951575
1.92603392832
-2.52623135508
-0.363307380813
-0.129594618713
-0.0169901560284
-0.315840819606
0.668145640164
0.866609427541
-0.620948759047
-0.257666512922
1.85628724179
-0.170975085675
-1.34108635073
-0.708458157103
0.901071674019
0.78149164166
-0.357816350307
-2.59434627366
-1.33258732859
-0.475795264996
0.636578238989
0.237437625428
0.246972621273
-0.0370977780008
-0.223439723902
1.1762171422
0.414500669777
0.339317876877
-0.674258531278
-0.240877068759
0.211787857178
0.0335956582858
0.528978883413
1.33982227031
1.02557840401
-0.760189406654
-0.267106098569
0.400467764958
-0.711662228686
-0.802926230259
-0.479645102476
-0.225099859298
0.130098860212
-1.72514271663
-0.11963605007
-0.520729866854
-2.08784394211
-0.81884285201
-0.542862315129
-0.55867166724
1.85375332107
-1.69678773169
0.209885533433
-0.636628866813
0.96998026415
0.692695737327
0.775219429818
-0.733014166608
1.28233102409
1.87650644527
-1.48192767137
0.226184287662
-1.24254833587
1.25201077418
0.243093387415
-0.00973581925742
0.811494716142
-0.436237664216
-1.32000987674
-0.0926613283424
-1.72919833142
0.906223964402
1.21279713554
-1.3678023166
-0.016269408664
-0.378131786216
-0.612596643419
-0.484327063391
-1.93707522121
0.430597910274
1.75593797518
0.181650076906
-0.0037509767175
-0.881018347616
0.379052845068
-1.49951822678
-0.187688013202
-0.133740439985
1.6754028248
-1.53419749306
0.861712920829
-0.34236353816
0.891303923486
0.0322278423603
-1.19589251048
0.746164345172
-1.44116902445
0.744065172762
-2.7597212713
-1.0325717382
1.42003655627
1.21391620623
-0.0459088865744
-1.44193993451
0.26829491634
0.00792036981603
-1.2826052487
0.875718176831
1.77259188918
0.487018821959
-0.936461877112
-0.242720341358
-0.798490811163
-0.295464689134
0.311509762786
0.611651943519
-1.01262922575
1.61657728291
0.794159175963
-0.660370727723
0.818564636133
-0.177812384909
1.7444492974
-0.0872055780179
0.0673657986411
0.0272568209329
1.29651840286
1.29410929959
1.3184264254
-0.274404840645
1.50016607188
0.29882097097
0.627582435091
-0.809444789886
1.92628415586
-0.526925611474
-0.0611917764774
0.373169865113
-0.49305622846
-0.630339207829
0.0954717843645
-0.939046382157
-2.07200916666
-2.87287080745
0.474308539491
0.647874370315
-0.826838836756
1.58548996175
0.344633827953
-0.0265720452815
-1.41641604303
-2.26380798829
-2.50149974715
1.04423319297
0.412070595394
-0.152668753112
1.4884127024
-1.56730254624
0.878140115748
-0.621432367654
0.770031868174
-0.295367134075
-0.462014386389
-0.690937548321
1.36084571656
1.15401337235
0.647359741811
0.560868548935
1.64146219533
0.148828629415
-0.209172830687
1.35464662616
-0.671794230737
0.0569902008708
-0.321467469496
0.359893597574
-1.86513614689
1.984780376
-0.325866217088
-0.186737475588
-0.925029053622
-2.00201007134
0.990288639058
-1.14205144438
0.571533386337
-0.840108469817
-0.612183755465
0.710657710836
0.158424483553
-0.248654283517
-0.139011632399
-1.10606144976
-0.281551714575
-0.585230546446
-0.284248593141
0.198221296778
-0.255975122019
-0.0980427090712
0.0672506744078
-0.334248437183
0.057737608161
0.633878849835
2.1492543565
-0.253584723799
0.494030108334
-0.628083845681
0.483217945544
-2.05075667826
0.604262389326
1.46256921225
-1.23942668181
1.64045908686
0.821971348597
-0.81324097065
-0.695624061926
-2.55989770754
0.259108637716
-1.65743496484
1.40714209072
-0.984710503518
-0.125781294064
0.0531959086069
1.41015212765
-1.28356002636
0.434838870017
0.367331352195
0.220280879584
-1.94149361294
0.851742037574
0.0234150830587
0.0811878510398
-0.709572332015
1.07483842481
-0.0829190875596
2.33446692649
0.827675248014
1.25481925873
1.20028878392
-1.23353639068
-0.17388983063
1.51311578335
0.584351781113
-0.481197715636
-0.585903473543
0.306069688441
0.0884482591449
0.23336526286
0.659502654536
0.844722181247
-1.70306812827
0.991462865528
0.925381772021
2.1593481322
0.0228455100321
-0.659191206227
-0.367158772664
-0.36453423373
0.0594150826347
0.214769976557
-0.590939352132
0.762373756171
0.434243135534
-0.587694518324
-0.61073735809
0.101685577768
-0.745596423006
1.36909467784
0.706201915589
1.41648094355
-0.421598433559
-1.51046635236
-0.467651434983
1.7021269586
0.943470045322
0.360772381509
0.123855114314
1.05354442675
-0.609581892582
-0.107007626249
1.38323677969
-0.562653832319
0.556623622446
0.712693319636
0.527584608836
0.333641415915
-1.98138460183
-0.040587624389
0.325364114132
-0.00736132629769
0.0178007080098
0.777281001421
0.388736715539
-0.0170190434285
-0.209979391557
0.0916822303811
-0.711983188785
0.0183836496493
0.100034865567
-0.761133097648
-0.207224808975
-0.324633938025
-1.50218647156
0.780010751073
-0.141108076653
0.892613050714
-0.167236378668
1.43329026496
0.587462166727
0.612257616982
-0.130676164295
0.706490661867
-1.67686892029
1.84551113921
-0.285227780356
2.46809226922
1.40892253853
-0.517752409927
-0.0413202667103
-1.01772554542
1.51939394791
-0.492985806492
1.54544212286
1.70365939342
0.433457289055
-0.0806099394953
-1.44182640329
-0.166768934952
0.76301997796
-0.596177507083
-2.62288200193
-0.290779422754
-0.210709160936
3.42838353125
-1.31432355553
-0.930520911154
-0.412559426192
0.327486382867
0.324189048179
-0.59535785056
2.66709883965
1.66553752271
-0.0620655155539
1.20447550914
0.390100270272
-1.52573503694
0.910750803902
2.07010561666
0.23201628854
0.154186049712
0.719446462003
-0.244939276194
0.610638950041
0.664276952321
0.14397995708
1.28845302248
-1.05131502967
-1.6542168191
-0.729635123541
-0.120745520278
-1.48489965355
1.57892196141
-0.128713058256
0.0848830288961
-0.562858644568
0.490196570663
1.12421255494
-0.394200218121
-1.75219546059
-1.62955143239
-0.161249232234
2.2510056861
-0.582152661042
0.611827468608
0.359651096958
-0.692517403555
0.104984611011
0.952516153882
-0.868315098891
-0.144824298905
0.200037894814
1.31718307708
-0.278480661788
-0.775143032513
1.14124189372
-0.165652813111
0.663276809382
1.67862155196
-1.30771583189
-1.89403099258
Score: 10