3
44
10
3
-2.12609449564
0.599863084196
1.89494391272
-0.388295315653
1.16763461929
-0.0022336992601
-1.12259508567
-0.946394231303
-0.463262726569
-0.173189823294
0.379879906571
1.67166984526
1.01398597921
0.482878429025
-0.136015315777
1.07559188428
-1.03338517572
0.856416162229
0.0896437840161
-1.2853183238
-0.377117461692
-0.0394071685319
0.1522136056
-1.338800716
-1.56490182028
1.50119201893
0.600920487883
-0.43714911294
-2.80459514404
-0.542263351726
0.0146819741342
-1.98062416511
-0.9909848376
-1.92281213558
0.357349996123
0.376952370951
2.95498864873
0.639642081626
-0.65553777977
0.100677560651
0.243644507425
-0.194557596333
-0.548740142489
0.176912295108
-0.617619385995
1.23219724371
-0.463163987098
-0.0118355991767
-0.424526653763
1.4647652057
0.4419600294
1.69543301231
0.166840621816
0.880115282847
-1.45034758653
0.00972998090647
-0.189494395879
-1.01147362442
-0.946949477679
-0.251165564372
-1.30926920907
-1.76846139215
0.467801829632
1.4935130183
0.791473750464
-0.38752840575
-0.53528700945
0.49555563789
1.05863849157
0.123990583592
0.177696076401
0.396916673041
1.79181088746
1.38844609569
-1.14576265113
-0.117975740767
-0.357158471061
1.33653733932
0.519137975391
-1.7272599188
-1.01190484721
1.05756169594
-0.438473291847
0.936882078698
-1.73776260622
-0.544127484093
-0.17280512101
-0.0398206011139
1.42105986913
1.25677088104
0.036775322881
0.356395695341
-0.873365255618
-0.281817534724
2.58967774656
0.755436738144
1.07976155403
-1.91845859215
1.55567089483
0.762793462248
0.83390607975
-0.285251309003
-0.0285926802089
0.334549001844
0.0614043163303
-0.207392759627
-0.412888199974
0.131659775525
-0.759851275631
-0.607732828881
-0.158194582063
0.75745517667
-0.10270519002
0.0267996777362
-0.512861496644
-0.890054901139
-0.114822649312
0.511129481348
1.74166836489
2.87566922577
0.697510073112
1.32143343843
0.784348475621
0.0618151855048
-0.175349087621
-0.969201687556
0.689227820901
0.723492928054
-1.89325069325
0.111328183483
-0.375789486268
2.11859913957
-0.633844038603
-0.510234091382
1.25827349352
1.09781529244
0.42911741028
-0.441805331057
-0.887161418833
-0.771993442561
0.343011997428
0.989022294086
1.10021369832
-0.862572373741
-1.32116887295
-1.10784630978
1.96623018062
0.44811588611
-0.274774450782
0.898259251901
0.256155854057
-0.466358022823
-0.243603727918
1.11860372837
0.1969918231
1.11301469271
-1.8524075103
-0.58556535332
-0.0448134608578
0.549715121812
-2.019003336
1.26551599932
-0.246856957747
0.689967434447
0.612656759645
-2.0242114867
0.00382536203306
0.984132518661
0.651095863154
0.14226570759
1.1452527573
-0.762171301987
1.04751290013
-0.786145936718
2.24980295392
0.960109667066
0.0416309759569
1.51434283845
0.469546340609
-0.567046752755
0.358637525548
-0.44332418445
-1.31813468403
1.00500007248
0.809494152851
0.928787695699
-1.12945532019
0.273847497088
-0.175180765392
0.644920335372
-1.73959224458
-0.726489419541
-0.171320223571
-0.11652217008
-0.0301876258827
1.81000747124
1.75588250157
-0.677071072241
-1.5003555366
0.22095996435
0.384703083082
0.46978590311
-0.290431158777
1.23313746762
0.158200780324
-0.0301036939885
-0.863171427105
-0.740960914907
0.513698976132
0.761779940829
-0.203370165586
-0.549655176097
0.679992631364
-1.20785791517
0.371118398776
0.229726710196
-0.981662397562
-1.3174841833
-0.878446479595
0.723252126683
0.485160941534
0.0616284810523
-1.40513375557
-0.324225454075
0.425443752491
-0.523750234836
-0.269930131624
-0.972695670473
0.851260243673
-0.875328233083
0.111557547615
-0.247108683517
-0.19465449384
0.560422641508
-0.506005769382
-0.8466442082
-0.12314895395
0.693187175062
-1.43616688847
-1.4789217752
-0.714042905893
-1.04055313569
-1.16758605078
0.712489875751
-1.44512518501
-0.252194889949
-0.412558886038
1.18671349514
0.868714175657
1.0104282087
0.307375324158
0.969816675171
1.0321912235
-0.566630500083
0.0777935907097
-0.632059899305
-0.367662003656
0.943201073607
1.14176080555
-1.02757829277
-1.76826276354
0.577094876264
-0.133176411404
-0.368961309577
1.44952808761
-1.16874236102
1.64866315674
0.142574876739
-1.16131459422
1.35068293388
-0.874398029872
-0.350198437348
0.321554746213
1.0433577334
2.44630617375
1.17421511355
1.64926750157
0.0738324015197
-0.419304934926
0.387735255628
1.32137401203
0.196912121303
0.453543209722
0.0663000002284
-0.362785048319
-1.01189470128
0.751185248727
0.846419779414
0.201552771324
0.70467630151
0.969153520346
-0.0604290459606
1.75457491108
2.3308986375
-2.1864047577
0.862555527425
0.307007587116
0.0727189383774
-0.619961363223
-1.81882361301
0.101194102515
2.29952495958
0.990166962753
-0.202744988565
0.59131389013
-0.583928970261
1.40908516559
-0.331792240949
1.51162905416
-0.419391132534
-0.036327213209
1.18138246935
-0.246786634524
0.737425938009
0.0228002086388
-1.19728603265
-0.000326796549194
-0.0379346576274
0.650936794089
-0.554605533092
0.568753375584
-0.449329820519
-1.95119510873
0.646190462882
0.332198182023
2.36095443333
-0.0308151743131
0.922230573931
-0.502884755427
-0.405718741734
0.177321644152
-0.732781386141
0.985247534982
-0.313789395689
-0.21430195476
-0.89284788901
0.812913519749
0.681074796909
-0.418066524776
-1.55056550023
-0.325849911242
0.375104166132
-0.14976988761
0.93526337978
-0.77457496104
0.575325388176
-0.30321599067
-0.237923010196
1.33217024798
-0.106090519164
0.275654328903
-0.285630905559
0.673855720591
-1.21303356744
1.03730076225
0.279579124221
-0.208558044996
0.499305872648
0.212821451216
0.331860057469
-0.0673395780468
-0.0423120090805
2.37273592896
-0.393549932746
-1.51144640974
0.97436105665
0.462217667549
-0.610998108526
0.392123457765
0.333001823208
-0.205391171437
0.737022940924
-0.396463304106
-1.98663664081
-0.402133920304
-0.0375616857143
-0.832153919395
0.127943450248
0.200665319226
-1.1444761306
0.36852955317
-0.689429216978
0.364691819049
-0.681938959313
0.480970566775
0.622936436415
-1.07036618755
-0.870677029955
0.593318741739
1.00733848038
-0.707924086628
-1.36985326614
-0.276638893571
-1.21757554487
-1.17405830636
2.10077654421
0.396297318109
-0.0342688966853
-0.951273353375
-1.4252989238
-0.278149032106
-0.177606415485
-0.85036201104
-0.280425338028
0.568861088787
-0.246993101508
0.871052240789
-1.77500858699
1.64554833395
0.213171086119
-1.50909996582
-0.353812241546
0.33507033682
0.300871482155
-0.213394322885
-1.86555953107
-0.358510106395
0.330586617781
-0.540073786003
1.36632547844
0.514377900325
-0.378127455529
0.381876779528
0.618673605287
-1.07944220319
1.402693054
-0.252079752591
-0.925490750931
0.783214027609
0.815740387717
0.979717839672
-0.365223945526
-2.36024692568
-0.715061700836
-0.919073593617
-1.40281844712
-1.6047515074
-1.00061865138
0.630594427931
-2.68494235072
0.395902309515
-0.639294292557
0.578310971495
1.25745704088
1.83481705988
-1.26036982926
0.15144324817
-0.289285574245
-0.659171666712
2.4186214875
1.65039507132
-0.132261427941
-0.226074566286
0.915759719677
0.271564298193
2.98299692382
1.05522549365
-0.609406430784
-0.204204909265
0.683022338321
1.30848368752
1.10717867747
-1.53063619295
-0.954717786173
-1.83353902277
1.09613894405
-0.563547717731
1.90264064359
0.399872951282
-0.862195833775
-0.646827780284
-0.827082005391
0.806703876863
-0.85267086243
-0.548720422256
0.14606425623
0.976803853577
-0.141544535062
-0.113798033664
-0.275373211818
2.06507361751
2.18573989346
-0.0906209360499
Score: 1