3
44
10
3
-0.834340522017
-0.707979575394
-1.37109226936
-0.860267044324
0.111427915564
-0.647971080529
0.88122972805
-0.132589311984
-0.849103749971
-0.107530605012
1.13928006326
0.388099529078
0.341070739185
-0.352903663497
0.0193071522758
-1.19614974259
-0.567653166112
0.398582115269
-0.755606329834
0.206524573503
-1.23689645249
0.0759326579131
-0.21378628811
0.604657469232
-0.0915960514899
-1.88061181098
0.582382753636
-1.00399415612
1.35108835976
0.621087922543
1.24411857706
-2.46670055252
-0.798762947359
-0.75615632242
-0.11421992301
-1.47346007079
2.16945778187
-0.809205526848
-0.16132777855
1.67300366277
1.58638855924
-1.11880457144
-0.782050791554
0.651134411665
-0.194948141004
1.16527311941
-0.63715548703
-2.08253967766
0.239277810192
1.01066430726
1.20356615023
0.532664687498
-0.150083864571
1.29694518698
1.73244384267
-0.854646519028
-2.99273375659
-2.29678286635
-0.349577870093
-0.204213960952
-0.266595515535
-0.522184505265
-1.05445533367
-0.913932003746
-0.990858741034
-0.408221512618
-1.75790958182
0.0154010297157
0.36884890165
-0.698858655426
-1.37141843445
1.38706607439
1.59449151125
-0.545378581374
-0.339742905687
0.385161207494
-0.636443311602
-0.579718827017
-0.106221695867
-0.475349938315
1.90001208359
-0.176133724232
-0.481969854047
0.32137988551
-1.11496055505
-0.585138602987
-0.501598461885
-0.0790056801245
-0.32491930227
-0.844736210297
0.695864381847
-0.524753972189
0.943837220131
0.616467509171
0.550721105052
-0.48971427829
0.841991980217
-0.146003456014
-2.33089712692
-0.996343149966
0.860398961109
-0.41710927322
-1.72405800515
-1.48737785635
1.58031067333
0.19773906224
1.75250998389
0.361954770954
1.43692585487
-1.27738481414
0.297269131295
0.141900446385
1.42895178887
-0.474836834315
0.130673355962
-0.469527246534
1.08724086407
-0.642116605855
1.54917792499
-0.895044602503
-0.81919210074
-0.401342554593
-0.492243221919
0.242150643483
1.14974568469
-0.549325798864
2.00657005339
0.269185541009
-1.24414946514
0.649077499661
-0.0570288761045
-0.277784782431
0.503844645558
-0.45459523314
-0.248505495953
-0.58364110549
-1.17253197592
0.504277341388
1.01171238778
1.17688741957
-0.884468858136
0.763835723354
-1.8060990362
0.682690327019
-0.49333251798
-1.31618103978
0.591725655399
0.667474356306
-0.0320537122822
0.364741257787
-1.40522614051
0.770784657298
-1.86042189253
0.773602842031
-0.443809710549
1.71322358919
-1.26010341526
-0.308317211449
0.23535162257
2.08599778841
1.21953632532
0.229615545537
0.175513340058
0.329000875172
-0.718981147772
-1.29661455698
-2.22583729543
0.288552974485
0.4936080413
1.16280666832
0.768981359005
0.833338809593
-0.0607384745295
-0.0554927810763
2.66885001581
-0.258359749288
0.276701312309
0.842953368508
2.13163658708
1.55846070072
-0.0188392591082
1.95666786248
-0.095588872295
-0.0913957157437
-1.95173551425
1.54026225855
-0.375998998677
1.89959006082
-0.294308419696
0.601771323672
-1.43974534063
0.834502130101
-1.65076188251
-0.374001122304
1.41630350639
-0.281157116158
0.132979799872
-0.0620882901439
-1.20146745651
-0.499351848624
-1.04665800686
-0.693607642267
0.986803817291
-1.62238307712
-0.824579972214
1.05935149116
0.664650059617
0.36765756257
-0.926245266828
0.554146319365
-1.02521412418
-2.04826693065
0.392029841263
0.612731020783
-0.284691379115
-0.657045186885
-1.11071777353
-2.36647135559
0.595739841708
0.457085171859
-1.27599640096
-2.5242071401
-0.352184022701
1.57579743919
-0.443172425647
-1.49801180173
-0.424427426438
-0.797730321875
0.239237657886
-1.06144562925
-0.710383821583
-0.269231134929
-0.825483665394
0.498969380686
0.272802154279
-1.73219921134
1.53443324057
0.242240110163
-0.66134194066
-0.547904164336
0.480224278561
-0.491691151153
-2.77885876057
0.818863262992
-0.305532178554
0.183063548664
0.437349714539
0.21841504173
0.775804381624
-0.217732495743
-1.46770880834
-0.861239783516
0.48827524009
-1.19395676384
0.00399895258218
1.27331646541
0.606651998568
-0.345152274467
0.15819578489
0.206930362332
-0.677618333323
0.0434671247344
1.2068780973
-0.183639709086
1.24327035677
-1.15551731239
-2.33723066972
-1.78079397063
-1.35602636877
-0.120785119107
-0.450423218873
-0.0679743593319
-0.113411832802
-0.360743069639
0.357585025214
-0.459072565304
1.37730157362
-0.0599167668547
-1.61901213726
1.52632756797
-0.165371717807
-0.286951102057
-2.0312654386
-1.23920821725
0.434001541699
-0.419008667374
0.773613247794
-0.203072816194
0.485587473781
-0.949834664489
1.43076847607
1.06262460427
-1.16745025195
-0.516940777663
-1.13188432966
0.775176888633
-0.887063197187
-0.276637451251
0.786981599472
0.502006485087
-0.275196115682
-0.0269969522459
0.0859789915193
-1.12967362242
0.260281211949
-0.192613770702
0.0742703771089
0.572390178158
-1.38211095491
1.28463203949
-0.856536900503
2.46780796382
-0.563753097661
-1.80559595635
0.315561628197
-0.341641834087
-0.11087955545
0.5500483274
-0.192144277669
0.88843256114
-0.435213972362
0.415347568874
-0.439276485928
0.366505157762
-0.313941280094
-0.514489948938
0.711622483994
1.76479357611
2.10251019035
1.10605181987
-0.446626496066
0.0689022541153
0.221024341758
-0.0602040979624
-1.15753242307
-0.905614251127
0.525323774288
0.4015695829
0.793605016436
-0.514635656001
0.0107497383145
-0.406078819566
-0.149097878201
1.82330024865
-1.1099122237
0.290630264688
-0.181953108482
0.923758667541
-1.0873114786
1.5883895164
0.12465316536
-1.00690243103
-1.2125481631
1.12152184435
-1.96182045087
0.232599329668
-0.519522736265
-0.41626960107
-0.511210989951
-1.6137278168
0.632304841651
-0.232515157195
-0.183317491843
2.0404769915
-1.54818799489
-0.36530798312
-0.499594743241
1.0090980786
0.650437404291
-2.42322480033
1.05673380851
0.315262498176
-0.46822793473
-0.373763019868
0.694933660992
-1.78756139129
-0.713211001659
-0.793559921286
-0.143938924934
-0.308838744871
-0.763004998683
-1.66918328589
-0.537692560578
1.02072227953
0.456323214258
-0.345650923356
-1.231198463
0.547395909185
-0.505023326161
0.274024909463
0.487288959686
-1.69837767138
-0.025836663095
-0.0976902157931
0.726874338972
1.3646567493
0.95296989703
1.67873895008
-0.705007657502
0.921839701214
0.369256196331
1.65597242076
0.934619355627
-0.746896722597
-0.751520448906
-0.429805169104
-1.09289126889
0.782323221959
-0.571330323993
-0.259722716032
-0.139121760386
0.264765991191
-1.41675405596
1.08470976515
-0.0228141586694
1.2601434434
-0.0220999584946
0.867793091675
-0.764636885301
2.13110402808
-0.626423072961
-1.13967026109
1.13603217186
0.539073425729
-0.902969556664
0.964577529957
0.938070706501
-0.0106131063791
-0.75411667569
1.18275637772
-0.200960974419
-1.34218129589
-0.0941820773723
-0.0768923554954
-0.701678432871
0.291096071148
0.117885138651
-0.00361802571779
-0.88921874398
-0.455565027677
1.20180265206
-0.0426697162302
0.0928747627705
-0.105742398082
-1.26123451694
0.15984196761
-0.634749479643
-0.551036692391
1.1065057634
-0.29799714405
-1.88517438692
-1.28505137892
2.08230952359
-0.78522380728
1.09302621716
-2.61724019074
0.174769671587
-0.81940355236
0.0975314092271
1.42130720399
-0.0532544681642
0.324880724187
-0.84856743862
0.722784916688
1.74727771561
-1.54961793037
2.01522625398
-0.631750071203
0.463951637729
0.325320564445
-0.737481861081
0.728867855633
-1.37962232832
-1.1982160413
-0.202363389222
-1.04571116008
-0.962357715952
1.47809985825
1.12394809137
-0.0179862594147
0.968578116879
-0.153008950052
-0.853325471201
Score: 13