3
44
10
3
-0.00634247603424
1.48855836271
-0.504856041302
-0.961237689674
-0.525110288043
-1.59803550613
-0.078586085661
0.428895777005
1.42513045492
1.48652897502
-0.76578294014
0.844078742213
-0.193486563575
-0.806258991376
-1.68433432243
-0.132276267469
-0.394880355799
-0.0961674871622
-0.825407663033
0.828374032438
-0.301207413158
0.860904087665
0.523917732682
-1.21162461181
0.432450513566
-0.184185830074
0.336414383614
1.3372251391
0.970314384924
0.941488448474
-1.74967092007
0.413039890593
-0.576100325529
-2.02106039054
1.51582960542
-0.346682504233
0.237636702821
0.407753339779
-1.28720613484
-2.26624330412
-0.653511517553
-1.64834063714
0.0198434411131
0.0375129087741
-1.36934199776
0.503656519111
-0.862659325476
-0.858247734099
2.46899469088
-0.801293626727
0.54914845536
0.26095738069
0.237293489401
0.629858497959
-0.956947644124
0.00447589463966
0.981011145297
0.0884591874791
1.47017298711
0.463961391793
0.941710745287
-0.999489342586
0.709412966813
-1.09466630605
1.36934476462
0.527320179261
-0.143514717792
-0.812600144552
0.1582074688
-0.202638255269
1.21982510249
-1.74290795111
-1.43479267568
-1.26092707889
-0.310867650654
2.03093278764
-0.491722297286
0.0329666961229
0.41773277598
-0.211780695753
-0.618976344604
-0.384572196817
0.701000162165
0.0478711926216
0.152876305835
0.0963458913698
-0.898172112132
0.626578983042
-0.860460431608
-1.63476876593
-0.0319955062227
-0.681087382271
0.0191835795823
2.1903195933
0.116721615666
-0.876316648697
0.405795015931
1.56248529782
-0.30384948441
-0.26177768076
-0.493414833308
1.58070330983
-0.366946952411
-1.16457637089
-0.828119063998
0.233460213904
-0.242772871286
-0.295724000504
0.941521527137
1.44390607917
-1.40698156068
-2.6689031091
0.391781143846
-0.999356689989
1.76189800496
0.662928890014
-1.62481095256
-0.942514188527
1.14170023051
0.0344535014284
0.366387664258
-0.801373091941
-1.65096180839
1.22587030434
0.304155195119
-0.372256376686
0.564791275092
-0.539719201226
-0.980658524524
1.49248391683
1.39805980192
-1.16341522302
1.86910007882
-0.804698925762
-0.370379276467
1.35638133751
1.34956628912
-0.66679984071
-1.56114629754
1.2038682709
-0.778867270238
-0.141431090898
0.919409964627
-0.311633313223
-1.53516963984
-0.958165867768
0.836279585479
-1.78171865889
0.771522681518
1.42777841624
0.755885203872
-0.62224804678
-1.04822457795
2.64125694563
-0.144342282989
1.04480246768
-1.70497927067
-2.23156250496
-1.37254259863
0.0738279417558
0.803986415044
0.462130298952
-1.02496863704
-0.273873661434
0.611950890352
0.205158498504
0.849423249018
-1.16322112904
-0.114937014449
-2.09230700167
-2.00461763249
-1.14330358815
-0.410320575732
-0.0482935549775
-1.16682734489
0.0417491109681
-1.17447434555
0.0135662756186
1.71530364978
-2.53113573868
-0.684235473955
-0.0279230326119
-0.214638140905
0.794020483298
-0.210547524609
1.59258260482
-0.528545339011
0.489038213707
1.36733578914
-0.778267540367
0.43621353005
0.190923331424
1.33396043293
-1.31821247557
-0.377921328127
1.58878969019
1.09968067667
-0.609044066892
-2.00300152716
1.164932205
-1.15506289391
-0.291129677915
0.0941288640654
-0.758351769359
-0.0147422859287
-0.567717891891
0.277180074284
1.03569206749
-0.0675295390274
0.500121537834
0.598882786132
-0.490083219749
0.161212152026
-1.22472505
-1.34013429668
1.43644440957
-0.715754864296
0.858361643186
0.238947881188
-1.02533951235
0.211357127724
0.77975351483
0.313736428594
0.694290751188
0.938073834141
0.396985011281
-0.525220076203
-1.09731161353
0.171410425931
0.461545089512
-0.876017587134
-0.245256802512
-0.500652141107
2.15927026967
1.43892464806
-0.991134681284
-0.875856934571
0.435086152569
0.248408824247
-0.395536084072
1.40886114022
-2.94558815526
0.768398534442
1.32025319654
-1.75801151392
0.681661525032
-1.15002895601
-0.242885028064
-1.62240277774
-1.21564431523
0.110862703237
-0.330100976978
0.637287626499
-0.0843172995921
0.467818917614
1.15219935899
0.365097605262
-0.438248079698
-0.63094518573
-2.17409362684
1.36890618454
-0.321867673637
0.567064872002
2.55072981254
1.26405575549
0.252822181932
-0.546465308805
0.0072526184392
0.142131917176
-1.4175278758
0.0876733589376
0.736187570097
-0.663982261498
0.199757418244
-1.11095098589
1.04241786725
0.562030300625
-0.622671012854
0.840216044022
0.270007651265
1.31945642877
0.428448788407
0.286183326137
1.26418792824
0.92540823918
-0.0755648631421
0.490240048339
0.110674298355
-2.20630723349
0.400751502057
0.72970033295
2.07913392604
0.659975058501
-1.23325808237
-2.18136084118
-0.243225618003
-0.663813406661
-0.483410479418
-0.487006393984
1.22117455062
-2.25867986449
1.08105779712
0.576124583839
0.845154425874
0.332043410015
0.428761720243
-0.361848707013
-0.970615456718
0.321120444151
0.974659359351
1.57120047675
0.868294064917
1.06455170819
-0.119124289849
0.170218112102
-0.75930703033
0.26112430252
-0.320920199683
0.909406562564
1.2929892914
0.59966646213
-0.347048263167
-0.318001298122
-1.22870789073
0.934929739041
0.512212003665
0.363092201994
-0.206585615174
1.37496082547
0.800116812176
1.39913337243
0.203249173616
-1.34421047665
-1.27495447461
-1.32376505854
-0.0692887878064
-1.21985471419
-0.535595186924
0.980465501254
-0.830451702683
-0.0277866333893
1.5425340017
-0.792770678644
-0.748632591294
-0.736557887961
0.366158178574
-0.558572791255
-0.140644943103
-0.134373771664
0.144789844074
0.695248909041
-0.631888566567
0.7585527651
-0.466335543204
-0.0727979699485
-1.43894867659
-0.17982644183
0.807960130255
-0.393297217087
0.369909459932
1.00871001237
-0.16406904625
-1.5016125326
-1.31300790242
-0.508311377194
2.1570265325
0.123290672039
0.334560101642
-0.779818590738
-0.537712224153
0.981341037394
0.631315805191
0.0496585855984
0.0434431201508
2.56115264819
0.0586386666317
0.0776195334371
1.88545271327
2.51505768006
2.89475362477
-1.17409285916
-0.164415782092
-1.68145185686
0.558520779394
0.0726647027649
-0.661229073344
-0.1413203223
-1.21236004328
0.2177645069
-0.174144145705
-0.259642500494
-0.839195377003
-1.53246305731
1.82756308093
0.390423435907
0.494107344791
0.457928735325
1.12959262314
-0.0040354037782
0.256352414142
-0.266603663668
1.08761387687
0.553507601273
-0.367611033056
-0.466174895563
-0.992154059303
-0.281372763604
0.296357308728
-0.0193057161856
1.28532585276
-1.57905653
1.61341417291
-0.842078334515
1.28827468882
0.32227790889
-0.588103189491
1.362180537
0.651296799729
1.30151749812
-1.90794872582
0.599975604003
-0.848243851299
1.30625950622
-0.493563484378
-0.0859077222828
-1.61555352912
-0.978971560114
0.94141047923
0.000758270157359
-0.0321236853236
-1.48902295011
0.696633451209
-0.670829736364
-1.13341069232
-0.104483287055
-0.188608253067
-0.462204132164
0.198410298274
-0.419375256363
-0.121017907642
0.00645129457035
2.35452840654
-0.84044058916
0.100255299197
-0.192866704244
0.392838358459
0.00930560983627
-1.41724915823
-0.0714627726194
-1.68068647274
-1.04836216072
-2.62947770977
-0.761613697486
-0.813802708865
0.932983088656
0.139667829927
-0.146229593172
0.660484513728
0.262325759027
0.811045778266
1.33822986778
-0.239145385617
-1.31612029755
-0.334646241337
0.132540782141
0.240397723976
0.127567113122
0.269564580293
-0.325858131703
-0.889162230281
-0.50800479676
0.736808121266
-1.03080908827
1.41375202076
2.60405783528
1.97590779777
-0.0474498837373
-0.666568469409
-0.305801363913
-0.977896298295
0.434780521081
-0.181530362947
-1.39102146062
Score: 13