3
44
10
3
0.19059420601
1.68837667941
-0.404214876695
-0.981661551638
-0.410592983389
-1.66684968717
-0.0482115405305
0.63277863854
1.59359318193
1.45193712751
-0.899784893519
0.636554872139
-0.0782156292289
-0.81964456993
-1.91010178119
0.0808306274417
-0.247110322767
-0.0820441525786
-1.09577291233
0.639196868547
-0.166905881035
0.837353379707
0.677639529748
-1.10970306775
0.405290683226
-0.274845817008
0.309503550796
1.31893901676
0.968474118688
0.941864515965
-1.80160207141
0.322463261193
-0.529381253994
-2.0137723306
1.28245639836
-0.218117865437
0.149438291205
0.586236824605
-1.29528312135
-2.46601361083
-0.876455981969
-1.5480002676
0.145058655252
-0.0877864618322
-1.36420424646
0.332306077136
-0.984049885499
-0.815826208979
2.55855427166
-0.768992483763
0.595295154343
0.223406817347
0.375748052488
0.569548829838
-0.8097293746
-0.20023142798
0.927414964886
0.141280396087
1.5118671503
0.349809186662
0.977194262016
-0.850887170347
0.77375504873
-1.17673414852
1.25110885593
0.357835349089
0.0343224681779
-0.711253475005
0.293579842247
-0.370433625392
1.2440231055
-1.69907578001
-1.33454114151
-1.22228792322
-0.23408821565
2.08170884705
-0.576378163631
0.138666162722
0.475563936365
-0.328969805277
-0.535919739588
-0.43766144864
0.767338934568
-0.161109759507
0.207860966029
0.250781595773
-0.941587635119
0.709783664917
-1.02616713954
-1.71128994898
-0.0474982479544
-0.770324511085
-0.0858074433359
1.9795559181
0.2775036819
-0.736915817089
0.491005777808
1.61659680033
-0.224411867223
-0.278633367639
-0.356472649838
1.54902647613
-0.382928736122
-1.35414520894
-0.757518545777
-0.0203215685644
-0.216186813307
-0.158926267102
0.900030126149
1.36340262245
-1.42758721706
-2.75695154301
0.305265578349
-0.995160748513
1.64676114458
0.907711296825
-1.66946599637
-0.913513597745
1.05525797709
0.144944699234
0.498129066091
-0.855572230424
-1.67358577152
1.24529314573
0.314165663024
-0.20587093124
0.642133956444
-0.659119145283
-0.966603679335
1.38610013275
1.35912788298
-1.13592983263
1.97429732953
-0.653029729959
-0.511001863047
1.39309347473
1.4324495101
-0.504257720729
-1.65800987675
1.04163820351
-0.863801404442
-0.250900361773
0.858023773401
-0.38479839812
-1.53902865067
-0.926807894139
0.867820215825
-1.72095503199
0.666333345629
1.49617427769
0.864536323069
-0.561929923661
-0.99557639238
2.84356332353
-0.0869123367794
0.909052741684
-1.58227997714
-2.25711737338
-1.35487756394
0.0750826387933
0.784254492015
0.695395560871
-1.02055390311
-0.222054211001
0.501614029217
0.307743781178
0.70133217424
-1.06966273554
-0.417672827124
-2.18369183263
-2.02374594852
-1.03158728322
-0.316328559298
-0.0705260495125
-1.09280651303
0.0707576569178
-1.05416095874
0.179797384076
1.85475917552
-2.65363507592
-0.726309323705
-0.0455191202306
-0.30260104275
0.823821668883
-0.154043561513
1.34385917959
-0.373710700752
0.443782934378
1.40674929539
-0.721325828476
0.5380644527
0.0229249361208
1.29854407627
-0.982551237568
-0.285886432822
1.35107671812
1.18948828961
-0.59306110697
-1.98099817298
1.25637890129
-0.987945300289
-0.121866707391
0.0887253031594
-0.963647846066
0.224655487681
-0.641537447801
0.600791909456
1.12374105111
-0.117132113009
0.660917041491
0.613351707832
-0.500529161836
0.226772076378
-1.07465640016
-1.25514827372
1.46636083264
-0.674845342073
0.76098228834
0.247547288737
-1.09565364456
0.125255941554
0.919831110795
0.420186918845
0.753607717451
0.763000932909
0.326073106391
-0.549412395037
-0.884308803819
0.0722638161606
0.532873904778
-0.733040341902
-0.208290449102
-0.46431309237
2.05474140044
1.50232281768
-1.00933360128
-1.05028590119
0.417641905567
0.215938336996
-0.437540892233
1.36409528282
-2.9863865208
0.557299433931
1.31905307749
-1.59188705298
0.498849128898
-0.970217941718
-0.359702553502
-1.93986468072
-1.1118055048
0.173837166024
-0.406863517918
0.661911297655
0.137332650794
0.41163594799
1.0294981697
0.444900337984
-0.356804489873
-0.683826621464
-2.2026534609
1.32981710714
-0.433141007342
0.546216224602
2.3941011256
1.25123903906
0.182485713923
-0.566128125214
0.15550146408
0.146216640525
-1.50636416176
-0.0268389718009
0.907891259394
-0.759227820479
0.0734080569311
-1.06078818237
0.84482859691
0.295986400057
-0.585640181358
0.829862851108
0.242478043615
1.12866193913
0.537051820327
0.309906941958
1.39573076671
1.05605744052
0.17250790959
0.411134666072
0.0962299324915
-2.06169577876
0.385055429643
0.951993585818
2.26224604512
0.62985029837
-1.2940170849
-2.3761025197
-0.496910040237
-0.705388427923
-0.477879444214
-0.587647115446
1.06994131935
-2.09002626351
0.903680249304
0.484923981232
0.683785211169
0.171910055428
0.588142361142
-0.274170347987
-1.02012806135
0.188162661953
0.934298313498
1.492717814
0.982657418185
1.31109429558
-0.343150224604
0.0774192197855
-0.951749498025
0.142219342115
-0.418890922593
0.785028202231
1.14621281158
0.520877458178
-0.395263889407
-0.302521640102
-1.34089353338
1.05327064105
0.58324225655
0.50011682257
-0.217931508232
1.18307322262
0.918352359265
1.37583737739
0.0913889484638
-1.39374702861
-1.45303510306
-1.06936147115
0.102022918088
-1.31720871338
-0.365416536442
0.838162089601
-0.86468365328
0.019821379172
1.39676200373
-0.830095926103
-0.835308031629
-0.518423590035
0.430662233071
-0.674207711451
0.00546158094512
-0.120229034411
0.239227604705
0.49585905186
-0.442043499951
0.685572298516
-0.433531113569
-0.0482411871759
-1.34145052115
0.0988459989997
0.749822278795
-0.37974739702
0.528293732994
1.03724603965
-0.163385908566
-1.5831222181
-1.54686305314
-0.269771123102
2.28816836146
0.157820239229
0.65886229071
-0.719553534773
-0.5445585112
0.930258732645
0.638889084877
-0.134041653193
0.212697887498
2.52336427306
0.0892997562798
0.0378772604831
1.97318871737
2.4997047468
2.90441138448
-1.18446033901
-0.159575059867
-1.84916943089
0.414040911168
0.323095329824
-0.529591480569
-0.157545693597
-1.2146831016
0.135064463965
-0.114344320602
-0.380311985964
-0.880257146397
-1.47060356005
2.18717876418
0.464939930698
0.497044596497
0.466201893882
1.12434374154
-0.150791880349
0.235601940053
-0.203275156478
0.860212813105
0.562906802179
-0.207022394254
-0.468873387534
-0.938507482825
-0.288401325346
0.58129316536
-0.199862616879
1.31276384517
-1.47251013614
1.60553988224
-0.759882031044
1.3056552281
0.363810597649
-0.632802737917
1.35648681445
0.564308743316
1.17733223167
-1.73941853585
0.635294350116
-0.998377923021
1.09435684534
-0.72935378454
-0.00903491677885
-1.64433397898
-0.712416934136
0.803140127506
-0.0663301540505
-0.114265233693
-1.41425069855
0.59092641865
-0.726248378904
-1.12642310384
-0.117345113502
-0.313262582693
-0.437496376953
0.294474700501
-0.376711966369
0.101667347648
-0.00786242487658
2.18704278818
-0.895818696984
0.248789200811
-0.109305394693
0.305725186758
0.0784784570697
-1.16674360774
-0.081722503466
-1.6970669106
-1.11446300548
-2.78908639745
-0.686298832954
-0.487138994339
1.00259054619
0.125308615588
-0.123719827716
0.690518921511
0.286886321878
0.93217499187
1.59007498353
-0.225222690692
-1.58372190023
-0.33963514353
0.112180545514
-0.115071700439
0.199872591504
0.241165627566
-0.352715882114
-0.912459006808
-0.345990191041
0.808376205978
-1.17572205808
1.31989251045
2.5047234139
1.92938739575
-0.103076563246
-0.563535970153
-0.401671407839
-1.12795373913
0.367093530059
-0.229607711643
-1.48276857611
Score: 38