3
44
10
3
-0.77533576941
-1.16223020795
0.807865099682
-1.38747272797
1.27934610305
0.741678850349
-1.44972432107
0.0984020647645
-0.74521078833
-0.327695679238
0.126034495522
-0.438258469458
0.0986954705243
-0.973623099135
1.64463438637
-0.074397073412
0.161406415172
0.33671350527
-0.486302255611
0.469796036435
-0.645941266729
0.244985104336
-0.856408741882
0.979109143283
1.77899127495
-0.644488305851
-0.602946593028
0.0305710264767
-0.801162820075
-0.348004774924
1.42049744305
0.0496170890455
-0.313418257417
-1.75630948597
-0.0801789117919
-0.270423671335
-0.135648234986
-0.531177094335
0.020980634479
3.36395900765
2.19522546974
1.05806049561
1.03070356849
-1.78220627794
-1.82952354938
-0.208247441214
-0.580224052754
-0.167879789799
-0.715222120667
-0.564225962975
-0.215010452532
1.05844051905
-0.222282836297
-0.462768246558
0.0289850779182
0.547260725952
-1.02188925693
-0.241418537842
0.288782434914
-0.769410841039
-0.102869288078
0.537857060236
1.59803716401
-0.11261902545
-0.352068229351
-1.09964208449
-0.519461107089
-0.732120449944
0.769841196055
-0.108444185122
-0.267079851185
0.990896224033
0.205578547875
0.861542538777
-0.0205524544813
-1.78978642816
0.937303017863
0.964613014209
-2.01786766395
-1.45982173548
-0.151932820544
0.176010666403
1.03864416199
0.170784401586
0.216877641394
0.460257817393
0.206367822761
0.957562528106
-0.621428436914
0.901162191684
-0.57483514635
-0.0342387237112
0.0823607535199
-1.24361894335
0.553631745476
-0.611480224405
1.45865213891
-0.301355155315
1.09957741362
-0.995948841067
0.52249729194
-0.828971500014
-1.80789161567
-1.84194169451
-1.29107040278
-0.742288846473
-0.93012010611
-0.801514420247
0.282810431799
-0.545414559823
-0.334418163565
-0.0123510364222
-1.05005435577
1.38152603657
0.327277478034
0.305237579552
0.419538805873
0.882060163296
0.359608138237
-0.447050753185
-0.232258698731
-0.0827303220185
1.22421666935
-0.0904121328139
-0.574413355443
0.519956832297
-0.326141024849
0.33670913479
2.31841487062
-0.212228534299
0.743178419915
0.395885147434
-1.24659221166
-0.189982005084
-0.624718634931
0.627669567041
-1.62533908967
-0.141421638324
-0.602161506393
0.416901969245
-0.343813421763
-0.524242308112
-0.548307674786
-0.229739591364
-2.45090101187
-1.03627007365
0.516231156315
1.09628095344
-1.1929960988
0.65028341177
-0.817620715024
-0.794819442065
1.2065576928
0.70857290145
2.1693117283
-1.05972290108
-1.15591451036
-0.217318027798
0.656112108872
0.157726289425
0.910964116939
-0.479716260558
0.821910033052
1.18859409079
-0.262912240782
0.495924556959
1.6046018295
-0.0311294084397
-0.463761435387
-0.0102933134707
2.37090786943
-0.90740841623
-0.248786374738
-0.212874782953
-2.27361496971
0.768703145906
-0.464066855624
0.137056972293
0.287543527724
-0.316372803694
-0.698987921912
0.725973917033
-1.38296273877
-0.068096832016
-1.46399521403
-0.254841879129
0.930925258232
0.924604011213
1.78874799302
-0.544465327147
0.0341018777723
-1.34714370036
0.880876345537
1.11342325614
-0.0961713714334
1.18596023768
-1.01271791379
0.0734092102283
0.14824412076
0.635901726108
1.84121016114
-0.586170123291
1.34227151466
0.327822783063
0.275681779873
-0.397235892783
0.484275754901
-1.27077423467
0.801698356342
0.784084124458
-1.90616941401
1.46146524312
-0.553693828767
1.28991437797
-0.127026762689
1.33466046396
-1.13760220279
-0.46925537472
-0.647999031131
-0.586489785774
1.19864092446
-1.6518858927
1.17419386405
-0.249764022233
0.329667170355
-0.401608515564
-1.34840828319
-0.38457675595
-0.150561219454
0.782844622713
0.723854534016
0.0426727796176
-1.57228959097
1.15137795486
-1.65354005786
-0.595960418659
-1.60020458632
2.17456033645
-0.291382585364
2.19531416609
0.0968957103822
-0.705814623497
0.182630614699
-0.0329895316364
-0.118270797177
0.981605101496
0.629878261388
0.695795989681
-0.523697572214
-0.576161254008
-0.811610354693
-0.959831103083
-0.459865851043
0.334972537544
1.06068636658
1.27919385819
-0.711941802484
0.374360762314
0.573468515181
-0.0967893911568
0.364055199753
-1.18423531354
-0.955229411396
1.59793448158
1.01452947399
0.910587259554
-1.90423883661
-1.0566145305
0.674453552339
-0.0586021589752
1.45313134736
-0.795756466552
0.826135510208
-0.45054196152
0.719429934127
-0.242830603794
-0.308300934151
-1.34051171858
-2.00241972606
2.4739172451
-0.527031204274
-0.587353780666
-0.236328145438
-0.418620519381
-1.01650980352
-0.869478615605
0.00604412105593
-0.866729016269
1.49388965386
-0.0849085592235
-0.750176326925
-0.897211737706
-0.882990906113
-0.220561742623
-1.93399696625
-1.48319702604
-1.29171193196
-0.0601429991225
-1.12366903087
0.0430925674326
-1.73874358484
-0.438259426261
-1.14730097834
-0.485853015744
0.804575511691
-1.02930938865
0.61257793859
0.339898920449
1.56466047324
-0.105002320294
-0.0751976594741
-0.665216423487
1.03776966984
2.86734509782
1.73730362146
-0.478831409901
-1.76164338884
1.7977422826
-2.73067601212
-0.29443436859
-0.348312126197
-0.377409547117
1.31628775802
1.20206139992
-2.0924207549
-0.58228964807
0.880251660619
0.264268482847
0.0209380569377
-0.986826977742
0.408020631897
2.70376729511
-0.537431812661
-1.43486632461
-1.24086086822
0.756353969103
1.92462270531
-0.274461946635
-0.330311586638
-0.140474155388
-0.969821138617
-0.424309197992
0.479115602458
0.691569030458
-0.902994963772
-0.344776461258
-1.05694468656
0.544244856399
0.435339573728
0.299444091038
-0.0186263095064
0.548378633694
-0.664564439164
-0.172291835666
-0.502869560321
0.0518057880858
-0.277686688319
-0.70483582241
0.171719379324
-0.033895683035
0.478912843247
0.714261240347
-0.235231161975
-0.681009375135
-0.437994884626
1.49208394279
-0.735795667851
2.5271343532
0.0407479646562
-0.551540426402
1.45721084675
0.305535582854
0.207584881693
0.362059641596
-1.1292337772
-0.477118103865
0.608760065074
-0.699474643675
-0.94240262141
-1.72751900068
-1.81367676347
-0.354057194367
0.195192874429
0.972524387608
0.721539428104
-0.167948418837
-0.133407405518
0.15898695315
0.498542928462
-1.19354940721
-0.577479903899
1.60694813911
-0.548292229492
-0.280348261644
1.54373163098
-1.02763577734
-0.286452865155
0.269118645332
0.628077594415
-0.0279278191379
-1.28445259456
-0.233469872168
1.65107211894
0.955267862672
-0.208601269894
-0.758014391743
1.18972662462
-0.793416412899
-0.545728629961
-2.18213158904
-0.23174649735
-0.0237563370322
-0.245601152948
-2.08216719465
-0.026620972552
1.96748936814
0.590954178199
-0.586598493061
0.121188969107
-0.466751132672
2.39664326502
1.46420630461
1.50118378
1.33505492677
0.80850135144
-0.381732134356
1.30185576635
0.17472666428
-1.38363452433
0.940744815666
-0.60873918832
-0.613081116542
-0.181830229003
-0.828760115707
-0.271063893438
0.188854911416
-1.85563316467
-1.88278208273
-0.372918559048
-0.158537415385
0.900645056459
0.630411071383
-0.269443639123
0.355965903511
-0.366026873178
-0.747027971924
0.0128171249134
1.63465010655
0.289610504536
-0.190261330945
-1.06740928117
0.0768093961821
0.165886790337
-1.28152659184
0.400856138297
-1.08221476647
0.904779108511
0.338149714091
-0.956909882542
1.0612435622
-0.356796710381
-0.797163352141
-1.01642799969
-0.363259612834
-0.967784398718
0.959360729922
2.25875956567
-0.147160020617
-0.0699819895427
-1.83523808612
0.214706675301
0.557445774896
-1.17680647587
0.172052947193
1.236291469
1.46737689871
-1.27438082181
-1.20746929075
0.648306735609
-0.297455185263
-0.284054501537
0.724662569098
-0.0848594579986
Score: 1