3
44
10
3
-0.649446890492
-0.612785623374
-1.42232378395
-0.764543848715
-0.0402339047024
-0.628101722095
0.822682942008
-0.0702352555883
-0.953104035046
0.218310101797
0.935062845516
0.548260259771
0.306268135102
-0.153162268265
0.25124693173
-1.02624159915
-0.204345482183
0.386686649981
-0.729672689623
-0.164619289975
-1.42401970347
-0.158905958559
0.0640663287145
0.806947033462
-0.0908916683489
-1.88254891558
0.53964903242
-1.03196212427
1.16870453996
0.747965291754
1.49159226087
-2.48465743317
-0.980620039643
-0.693555063318
-0.291642459264
-1.27293176981
2.09357806579
-0.627360752414
-0.29574707052
1.76419637289
1.33409088354
-1.60555492459
-0.796250319448
0.693926101065
0.0356924386782
1.25702136284
-0.81522572658
-2.12867817162
0.266453942553
1.02011246438
1.16296213881
0.649700108748
0.00741948335352
1.12775476594
1.80970762596
-1.01293262984
-3.08889054646
-2.30565170938
-0.43589084717
-0.276176710536
-0.0336485075774
-0.507088651075
-1.07987064969
-1.0819203244
-0.825568766918
-0.639309998226
-1.65152283867
-0.0316424196047
0.189708844836
-0.4083969855
-1.57259529244
1.37690294362
1.53962561806
-0.545979890461
-0.376356105655
0.236499969106
-0.556222910482
-0.590809878534
0.234826329692
-0.444270266031
1.83693202155
-0.331591575876
-0.469082051485
0.236681758995
-1.03024671342
-0.725928273013
-0.730245238303
0.0575533671351
-0.238981972854
-0.735091503157
0.719336998304
-0.359658429717
0.896073118649
0.512906462627
0.579159187113
-0.765825133805
0.854422584237
-0.0339774478196
-2.20900770511
-0.945548725993
0.88914745217
-0.542052619921
-1.63427785573
-1.39017252497
1.55157091956
0.0530329755435
1.78903734202
0.52317467525
1.18273542527
-1.27316972348
0.264064556096
0.311704003598
1.33042183547
-0.412964083041
-0.0411100344743
-0.470174227669
0.912111669375
-0.891139156624
1.50477320108
-1.00420312212
-0.765115573382
-0.55469723058
-0.222944083019
0.619713530548
0.831914742127
-0.695686754019
2.0631495189
0.485465608986
-1.27289987749
0.540953192089
-0.125423584331
-0.337461210614
0.394179904298
-0.308666771192
-0.190027088357
-0.550207849708
-1.20787455765
0.625776368037
0.734460947785
1.32795626076
-0.682883736401
0.774299695513
-1.51088774045
0.790795730738
-0.49115199611
-1.01982737266
0.328992795872
0.966466913596
-0.200134769224
0.381753250516
-1.17994097652
0.79158359078
-1.76141012729
0.813372095605
-0.480760040572
1.66808975604
-1.09981129623
-0.313940059697
0.334987093646
1.65550081812
1.39480104879
0.122638241784
0.00602688693352
0.254458160364
-0.870488680651
-1.15848330566
-2.3050031184
0.187654238002
0.491794858153
1.13769702067
1.09207381264
0.986327146869
0.10969852704
-0.0925583558205
2.70401149364
-0.128035945171
0.159137161885
0.733427725412
2.21343172317
1.51267252311
0.125752304768
1.93792431836
-0.457046451427
0.0802531536126
-1.92142791406
1.29705946638
-0.247351300847
2.0906640331
-0.34586247476
0.600915350666
-1.54619550622
1.06958647629
-1.59174591318
-0.544511069408
1.45666911873
0.0262681883257
0.133457274465
-0.0028317221268
-1.10745217759
-0.604257318
-1.12290091221
-0.670085804702
0.827267242765
-1.63245838824
-0.835432456815
1.0258441529
0.475343273054
0.676686244483
-0.741159236364
0.342589050098
-0.99727995132
-2.04245103363
0.403013086862
0.541626659999
-0.0513364793279
-0.672274981808
-1.14721398464
-2.46055224113
0.495658051846
0.696731303159
-1.41679683066
-2.53991762797
-0.214070900485
1.64018128505
-0.39470215343
-1.20272510014
-0.28732273231
-1.00877392814
0.321513796171
-0.992639963066
-0.669258571346
-0.271256501679
-0.60536481827
0.651085150497
0.223962328271
-1.71685495946
1.32286744964
0.0814676781564
-1.02426812056
-0.140114767758
0.503604946725
-0.675090884268
-2.84055125505
0.580662472696
-0.0678996241675
0.129148307936
0.423068752458
0.483561528004
0.824894822719
-0.1050228182
-1.50598229573
-0.824395366563
0.65963753372
-1.13903536614
0.0801680358735
1.45623360286
0.853671680261
-0.335430859675
0.0578261512916
0.443726404242
-0.640724815972
0.0299994396981
0.880750083424
-0.142155108304
1.07768349518
-1.00041641605
-2.18022411913
-1.78794578962
-1.52831737199
-0.0566289941788
-0.522644665475
-0.228621868492
-0.0726075756384
-0.615840040241
0.268230327234
-0.36955033065
1.34821411809
-0.1174291593
-1.27731294994
1.66113604877
-0.427630316484
-0.270611907649
-2.04212605746
-1.113510866
0.471422949904
-0.305162085522
0.896218145042
0.0429443477232
0.621910744189
-0.947562366043
1.34410767097
0.924824114982
-1.37679959928
-0.665592107777
-0.941582173927
0.72987655449
-1.0183953124
-0.126759221518
0.476655922399
0.688565397546
-0.272684634483
0.0143484712488
0.112537183476
-1.28739452499
0.269335264057
-0.386951939652
0.260785430637
0.31815604163
-1.29319787234
1.44716274391
-0.992816565076
2.68645597594
-0.652984255922
-1.65791175125
0.380509088691
-0.352199548341
-0.282891431712
0.792387901712
-0.306685091386
0.887167348314
-0.283343751047
0.532764723434
-0.168283404215
0.592063076963
-0.251103196403
-0.562055319527
0.669755678212
2.12782162806
2.12370642937
1.17318244662
-0.512525102292
0.217552519235
0.265010034931
0.170917953501
-1.04691990869
-1.03321595173
0.502597995098
0.142333656239
0.797266724708
-0.587403570399
0.154680430382
-0.48497357049
-0.15597239163
1.98377352432
-1.09314174268
0.161250345346
-0.210076252766
1.1834629133
-1.35503653612
1.46257847832
0.266533210734
-0.894749405386
-1.25246899035
1.29146173247
-2.17385365574
0.540564275304
-0.591959397973
-0.146490535912
-0.38343629816
-1.72804450863
0.648201887759
-0.337796082623
-0.00433685619862
2.15451774187
-1.37836709839
-0.222867200391
-0.566527036903
0.995729642357
0.852585926338
-2.29565647368
1.19750031491
0.209367731755
-0.292240219631
-0.397942804763
0.515156963857
-1.56979439511
-0.424715709636
-0.861523918394
-0.130305676403
-0.398247572939
-0.668980483774
-1.77673821236
-0.679728848826
1.42512913753
0.564303187624
-0.794773829508
-1.19563632521
0.477177705171
-0.518086970602
0.346570667939
0.43415199527
-1.78000833915
0.204673210108
-0.426570839621
0.886711351252
1.36834201058
0.831144778968
1.94702983836
-0.459532203568
0.812877471072
-0.0790279621194
1.53431237657
0.857004997584
-1.00527081365
-0.815537796313
-0.44311662196
-1.15420769702
0.59770779038
-0.803778074348
-0.207773378335
-0.159822716491
0.610402043914
-1.64475025762
0.920758724343
0.174664687184
1.29382586921
0.0158334775809
1.01216652326
-0.875094025526
2.15237239023
-0.439172036741
-1.29238100096
1.22684042567
0.131709799413
-0.900583999018
0.995228376009
0.775895809164
0.0109571131604
-0.837005129651
1.21906447987
0.0268444376135
-1.84833025607
-0.420375244796
-0.0464769719945
-1.00991005344
0.195212460922
0.00158832089684
-0.105144163488
-1.1352726647
-0.0662517139811
0.957082416009
-0.00263785386102
-0.0304191975106
-0.0596339759566
-1.19525441617
0.0124021854368
-0.38072180593
-0.657500557435
1.20158487015
-0.215941889838
-2.28100123066
-1.46083437973
2.13056062201
-0.603229261291
0.965417736133
-2.5158580974
0.0768244938999
-1.04750118069
-0.058763936958
1.35989260402
-0.233886832424
0.462954682189
-0.826459185869
0.89817056914
1.77974700459
-1.3602799494
1.96292065223
-0.62203232895
0.324748684889
0.67585885863
-0.884971127895
0.613523273193
-1.4934018691
-1.11687803591
-0.0990316270944
-0.998255866746
-1.00201785253
1.1714054677
0.724866480295
0.0380514964537
0.863813180179
-0.466017835297
-0.989615767227
Score: 10