3
44
10
3
-0.585518269797
-0.662378408258
-1.41835164533
-0.699981852759
-0.0107862106799
-0.57320458365
0.879480002515
-0.0533858481053
-0.944804833105
0.153500696619
1.14278227896
0.591454753756
0.331945101283
-0.382251722722
0.201733246529
-0.951515934845
-0.275923881804
0.342864296343
-0.630193693072
-0.126671345687
-1.3348532293
-0.124254516087
0.041237480922
0.860026212662
-0.146413248268
-1.64078450742
0.602954668759
-1.15833563476
1.36116384638
0.731649708357
1.43825410993
-2.56446503607
-0.934278950187
-0.782464984431
-0.310399334359
-1.49040954014
1.89986759316
-0.657587939734
-0.216643429297
1.8635981702
1.40188192345
-1.38523117968
-0.653941202741
0.577040550962
0.0159072943802
1.28197758959
-0.866587303304
-2.13368970097
0.226155821193
1.07059051026
1.26670472102
0.546749750213
-0.178677141181
1.27169872053
1.80584289963
-0.937664908166
-2.94912251797
-2.18920836265
-0.495565345644
-0.287700909713
0.137332107629
-0.558204686398
-0.935318713692
-1.14423132479
-0.7849724244
-0.462614208491
-1.63482686048
0.0907347590018
0.172443513048
-0.569297446037
-1.45821472982
1.42756061871
1.39499382079
-0.582770774929
-0.644631911744
0.215253719605
-0.641653295117
-0.621111822347
0.183247969782
-0.556288173485
1.68406524956
-0.355945613069
-0.326668235449
0.401172916771
-1.08636276869
-0.601779756358
-0.59570554384
0.044841386262
-0.309385105926
-0.806469486826
0.787806792899
-0.584131826541
0.850329746726
0.538210158373
0.55278933743
-0.717668666864
0.951921535861
-0.138197420637
-2.32513750607
-1.09535163238
0.865097697125
-0.55982021457
-1.68525493884
-1.37677700521
1.54426138935
0.138097501687
1.79564272005
0.483829482882
1.29869652184
-1.13212831509
0.196797907203
0.435455193248
1.3248798612
-0.225512910477
0.0470730832973
-0.590062953342
0.932414997518
-0.802123990751
1.44440590654
-1.10430515092
-0.898358254694
-0.520084116512
-0.324990160638
0.524212675858
0.930230853514
-0.625844070438
2.16616121103
0.366179184916
-1.12232014605
0.47766273733
-0.112557995611
-0.469475963525
0.118198438168
-0.332978881321
-0.288961874089
-0.584289280771
-1.25033014154
0.58927899007
0.733960149111
1.30280048635
-0.736974531111
0.678003529131
-1.68147027264
0.701620633005
-0.447444057244
-1.00822196372
0.315817532689
0.800345719832
-0.159942916614
0.419071783698
-1.46410381326
0.698138901999
-1.91547025641
0.758528661874
-0.639766685951
1.83217502162
-1.26271662173
-0.323019875228
0.431786082313
1.72451470414
1.34751660591
0.108047312771
0.0332825619198
0.212314602947
-0.92845226539
-1.19509359285
-2.15208724527
0.16569797701
0.462074019871
1.3687519187
0.797138675698
1.20282030262
-0.0585595794103
0.0490433123755
2.70303436099
-0.225232648773
0.144288266553
0.652375940216
1.99655131279
1.45229694993
0.120849998698
1.93012533115
-0.571227015845
0.215684979331
-1.94382439165
1.23880509663
-0.230939637859
2.10123376706
-0.373835790589
0.615424102105
-1.50331158085
0.810060271392
-1.46549242187
-0.55735800816
1.38632258744
0.110742577842
0.130174391613
0.00957557429737
-1.09198006976
-0.502669078393
-1.18134224687
-0.684618719341
0.770602711787
-1.55254592385
-0.86270941179
0.729245349773
0.541800877916
0.662089928027
-1.03189988479
0.389452330277
-0.981794709478
-2.04570419951
0.436936405589
0.713345209386
-0.160242154977
-0.588168140116
-1.22215265068
-2.53251726629
0.639488664676
0.692569904611
-1.42507381524
-2.54058738758
-0.331046492904
1.63517082713
-0.361932353829
-1.19230819696
-0.181743334441
-1.11165722308
0.467620482892
-0.956138747099
-0.563618592052
-0.344298928225
-0.69301552622
0.63495019863
0.318745094002
-1.85761173468
1.01395990484
0.226480058508
-0.940260931854
-0.299191046207
0.472903022717
-0.589983752351
-2.99845246142
0.739453882171
-0.196646582046
0.241037353129
0.576854421023
0.438888653244
0.946221383971
-0.297740626946
-1.44382275878
-0.655794118955
0.683886649638
-0.982978837689
0.124408788915
1.4324091833
0.656438373403
-0.138364686895
0.00662151269686
0.532771423665
-0.841133522916
0.0295597530974
0.846122827543
-0.0985557733143
1.09198970485
-0.976043687629
-2.18994931568
-1.81121893813
-1.47752659457
-0.161071438386
-0.525075101357
-0.2498825075
-0.0552778088108
-0.60532514209
0.350576663715
-0.476087595873
1.14239510781
-0.143890672258
-1.56360146165
1.60799329069
-0.368828366643
-0.193550220706
-1.85014649098
-1.15308180225
0.494064752315
-0.385725033582
0.831817463137
-0.162313028227
0.512949686241
-0.746077010882
1.16221130692
0.975452055939
-1.28528992094
-0.612661108622
-0.860480739011
0.585788344082
-0.982839371135
-0.176944229494
0.423821833684
0.786198202257
-0.275372780391
-0.049258714383
-0.0622622544202
-1.32270118179
0.162431916634
-0.370587005326
0.123008465259
0.371059141213
-1.16908796909
1.15917506044
-0.907522981856
2.73187887196
-0.714874627724
-1.66310814249
0.206163012864
-0.0740913965706
-0.313437467178
0.784141055904
-0.321001822209
0.773584469591
-0.278555783854
0.401934294438
-0.173214490491
0.557290839084
-0.275856639492
-0.522426053134
0.599614135358
2.06556710964
2.15823914219
1.2643350298
-0.596449958404
0.14649501473
0.212250606729
0.384885436056
-1.15187497616
-1.04602192304
0.602009455401
0.222973271897
0.642468977094
-0.703062902122
0.256742932514
-0.327596382757
-0.271087349872
1.87152227006
-1.07241351318
0.158028307624
-0.259780738916
1.1985256712
-1.47696244176
1.42195556021
0.36518610535
-0.699987225118
-1.20785120633
1.2793415043
-2.05559159666
0.516883906461
-0.59207844759
-0.114068827528
-0.378573273247
-1.63259085508
0.628133667303
-0.167037849918
0.0205713571273
2.08267887647
-1.31054510766
-0.366685299102
-0.534173027559
1.02827581622
0.716437433408
-2.13991817345
1.13069839191
0.144224894968
-0.380471703754
-0.484215213508
0.448150543489
-1.42317876762
-0.404521676461
-0.827093718501
-0.172139311527
-0.35486669032
-0.731638917525
-1.76747617247
-0.703033492223
1.27955625364
0.431929520794
-0.789441407933
-1.2471996239
0.418535221564
-0.55150609608
0.361166560172
0.698058077863
-1.69818602794
0.173976760052
-0.409537218039
0.775079087998
1.44199792986
0.824329255776
2.01743203085
-0.3593117799
0.855769787097
0.0664836430542
1.70212849481
0.943316786583
-0.889287322373
-0.744201846401
-0.442513390444
-1.13153554789
0.810732794231
-0.73594411061
-0.316517832854
-0.0994860677514
0.512814302834
-1.53526209737
0.896775232911
0.236538613028
1.28541038729
-0.0544510909205
1.00820641934
-0.81331011634
2.10269815418
-0.594218590701
-1.31418990937
1.32767975394
0.154596627006
-0.894963634011
1.03635045999
1.01604927711
-0.00797119643624
-1.0005664983
1.24756627525
0.0226649337834
-1.80761474387
-0.482091565002
-0.0155708459204
-0.741598022047
0.194527928176
-0.0140055902309
-0.0736023524165
-1.0350910998
-0.274943091401
1.2062019961
0.0665999195716
-0.153645886673
-0.0691198350265
-1.30601137029
0.194026805217
-0.442242456908
-0.525445584049
1.2217432982
-0.183929904401
-2.28481713274
-1.28246301389
2.07784587421
-0.612643015996
0.971816350107
-2.46551536577
0.0309889990238
-0.942751416937
0.0541777447125
1.45098756758
-0.233873753593
0.476191542618
-0.935506281565
0.736692403892
1.7797861413
-1.36750426871
2.00637978476
-0.783087139113
0.444899912712
0.717450048175
-0.979048037053
0.580937811615
-1.47957195115
-1.00081286817
-0.0856015100044
-1.0134339405
-1.10577593969
1.36431731015
0.731894330006
-0.0578668910763
0.847930941722
-0.345997000847
-0.931987088798
Score: 21