3
44
10
3
-0.609029381764
-0.584574200012
-1.30369680946
-0.930423988098
-0.266696569663
-0.653568328318
0.803993065918
-0.136990376952
-0.924148878174
-0.0638902250293
1.13885047169
0.515510553319
0.342132887812
-0.380980886714
0.311001109219
-0.926079665727
-0.323136432856
0.356206925769
-0.648217961453
0.18517955445
-1.50695385863
0.000960042850207
-0.249118183011
0.507557052516
-0.263399386199
-2.03121467051
0.557709047042
-1.228613349
1.43664887691
0.780126347347
1.41783726554
-2.50817274439
-0.814115891907
-0.668971878888
-0.153995503838
-1.17465712104
2.0416110243
-0.694673758774
-0.425572065415
1.62771474192
1.57141899975
-1.44831342455
-1.00522483829
0.707646171917
-0.00815654246461
1.15465986306
-0.989594082853
-1.95427568486
0.283265275594
1.14867898823
1.2575145298
0.230191444582
-0.172672979013
1.34234021329
1.69548879138
-0.987739446912
-2.90118598934
-2.63437329025
-0.443140051155
-0.407632616004
-0.228655957456
-0.620065398122
-0.863411870559
-1.1727357245
-1.1101712592
-0.498623144716
-1.7873652521
-0.16577567199
0.221774491319
-0.539632160929
-1.47421679296
1.27643347926
1.36097771499
-0.61976643199
-0.402431086658
0.148437191679
-0.757452228594
-0.404365945425
0.0597011343504
-0.647800929946
1.77407872066
-0.280665896014
-0.665637973622
0.438444980569
-1.22332466702
-0.484529647244
-0.875775179393
-0.150050045579
-0.506613782612
-0.797287285074
0.71022760237
-0.50642251499
0.912569678144
0.373339316006
0.714527912583
-0.698582986064
0.932857878126
-0.0220501499765
-2.30000756037
-1.04323093899
1.05226331752
-0.348014710307
-1.7083605143
-1.41432675973
1.43750803249
-0.0526930997716
1.84598645463
0.439415855028
1.32963154953
-1.26715113409
0.155931998014
0.150290635681
1.42011113896
-0.383023621456
0.255213804858
-0.461987030524
1.03796636098
-0.53428740277
1.6323638743
-0.915704453979
-0.721651217865
-0.441480595285
-0.434870287923
0.3867373673
0.844992828524
-0.485997330457
2.311225285
0.521116350186
-1.34624906427
0.540169387019
-0.0904245956399
-0.65470549476
0.367344768521
-0.38616744024
-0.0428808854021
-0.68552190458
-1.39320659813
0.505587231525
1.10076435369
1.23352184835
-0.759445773607
0.555037166312
-1.61306039041
0.578157953015
-0.511125911883
-1.0710398478
0.46689007505
0.686772943594
-0.217592927708
0.30591340161
-1.46892524364
0.561987520178
-1.78225733357
0.755792190053
-0.382562751064
1.832830872
-1.30400728015
-0.323623882542
0.317213707212
1.66895722716
1.29974487816
0.364666685106
0.0532768680071
0.0654068426354
-0.838650290204
-1.15014862975
-2.10806219958
0.141813725585
0.587388908133
1.27267024374
0.604725112976
1.21454028367
-0.0492435227042
-0.0796536052043
2.58065266933
-0.377092330629
0.197269043579
0.761264801763
2.0512920585
1.54894919144
0.151076293519
1.99848826112
-0.269051131249
0.0398689855373
-2.24070823926
1.15599935901
-0.397852776639
1.96952053691
-0.380021421524
0.588786673233
-1.69414396277
0.711771029284
-1.68173796733
-0.553998699937
1.60981966669
-0.124941422775
-0.00332297568348
0.0485187630318
-1.14131481761
-0.311377204654
-1.17708647773
-0.902992647262
0.858991613239
-1.54608926914
-0.918603265116
0.965017598522
0.651254415595
0.633122091698
-0.821690804654
0.291711602744
-1.02765094609
-2.13343245989
0.433442783483
0.879957326477
-0.521559710684
-0.649794650756
-1.19737998204
-2.19078454662
0.593900110326
0.722969273252
-1.5881077534
-2.72506275378
-0.41418542697
1.49072341164
-0.293201368694
-1.14904874497
-0.100359645968
-0.910104393531
0.10689523795
-0.887505520049
-0.517620844646
-0.464981193968
-0.736770776274
0.546044192395
0.3309458447
-1.69030725629
1.40142552721
0.239735374052
-1.01141598648
-0.376926916422
0.370548004098
-0.596089668763
-2.93398186267
0.635838221873
-0.130522263894
0.332342997005
0.528073707452
0.23984386709
0.988283918209
-0.0390125649714
-1.3139137656
-0.765385438112
0.446493504647
-1.23070616308
0.00557129498156
1.58684039953
0.709194324858
-0.419380030239
0.139216085157
0.406225260064
-0.592971674811
0.0310322322911
1.4695297356
-0.060694916983
1.19933210404
-1.01212269841
-2.26303881785
-1.84717248289
-1.29318575892
0.0481244872777
-0.453821494397
-0.204735326026
-0.098953395805
-0.504285168335
0.180301010776
-0.488613349141
1.18816201972
0.00535769419282
-1.57743543834
1.85315590652
-0.361921027945
-0.405505266217
-2.21280094478
-0.957420966141
0.46807246643
-0.401534571817
1.06931989998
-0.0860612638778
0.694232049112
-0.997721413848
1.40700079066
0.94321741522
-1.395690481
-0.624904764817
-0.925063863954
0.389101901229
-1.03610310026
-0.273344526282
0.655023576609
0.925073234919
-0.14496744235
0.090683145358
0.14370805405
-1.53765361499
0.0621416593466
-0.213064631027
0.130537632101
0.551190833668
-1.24158577955
1.63561548063
-0.726930291654
2.52825610142
-0.571761974308
-1.58181256657
0.296043283481
-0.18183224414
-0.0826273456978
0.698024317111
-0.37257329204
0.905016835111
-0.244008180396
0.353086047865
-0.104164953271
0.503925312065
-0.341377163303
-0.302922727969
0.680251754826
1.8211881959
2.42240747448
0.999259612403
-0.214297224279
0.285046405101
0.256864416579
0.053435890285
-1.17588869301
-1.06658732507
0.453046447263
0.192466178086
0.825626523203
-0.513736460603
0.268210867935
-0.458292246257
-0.545189742337
1.81291872981
-1.03993911005
0.305841696664
-0.37304230062
1.16937322526
-1.29803442464
1.53598722269
0.1724344232
-0.842149443211
-1.38671202508
1.44764296657
-2.28286564556
0.457447309299
-0.396918955853
-0.419649966107
-0.364424963081
-1.38481113796
0.612979538075
-0.183750850097
-0.125432052176
1.97082464373
-1.39923889543
-0.193499697852
-0.350230462407
1.01338361623
0.92393149775
-2.36359223933
1.00248390798
0.0642725707997
-0.471816216106
-0.561162019158
0.559763824272
-1.57653111943
-0.466040528526
-0.839093046849
-0.221205221686
-0.300428520528
-0.725796154537
-1.75822060847
-0.706896163869
1.20064439977
0.297720062026
-0.54158372802
-1.24658600754
0.336361439649
-0.649341080155
0.187436068686
0.440302286841
-1.7529580609
0.152257134028
-0.345073241808
0.931384710001
1.11821540355
0.749779220462
1.89105178643
-0.499944639816
0.946684823655
0.277280933066
1.59427968591
0.894712244051
-0.821148967892
-0.773129274392
-0.420850555818
-1.16325129394
0.84343972012
-0.933578357783
-0.245425565739
-0.0899621579457
0.424561871454
-1.52361382168
0.902951703262
0.134793592809
1.04426870851
0.000523705970624
0.884440676587
-0.872198229019
2.19249833551
-0.379029554214
-1.19037514319
1.37471050778
0.405171598167
-0.988463533888
1.19968798978
0.702656452161
0.0746777919359
-0.61880407907
1.4289025668
-0.0808168129679
-1.77874974885
-0.210040874068
-0.11529633165
-0.719915099506
0.396826283904
-0.11559608141
0.328188951751
-1.10529956368
-0.245013990039
1.20371672106
0.194807605363
-0.179922483869
-0.11774954652
-1.23279716722
0.237288755607
-0.647737267096
-0.338233173619
1.31394340488
-0.281823254378
-2.11783856038
-1.14938699973
2.05838644456
-0.672690688563
0.969379632782
-2.58964406261
0.0404674944948
-0.756211546795
0.0986544437547
1.52872023482
0.105279363889
0.257137906962
-0.933881803819
0.81561196439
1.68446359475
-1.57155264785
1.95591203236
-0.693564933971
0.480671159099
0.484939378472
-0.891543072441
0.532292827968
-1.44330584392
-1.07366363377
0.0733415185287
-1.12265685447
-1.08094448065
1.12611864824
0.86643517753
-0.071662499619
0.866562578725
-0.209107754096
-0.868139441242
Score: 1