3
44
10
3
-0.778125197321
-0.606223526625
-1.45363122159
-0.711700344332
-1.39710826849
-0.688469199267
0.816796024474
0.775699022276
-0.446971227317
0.741196141542
0.317125829924
-0.095685858063
0.882501936325
-0.226778222061
-1.07947819515
1.44209932217
-1.08058252522
1.87829872152
-0.775809972965
-0.670685144949
-1.06745088087
-1.07392145545
0.347902476493
1.78837158943
0.301114213918
-0.00879186572487
1.41559756498
-0.8582742812
0.665567080696
1.32489210561
-0.359709206647
-0.0497142009489
0.809312670771
-0.85117297325
-1.45953240532
-0.469032126459
-0.642222065363
-0.310335653779
-0.339454578411
-0.679900546129
-2.16968714674
-0.0236416302635
-0.748576617083
-0.707055494161
-0.301873051483
1.28678402219
-0.918764119859
-0.182660783173
0.993534836562
0.241972726039
-0.466884077626
0.384631580873
-0.220409881045
-0.522492968404
0.443288697077
0.078134333397
1.6403547612
-0.0737647614277
-0.327724226834
-0.510345246926
-0.661476673676
-1.03618382287
-0.879209379281
-0.210974217485
0.308425394663
0.776321264194
-0.00242424834335
2.17062186659
1.91153726583
1.72008284544
0.378961407237
-0.196576433731
-0.172024827655
-1.620418073
0.98050222193
-1.28905761982
-0.709025581522
0.978808329493
0.189952946571
-1.14847090759
0.313405514068
0.357853614861
1.25944840015
0.809666703879
0.397396639648
-0.520757303888
-0.308523650989
0.0868326135629
-0.724032879631
-0.660438628711
0.866325485502
0.663414605897
1.36654093098
-0.109892430323
-0.972751275722
0.167783555325
0.393668813318
-0.765833419575
-0.791920316563
1.83343699653
-0.581293253534
0.781969135218
-1.36693206019
-0.277564643607
-0.442303832371
0.143470525272
-0.835679020338
0.792157820923
-0.687721824553
-1.13862620479
1.98396814547
0.118553037503
0.472357625647
1.00546240683
0.257755280841
0.316323033482
0.117349072763
-2.38961757132
0.247993187608
0.512514593814
-1.83645457594
1.0260076834
0.808098039319
0.23204007137
-1.5341738388
1.68275510098
-1.38742709663
1.71050695691
-0.870162850934
-1.26303845819
0.36462834279
-0.327091652756
-0.741546731255
0.528194690933
-0.430779137992
-0.166425282211
-0.164705229902
0.761900829678
-1.14000851716
-0.620425679858
0.440064532518
-0.218043153953
-0.28863381064
0.0332200932477
2.01590520464
0.446295431464
-1.06676024144
0.683032237629
-0.0125691171525
-1.14833068867
-0.734005578901
0.256400505424
-1.28464330979
1.21667172371
0.421343535111
-0.897688778074
-1.57630767891
-0.356487282036
0.25512501461
-0.904992928539
-1.97579474109
0.309781287157
-0.583575763762
-0.0125536872545
-0.709306490831
-0.432467986441
1.24686173268
0.233360033531
2.73312157635
1.33116993362
-0.265997940567
-1.63233580446
2.08119637084
-1.4517614258
0.903905259799
0.0731705729994
-0.012003423324
0.818877819757
2.47107217497
1.58638036003
0.167634110041
-0.163308083797
-0.928211135944
0.264877654246
-0.449365423852
-0.726287468799
-1.1785434435
-0.298714036678
-2.47357769586
-1.18518466133
1.13099407069
0.625420652668
-0.270099672218
-0.161479339516
-1.30421634929
1.17250475009
0.676335880561
-2.08108599337
-1.98233009172
-0.00512848939161
-0.270234314702
-1.2942860942
-0.570860163428
1.188012625
0.887859250292
-0.208793804964
1.2179508959
0.0327076745664
-0.307071360995
0.559191020422
0.302830556823
-0.477330372212
-0.0593607462257
1.38895180496
1.64496901695
-0.19855833779
-0.830037620368
-0.946853983798
0.664501339716
-0.0782736856873
0.298291984447
-0.0782583088339
0.740659220268
1.12321306036
-1.83476040244
0.313379918115
0.429028780586
-1.71415667653
0.428576055608
-2.25950633915
0.149332264816
-1.25561733674
-0.891459893317
-2.30970489466
-0.697827292088
0.295423592723
2.37103160854
0.373465394187
-0.602544075655
-1.82459716718
-0.41386488339
0.725060387214
-0.678708438209
-0.625719893672
-0.526741754899
1.03593063615
0.795414466448
-0.91369082652
0.392999059133
0.831978704378
-0.645577064991
0.485190981751
0.98035436223
0.799125393815
-0.864817639866
0.949284700058
-0.581071956481
-0.63649477334
1.07212788752
0.776812330285
-0.52487168043
0.0503026966462
0.582988735958
0.228697656245
0.674888269325
1.3897279932
1.33363351604
0.829165999879
-0.379034433391
0.15960565667
-0.365108831305
-0.98507464246
1.32259234729
-0.650023619947
-0.256863970668
-0.0782112118771
0.106058732095
0.111347080945
-0.58139000446
-0.21191990327
1.03797932864
1.83208526841
-0.181874864797
1.66086594387
-0.588366822476
0.517657541986
1.43719720865
-2.3246020437
-0.734147616299
-0.404973469223
0.0134185570617
1.06517591563
-0.299875950489
-0.229390604696
-0.099137777438
-0.530292402014
0.583378549722
-0.622002998418
0.0330732812795
1.48152625054
-1.46527409309
-0.688447859926
2.08381190683
2.20276078838
-1.01935349118
-0.0632434162121
0.895961534735
1.42448086745
0.142690667592
-0.0386637104136
0.204289926457
0.971441392795
0.573690274236
2.31182210564
-0.569693561987
1.33187877403
0.272557455684
-0.685183449476
2.16206332469
-0.0627853036118
-1.47247426931
-1.15250151597
-0.136177912771
-0.163743506285
-0.887466864398
-0.509451838334
-0.711339915649
-1.49235608854
-1.29619920228
0.322332818283
0.0252038507241
-1.42556774169
-0.747844641711
-0.367071410911
0.428004805805
-0.146229520248
-1.37403170666
0.831626709457
1.04054481497
-1.00892661382
0.408064105958
-1.17968391624
-0.0773147578509
0.943566475314
-1.24669179782
-0.599371603911
-1.39726874608
-1.09725390044
0.0504468964346
1.49467805244
0.012053481203
0.0258386868356
1.33514217155
0.721339254354
0.248023818097
0.75054796397
0.0102997874062
-0.281378862578
-0.406730306673
-1.41830938342
2.0538635278
-0.312748511223
-1.01283988307
-0.548975662358
0.0794590325922
-0.505657326135
-0.285419018134
1.49988042422
-0.145963395287
-1.52193812688
0.566484209873
2.23142454979
-1.77465931982
2.02840761338
1.59925816853
0.0916043998623
0.40286593513
-1.63331562946
-1.81245992415
-0.639486374071
-1.86018019434
0.910723093585
0.54045790577
0.444616110787
-0.661303936599
-0.544717919704
-1.27861772895
-1.30044850286
0.454702814377
1.47227116588
-0.510719845102
1.03080723709
-0.0680093300871
-1.16853832144
-0.24955537113
-1.16542993124
-0.110043981494
-0.937160479869
2.03158669224
0.730374205303
0.649727590797
-2.07071250633
0.76638008851
-0.282928693631
0.19874613519
0.649511060402
-0.0736739607933
0.37133597625
0.14567436438
-0.970186838737
-0.302172600063
-0.665488370349
0.993039013718
-1.36916482911
0.215240456892
0.0959191053137
1.06020181333
0.520047645662
-2.26184982246
-0.72855856979
0.172810322109
0.0646941589777
-0.435232714377
0.625802357554
-0.790922687855
-0.99783922812
0.669046411557
1.33792178934
0.314464821218
-1.84491826141
-0.263233124617
0.517144935625
-1.54052328976
0.65534061522
-1.17764592708
0.268130598712
0.0133473314637
-2.06090331576
-1.57370870659
-0.400820184657
-1.41296520942
0.863612299036
1.12201264564
-0.342474116906
-0.652393479718
0.856198870893
1.76884392773
0.0144392768569
-0.268043525373
1.09506612523
0.139381570505
2.25414697428
2.4000153903
-1.67203186493
0.924992742063
-1.54127524343
1.02900351252
0.989487147708
-0.18707891528
-0.135571253959
0.525271879442
0.498482531594
0.482634820388
0.0815012205308
-2.07890383572
2.11909720745
-0.238061076659
-0.423742588296
-0.467445995999
0.72431628119
-0.608482940323
-0.283984256483
0.138734280243
-0.0705909350076
-1.76490499681
1.86191055529
-1.60159466629
1.08704240065
0.104764947015
0.443488131093
0.289612431562
-0.629682856191
-0.766532101712
Score: 13