3
44
10
3
0.244093999629
0.545280202951
-1.13221932159
-0.0511517786793
0.298694219885
-0.0398089858365
0.812964216101
0.074949785811
0.510051250311
-0.429823923293
0.0267385851152
-0.595639774986
-0.500835181234
1.7329381352
1.46616404875
-0.474286267111
0.747465960761
-2.93235203868
-0.695758527605
-0.602236056529
0.47719230901
0.0609701180742
0.52343846952
-0.913194866817
0.28238858676
-1.05450821939
-0.294960811788
-0.0425827988843
-0.502061157565
-0.425185690192
0.595230063337
-1.87018327614
-0.761708636497
-1.11374155672
0.178292492355
0.763873021915
0.940753292703
-1.45438525501
0.508139109317
0.430354665249
0.368287441556
0.732212554443
-0.162099008285
-1.09387087565
1.99512314562
0.402176582399
0.486048335776
0.970800531474
1.00184005761
-0.362032954773
0.93809540793
-1.07221577945
0.77160203948
2.12596010228
0.72387550647
0.474810334767
-0.585111861155
-1.9816344097
1.68699737639
0.571009680816
-0.267888001129
0.699433839544
0.255865304327
0.130859184614
-1.70365221599
0.799639569009
0.678385414924
-0.948055882802
-0.971425144636
0.476341881539
-0.652523532463
-0.579374335701
-0.776379307371
-0.0857726125938
1.1160716999
0.590148291544
0.612175517164
0.11240338255
2.07465650281
-1.10364492423
0.714332995672
-0.481500111779
-0.879034956372
-1.53477840917
1.82110115115
-0.582817980967
0.143787406693
-0.0411388534959
0.958908772212
0.306299076752
0.520451624732
0.205393883345
1.14168142358
-0.441020035086
0.464273470465
-1.09445626032
0.757617175303
-0.838593347233
-0.379191401183
-1.00835340179
0.604134331422
0.745717016205
0.569168054203
0.649705284495
0.196932285966
0.243700911246
-1.01224618637
-0.0664707182545
-0.24884059566
-0.757967432946
0.13741920667
-0.25150525088
0.168895496181
1.01259119261
-0.0547484784642
1.61417501104
-0.519383468138
0.336701700455
0.0738443715657
-0.287122063411
0.155246503406
-0.196896522345
1.4365340807
-0.223994378985
0.602423856336
1.51336478458
-0.350274905229
-1.52673390912
0.248203998157
-0.710974337236
-0.836030039895
1.02293713026
-0.644489303958
-0.580949334445
-1.37151458914
1.46631098049
0.661243537421
0.620602522452
-1.09785866089
-1.71793306381
-1.01468005993
-1.37128163487
-0.509982837057
-0.620140585298
-0.892890932929
0.652006934058
0.0535067678242
0.626643784022
-1.39276251814
-0.736565472783
0.526353312046
1.60060866489
1.20359331297
0.782925378715
2.16184313952
1.0193416768
-0.198808422503
0.394952132949
0.378555482709
0.580668235117
1.10242081993
0.151568520987
2.08208136097
-1.48654933652
1.54161181343
-0.122514665766
-0.325917970259
-0.159021849841
-0.403201126147
-1.34834608416
-0.877870338369
-1.61856199189
0.0732289262944
-1.16598703687
0.379949172115
0.0590190683328
-0.396256300529
0.896619770198
0.398197938673
0.624322255408
-0.409621934991
0.232344792281
0.695296893709
2.7554453312
-1.86887478994
0.976930253187
-0.704971109091
0.504901585142
-0.890970399048
0.12392574258
-0.97630548984
-1.08266650654
-1.59691538017
0.820028166
-0.499057757991
0.508751965238
-0.244970668648
0.584798535239
-1.98536831139
-0.525551724281
-0.885403946901
-0.120134215353
-0.691960802372
1.5155491924
1.31098809102
-0.699300328299
0.908219664602
0.056969221926
0.806905853017
1.20683064978
-0.886175473436
-0.468429551802
0.178326111043
-0.20867021417
-0.474187119578
0.12164060535
2.66290980974
0.294221347515
-0.978907543194
0.457286668804
-1.01275763496
-0.455289320987
-0.467450510286
0.588850434162
0.0900508337457
1.5497872692
0.859223369721
0.238416003575
-1.61315853971
-0.353419427608
0.326661652643
0.633144441348
-0.902782878842
-1.23459789235
0.230465919373
1.20312514507
-1.52607973928
-0.787253803347
1.10047147301
0.527002457226
-0.092479840407
-0.0662501474157
0.719810909963
0.806728460562
0.316899007215
0.148674395018
0.599499374756
0.103669682476
0.320604909036
1.1582673554
-0.728272431856
-0.772708706272
1.24080689639
0.953947030581
0.0564267893338
-0.0209623940011
2.22135020587
-2.64772530174
0.521486788613
2.07857438734
-0.362354266518
0.304492062628
-0.381889072545
1.21165638617
0.967208212639
-0.523588226046
0.317391038239
-1.10744089413
-1.36440117574
0.290900092262
0.214022274322
-1.91514545094
1.02682625016
0.0461577241039
1.14689691364
0.680593795929
1.00589675564
-0.0175910159745
-0.344308360363
-0.849363900613
-0.162186225761
-1.48380138214
0.446110836888
0.223164449964
1.3770172493
0.105414679483
0.145862863784
0.127868941682
-1.0742569299
-0.1746276504
-0.139276851932
0.228102456443
0.0344248983735
1.05831535656
0.14710978879
0.3330513744
0.366891551554
-0.379198992259
0.892749843782
-0.674956388194
-0.311085730398
1.43088864824
-0.321790709374
1.03086462755
0.418266531288
1.37826001146
0.274305449784
-0.0413719595937
-0.555995069839
0.368869384902
-0.304387123695
0.670692374202
0.0721619246806
0.784442267267
-1.05325513535
-0.957437013307
-0.842718785886
0.208357755156
0.823184570691
-0.397396722101
-1.38189583987
-0.352253993842
-0.631438728767
-1.15296020232
-1.66870252414
1.19715886811
-0.123866711771
0.660976302891
1.52107878317
1.08104474626
-0.474195034254
1.90888537413
-1.52108167245
-1.06783792281
1.17968708459
-1.92228865392
1.00087959765
-0.0332540105133
0.770464448183
0.119238973201
0.260645580783
-0.94971862663
-0.568739703483
-1.97865063252
1.06959221634
-0.430656775131
-0.456272837531
0.92284624735
-0.076778255556
-0.0402966916929
-0.185963705984
-0.441104747241
-0.962050294728
1.3107308514
-1.01486203385
0.297378691775
-1.22983258411
-0.363007908623
-0.565317750378
0.204344567613
0.983608398615
0.60916229519
-0.688320595612
0.869908241757
-1.82131315975
-0.604349172812
-0.447036236445
0.0296702717012
-0.746139722479
0.413535389959
-0.846630017301
-2.62862450963
-1.88972073994
-0.357695175106
-1.10757168152
-1.45928243373
0.592604129207
0.699468448654
0.494020829227
0.196664299473
-0.849351500182
1.35506517244
-1.25495685959
0.451796643803
-0.796913718668
0.920768856431
-0.0738900620232
1.47716689628
-0.792146527268
0.504588465574
0.0954737834704
0.556936292251
0.460519340562
0.0366978163958
0.90862019967
-0.813818602661
1.39823166724
1.61930024278
-0.890983147998
0.777891333848
0.00533902410587
0.382848174495
0.0389456197522
0.118028607009
-1.42689195795
-0.485686833315
-0.438755959911
0.995468969442
-0.633390696778
-0.0588805871988
1.03346835869
-1.60183136311
0.777705871925
0.329662456465
1.83337476828
0.256808158597
-0.521922272504
1.49880449641
0.58410027097
0.50061353357
-0.571793168308
-0.923460122001
1.09591257022
0.237202528546
-0.735320906192
-0.738948460156
-0.478569395015
0.219751010802
-2.14754369164
0.28850297233
0.678204798319
1.48830977686
-0.765344745286
-0.10257533532
0.628157465326
-0.331181987285
-1.25414419695
-0.428200720723
-0.684028106328
0.375002624664
-0.409447993631
-0.54266803611
1.28948797329
0.405554569015
-1.10610308888
-0.133800362935
0.125967205329
-0.769484230055
-0.52598393623
-1.20813586561
-1.35530149138
-0.753428009192
0.906597387739
-0.259642253744
1.70213917747
0.156434145322
-0.571549594196
0.593549847621
0.712554723274
0.0326373255808
0.830618841627
-1.00752313746
1.89688171145
-0.210702821911
0.134000203831
-0.915469530833
0.189845002913
0.994398886004
-1.58833839361
-1.28544976874
-0.209829076266
0.450148503144
0.852403054129
1.23390340835
0.682968280586
-0.80717761725
0.505584200748
-0.232757445293
-0.309118459056
0.137116021664
0.875012281678
-1.38311950024
2.07877871626
Score: 13