3
44
10
3
0.296176070155
-0.909321597685
0.626965070221
0.473116522026
-1.07709101938
-1.00171752226
0.440303126501
-1.25994114008
-0.960891071362
-1.29687605209
0.382362657555
-0.207998494959
0.158186281152
0.623216005014
-0.613988616861
0.617212284035
0.500844137483
1.26798545057
0.930172066352
-0.625320075188
-1.57289078454
2.04608295655
-0.708497724275
-0.21961615239
-0.428443072085
-0.322933359486
-0.860521668538
2.19834929971
1.29379864119
-1.2221656798
-0.414904630793
-0.185137452965
-1.42066251055
0.576138390546
0.734989649246
1.61190813598
0.429386243547
-0.653730254281
-0.657488743453
-0.868099060115
-1.22069364127
-0.0353568298438
-0.558687862051
0.844871219427
0.476447214648
0.593836303244
-0.288256085986
-0.873090969454
0.0614329518266
-0.154297335688
-0.500811813618
-1.53729076466
0.16870270158
-1.61221496953
-0.514645246355
0.235204248502
1.2898327129
1.86688036802
-1.70055628581
-0.882835761297
-1.06397752576
0.0792595174566
-1.68054706787
0.429470313939
0.337312210837
0.32139148793
0.179972311685
-1.85889099549
0.131985462623
1.05296642545
0.837356856672
-2.59791914702
-0.633796479128
0.0866341786656
1.01384319968
-0.256436086515
-0.32286934303
1.91904041649
-0.110173341445
-0.0838045756424
0.306934743865
-0.53980502626
1.30596646239
-0.200467513941
-0.923870305485
1.32494604725
-1.39828250446
1.03707523365
0.553764846121
0.605162854897
0.142288888668
-0.316164619995
0.241877252573
0.289162828304
2.75670244091
0.579193228579
-0.955563129183
-1.51852409666
-0.571680705686
0.428059310081
-0.0195512947035
1.73136140935
0.301328676545
-0.716186578667
-0.556786503985
0.620769678021
2.11088526217
1.61359821671
-1.30232553996
0.466078992278
-1.26649635838
-0.125851028244
0.119721500497
0.097229573416
-0.315186141108
1.27045041939
2.80279013357
-0.936141595268
0.112189468961
0.100895062924
1.30479538593
-0.293029995529
-1.71538838044
-0.803446346129
-0.963765436884
0.869197864481
-0.879520381966
-0.298974240988
0.0456364564062
-0.927772318193
1.72725519142
0.907289830566
-0.921700103818
-0.821714773991
0.138230468705
-0.409056993749
-0.00776719188792
-0.834671275037
-0.858826144212
1.20024623287
0.832803498732
-0.63506436879
0.827314293262
-3.4355719269
-0.600325902575
0.104372165881
-1.78176003274
0.492932749195
1.64814840957
0.0240899092562
1.32831225981
1.35471348337
-0.953477187588
0.961056396335
-0.368881624995
0.44311665511
1.63237376538
-0.777738709679
-0.748104272142
-0.676489760585
0.215553516562
-0.527492519198
0.793527020309
-0.67355700562
-0.67392524013
1.19984277359
0.372363087921
-1.98179781364
0.367004998588
0.951673931569
-0.774051405573
-1.03212474827
-0.661772313216
-0.251668316246
0.774156467334
1.43188238689
2.97899498475
0.271529118722
-0.794625511945
-0.828034763181
1.41893628146
0.750312087139
-1.31934750605
1.95658829287
-1.19326474445
-0.898722286366
1.01806295428
0.9846445156
-0.343532740508
-0.693404742512
-0.415464744393
0.336658259597
0.648850430683
1.0679688866
0.743930179945
0.468943864487
-0.0914023296829
1.22407305576
1.8166751711
0.00542828308799
-0.715114252297
0.0404398340367
0.836671354624
-1.32138058435
-0.989692332982
0.410728460655
1.33701200905
-0.0255400894016
0.825561717681
-0.304692035935
1.59430232057
0.547949820128
1.19177995562
0.773374867265
-0.226342668438
-0.687195104531
0.926648489466
-0.613434892239
-0.835591618195
-0.557255525635
1.06788360918
-1.15921130994
-0.00992794249752
0.189807918877
0.246465738929
0.943864323386
-0.592522759225
-0.358708666823
-0.161821117895
-0.620183729173
-0.0935291747677
0.391721392597
0.505296143412
1.12230092357
0.815892171359
0.749752189406
0.374038123854
0.431769208899
1.54266354948
-1.72398032855
-0.997332146455
0.909458707539
-1.46103954973
0.86837019247
1.55081403879
-0.370788223826
0.331159420891
2.02009320939
0.132119932739
0.0573428867261
-0.354796868878
-0.596706886698
-1.86830816657
-0.800919223706
-0.0640371102214
0.304592035499
1.12954334233
1.03028212178
1.53581278172
0.670000215413
0.578284904729
-1.97327603928
-0.721093876055
0.443730313083
1.12677920995
0.298739337626
-0.431819339303
-1.80646339609
-0.964476258578
-0.118578843418
1.12481168307
-0.293040836746
-0.513135276322
0.550595433958
1.14998940689
1.39964195326
1.16381484299
-2.44850292646
0.652677910416
-0.324358474032
0.510245792893
-1.09130268734
1.32628651472
-0.386003432378
-0.0265303216123
-1.62511399394
-0.965956482019
0.972849906005
-0.323583485263
1.63431004554
0.0209279770339
-1.17815577
-0.46570025545
0.649350722413
0.743302431414
-1.06160721172
0.77610932144
0.247700635615
-2.48010111527
0.32276555826
0.401863562209
-0.219069736649
0.940462761645
-0.664617674634
-0.763149736126
-0.337053847853
-1.33204960306
-0.692553258912
1.0132162066
0.0892609843991
0.378670315658
-1.6697610714
0.885884825553
-0.227649215253
0.427747164823
0.518908331881
0.108834560017
-0.218414174258
0.936700066622
1.85596117452
-1.26295676715
-0.627087823472
-0.477777431789
-1.54526485761
-1.07459133983
-0.191830325608
0.352502970576
-0.111357057096
0.101499283812
-0.718564939399
-0.393067511985
-1.94453278618
0.166168628983
-1.11051582872
-0.639059398726
-1.33667408813
1.89739926171
-0.90304100912
-1.11547770788
-0.662988209354
-0.356466778143
0.793239161181
0.0731850789301
-0.0742078058939
1.376465044
-1.66681219291
0.305661255556
0.57105966942
-1.38945116108
0.568278253439
0.26777902018
-0.0371888738601
0.270508288233
2.46949613678
0.396132903856
-0.835340873434
1.58209832481
-0.21805027438
1.55349112814
-0.650442173901
0.552950662998
-1.74538432726
0.330254065208
-1.53298827261
-1.60327925123
0.155531538443
1.99530640426
0.173534713743
0.559023855073
-0.113169114676
0.812169815889
-0.452621831361
-0.190901340032
1.79795834825
0.728410078833
-1.11242541368
-0.132640397664
-0.112283013765
-1.22089984411
1.01567823092
-0.868334757555
1.47829265826
-0.239550640688
-0.643517314398
0.171157477428
-0.419775122809
0.175065831403
2.1662366265
0.646592783924
-1.10041412534
0.910705701219
-0.483973295634
-0.497634133227
-0.557387577391
1.6357371114
0.94505464162
0.756682599164
0.261561635257
-0.414334867328
-0.69458978614
-0.807139349158
-1.34288084031
0.354323056093
0.930048928867
0.146026832052
-1.1456923761
-0.241837147699
1.91301380106
-0.565167348428
-0.850987882095
0.275850448484
-1.64775969728
1.20967837909
1.24901025638
1.12082143131
0.494319920989
0.591799707728
0.910078672063
2.66517104196
0.477589344914
-0.601416290663
1.47406363989
0.641854318035
-0.197192621492
-2.20040182164
0.585347908746
0.373641043393
-1.4466296699
0.803970354088
0.0571051254717
-0.859761099382
0.875121718155
-0.360340811176
-0.395850774387
0.531676905346
0.120564922051
0.0282792457105
-0.519622294858
0.312030932436
-0.0669457200002
-0.824079177255
-0.757904059577
-0.0802828066453
0.314379733593
-1.31032754004
1.13275778933
0.554510224542
-0.652524781446
-1.06615605483
0.679280249079
-0.630004926763
-0.463435036283
-1.42629267769
0.106855743989
0.683386380902
-0.608416741802
0.351614358022
-0.384583283795
0.322470077099
-0.689750729287
0.134948181181
-0.195968800682
1.31399994418
-0.266529773939
0.0920045464694
-0.829384598803
-1.18424423053
1.34507311861
-0.0173936607717
0.144745984179
0.370420823966
-0.134645355255
0.502334774158
-2.32613271726
1.17634771171
0.445564648443
0.624625484186
1.01035849715
-0.0555193625216
-1.15230416772
-1.12101650295
-0.706377453548
0.268108789766
Score: 1