3
44
10
3
0.445755545072
0.148604737749
-0.701746838168
0.307814626622
0.29064455831
1.09542404019
1.13209536011
-1.33483973818
0.735781855408
0.143998552825
0.358057534464
-0.0493795634636
-0.779242328716
-0.224320823235
-0.794922568655
2.75817047204
1.0534345177
-2.17760719378
-1.79351556262
-0.630313767597
2.26287075316
0.788283717491
0.294367217111
-0.334299834759
-0.33569256779
1.2343924447
-0.992765014238
1.58708121574
-0.702780427531
0.544997462376
-2.02663010449
-1.84618408176
1.02219009472
0.71181805891
-0.712116505816
0.565201790271
0.56125450836
-0.370162959823
0.847027193086
1.15644811811
-0.690458028045
-1.2632825299
-0.0699888091145
-1.33038607137
1.27675185302
-1.62433377171
-0.147805889407
0.337995046025
1.94892451744
2.02786837484
-0.167161249012
0.659424713272
1.23708329969
-0.662832147645
0.122870863409
3.11996447732
-0.902053815472
-0.265204696047
-0.676094635919
-0.712121106034
-0.855042817054
-0.251033488832
0.363997256005
-0.359300439989
-1.27642515192
0.418645460721
1.52025286734
1.13536046866
-1.45860778361
0.618527785187
0.948695913914
-2.49231805268
0.78178621396
0.772355341302
-0.576063487887
-0.61604549087
0.230848373818
1.47375855889
0.745577371332
-1.23430040056
0.15463609958
-1.73881020742
0.0055522966981
-0.403759663966
0.581731953344
0.946957459877
-0.928955736294
0.615533277006
1.51724234744
1.27547556437
-0.408939207803
2.03504338653
0.287857707282
-0.416701270312
-0.956482982334
-0.732263305814
0.105898083994
0.253198760626
0.142127776126
0.541485779725
0.945734787619
-1.00252275272
-0.543435244412
-0.289825290845
-0.197925229894
1.93134700734
0.00286928479633
1.28965121898
-0.195110513851
0.116303429247
0.830014673405
-0.0834981681366
-0.284663475238
1.76730291445
0.573860378317
-0.509344769379
-0.984944245594
0.658763387475
1.3099053884
-2.09901648243
-2.34202375812
0.757829311159
0.657071311288
-0.502886441756
0.386836526991
-0.19708916043
-0.145933380714
-1.28224267507
1.97846674765
1.16461420914
0.289834217582
-0.160403343981
0.306230762526
0.82486825018
-1.74139708743
0.475931422922
1.42325926304
1.01062044291
0.786915677947
0.433809358383
0.683781936725
0.938786333019
0.519823982205
-0.333187090368
0.47938366388
-0.723712845975
-0.56814292489
1.29230944399
0.866436303889
0.827773280383
0.852382670847
0.977313389126
-0.448506102591
1.03679943453
-0.580611277473
-1.39610728535
1.57174632654
-1.4119367632
-0.707146364032
-0.797153214347
0.289389392392
-0.495820689711
-1.09193282678
-0.921612050839
0.0171682818715
0.369006691306
0.975366804253
1.48552476989
-0.28950962619
-0.98572223418
-0.72812063879
0.501428874452
0.600983431049
-0.0482154988315
-0.544420460922
1.53888682387
0.0436664211844
0.777741969019
-0.518706583794
-0.177921039395
0.710094473736
-0.148555650485
-0.586141933177
1.56896706923
0.0601304788784
-0.246584952866
-0.669659331948
0.320220104627
1.66554136032
-1.55644397707
-0.833407203017
-0.228894860887
1.36829479107
0.139132472714
-0.503391910142
-0.899992407415
0.765045017628
-0.844756475911
1.01212899366
1.16830170214
0.642473071409
-1.01695886435
-0.616572283408
-0.758583259709
0.358881582725
0.492363124366
1.13483502967
-0.0224908244264
0.126552217072
-1.87243494678
1.47942615249
0.566901326733
0.348870185949
0.0639412133968
-0.520876737157
1.54289018797
-1.61653483655
0.527395306517
0.824161427483
-1.55599715855
-1.0174934581
1.24599104074
0.831337907769
1.07758269526
0.162036107788
-1.41514691324
-0.381173929487
1.186704674
-0.446800093096
-0.794954695371
0.67814237907
0.253777112607
-1.52372552837
-0.71109473518
-0.821012860368
0.0834174121346
-1.43113272109
-1.13520816745
0.785274829581
-0.0879480995886
0.735439606467
-1.75846786399
-0.140593687345
-1.21378647142
1.92572144963
0.546687236496
0.308917986752
0.19124947879
-2.67025741482
0.265028444602
0.166603978689
0.904083601851
-0.017408067583
0.374729321087
2.40575476731
1.35858896045
2.09600650744
1.43288284876
-0.145981191237
1.05337390598
0.798046685871
-0.719665781158
-1.592098788
0.265934493264
1.03741126049
0.101169424446
0.615319914298
-0.398793624265
-0.0279708858131
-1.27952077995
1.1652451644
0.473837130922
1.23733131532
0.477822159743
-0.0217131204517
-0.284348410692
-0.104446860178
2.24922846163
-0.239596578044
-0.446338853608
-1.98316522854
0.0398283242383
0.133810972719
1.28109237167
1.17960656223
-0.817644551095
-0.410129859461
-1.3935412814
0.591096532221
0.636826124874
-2.09715045902
1.23766581537
-1.04862276204
1.16366655611
-0.507169118072
0.934682404097
1.21994378479
0.340185737331
0.293600897962
1.31110519248
-0.659840242346
-3.70541584391
-0.312697134108
0.225095580948
-0.20589210428
2.37719489002
-0.02901002022
-0.56443810327
-0.683161824941
-0.450532754265
-1.19481480183
0.263428727632
0.217025900396
-0.926857341311
0.342966458086
-0.437253529969
1.35540939323
-0.566321714386
-0.186437498217
-0.508019082008
-2.2418737651
-0.723008361605
1.0157356218
0.513660987243
1.17907818851
-0.00761196083156
-0.613494276482
-1.03378380316
-2.16091660957
-0.298299298057
1.33984802156
-1.23473143016
1.02361278554
-0.933856864943
-0.379402398437
0.972003865365
-1.29397357906
0.581168923478
0.433253416035
0.402127715307
1.28159870724
-0.198407755782
-0.234749441222
-0.421191638135
0.72757575154
0.415740353367
-0.657586175745
-1.21251967976
0.525001240827
-0.0282496864132
0.09312333688
1.36549832143
-0.296128056908
1.01169778126
1.34124342194
-1.57310492813
0.366947323229
-0.499047157733
-2.3250989764
-1.20674055631
-0.514040720436
1.17798490984
-1.70109910354
-0.0849037065092
0.65608960005
0.166650297054
-1.4453792754
0.657641493919
-0.889256730061
1.65289350631
-0.147698658079
-1.14348652766
-0.784922149276
-1.68321100318
-0.92078815953
1.09493444994
-0.843687402329
-2.15870154656
1.12925177658
0.122305302505
-0.995380949073
0.303904073284
0.180157515506
1.49236172545
-0.641520013868
0.546077384851
-1.34404443488
-2.18332551717
2.19515692738
-0.362985250961
2.11389466396
0.6097854799
-1.78841048371
0.0949891557785
0.0685364068259
1.28149192367
-0.17850895138
-1.83453496866
0.788376720389
-0.111501613472
-0.468420769683
0.106306574072
0.343358642342
-0.504127100821
-0.698020058164
0.537993968984
2.02328709151
0.736991841264
-0.608262960572
0.460465904417
0.266162877469
-1.24323250262
-0.926732084935
1.18855263673
-0.254094218137
0.193056181976
1.32456264724
-1.0026298354
0.928211715703
-1.48528864536
0.591777075417
0.131344328406
1.83188437584
-0.470537022738
0.12914152607
-0.551434533272
-1.33685108514
-1.3655558924
0.00700573346851
1.58479299927
-0.86296258057
-0.447449488951
-0.253248681957
-0.214284695946
0.411547482891
-0.619655171887
-0.0539205485775
-0.781050666604
1.66339242427
-0.833154881036
-0.503980106753
-0.72121575645
2.4571141143
1.13243290438
-1.21573561382
-0.330800835446
-0.652844087339
0.760368466693
-2.04471104494
-0.467429235146
0.0041533585791
0.228805818358
-0.684961870819
-0.0341701105283
0.588307156108
-2.04228962921
0.915553986253
-1.20308378828
-0.208254864493
0.42541865988
1.00300005658
-1.20886597701
-0.999334357877
0.340884867515
-0.135522473147
1.76690372202
0.38047541801
-0.685372865879
-0.877583643805
-2.18051568687
-0.484725128596
-0.662584955577
-1.3593877603
-0.587823965833
0.861222426645
0.552421864263
1.62624581265
-1.23511541229
1.6738108905
-0.153680595518
1.89730870811
1.11872836112
0.624160177711
Score: 10