3
44
10
3
0.244707963832
1.50523752154
-0.421142150201
-0.960440236791
-0.317933164388
-1.72693636974
-0.059109087624
0.257641399675
1.40737443733
1.4144039932
-0.562702309822
0.760116840269
-0.217322672918
-0.826766711208
-1.99985571201
-0.100928557427
-0.183333987157
-0.0317756360242
-1.06296101844
0.502854947792
-0.20002442996
0.704146979515
0.400401356846
-1.19773698562
0.532534092541
-0.356262089469
0.309795180242
1.52898548121
1.14968227921
0.992379858547
-1.80974699743
0.357993516273
-0.578982978351
-1.93685587676
1.41599264317
-0.344844590512
0.130421088246
0.530687445833
-1.23732585948
-2.2524188479
-0.634554167629
-1.5800169649
0.0662244679588
0.202436756969
-1.13861139429
0.404941597083
-0.894214796911
-0.835080386576
2.6115743121
-0.612393930797
0.514189464724
0.216825222261
0.115952272285
1.01892352075
-0.964757793069
-0.081190903944
1.08404651003
-0.104282478021
1.53477341785
0.582193569993
0.581964678038
-0.876852193386
0.639388500072
-1.42801703625
1.5475583514
0.223853743033
-0.0706415771165
-0.725538786229
0.299826730339
-0.514845331257
1.20256218153
-1.43787908701
-1.62102908686
-1.29040779403
-0.491189984457
2.14156735072
-0.541955488901
0.0027584206966
0.196762200256
-0.175432754841
-0.703550536334
-0.508004052598
0.985378497459
-0.0868645563254
0.000436647077908
0.398322142213
-1.05848673389
0.865648891698
-1.32395793269
-1.66611788441
0.000129524719789
-0.753236277231
0.220123306216
2.21485549802
0.17626339294
-0.571880724334
0.338101526325
1.59718212542
-0.0620883405273
-0.474684980246
-0.423753831006
1.30794141739
-0.448795151325
-0.967625171288
-0.960622937311
-0.0381677969389
-0.107340434342
-0.332354994968
0.825919180173
1.36812879142
-1.26702235042
-2.71974795926
0.413993483807
-0.813328455582
1.68905047729
0.671039220007
-1.13304419496
-0.894832315387
0.919207357997
0.0234521457261
0.559202927241
-1.0926452927
-1.56762801973
1.17794351896
0.471539712985
-0.121867550181
0.875264726884
-0.546961832162
-0.894466773784
1.48191665009
1.39218443967
-1.14415352374
1.6864539414
-1.03604626105
-0.481929793818
1.29709132168
1.33112762608
-0.356686013156
-1.6011343706
1.4751817909
-0.694910108973
-0.157911950496
0.945180644988
-0.448707497241
-1.2394659069
-0.664599084533
0.753089336183
-1.97303125494
0.731369161456
1.38474858665
0.589033501813
-0.523923755486
-0.751581485707
2.56081232495
-0.168181043111
1.13007609197
-1.58230470431
-2.42190380306
-1.18370942582
0.188117047759
0.561254492579
0.633308669451
-1.05632848663
-0.246736028713
0.72825194933
-0.0466033724117
1.01371945052
-1.06932246145
-0.614013220452
-2.40331388142
-1.93712656988
-0.93171289357
-0.384050550264
0.195950788308
-1.13387263169
0.12429077512
-1.23296635534
-0.186838570916
1.78939642862
-2.35742709221
-0.39671506873
0.0815286870589
-0.612624502922
0.60642225647
-0.300653264418
1.22038545761
-0.445271951536
0.414640434447
1.21924718063
-0.711217278325
0.544982548309
0.224230406884
1.2960951994
-1.3467473363
-0.0559516948808
1.23174204115
1.02434560881
-0.516911061198
-1.85519929537
1.25013207813
-0.931083157489
0.165028667414
0.0569978777737
-0.913784505226
0.369556028693
-0.466526428138
0.405294900696
1.03536418647
-0.132419360027
0.407844431216
0.501144550683
-0.422913170767
0.310202091396
-0.995919472319
-1.36411968094
1.42831252239
-0.83455127498
0.764649076616
0.21502237977
-0.765141430503
0.0235938180376
0.934505604678
0.106869513404
0.681705529321
0.724712289854
0.236161000709
-0.643379864179
-0.93834640978
0.247646170256
0.593701399915
-0.833908187343
-0.567885019801
-0.505888517556
2.13843029701
1.68035668754
-0.6959938943
-1.00799473667
0.272291478659
0.200460105288
-0.309969716647
1.58238853609
-3.23665362012
0.665402196802
1.35929930457
-1.64186768315
0.599992464737
-0.582401366352
-0.211546581614
-2.05329930199
-1.18246686877
-0.0988430433402
-0.339083114375
0.829318894823
0.146439772305
0.358062806285
1.24472697768
0.381616504627
-0.636273813176
-0.611023041908
-2.44117874467
1.17026738443
-0.22588596283
0.548909801847
2.35950251009
1.40035976659
0.133632390558
-0.556674658872
-0.180089988258
-0.105188514498
-1.42533043908
-0.0185229597022
1.11497061498
-0.825049963212
0.153137867396
-1.19439730758
0.88629056399
0.33182363656
-0.56467908777
0.72955841534
0.056230266326
1.14465277885
0.247743860887
0.493675646323
1.32449013044
1.03754289143
0.0931304888926
0.33182997626
-0.0121349975508
-1.94595535485
0.395248152868
0.717952302298
2.48802479157
0.516943112616
-1.01670899498
-2.01711811172
-0.288039797317
-0.838559560158
-0.424738384854
-0.593675745275
1.07503442979
-2.11619050487
1.23309039397
0.466631473897
0.918849020685
0.253462672786
0.693008704822
-0.346738209346
-1.17177616435
0.0458330429462
0.787267230413
2.04144647306
1.01105750679
1.30841417998
-0.349558141015
0.218287761389
-0.815662927391
0.222648333507
-0.619906456958
0.695504240022
1.20398924
0.574824576042
-0.609726853871
-0.217910417911
-1.32248234233
1.14962731643
0.322625964888
0.348161744682
-0.192822421086
1.3835491189
0.835755643812
1.31583452362
0.33732842332
-1.26944780304
-1.65918270375
-1.25118892301
0.0553932840327
-1.29106408422
-0.470872408254
0.842447947243
-0.752951681233
-0.2546940412
1.4543346721
-0.897853364236
-0.976331206524
-0.489404247659
0.382010199163
-0.639240235367
-0.177214409747
-0.373288823603
0.263493930911
0.834893170786
-0.256111324496
0.711777762243
-0.517824383452
-0.108741249044
-1.94713353064
0.138155344714
0.723128718753
-0.386674165135
0.183124624809
0.941319724244
-0.189656649744
-1.39576755194
-1.4809776879
-0.581305142818
2.22733631007
0.259217908005
0.648402217545
-0.696664393819
-0.42391857773
0.899158625985
0.722820601662
0.12172054279
0.256910636513
2.1133961507
0.193337456926
0.178335886894
1.78096999533
2.82458020126
2.873713817
-1.12280751909
-0.145427993309
-1.98527951871
0.679712560354
0.239889037685
-0.716580532407
-0.273713513398
-1.38004659195
0.129572301236
-0.0198854441224
-0.372033400114
-1.06434024813
-1.49989619135
1.96625849266
0.682980655197
0.562721332961
0.561956727604
0.928622580287
0.134557242479
0.316056198927
-0.384852021088
1.02071694437
0.708397923452
-0.195248732009
-0.122922984722
-0.647924578249
-0.300024408302
0.487290749045
-0.0986034222846
1.35053936918
-1.41233422219
1.31241400964
-0.629350527692
1.31897667747
0.451119184315
-0.495860495378
1.25130783255
0.5131100146
1.25224371081
-1.51341965621
0.603184377797
-0.784857602003
1.0086716032
-0.940892788031
-0.126404813816
-1.40311055757
-0.512484562689
0.721079435401
-0.0312269685581
-0.297099401342
-1.17200611236
0.493096812116
-0.809937687656
-1.03858370564
-0.068671084277
-0.227558496933
-0.342178044225
0.631334430017
-0.67464586157
-0.0563571913473
0.0662067915534
2.06285372578
-0.704428602141
0.0742339609266
-0.000859484627478
0.232471846051
0.0996572408404
-1.14633875669
-0.229155570073
-1.7411685294
-1.15375177938
-3.07036911549
-0.564822302371
-0.813726416529
1.07361187357
0.200685196209
0.00451343498897
0.461624875786
0.269456914211
0.854326985385
1.50378442289
-0.336238557473
-1.48487667623
-0.480279040529
0.380149974947
0.0850854721822
0.287277442533
0.0380268107642
-0.339259091234
-1.02119279401
-0.810459067646
0.510249698316
-1.18881778449
1.32257665814
2.36271512275
2.0004053214
0.0221918587233
-0.762338611465
-0.386928702336
-0.905745982661
0.0175567275299
-0.0623297388888
-1.47924687437
Score: 10