3
44
10
3
-0.82232262711
-0.650848773336
-1.48469834237
-0.740660412805
-0.108976287483
-0.656183417744
0.689517357055
0.121219681327
-0.900147540219
0.073712559974
0.840750876679
0.574194694954
0.258545535697
-0.10037894395
-0.109777243596
-1.20654717722
-0.501709285293
0.393927411668
-0.69500347365
0.118902027788
-1.43463691946
-0.224846590906
-0.217486924909
0.333927749913
-0.338186156972
-2.13871009094
0.441187296616
-0.874525922789
1.21472584034
0.578012386592
1.199626646
-2.51123533982
-0.634995573096
-0.92076640415
-0.317336381783
-1.33901682429
2.12433143245
-0.576855168459
-0.117607068305
1.73315381405
1.19069722723
-1.04828999895
-0.942080891983
0.674401212979
0.047585750464
1.06899584424
-0.877601015043
-1.80780702306
0.073276359726
0.972275710192
1.25441801723
0.485784076265
-0.276343393853
1.29175321659
1.54257618743
-0.852053402417
-3.04997465956
-2.13801484476
-0.23023296332
-0.157758825129
-0.0566591917456
-0.629725722869
-1.0303636832
-1.14414220208
-0.823201169552
-0.516742893957
-1.77341661362
-0.0511706613253
0.12756474739
-0.649799736105
-1.29760488359
1.20212153261
1.39182672199
-0.408198736881
-0.398448009474
0.266936321328
-0.671706739383
-0.571974557347
-0.0498080772376
-0.463991850007
1.79657695961
-0.434631429348
-0.5166873689
0.454711657634
-1.08915366852
-1.01110353477
-0.537364245193
0.104607014999
-0.171887544259
-0.76496859593
0.785670954718
-0.441690824076
0.910713553774
0.356295498294
0.713981506065
-0.59269832677
1.02417783374
0.3378456697
-2.06371507319
-1.08728475073
0.937191602002
-0.261874328198
-1.6224947801
-1.41967735421
1.41644138424
0.139351041713
1.76227359951
0.417712363879
1.59085959603
-1.22897017372
0.0569376588933
0.344083778141
1.49100739916
-0.388855813086
0.189146787502
-0.393876152113
1.12974961859
-0.553481714895
1.79980008786
-1.07153138058
-0.778414173959
-0.396029136205
-0.372031380373
0.307074679047
0.795335542432
-0.67449569692
1.87519458227
0.337533962174
-1.24046940752
0.448745076978
-0.216302997658
-0.462365706268
0.367131803562
-0.502779956912
-0.221255480409
-0.567835191471
-1.1133782507
0.577028520883
0.792608981043
1.25527895214
-0.639352780095
0.590273390249
-1.6640868126
0.759024407547
-0.103602780883
-1.2469086005
0.353078799815
0.840626742664
-0.183914120551
0.21060950086
-1.41399361571
0.727834836951
-1.79946031518
0.605075946365
-0.518952433762
1.76135413387
-1.09864718153
-0.511293476953
0.219022654487
1.75613737443
1.10095936771
0.47668458239
0.278688496225
0.173653235541
-0.733282864698
-1.12303521313
-2.09142328867
0.284484450334
0.433015785089
1.17233940529
0.675349292995
0.861881710189
-0.144120879712
0.0707096446064
2.63531899033
-0.357980672889
0.0945590422562
0.824921935399
2.09503250405
1.28572590307
-0.137875136872
1.88124511095
-0.220828730298
0.0674013050267
-1.99217766301
1.52530483609
-0.324353333722
1.93922165917
-0.382493546127
0.461474923108
-1.44177461434
1.03685224311
-1.70615727869
-0.609980051451
1.58849848887
-0.0652805234422
0.0655081637764
-0.114404118799
-1.13807734928
-0.256060794618
-1.12877370156
-0.934951167231
0.840007216055
-1.5847253191
-0.82458659871
0.711165282809
0.576790673719
0.551255185074
-1.05233463776
0.308764593987
-0.927760681164
-2.10165498842
0.403832254897
0.736636081321
-0.479040644243
-0.512316302501
-1.2163487893
-2.12326320655
0.675298861172
0.547771937373
-1.51729869329
-2.44556610587
-0.341142925239
1.39958055998
-0.448341436309
-1.32273557815
-0.242110145674
-0.867870449832
0.387225564666
-0.841072816974
-0.692339258061
-0.390376603132
-0.642757856419
0.480539199991
0.122686443431
-1.66847526545
1.39707111787
0.0811409771652
-0.937697244209
-0.391713297201
0.6280892005
-0.574351983116
-2.92383039333
0.8655340967
-0.244384716072
0.309537200506
0.686837179622
0.209031101805
1.0803555136
-0.466883418914
-1.67361551753
-0.936841196764
0.584332869485
-1.14864006832
0.0930913667569
1.15948191648
0.913440318659
-0.1432592096
0.297368911002
0.223891901365
-0.72627838752
0.136315991714
1.32298978899
-0.34362702203
1.03882108131
-0.839943928537
-2.2893236487
-1.77499316902
-1.42198962455
-0.143889188627
-0.524099761703
-0.233405323682
0.0100165171383
-0.368903423537
0.202068658073
-0.477915903384
1.40874972538
-0.0143683237915
-1.79226257684
1.61704853013
-0.106925006355
-0.252510615576
-2.13943865159
-1.06330843629
0.482279936027
-0.646616761908
0.789940916923
0.0657846967451
0.613015960162
-0.785185629204
1.35947421848
0.886453412153
-1.36250758509
-0.724698398212
-0.869540655839
0.733301942807
-0.84235888118
-0.321500335346
0.594888268224
0.44046788154
-0.373178924534
-0.162570113795
0.149178789007
-1.37964769082
0.108347341944
-0.304794218141
0.143163454428
0.467820720986
-1.34673719247
1.51430700442
-0.809317916964
2.47305573048
-0.604762604931
-1.82490569859
0.377907233405
-0.315735686032
0.0468000696283
0.731375728529
-0.445356816587
0.997785547652
-0.455672246836
0.261655054627
-0.0539109384172
0.549196402314
-0.264767061191
-0.610711320362
0.62551396602
1.66889781659
2.08255049654
1.09590435716
-0.318865885947
0.193945361518
0.0140721806882
0.0341501142495
-1.05752192594
-1.04829872489
0.652831002738
0.456851047006
0.917222016305
-0.332230790051
0.1611734452
-0.445629351538
-0.441461093032
1.8348351307
-1.28493482742
0.301306460486
-0.428227089515
1.02966034807
-1.16468008707
1.4566249541
0.230782848816
-0.940148333673
-1.21365886236
1.0843542934
-2.05639908902
0.250123673024
-0.682319008608
-0.126505240616
-0.689275809092
-1.60862730294
0.594143971453
-0.306288668363
-0.138971068935
1.98983118339
-1.4571062554
-0.298448366518
-0.511159879494
1.13043646347
0.623253271287
-2.01777146529
1.04436681758
0.368668800924
-0.708150725004
-0.512395682684
0.579912435603
-1.61521823756
-0.574796592882
-0.659403110453
-0.475620539653
-0.176463549065
-0.607070635784
-1.77191915842
-0.700051043918
1.11971349306
0.269240167497
-0.456818214781
-1.31378448658
0.398532912681
-0.278861309433
0.12707973998
0.621356769077
-1.7137571514
-0.0380543972847
-0.169906428032
0.708670768228
1.35925705476
0.924818218215
1.88888137345
-0.61713600656
0.891492994004
0.29074126349
1.46810409891
1.2137754484
-0.642294248934
-1.05686306673
-0.335516274215
-1.10476018311
0.873780061069
-0.601679574603
-0.225204760555
-0.174406641888
0.274871651489
-1.58425559558
0.943314274792
-0.177132129179
0.760608630195
0.00534849934236
0.930679955382
-0.863776191297
2.2687052717
-0.177051610696
-1.00833697313
1.32739939295
0.365424601369
-0.81258381735
1.18532459395
0.970248334168
-0.119142828876
-0.919581607275
1.23470643856
-0.284485283876
-1.59695475961
-0.0387388592339
-0.147799734934
-0.70825644279
0.216335515101
0.0432803417524
-0.264571687704
-1.14329315521
-0.327569239709
1.04137061033
0.110885945
-0.287767140353
-0.0916338546528
-1.20129514724
0.212551802002
-0.707616985554
-0.582719187423
1.06590749229
-0.263339094535
-1.85961007164
-1.11520513972
1.95011070488
-0.8183981341
1.11927772404
-2.52141571326
0.0308916993827
-0.684609379471
0.146944654523
1.72457161734
-0.028717033126
0.301866787268
-0.724702649065
0.822125949422
1.91787249181
-1.30575132119
2.06737464525
-0.538244743289
0.56603407332
0.688333397235
-0.884515193796
0.713076317553
-1.27584368379
-1.22382011921
-0.235346757523
-1.10886977394
-0.766068759596
1.31788917391
0.836944970513
-0.136588878897
0.852742993808
-0.321559659364
-0.887678872187
Score: 21