3
44
10
3
0.508710594967
1.26670784854
0.226750432646
0.341157866597
0.772797445083
-0.537610964687
0.726666534442
-0.474785330872
0.343114747698
1.2918128232
-0.0221259745644
-0.228832436875
0.734571441827
0.0910143156703
-1.38589757077
0.634651973373
0.937215249933
1.10416520676
-1.41948205669
0.198210280844
1.58361620122
-0.63410744242
-0.21568719484
-0.422507645186
-0.489402702213
0.894380286466
0.885848723358
-0.143357320742
0.873293184427
-1.12156930896
0.00735288239628
-0.000723790576908
-0.62173870525
-0.84552971037
0.189514448372
0.643989120137
0.999375788758
0.784285466612
2.44013904439
0.289896827069
0.223822430045
-0.569760261735
0.420971798236
-0.273118336919
0.0531228289617
0.867212362285
-0.443833172778
0.415278218678
1.05116114971
1.59111225971
1.05196127165
1.42227739334
-0.748879464905
1.1803159665
-0.36026819288
-0.268528354958
-2.16476511049
-0.759351774879
0.560076615897
-0.344968056111
0.921789274584
-0.0973166817911
-1.46692586245
-0.808384904909
1.63118198202
-0.115989642992
0.521781614719
-0.716152887799
-0.278053150375
-0.804137141008
0.827971239063
-0.451160080838
0.136298265641
-0.144085987297
0.137435148645
0.705304497191
0.70883576902
-0.329486989789
1.04311820865
0.0873151909552
-0.403608426174
-0.986301879764
-0.0251764734297
-0.757159386372
0.81283874857
-1.34967816285
-1.71409552627
-1.57992444852
-0.969599782714
0.137366200706
-0.437041132799
1.68474628256
0.494676857242
-0.125251249124
-0.202968446713
0.946778704554
-1.16336888061
0.402025473246
-0.47588494603
-0.184509775745
1.10241402752
0.0721063977286
-0.925760479032
0.963003984547
0.68308332813
-1.38634377718
0.366531295843
1.24824642616
-2.75335460239
-1.79537965868
1.34989283119
-1.41612228306
0.365350484885
0.412460973392
0.999198789925
2.43077346578
0.480344875403
-1.411530787
-0.230785725832
-0.840569810466
-0.968201930446
-0.909977809534
1.27124470749
0.861799548905
1.59167029882
-0.13209306121
-0.373432128483
0.269323182449
-1.20723861207
0.959471469394
0.14054125454
-0.169114707469
1.0481195543
0.44443331113
-0.103285783358
0.346474313817
1.79163077545
-1.18317154296
-0.639824705765
-1.66253354183
1.63456182058
-1.36417502998
-1.54748098766
0.258975083812
0.889231355885
0.797234183668
-1.3956159389
0.204700124226
0.655012254536
0.633279216179
-0.825830748471
0.332332511435
-0.268129792362
0.478239269586
0.847137664495
1.34109629677
0.543093842629
-0.491104268706
1.21112921271
0.561526578675
0.552491982672
0.708829127759
-0.631082759884
-0.335847647426
0.854072377542
-0.872361105609
-1.10201213259
2.04816462713
0.31601162988
0.648446418963
-0.854528664886
-1.20624312674
-0.591833056987
-0.320515298815
1.78225780057
-0.379102817228
-1.44066182283
-0.316307713513
0.282216096268
1.18550329234
0.528189348156
0.769704825278
-1.92208291994
0.77687188728
0.257901420408
-0.896833681808
1.05010757288
1.43563873521
1.04516163094
1.91276402822
-1.36302873905
-1.63657937317
1.83039576066
1.17824435045
0.511731097716
0.204540015386
-0.417143845326
0.938174262023
0.710538484778
1.1325444092
1.02196650548
1.08927301272
0.0206569998914
-0.40081981791
0.0094979354466
-1.22693720563
-0.372877624482
-0.345336054703
-0.137564469226
-0.370766124586
0.144942749686
-0.621201323659
-0.689886462047
-0.662338953986
0.334359238356
0.932851160653
1.24328028228
0.862864372659
-0.241683244044
0.829286100779
-1.43507416993
-1.51720296764
0.316914275017
0.935405567809
0.261168806854
0.192599437573
0.475942904802
-0.192280640555
-0.997300791052
0.440550676609
-0.543304405327
0.565948907895
1.76962047892
-0.76785620734
-1.55022775093
0.11626062757
-1.1968308587
-0.21298447426
-0.213976055935
0.946619140245
-2.02589273369
0.776135161642
-0.974738258261
1.2070472115
-1.24935322578
1.00434341566
0.312770401015
-0.402840181879
-1.43823565025
0.977079669168
2.78985046919
0.359730743443
-0.71380451851
-0.94465469382
-0.70169596594
-0.683350314786
1.07696643209
0.770621913535
-0.586308332643
2.35580252052
-0.439991312914
0.930452509366
0.105087966891
1.36591245464
0.789304240408
0.700035851686
0.423032940468
-0.773312473734
0.0646968512059
-0.509188294958
0.361963771418
-0.143174519256
0.187236431546
1.8148164065
0.386919378052
-1.72425437868
-0.177083988205
1.34879651555
-0.579403488785
0.0460568037761
0.264455005002
0.970074313403
-2.06617306768
-0.732136469304
1.17498007848
-0.641707286689
1.45401895803
0.562935811936
0.705259557383
-0.537588871771
1.09601384085
-1.31107873831
-0.805473518423
-1.30085952598
-0.784850129079
0.776542252208
2.4028948796
0.567535511839
-0.848609626379
-0.57594909573
-0.6893265339
0.938886843452
0.224176259804
-0.267072079442
0.548418704993
-0.0929413545503
-0.342038308498
-0.501747204069
1.90372675613
0.817792800806
2.13481518191
0.500342114637
0.0453052475775
1.51394362355
0.495811279495
-1.12099096116
-0.152210214646
-0.843657694596
0.436268377089
-0.695967565758
-1.45253640835
0.126335140256
0.318306263217
0.163878822112
-0.0796019475338
0.487458302194
-0.422557756534
0.0916177512455
0.380706461862
0.787198314382
0.576842037481
0.429137475364
-0.849542030924
0.311954349083
0.754404096316
0.484413037242
-0.567250876531
-0.486452908998
1.65078745544
-0.858234707844
-1.64576568014
-1.32856631406
0.457981128723
0.0655473505593
0.734823977988
-1.26679788734
-0.51518481352
-0.187456046189
-0.322559123766
0.785724312725
0.902719628577
0.557198840065
-0.915278452753
-1.43551888975
-0.9652729
-0.826521159329
0.627874622198
-1.71702183985
0.830961521612
0.0176887689172
0.111939587703
0.619804548594
-0.23017435459
-0.226622264218
1.92057994763
-0.23886759455
-0.108687436589
0.587905718903
-0.521353479167
-0.508492456264
0.686718184874
-1.94797949066
0.651063576547
-1.67574314924
-0.825215331994
-2.37764244891
0.737216883786
-0.0959390650099
-0.890732330596
-0.738810134708
0.536329520143
0.257123189763
0.850709740272
-0.0499182094727
-0.328226733822
-0.727144500945
-0.863566197465
-1.13786045047
1.47747425018
-0.11389660349
1.01691600384
-0.648188910211
0.725910212186
0.787758993511
-0.398867638098
-0.366790487308
-0.545988216564
-0.37289237116
-1.0917984308
0.511734716092
0.0464166381175
2.61287096389
-1.19978171474
-0.897785249786
-0.407132700166
0.802898173714
-0.990565627853
-1.73082171607
-0.504662652856
-0.582070614429
0.630396850576
1.67381250271
-1.33475715164
-0.815811848955
1.68864625049
-0.304730205511
0.318796203802
-0.869148674284
0.032376926798
-0.226026521351
0.347448113519
1.50193748694
-0.262420483605
1.01882880387
0.383786677543
1.15495225729
-0.480110775301
-0.533291706418
-1.39504382646
0.272420009397
0.985894641698
0.131207821976
-0.52845064101
1.1534736087
-0.0340785159148
-0.490857332236
1.4089608046
0.960250041135
-1.27714988637
-0.588185981986
0.282533480135
-2.74979951695
-0.882580912211
-0.0443819052365
-0.683337385092
0.0322382438209
-1.13420462302
-1.03155501619
0.374879356962
0.378851899247
-0.637073985885
-0.91677326213
0.443292116491
-0.268408162161
0.44563273196
-0.296212195027
0.199697044499
0.588164628606
-0.48347194102
-1.65154020077
0.993276150654
-0.607822683374
0.225568104382
-0.700469859693
1.24482918645
-0.365501478903
-0.05331212449
-0.00133849424462
-0.0582183088692
-0.101123014908
-0.231975154751
0.96438816061
-1.36346591688
0.236987435902
0.814086657646
-0.740287326465
1.33152732541
0.621043404058
-0.0538412098685
-0.324755075759
0.0538296434342
-3.16358295813
-0.350573910265
Score: 10