3
44
10
3
-0.623171529306
-0.441100727858
-1.40213267504
-0.890893005428
-0.0588078962892
-0.734333487274
0.821916701733
-0.166971557272
-0.786984453647
-0.0242694620567
1.00933394803
0.460514204748
0.373971408623
-0.336931368256
0.129555972556
-0.975280446025
-0.472726263403
0.30218882315
-0.654821855368
0.154636872833
-1.44223251023
-0.12784145731
-0.212607123186
0.595566812064
-0.166644647206
-2.00090232519
0.588816014796
-0.974619966299
1.64115987598
0.869692669301
1.56277157932
-2.48583415287
-0.799899806134
-0.726912781641
-0.188103972433
-1.09025043053
2.07857128943
-0.601085232434
-0.359600229896
1.62930340566
1.45432972358
-1.46145952514
-0.75137745449
0.718575590272
-0.185769477883
1.23005481605
-1.05792260026
-2.06462037218
0.260478147272
1.19373580987
1.09015815628
0.341516907968
-0.00234115425447
1.36995349803
1.77916794378
-1.11637965494
-2.85710254328
-2.47087914722
-0.497234110663
-0.269864882674
-0.260090269626
-0.496844150909
-0.835778011601
-1.1215760861
-1.12009586711
-0.519607006669
-1.71686182348
-0.0931415783909
0.222757203556
-0.681229601325
-1.3309167685
1.42211333799
1.40579920257
-0.648549669549
-0.335548256029
0.0820628417552
-0.657815466788
-0.435329915571
0.203860449179
-0.551987462776
1.65522223411
-0.476150530203
-0.643474995566
0.547916974648
-0.961792703902
-0.488072016481
-0.664135500862
-0.178330457485
-0.337522190058
-1.04999621062
0.789934202738
-0.398772318259
0.932132863914
0.232154522073
0.943010502123
-0.913474562293
0.955143385006
-0.0720187518314
-2.19823967962
-0.775166229389
0.876596282679
-0.41049805198
-1.53610315274
-1.48529827981
1.76260420903
-0.0676324099589
1.75563077525
0.638529893519
1.16721444449
-1.40232185357
0.169976286711
0.28929365124
1.2906265603
-0.362333030706
0.23921886672
-0.413322311093
1.02980130628
-0.443429142696
1.52803768251
-0.820340853944
-0.675158987804
-0.416935326386
-0.41916230738
0.58018021933
0.953234696692
-0.345726845818
2.47774385652
0.500265355807
-1.32729317185
0.49568843601
0.0420660978649
-0.445012839607
0.367040818908
-0.340280508134
0.116403277085
-0.630324322324
-1.29462214004
0.517031550821
1.16747297225
1.36653937275
-0.862107841743
0.461852260223
-1.56527491297
0.586608101458
-0.507373103063
-1.15674693403
0.201835015122
0.631634652111
-0.215725763914
0.242183516444
-1.37502178696
0.44212880061
-1.91540485551
0.87682893658
-0.391948468665
1.66087363264
-1.05858933051
-0.388234428705
0.371539143147
1.73593355838
1.24645162031
0.359101115526
0.152732153422
0.214583925595
-0.743507223412
-1.1023028522
-1.96766564555
0.174574409852
0.59069086898
1.16330481007
0.627089296417
1.10832717937
0.039066039052
-0.117250793368
2.61813060971
-0.272770311782
0.287459138559
0.626401649688
2.25031254254
1.39840550653
-0.113142331635
1.82885440766
-0.279871423997
0.0507710655218
-1.98277136958
1.01124070814
-0.353103989646
1.98448374799
-0.476604441057
0.419004273547
-1.69691243964
0.870167394369
-1.83173165105
-0.778076443156
1.35975616596
-0.0281141223011
0.0353808581341
-0.050026597764
-1.21214819732
-0.353088490673
-1.27062027013
-0.83517250199
0.900615868775
-1.47894792752
-1.00833115931
0.938051008794
0.478544126565
0.725732675825
-0.819932162405
0.353854591038
-1.09823535066
-2.28464044252
0.47263679844
0.793304831104
-0.458033631062
-0.591763777882
-1.34524213983
-2.19150744828
0.482070436708
0.620558278711
-1.30795635884
-2.62929939355
-0.380612833133
1.4965499205
-0.386812376243
-1.19041815935
-0.166049641363
-0.737020176586
0.180722906728
-0.993077878898
-0.571957086939
-0.422158524423
-0.617339183325
0.657931915668
0.221290637931
-1.62803195984
1.4069564285
0.0669068419398
-0.915849047504
-0.328847525985
0.183190015363
-0.503784737405
-2.81026008984
0.709801822506
-0.0177443734113
0.288429028136
0.630257902637
0.239635683769
0.943903789977
-0.188263718328
-1.40305408565
-0.697622944313
0.645571276423
-1.12019210841
0.0339337235619
1.43626652306
0.682691911153
-0.411790538762
0.128912386606
0.375427240688
-0.59290004611
0.199448484162
1.3424904648
-0.016573102797
1.1445855671
-1.07614171721
-2.22123531271
-1.93064015775
-1.33782756565
-0.180928188268
-0.450962528459
-0.284276336374
-0.061843172407
-0.168523037802
0.0515822577579
-0.452797101255
1.19314469683
-0.037925904204
-1.41004200936
1.64942867228
-0.201433781561
-0.328713815286
-2.16165165874
-0.960066722083
0.413971018025
-0.493828380091
0.962232026579
-0.18388450993
0.697091290389
-1.01670468314
1.29628441071
0.969990256053
-1.52277315418
-0.579003263262
-0.995858366535
0.498209698158
-1.12353626367
-0.101443117934
0.468208428625
0.866185502862
-0.313448482957
0.0807720531766
0.119488393009
-1.45418710632
0.220731762001
-0.262783737471
0.159365324537
0.552071451762
-1.26014195027
1.48946108718
-0.810757579147
2.66531594478
-0.344662264575
-1.53568303334
0.187530531256
-0.104422379521
-0.19983746722
0.924726625104
-0.445606129425
0.82877608843
-0.246495538541
0.414603300933
0.024420413038
0.566644431213
-0.418233536435
-0.599441764657
0.492297900037
1.92833417985
2.45152999667
0.896300058516
-0.166009033069
0.206886316836
0.027542339714
-0.0386859817405
-1.33294147763
-0.947024080222
0.484378614108
0.475218942938
0.719497710372
-0.346577266732
0.0735846714584
-0.479746111167
-0.291731465875
2.0897672734
-1.00759405819
0.237583904104
-0.285905796187
1.27923628045
-1.26855399552
1.4126812024
0.0910737038858
-0.735692377935
-1.18967421484
1.22561643072
-2.43241990256
0.352335353972
-0.396029612034
-0.488486825346
-0.342846408686
-1.47307940454
0.709782321934
-0.246274709706
-0.109012297109
2.12915278551
-1.46075025713
-0.414351718303
-0.231870317596
0.968224743177
0.704302621762
-2.35910745667
1.11253958904
0.0691050721526
-0.306082368729
-0.465688311904
0.590307776395
-1.59634935078
-0.524473447403
-0.7954225131
-0.28533725351
-0.252160428078
-0.770149022243
-1.73692392546
-0.716169321968
1.07020978389
0.177586524297
-0.69852474026
-1.24054085733
0.51213990668
-0.841712440239
0.247017038795
0.449238046928
-1.50607719558
0.218189944328
-0.329255013539
0.87812560321
1.03336671393
0.760418450332
1.79715865694
-0.458781890538
0.939882367274
0.363571852914
1.67311611409
1.13184241738
-0.805609388822
-0.816898535094
-0.530504989185
-1.14145376461
0.694539355615
-0.84122095593
-0.299275042707
-0.138898845243
0.308923007136
-1.45949454247
0.919172678161
-0.0260548231534
1.21642167102
-0.130359692735
0.915556761243
-0.830918409862
2.12043858698
-0.723339329501
-1.18774788365
1.20606574652
0.334032217247
-0.804594769377
1.18634610869
0.758510173566
-0.0376635298716
-0.696991235749
1.31900910491
0.103607058315
-1.73968681288
-0.147577738868
-0.126262974672
-0.543095312073
0.357533341748
0.0360678125268
0.155949952878
-1.20452873822
-0.157141251184
1.27730535076
0.217415145769
-0.168296852968
-0.0781058454119
-1.22999745241
0.211015001026
-0.793367583587
-0.54488498864
1.17005795339
-0.252860155316
-1.98520657818
-1.16861677932
2.16140826775
-0.674800303537
1.19462548752
-2.51335616581
0.0680334060736
-0.975412851153
0.126886774188
1.72489533428
0.21204620122
0.258768563998
-0.884856822379
0.785736861933
1.71494460517
-1.73939484834
2.04093653735
-0.408870162678
0.535056888831
0.439610166728
-1.0416958293
0.564700609619
-1.38961925796
-1.19178049314
-0.0420032024849
-1.06202605372
-1.04950315431
1.08991879122
0.818572830645
-0.0855269333426
0.8205146228
-0.270118930102
-0.633996458026
Score: 13