3
44
10
3
0.373109489196
0.212720133671
-0.765566746204
0.193585589385
0.384494620384
1.1615116272
1.1753701388
-1.27214546151
0.75928234482
0.228519249619
0.362671189564
-0.0838634041017
-0.864823167925
-0.268436871577
-0.807097552466
2.69002294867
1.08296175422
-2.1604669522
-1.7903827115
-0.747143309323
2.14065257382
0.837177238415
0.433369717188
-0.27560678371
-0.415977490779
1.02687408351
-0.92783772621
1.56653838197
-0.534934697467
0.497808695204
-1.90180230358
-1.77787380954
0.913812650167
0.581996914547
-0.947232724416
0.480775161551
0.59144887297
-0.390827338288
0.748875255639
1.24770847989
-0.73161411389
-1.1679727355
-0.0364464521461
-1.42619635688
1.33627793051
-1.64776603208
-0.141877558968
0.32453615207
1.93349868133
1.93856162314
-0.230286519327
0.573114821222
1.14740705485
-0.701195713248
0.0510830713771
3.02030228055
-0.886176086635
-0.149112975293
-0.706396141828
-0.635487900012
-0.978872341737
-0.165432178058
0.448837278113
-0.318212759115
-1.40904351481
0.405597033417
1.50341747332
1.22650894695
-1.41449922491
0.593198931748
0.978114156437
-2.48730735268
0.839628368132
0.757021520414
-0.476783773282
-0.603905717487
0.30762976188
1.44211465197
0.728779029243
-1.34415495162
0.18524538793
-1.7931161351
0.0435065238834
-0.313223331327
0.645495904174
0.991438818333
-0.765830022064
0.583936876925
1.56211318119
1.37480149087
-0.236852913014
2.06732331469
0.257269761479
-0.398556955313
-1.04647744207
-0.664214673534
0.188948546445
0.0709222069866
0.044738980213
0.717111888147
0.9848337185
-1.11077741423
-0.625843503746
-0.192001459247
-0.354592554324
1.86626923679
-0.161763569901
1.48984791557
-0.308233357733
0.00965356830005
0.875296646502
0.0537763253669
-0.220261649637
1.82463265859
0.509368138419
-0.566369812312
-1.15538775475
0.786667804635
1.41290642621
-2.07814498006
-2.29352798397
0.72630170055
0.55554529906
-0.333499643682
0.534514952439
-0.132949890735
-0.351042571687
-1.25565915312
2.03454042538
1.12135710992
0.296389750011
0.173832687264
0.34043200644
1.09009009046
-1.87889103676
0.578986514182
1.57424831069
0.973997215053
1.0020206089
0.495179453003
0.641622664614
0.995692374907
0.637904023571
-0.261224807385
0.556501969468
-0.708170713141
-0.467775478237
1.10992911277
1.03805762681
0.777689779528
0.853465294283
1.13628798233
-0.287642121787
1.07508760491
-0.527971338822
-1.51257814348
1.55663057666
-1.39361193281
-0.71434651944
-0.787928533741
0.385133474998
-0.435884322817
-1.08016806368
-0.958017581086
0.0900616591902
0.293769264327
0.933047387909
1.48180723549
-0.414689476548
-0.886162034101
-0.729538707375
0.451946252532
0.68760290893
-0.0048023951818
-0.457930945351
1.57868439597
0.0992252552569
0.742488957883
-0.701678213005
0.0415676586488
0.820456840246
-0.379505365661
-0.63905565471
1.48079032678
0.117963455024
-0.271778812261
-0.611053655942
0.302422484297
1.6130531089
-1.50012585699
-0.653041712914
-0.276075914972
1.37373429549
0.0472350839257
-0.511355679833
-0.944177761618
0.787247312421
-0.967361470249
0.982777970774
1.21055206229
0.652757370427
-1.03010459106
-0.579057765605
-0.738224413659
0.429640167264
0.496700424112
1.23827135561
-0.00893862036605
0.140671191888
-1.66000279315
1.49660586586
0.503694122654
0.184696192934
0.0251321913703
-0.661607210935
1.59869276861
-1.76641400553
0.525024172202
0.860070900629
-1.60383451873
-1.07696346684
1.16616512124
0.801093965473
1.10281156198
0.140796215987
-1.29196736034
-0.443188821085
1.29530543195
-0.360247284284
-0.682460490308
0.697480927012
0.252925232814
-1.3935697469
-0.65301497314
-0.622012204747
-0.0231528414385
-1.38277795616
-1.22105365065
0.839465970972
-0.170925626444
0.74369920428
-1.86615365537
-0.196037659516
-1.24866894586
1.91663347968
0.475939082774
0.331577802721
0.285457433844
-2.87688512956
0.112256871638
0.120146595649
0.909626112315
-0.034873681442
0.316355117683
2.49634413531
1.53386855673
2.05910810529
1.36035575357
-0.196335837368
1.07905730188
0.607527976651
-0.752917760855
-1.78941989138
0.25761549549
1.00496365812
0.161225506808
0.590606205474
-0.499974081522
0.103306906528
-1.29750065575
1.11041783752
0.378924582385
1.15035256593
0.592675033344
0.143377030273
-0.118921355798
-0.0754196618447
2.26026577734
-0.417765120734
-0.498691424554
-2.00717969412
0.0491660567662
0.2439695483
1.17940865827
1.23797832993
-0.821582984214
-0.572602957445
-1.44955224899
0.615009108165
0.644738499573
-2.17611734701
1.15266291736
-1.0532390394
1.06230229947
-0.371332396748
0.970846692464
1.18559396935
0.352248169576
0.582258418686
1.39910178768
-0.558151601939
-3.56690434281
-0.185718819355
0.185289096949
-0.339939944656
2.48452024608
0.243798503186
-0.546880661395
-0.921090294749
-0.402358962447
-1.04856957927
0.213297536705
0.289863079858
-0.922158976383
0.138192421614
-0.283533879966
1.50866692751
-0.480943626805
-0.188360476684
-0.533025902327
-2.23228046998
-0.768270520561
0.943004597043
0.534982638937
1.32635992556
0.012027090871
-0.475764130539
-0.978922119785
-2.02384827103
-0.291315562069
1.26703807194
-1.34836749046
1.11406451219
-0.80590398773
-0.159276452253
0.800073438275
-1.29598267548
0.491831811534
0.481070895363
0.372696168235
1.33448756019
-0.0802256673017
-0.45497250028
-0.375323070643
0.708758598999
0.42689319523
-0.522129436313
-1.22990353956
0.529165713593
-0.121938675333
0.14210867738
1.26304717159
-0.25952203895
0.958299748401
1.26463067878
-1.63778096677
0.539230918497
-0.543368693274
-2.2701482748
-1.23117748661
-0.571421797777
1.02104855183
-1.67783271547
-0.238924250748
0.651166313925
0.20707427794
-1.37354112366
0.713152161136
-0.846770154429
1.62321903027
-0.14744333098
-1.1933086566
-0.809218957664
-1.75289827434
-0.875408605622
0.981441632767
-0.899064611694
-2.31439608905
1.07429739167
0.207074882033
-1.0444738441
0.457203285566
0.0590356516974
1.37709124549
-0.606319160744
0.631311977621
-1.51227868494
-2.17473504855
2.17257105051
-0.330647689007
2.15040815003
0.55966436508
-1.72007813695
-0.0328043266165
-0.0647009599498
1.1776589259
-0.228791637438
-1.82699169622
0.99237930444
-0.154035470903
-0.357825894874
0.200374448696
0.147354088239
-0.646166114196
-0.682480683026
0.603172188544
1.93025882667
0.76972375927
-0.509420106297
0.578219040681
0.288723021372
-1.16776338343
-0.854526359352
1.14471055182
-0.195394902603
0.159316396174
1.40439960599
-0.814407144083
0.767073193628
-1.60552369212
0.448965396178
0.0925551398873
1.85073731389
-0.344734295686
0.220590442644
-0.516222852868
-1.25296314966
-1.41522949415
-0.143323523097
1.45463309477
-0.807159915031
-0.389304662866
-0.196874433024
-0.187704704321
0.518478080204
-0.649618899737
0.045179208317
-0.894659889325
1.66242916143
-0.84975706221
-0.393869282448
-0.658022843992
2.30415099879
1.16884867461
-1.20557923361
-0.329861494032
-0.604895622978
0.505852757746
-2.02562581754
-0.642400267042
0.031082404761
0.165421064708
-0.621657051721
-0.169202021941
0.683334576747
-2.10062479578
0.86785569735
-1.02795936325
-0.397382040762
0.366754653362
1.10673089294
-0.995381457666
-1.06008187297
0.223953517749
-0.0642101602952
1.66020069134
0.369366924159
-0.64179468467
-0.759409867018
-2.22000777085
-0.423234611798
-0.681531887902
-1.19307994732
-0.866654375379
0.805066756061
0.565721088144
1.73763694913
-1.12516365424
1.48642810132
-0.482475147793
1.91207455526
0.963994323212
0.57621959554
Score: 11