3
44
10
3
0.244405454395
1.588708626
-0.564539660253
-0.958068916413
-0.462859901298
-1.64518098776
-0.0346559578109
0.455799823223
1.44421136998
1.40162998563
-0.921434157482
0.780503879724
-0.0449541081704
-0.757425387246
-1.9005744596
0.125285921198
-0.490634937877
-0.159120631463
-0.878859781668
0.835381335013
-0.304405630015
0.854917432148
0.535835467915
-0.926864775803
0.368449990565
-0.44013033213
0.291396922041
1.29467619005
1.16117586371
0.841148737034
-1.75118071428
0.541249277321
-0.541972152437
-1.8747982793
1.39459536283
-0.430901950233
0.105173347191
0.604815994478
-1.11443210382
-2.16313914266
-0.874519587341
-1.69473268622
0.163188519124
0.20406226342
-1.36557432721
0.304145929788
-0.889311290075
-0.809197996438
2.40155984206
-0.721996917821
0.444348797672
0.229297604081
0.142367183797
0.807379056118
-0.826961548471
-0.0948031219045
1.06718885192
0.123803563256
1.43249232973
0.451220913027
0.708877427414
-0.760668288371
0.539260349917
-1.12726142768
1.17034945032
0.427678630029
-0.135292019327
-0.631774060835
0.336461796294
-0.295576803185
1.3332747625
-1.65985469365
-1.56251723492
-1.20306601009
-0.223921962718
2.13785673295
-0.53324652863
0.0298630508596
0.39393073951
-0.392908719037
-0.405237518339
-0.539789724588
0.826149856989
-0.143223435154
0.0272368874851
0.299363960618
-1.07212564552
0.859693945067
-1.04844475352
-1.70331974809
-0.269161960107
-0.478046549916
-0.0370140630517
1.97936910367
0.330204837358
-0.862167345575
0.346578221922
1.48937390818
-0.287626316564
-0.178767621848
-0.366231450174
1.59481543119
-0.428698655394
-1.24609342267
-0.815292270541
0.257714190235
-0.0962547986379
-0.266967418421
0.897277899108
1.29691250458
-1.27427724838
-2.57504130491
0.371758095688
-1.03125619115
1.69503286642
0.606135731512
-1.44713355489
-0.918474096905
1.03513505495
0.0940025476144
0.236540549198
-0.989003980717
-1.62186645803
1.35158401582
0.500933978605
-0.2315532444
0.629160933787
-0.639219278157
-1.00595450163
1.52695198283
1.52432184847
-1.02010779227
1.79771469287
-0.945354965608
-0.63789092816
1.32727247769
1.45917659797
-0.75097107498
-1.56204456954
1.41178345401
-0.702574089427
-0.245402002269
0.917611354458
-0.514636805866
-1.49339496532
-0.857539333577
0.911764618143
-1.83214706296
0.739376642992
1.57032065331
0.667706107785
-0.764734085193
-0.749185354686
2.9241130878
-0.183427074211
0.93025856945
-1.68078590922
-2.24889272351
-1.12429962943
0.253190490722
0.895648651559
0.453436634527
-1.0268155327
-0.179903062427
0.649818422011
0.187345799124
0.620134935623
-0.970347283749
-0.314924439117
-2.06462658514
-2.01983088851
-0.982603175623
-0.279031862767
-0.118313629867
-0.827888466003
-0.166568237322
-1.001174941
0.106497455725
1.75125387236
-2.42361867971
-0.704694809724
-0.0391036948915
-0.0431721308067
0.736218403193
-0.144077772381
1.39096431522
-0.462082438933
0.437355174346
1.31085194707
-0.759728179595
0.359731929619
0.381107793254
1.28285500396
-0.820213041608
-0.379271451255
1.49449460783
1.22684688106
-0.525881575167
-2.01035003613
0.97887409435
-1.04928352938
-0.278878406678
-0.0151494043661
-0.764858081247
0.146871041031
-0.689433127653
0.58831239473
0.893772348417
0.0905779855067
0.687926479355
0.636568511466
-0.462743775542
0.120262394097
-1.02339562301
-1.36135088547
1.56045596326
-0.787199894449
1.00931952735
0.163005964881
-1.00139735599
0.0971159669933
1.03111955013
0.3570391668
0.678311597923
0.805703024296
0.335150734273
-0.40087401253
-0.912757013838
-0.00472550882839
0.373101734532
-0.721522999671
-0.250814480712
-0.411424311969
1.99437369095
1.43121552694
-1.08916290791
-0.911407860393
0.343096075977
0.214680308065
-0.271227983983
1.31195990165
-3.09269579371
0.651161012153
1.50811352358
-1.8790083778
0.514527794754
-0.805124624006
-0.178429388966
-1.72382790912
-1.22459222828
0.0382358752517
-0.50718059077
0.685860748882
0.212103902736
0.356295340528
1.00478713383
0.485115202018
-0.387921963242
-0.653133641364
-2.10515270214
1.31279798195
-0.15781877364
0.605780166676
2.40991392577
1.28936975001
0.370214225694
-0.514151392697
0.0683339228387
0.21302555413
-1.68339251638
0.120068208274
0.84155586276
-0.6584605782
0.0751417252874
-1.22957047252
1.0546367877
0.587094229111
-0.754175135879
0.786922192396
0.161607930854
1.14545085544
0.540747536514
0.142845785478
1.4008134028
1.03223695449
0.0191141829028
0.183041194033
0.121947401285
-2.14898785663
0.204314107289
1.08173501904
2.09365742649
0.476316498499
-1.21830605395
-2.24628977015
-0.466991347272
-0.632807063885
-0.441141901823
-0.507795201094
1.00661758118
-2.08057344137
0.98488900765
0.642404550748
0.809760133771
0.317342727169
0.4975719815
-0.0684746325562
-1.10766126222
0.00374264885224
0.96311686483
1.42714559049
0.966483963645
1.02378228615
-0.238152920473
0.165693715527
-1.05012671441
0.182843763964
-0.381145816109
0.807096149751
1.00175134935
0.626169564181
-0.417847714611
-0.238074063852
-1.40319530811
1.09424331916
0.533876904488
0.314103036401
-0.182575985572
1.25659001987
0.867667740807
1.38690282749
0.171158372468
-1.530543042
-1.48244996127
-1.18932961411
0.0396631671709
-1.28419947303
-0.603930112775
0.981282651274
-0.802096743861
-0.106946525819
1.31142638882
-0.894780601877
-0.744909531802
-0.757067289932
0.327762841451
-0.537287245931
0.0615941618847
-0.357373436243
0.234323925899
0.588053279299
-0.661208453231
0.590725528024
-0.5974614796
0.00208198182089
-1.48617013615
0.192721277858
0.892483166013
-0.301371853295
0.236996110146
1.17346655136
-0.204423103416
-1.59852464609
-1.63583352012
-0.436458098648
2.41235361955
0.317406103633
0.558567040659
-0.694453321911
-0.579514837157
0.789572404794
0.534165831295
0.13128795032
0.220591622359
2.59910344697
0.0876268648875
0.0407299793825
1.90952877269
2.5497117566
2.93679662388
-1.16239771944
-0.168736933198
-1.7987241404
0.575504399364
0.0881537748178
-0.768788610233
-0.234493368188
-1.28108427024
0.0786009102203
-0.154420863712
-0.321179909854
-0.786220471969
-1.18333783042
1.94443804351
0.388518605812
0.412079946878
0.52736523049
1.28305783388
-0.0145065655064
0.502698279437
-0.362122120822
1.04651632276
0.604126737893
-0.0602843160241
-0.241629615874
-0.786292101056
-0.12176605832
0.363611270506
-0.238300542762
1.25925092292
-1.3718020098
1.61219552117
-0.693987074319
1.29332812139
0.306064850469
-0.485125983886
1.19783017164
0.737060006345
1.2018452304
-1.8131385975
0.686176561302
-0.89408954862
1.03317163494
-0.492930450601
0.12882219072
-1.62894275342
-0.582036493417
0.758222531664
-0.0590454129704
-0.15030338521
-1.33691472394
0.60203071831
-0.750702617004
-1.17348412608
-0.165248013567
-0.386515338849
-0.497985050389
0.258147702256
-0.40288655883
0.0717856683928
-0.114613012219
2.20316363811
-0.782850305513
0.342179080548
-0.0757013161649
0.174821963713
0.0536534799598
-1.08825921791
-0.239916262768
-1.64108928137
-1.17234253066
-2.62489938649
-0.973866770141
-0.797869681529
0.926921757495
0.132742373718
-0.11781910481
0.630798509541
0.235501049438
0.700638936741
1.23748825467
-0.158855861358
-1.35138984066
-0.243940465897
0.117220535754
0.0144272373331
0.149412231404
0.308302453262
-0.247802404555
-0.99901338791
-0.37672749891
0.86209855579
-1.17868405227
1.19137152741
2.60120080299
1.91986236109
-0.0981455677892
-0.629169482784
-0.387066343563
-1.08022365407
0.401805470554
-0.366777562466
-1.53598315799
Score: 21