3
44
10
3
0.200502761547
1.77285759322
-0.485911328985
-1.16560462287
-0.389432706855
-1.70881667195
-0.0949018643339
0.69728994288
1.75182703489
1.62931677902
-0.881090748563
0.741619821774
-0.0762836485228
-0.80906677172
-1.92629763234
0.215202748333
-0.440030999981
-0.0964813062462
-1.15917598834
0.690788839758
-0.322610624092
0.95530773168
0.636015752351
-1.11371721785
0.415042218977
-0.345570150411
0.435199636671
1.36738329978
0.949019832089
0.934683380942
-1.63943588333
0.356364277205
-0.422544980618
-1.95162989571
1.41754640491
-0.308889272582
0.310058984382
0.530748368276
-1.20724426044
-2.348874094
-0.962823209262
-1.35028446978
0.238451828455
0.0151233335948
-1.41675811004
0.412935880897
-0.917051796039
-0.700622406201
2.54719468541
-0.746639384006
0.517631250496
0.324193200716
0.468549028833
0.628155438569
-0.847940839
-0.138235265842
1.01332901438
0.144362543034
1.7388874689
0.508170430115
0.990199579518
-0.745142692074
0.778131055805
-1.08032295014
1.29119988275
0.6192688584
-0.175628614484
-0.523108605326
0.310521723151
-0.361537897878
1.12500419843
-1.86577363403
-1.45194668027
-1.27283357525
-0.391255733898
2.09710188182
-0.597005313467
0.0958909864723
0.361541675879
-0.425049667358
-0.640555316148
-0.395528251196
0.624537609268
-0.143122544992
0.2833904505
0.377301094681
-0.819932577605
0.787360169044
-1.14924757462
-1.84286850643
0.0734556031427
-0.664588976399
-0.113969929481
2.02131515124
0.337451985707
-0.630883375598
0.461176471799
1.69591831431
-0.316948793773
-0.296175946109
-0.486388726596
1.56577807794
-0.340465007137
-1.28280553211
-0.770514552485
-0.119079886605
-0.173221998494
-0.159718161963
0.811741801752
1.21651768471
-1.40855281328
-2.79832221527
0.348226736234
-1.01428087955
1.68908732423
0.795342556367
-1.74020687743
-0.779871193502
1.09276896085
-0.07528993461
0.379592571377
-0.945832920203
-1.43859510556
1.25364638356
0.405683527137
-0.341911217931
0.707266280835
-0.675757156518
-0.804586806718
1.22596056499
1.4570068742
-1.18821635737
2.00451108654
-0.827559414262
-0.588377343911
1.45016823785
1.38199172126
-0.549739085977
-1.49323103682
1.27710829237
-0.784046327697
-0.215740075697
0.835981205712
-0.410613406366
-1.58741967968
-0.822642235548
0.868211753748
-1.81881608514
0.583648842047
1.51751229452
0.780582905835
-0.499569347214
-0.865623035011
3.01246713904
-0.161046343081
0.852042244614
-1.63059392943
-2.28546026613
-1.45327763179
0.197562538604
0.767055025969
0.664036391611
-1.04503496851
-0.337467394546
0.628204947571
0.155011308088
0.712561993907
-0.842429829131
-0.286746980716
-2.11712243522
-2.08937022896
-1.11315831891
-0.333842803286
0.0325687760135
-1.14438717725
0.0719156261115
-1.1490106036
0.144432655904
1.97685244234
-2.54012046292
-0.749948677976
-0.0358133055813
-0.279256958347
0.578742070429
-0.036337954104
1.39740049767
-0.348716636166
0.607115689789
1.37996370984
-0.634776319898
0.650718226519
-0.0131686871178
1.26994512844
-0.930447244693
-0.323266259393
1.30968608797
1.25270562087
-0.488443609466
-2.02932658526
1.19957765206
-1.06179004216
-0.0741296082235
0.130235747953
-0.872543716871
0.287842768989
-0.672444750531
0.553230026022
1.09264342111
-0.0753004540383
0.639738554737
0.614584663094
-0.471675991225
0.300051959857
-0.904365912187
-1.36544166456
1.65277990254
-0.568466961304
0.833974491629
0.286045272187
-1.22265684635
0.180868962481
1.01096300722
0.482276665953
0.700080875189
0.633863513193
0.325669154244
-0.348318285152
-0.943614441995
0.0394236865275
0.499861202526
-0.817489457984
-0.339122152895
-0.398703829045
2.06157685361
1.44534172136
-0.856695289959
-0.992424835106
0.313800017727
0.192165046878
-0.378403672041
1.5459254164
-3.16040494387
0.598071185031
1.38175264427
-1.80960753139
0.456045087704
-1.15134652662
-0.359731376239
-1.74207217243
-1.16569378192
0.0769560503943
-0.437377451921
0.639285550322
-0.0546574144552
0.398295370234
0.995000356086
0.447208720441
-0.556341205803
-0.835135315874
-2.26123610419
1.37152730684
-0.298332046678
0.576171398555
2.37829054495
1.07373281892
0.252572835137
-0.263013560428
0.0142118054998
0.0825489898303
-1.58153282327
-0.203909492125
0.807504875915
-0.851766296986
-0.0566498870662
-0.865948865541
0.937600573217
0.325545311119
-0.821615982188
1.00792256622
0.266229230972
1.10442723366
0.650510533412
0.265221942911
1.38623562564
0.958509217353
0.237485033539
0.176100112531
0.114449006747
-2.07485855715
0.398065903417
0.88799067006
2.18801599965
0.622918121795
-1.45571231766
-2.22212099308
-0.490437333825
-0.588823052111
-0.351115149672
-0.503727985513
1.01499783745
-2.02652679364
0.988425471214
0.58366603315
0.73405784279
0.159829769708
0.547226466026
-0.395744284062
-1.00841318886
0.140048011183
1.18899698602
1.46326166629
1.00611430638
1.16174175344
-0.278619200171
0.0622697936001
-1.19374606912
0.0424325001468
-0.673835089546
0.75490872082
1.32799758632
0.693964574312
-0.338667716806
-0.213649653041
-1.34884193118
0.907486227186
0.787495967319
0.306763898295
-0.141057229049
1.10347129718
0.85828220783
1.33815285681
0.262805518887
-1.36325657843
-1.66085104785
-1.18930778868
-0.0211030637331
-1.26242450683
-0.389332897516
0.870157068448
-0.871434407637
0.0363786004331
1.25594006397
-0.935842631096
-0.871391570055
-0.62875765438
0.649962966721
-0.735422954179
0.0598252611604
0.0423289093292
0.124948975985
0.522994453607
-0.610520453815
0.696707763276
-0.562834186411
-0.0820022122027
-1.39965004677
0.0276877784935
0.752836760832
-0.542026207317
0.560033238433
0.978234319483
-0.0121135722814
-1.72064537767
-1.61962644261
-0.348174597125
2.23357510298
0.0183892504529
0.636845732584
-0.70527919778
-0.493173505786
0.768481079286
0.711248508033
-0.105640857598
0.179240047089
2.5140097477
0.0431868140845
0.242829612615
2.01107327163
2.58681152975
2.81306698078
-1.14202897088
-0.283586574991
-1.99795427066
0.516306300858
0.237283275492
-0.567906544036
-0.0183168767384
-1.25408457941
0.000374567987533
-0.175284596279
-0.296499889562
-0.880013538101
-1.33872906019
1.9721271264
0.480392182525
0.789158997764
0.530481920686
1.3719025821
-0.118314365202
0.277855746582
-0.0873026764962
0.80441712654
0.611889253484
-0.225686250499
-0.428172500698
-0.938125871053
-0.213653817703
0.604717621549
-0.107965503561
1.34976140363
-1.42589046799
1.57408525185
-0.920705981862
1.21127203167
0.424516483146
-0.380920551638
1.3352552746
0.70105779557
1.47001162953
-1.79664778554
0.789723777701
-0.974600055239
1.11076890702
-0.55033117272
-0.0366638032054
-1.71237854092
-0.677051199804
0.68482091441
0.0541005111369
-0.160265137943
-1.34283262639
0.51440617544
-0.752387431469
-1.12940902008
-0.115164027724
-0.353001304643
-0.617271462434
0.246741215786
-0.300952136123
0.139016951669
-0.0201148027051
2.1091926018
-0.882837699568
0.218504763723
0.0546696164235
0.135699766045
0.09507697322
-1.20458579079
-0.180240092158
-1.66083133778
-1.025638907
-2.72796110571
-0.735362376001
-0.519953398954
1.00232371507
0.158988320972
-0.0159617944857
0.667991446883
0.275663439373
0.843689611632
1.49318322985
-0.256242834502
-1.58616902049
-0.224230615602
0.0679862856452
0.145537579934
0.177372732641
0.380827333459
-0.349729639643
-1.06801638741
-0.327136566665
0.888236451202
-1.20296568073
1.21980500497
2.37926798377
1.99936757259
-0.192424114788
-0.428270280704
-0.482471457971
-1.11924290091
0.259656445921
-0.0598875368311
-1.47683371169
Score: 10