3
44
10
3
-0.594385397992
-0.669147195061
-1.24813130222
-0.757524598767
-0.256660026888
-0.557325684987
0.71718420836
-0.0938987389284
-0.808006180749
-0.0598111563844
0.986968194539
0.392105277794
0.185479881772
-0.339361202751
0.104464354805
-1.15464971483
-0.344954888385
0.58044018706
-0.795492145591
0.26793741212
-1.59756020593
-0.113388095161
-0.0850059699221
0.542320012751
-0.337451043003
-1.94439911748
0.337440248427
-0.958249083992
1.31117109961
0.841836207646
1.79102841534
-2.4927614174
-0.934114168117
-0.815404872432
-0.223775608195
-1.4640034452
2.04431111886
-0.607934161919
-0.280230694259
1.56502545006
1.41038244805
-1.17667694787
-0.964272973808
0.768301503559
0.0541179855889
1.28457099199
-0.909195491201
-2.03498760308
0.376573402868
1.04868154427
1.06702112682
0.437315245483
-0.271963196039
1.40041452869
1.82575158892
-1.16658219999
-2.81141082281
-2.18053847538
-0.43761516144
-0.0975047903953
0.0173865365765
-0.472976246374
-0.650933861882
-1.12229291187
-1.10882232095
-0.46702681956
-1.58485746073
-0.0504950135281
0.191365384139
-0.584867728066
-1.45689816866
1.41072417799
1.32100479391
-0.460287552112
-0.354296210077
0.154171477543
-0.691268871394
-0.638105346948
0.0686359117553
-0.614145093522
1.85807607116
-0.313747376083
-0.689891163466
0.421991589238
-1.15485443971
-0.596471239486
-0.657929212636
-0.182758360637
-0.626149467418
-0.879160014529
0.845597023245
-0.344335207468
1.05664259897
0.423870968828
0.597218866378
-0.74583486666
1.01388914638
-0.031672721801
-2.24163063166
-0.9215877363
1.15778375849
-0.417889841805
-1.80464873736
-1.27130068785
1.53409448602
-0.104134682716
2.00874972763
0.47042797972
1.31482293075
-1.29259568817
0.109519451891
0.0471197761236
1.44746670937
-0.203962445559
0.0613002217133
-0.710948404609
1.17806565613
-0.711065553731
1.62316313866
-0.947237163661
-0.566495357473
-0.419605940998
-0.215464429155
0.560934299788
0.846189666278
-0.397999141139
1.93680968254
0.401928923965
-1.20967480957
0.633329763665
0.0805507242675
-0.454416340231
0.260015507199
-0.462477374861
-0.383078157784
-0.466621302613
-1.07466637527
0.450416633964
0.88717289179
1.1769040198
-0.775259395404
0.596906180878
-1.40907888836
0.686160325437
-0.608527989012
-1.15980890762
0.395028078449
0.873542446769
-0.321158505456
0.375493477361
-1.18791119823
0.59062933795
-1.67500354401
0.648088779956
-0.364253241471
2.01275229261
-1.34452505423
-0.425570056516
0.328495229263
1.71970448659
1.16636849948
0.44861117659
0.256006463112
0.286490882798
-0.963755674149
-1.16075228826
-1.98454988254
0.18238697668
0.385868354565
1.26508158631
0.827581788679
1.08860810859
-0.0922109529972
-0.234736964909
2.63438651098
-0.245643429317
0.464788365124
0.785842917869
2.14058158873
1.53839032893
-0.0459426310623
1.7651422806
-0.153613734548
0.121480698479
-2.21409999177
1.17703540245
-0.426825853234
2.00303653097
-0.497155415324
0.644118668733
-1.7371248965
0.869757118015
-1.54065959712
-0.494055443686
1.66989333444
-0.0498202184292
0.0170374087919
-0.0768410601961
-1.19246998204
-0.469078387046
-1.0518115628
-0.812553967427
0.935090352081
-1.42485718451
-1.02432953774
1.09545974845
0.503808471778
0.518166596981
-0.544256868427
0.304450933172
-0.941056807473
-1.94312135496
0.255886249274
0.821234529823
-0.421973663517
-0.687994113297
-1.43582901667
-2.36242671589
0.368046307182
0.648960271917
-1.2180143509
-2.31726704845
-0.315288902114
1.64003713665
-0.24188728284
-1.23666762205
-0.35002896546
-0.833953345367
0.120345925855
-1.06789529041
-0.463514943121
-0.293796394464
-0.832363882641
0.745519628211
0.117651797249
-1.61617465007
1.21523497347
0.148790010528
-0.863929636337
-0.511393170275
0.448422533742
-0.422596956643
-2.91990204838
0.749382051181
0.0347502478294
0.356001103666
0.548572391624
0.276060858309
0.9474895429
-0.0665601767053
-1.39254287299
-0.587402630741
0.725913007476
-1.07377952416
0.0474170992986
1.5409742635
0.742209449983
-0.334744477145
0.208982313641
0.222048203826
-0.592585281347
0.254708786357
1.15858034866
0.0593518025394
1.18003997617
-1.26619504516
-2.14955990556
-1.64965201884
-1.39556289219
-0.144635350286
-0.299686803032
-0.0552389996729
0.0589108435046
-0.654330094303
0.339240910624
-0.393090289999
1.13284147095
0.197382120356
-1.49743699328
1.56068414913
-0.355366928607
-0.240557861833
-2.17223160729
-0.880452381743
0.496032934037
-0.503952721402
1.06751935067
-0.0453459191719
0.570141015193
-0.865506174136
1.4647079842
0.781366690679
-1.52710213383
-0.505355046988
-1.11032824961
0.707567850071
-1.07007747558
-0.380151857846
0.447550013211
0.861277879707
-0.317741899229
0.123791191571
0.325345493092
-1.33270425507
0.0384854644046
-0.230563822136
0.0257972088506
0.46534685995
-1.37173757078
1.35169204548
-1.1588648623
2.41019991627
-0.860567213766
-1.74794388503
-0.0314400458834
-0.0764467573201
0.04840228891
0.598886839296
-0.289683420798
0.878030790199
-0.300116384825
0.441422847288
-0.214930450529
0.421137872749
-0.247934071258
-0.326614266133
0.480952873872
1.91588008161
2.27512171242
1.07315192498
-0.501294383934
0.387208322678
0.150520525656
0.0631201676842
-1.3916825471
-1.11631049137
0.345006442669
0.394304584646
0.556552126999
-0.512754496374
0.180362685161
-0.486938938573
-0.368330541935
1.7113741837
-0.827746802924
0.0609381297197
-0.565739413964
1.0954028478
-1.28459750679
1.31609927554
-0.0537494760754
-0.887437558212
-1.20223284677
1.15266236638
-2.25599571158
0.400241569916
-0.299414099181
-0.351657037517
-0.300436131676
-1.5583829056
0.533044215644
-0.223543971549
0.0144474862776
1.89087059229
-1.43846867396
-0.312715000241
-0.299228942271
1.08537126123
0.915311491243
-2.42435818618
1.26783392796
0.0520440948388
-0.48328424298
-0.816288143597
0.609532600517
-1.46034312574
-0.776743017462
-0.876961172441
-0.236752269213
-0.237695232398
-0.439134371937
-1.93570073669
-0.657062435066
1.23909230012
0.359749040524
-0.450759137621
-1.35669306008
0.421946017983
-0.518728395278
0.162288426775
0.536461649943
-1.80780544932
0.0509055821494
-0.0868677406093
0.728611574631
0.892076014648
0.569428517948
1.81534299755
-0.55299351999
0.744933522744
0.322538002044
1.61712464951
0.893780177484
-0.700504455357
-0.736394535612
-0.210309889266
-1.26784130686
0.688514485024
-0.62432198277
-0.250104146313
-0.0896937185625
0.667086658019
-1.79647713382
1.13045204653
-0.151930325653
1.09098992115
-0.0411140621464
1.12586142597
-0.609115026996
2.1679751081
-0.606410551599
-1.14729913008
1.43077203967
0.418786040477
-0.993444698242
1.2069665005
0.802528556238
0.0595541210276
-0.630067339562
1.56515529431
-0.0865392853065
-1.75355835078
-0.493148998877
0.132736798408
-0.662786402271
0.245078783345
-0.00658402135669
0.0799242154452
-1.33060330996
-0.507503683931
1.01596450741
0.173912956155
-0.169065670468
0.0182913073499
-1.19302546509
0.378330924789
-0.722833928627
-0.352767164376
1.28457232667
-0.193085304403
-2.11877587556
-1.32872752252
2.15076098022
-0.860828488521
1.17631962925
-2.78914993046
0.014549768555
-0.711916935945
0.0970278619473
1.59368051043
-0.0887621508111
0.336491571974
-0.938732284191
0.848333691547
1.67299857588
-1.49569372316
2.28936203496
-0.604317795335
0.741313128877
0.560967150636
-0.877747998882
0.45078406107
-1.27183989715
-0.71642671617
0.103293337058
-1.01003298553
-1.53753253186
1.0807743976
0.883680916738
-0.00135131706329
1.07566177642
-0.324689803804
-0.812785959617
Score: 21