3
44
10
3
-0.742857869835
-0.64518947411
-1.24784201082
-1.05296371811
-0.093651400063
-0.589602032264
0.77767241446
-0.0838271044412
-1.04412423778
0.00538022358544
1.13605137951
0.516726327951
0.336647259681
-0.0225198380588
0.188198179655
-0.995286861676
-0.507259674437
0.376767722865
-0.709720380347
0.25611365931
-1.49573416319
0.1011328389
-0.110749001091
0.618509144009
0.0684558732368
-1.80502721287
0.427467523439
-1.19098055389
1.64714497562
0.79350950985
1.79131115442
-2.46427602793
-0.814079292738
-0.877876208513
0.0169355594069
-1.11023423791
2.05625720509
-0.685636782449
-0.0930141147318
1.73749446002
1.60877247888
-1.28147053423
-0.972358316178
0.713328529771
0.124525694372
1.1971760517
-0.832121003832
-2.43205538267
0.276723462976
1.01298572467
1.15644525178
0.478918986416
-0.00519966831471
1.44372411946
1.77165325532
-1.0190610798
-2.78543643204
-2.37745867574
-0.476578074157
-0.309871651116
-0.0841668849975
-0.416418223607
-0.603104649634
-1.18553466317
-1.00280189487
-0.487877695702
-1.6574003517
-0.0731586849364
0.0707965649261
-0.595164901433
-1.37940458698
1.2130952991
1.60513977872
-0.527389228055
-0.415655238043
0.321193623367
-0.92503512443
-0.729286414893
0.147087498534
-0.36267881755
1.81882360763
-0.228425610023
-0.463304099356
0.334320990545
-1.07213116515
-0.629628204151
-0.611848062016
-0.232306678363
-0.212794883602
-1.1148022497
0.6747931756
-0.608078874109
1.08654669221
0.203407776761
0.797311707095
-0.673477190349
0.974796937559
-0.173736876269
-2.07799720248
-1.19406972801
0.902474580928
-0.541439338401
-1.65033612695
-1.41493679045
1.43624986894
-0.0967427103255
1.68735324816
0.402216606156
1.46626480758
-1.13298659453
0.216946186651
0.0626387505635
1.21852495393
-0.489163384555
0.129133198167
-0.435925142905
0.95572096179
-0.727279771221
1.71326217986
-1.06975679812
-0.699182824291
-0.281185882243
-0.363236911554
0.606921018044
0.924692052213
-0.457437342284
2.41487925778
0.49075665061
-1.25772665212
0.632530904745
-0.183384114465
-0.344711639547
0.161086748923
-0.38696243837
-0.254117134293
-0.467616875928
-1.42917365873
0.565046189784
1.03243269406
1.44441589888
-0.622720416464
0.452528367044
-1.72623954938
0.712328853083
-0.431330492878
-1.10025047188
0.205072359101
0.813225420286
-0.0934918203591
0.420672467965
-1.50757664854
0.827659848283
-1.85800273169
0.755693966472
-0.477485239734
1.67825015081
-1.54972945037
-0.340765060525
0.276022044024
1.7998549419
1.12888775633
0.183045173983
0.1043334876
0.271857186084
-0.779000712123
-0.994715980298
-2.19913911334
0.175911573813
0.429386049494
1.35297680144
0.666191710449
1.15710678128
0.0212774883204
0.0134978329972
2.45890506404
-0.40361176011
0.311552859559
0.83620842025
2.25164867529
1.35548294379
0.00728509409394
1.86118580903
-0.142703882273
0.0419699315415
-2.08384042075
1.06312272167
-0.254779840688
2.0516464554
-0.153938848983
0.48934803072
-1.66220010438
0.798594299141
-1.6522087073
-0.535325728655
1.52018162919
-0.264069307265
0.0643866613123
-0.00798055914819
-1.33088849171
-0.325764473632
-0.985621631364
-0.842945971843
0.845337879172
-1.60937075822
-0.867813971398
1.07455323211
0.543285050716
0.649267629511
-0.626528481426
0.208674390292
-0.865456203991
-2.32962101604
0.525571044928
0.799080642962
-0.380471188103
-0.435011364593
-1.17250732624
-2.4220315894
0.541094859403
0.730579442184
-1.54637707768
-2.50048863539
-0.315479610783
1.60648421056
-0.409184442756
-0.982616479646
-0.460857162179
-0.923391338357
0.369016372149
-0.95991692336
-0.544704730871
-0.386544638705
-0.785133227076
0.561768026112
0.229802796129
-1.81735613063
1.29277302427
-0.161182804738
-1.00342906863
-0.388118356396
0.26872881534
-0.619040837068
-2.83312112699
0.731914460323
-0.278845793553
0.234243592211
0.594352389021
0.19042934405
1.1347424599
-0.259333581907
-1.3958327428
-0.951319963134
0.621294592069
-1.09944227619
0.0719475119393
1.50735874142
0.563807359441
-0.410595080713
0.305927471442
0.268721621866
-0.44597703997
0.378660452271
1.38803374251
-0.0212749329924
1.25476554656
-1.03725493964
-2.09835107748
-1.97098752538
-0.980730439284
-0.0990167366894
-0.353215408078
-0.272921327503
-0.00961285164412
-0.560012793834
0.164685915929
-0.365114660431
1.35770197716
0.0641146360992
-1.64966199123
1.71574216857
-0.343559555526
-0.376474952801
-2.27966897297
-1.18108350147
0.48228122738
-0.550697124717
1.17439569336
0.0805000719572
0.784105089094
-0.745563547294
1.68028760937
0.852715511926
-1.34926726745
-0.461336596252
-0.955619822029
0.454835477798
-0.95216782385
-0.0449806606567
0.833060284232
0.676247317436
-0.228955255385
0.0778740351804
0.0451184651745
-1.50137762476
0.259745425372
-0.35745268955
0.188977639838
0.537498248675
-1.30027267222
1.27123386484
-0.82366991988
2.64839990868
-0.730557364634
-1.60756414326
0.196147670223
-0.142935725007
0.0108343981423
0.869232579458
-0.323826398473
0.981361473726
-0.131951790676
0.520592433025
-0.247951338475
0.530270966107
-0.291475193387
-0.238645298424
0.319035708096
1.9587917362
2.45387718821
1.10421888285
-0.445262713088
0.0892452728798
0.158807172318
0.108361480969
-1.14870446002
-0.953930978033
0.633464886668
0.437459246467
0.744202690739
-0.458331253201
0.176334914649
-0.524143614681
-0.401098686047
1.78549148104
-1.22394426878
0.364070026749
-0.293610492434
1.10172381825
-1.33303733786
1.66494305937
0.104044129669
-0.765371011847
-1.26097904443
1.25415678785
-2.32236441865
0.264750616743
-0.548725132756
-0.290739369973
-0.431755802279
-1.76716524676
0.623491287155
-0.461133424731
-0.0398430568157
1.93137248755
-1.42016464972
-0.265868710483
-0.545403570487
1.08536087676
0.898810099554
-2.15437040254
1.11486711364
0.380281464188
-0.282361557071
-0.356222413185
0.436063058931
-1.4970529523
-0.526391698777
-0.756563790808
-0.310838063618
-0.329315273524
-0.767950927382
-1.87349671475
-0.671981672567
1.26143858214
0.262561706188
-0.681744617134
-1.3087881967
0.1415612837
-0.704047544339
0.238472546912
0.402615914147
-1.79603629606
0.278658055669
-0.128271273546
0.79171889147
1.19222889645
0.754725483665
1.69732642434
-0.609284379032
0.802485944876
0.232017253613
1.63017827388
0.764439701037
-1.12539709581
-0.942870395305
-0.294996187152
-1.09101237811
0.797416322209
-0.720088499389
-0.388181876817
0.000304379662508
0.303500165653
-1.63989291428
0.920810703512
-0.105605585638
1.06731908253
0.102098569372
1.29966063966
-0.653812631094
2.15276845655
-0.469806900451
-1.00464022884
1.2035527311
0.199028793411
-1.01244359719
0.895948479429
0.881636372357
-0.0459874435057
-0.841943041257
1.1330292171
0.0511505620141
-1.71493766156
-0.387345275301
-0.118178585343
-0.518042281798
0.252598738131
-0.0116962520104
0.304866276481
-1.07745931287
-0.369232604325
1.1680954138
0.0473015858632
-0.15013254693
-0.130686949583
-1.13600074522
0.392844315423
-0.419021910144
-0.555607542829
0.946024802721
-0.151326053107
-2.29580412277
-1.39112650395
2.07102728376
-0.41238552119
1.09324581912
-2.60610095279
0.0892934299249
-0.853968064468
0.00153086791118
1.48388895654
-0.120930310889
0.278747464309
-0.986552886136
0.880177817746
1.91407674894
-1.46805531267
2.11996831048
-0.563644454448
0.301746909353
0.564016867832
-0.96733569802
0.381021565601
-1.34482162067
-1.03539421069
0.00220314484239
-1.15963275242
-0.907866309223
1.0810079611
0.779766647421
-0.0200897340173
0.918533591446
-0.478275716815
-0.716226998759
Score: 10