3
44
10
3
-0.580653980724
-0.639160457485
-1.45590380388
-1.00227482936
0.0306188835718
-0.592899604495
0.770914567177
-0.0175140176037
-0.975240266707
-0.0742342629185
1.15747167939
0.505993103487
0.255931044151
-0.33081769255
0.197000253939
-0.856987089387
-0.533692981052
0.26410298583
-0.846105567645
0.343969535055
-1.61794103961
0.0495739105618
0.0291444817385
0.614421525192
0.153793229342
-1.89614104605
0.385679187698
-1.22062566843
1.63059423474
0.840066528631
1.44401607025
-2.40621588028
-0.820921621863
-0.817607995208
-0.070020502225
-1.09900042719
1.90324408472
-0.659167499502
0.0358914459132
1.56671973059
1.4886391785
-1.33214600689
-0.901564598948
0.744586659767
-0.0856441798447
1.1208887767
-0.926344774635
-2.12566513796
0.143394809372
0.957711941181
1.13802239145
0.405609156643
-0.0910719468463
1.26213230341
1.88498263214
-1.04506793755
-2.87205016021
-2.35011801456
-0.427706415414
-0.286227308501
-0.185473764401
-0.75881097138
-0.653693038402
-1.12698906938
-1.13875231142
-0.63537247341
-1.67067167501
0.0931308698177
0.133450574385
-0.417435941052
-1.51082552579
1.40848145865
1.46206653078
-0.620033636468
-0.54204147507
0.225891096134
-0.770192547054
-0.653833372791
-0.0583115747974
-0.273119164533
1.75259944326
-0.278292828858
-0.544436776715
0.514981472997
-1.16659048097
-0.641077395331
-0.526504916495
-0.178249674885
-0.133041174799
-1.07626516271
0.533221425152
-0.592838512801
0.852282727604
0.385588210163
0.802200010191
-0.785286157512
1.13243592839
0.00636610843626
-1.97614873821
-1.11405227559
1.0575200789
-0.435506851067
-1.75544491234
-1.28951856498
1.32198822974
-0.0150863402166
1.83839649541
0.492838519225
1.53166893709
-1.30744426988
0.212386939221
0.0683479975339
1.39109154947
-0.342287841198
0.223481646541
-0.589036116946
0.895024863184
-0.887070415329
1.69844287668
-1.10582085451
-0.971443536344
-0.378578809991
-0.354160798938
0.625884433244
0.734045807157
-0.534336088239
2.3193876244
0.488997145657
-1.17752070146
0.520666141661
-0.0781856828664
-0.461422255282
0.193510533616
-0.460086855631
-0.422820156665
-0.507515635288
-1.2107034869
0.533000377313
0.940698973006
1.3172010162
-0.626576661277
0.700789751527
-1.62137924795
0.635651593214
-0.48050238928
-1.31708336163
0.50283237723
0.744673053737
-0.106266124058
0.285320627295
-1.6345976383
1.03279340353
-2.1442336015
0.675820341691
-0.426724630243
1.71162217208
-1.35162367345
-0.320770012007
0.400513950871
1.71210880714
1.10811905402
0.374486678428
0.2011749424
0.187252220384
-0.727995671877
-1.1949968597
-2.01771333494
0.127164299431
0.418526251941
1.13193689943
0.815505827124
1.0112798576
-0.00391320780042
-0.13435062197
2.66551740414
-0.301459295223
0.16948315785
0.779696514868
2.09477758948
1.51366115888
-0.342069162649
1.95166900899
-0.372996583232
0.0725986533041
-2.1974066651
1.18697156347
-0.213160329327
2.14505542011
-0.411627823582
0.638851467497
-1.54450757467
0.816698395831
-1.62549268088
-0.3623369178
1.55027093787
-0.0516216874218
0.139724191669
-0.197419874445
-1.27545782127
-0.228487224858
-1.21540964608
-0.679339917772
0.919542545276
-1.55921692736
-0.716664956959
0.996061549719
0.672595641538
0.463824388079
-0.697262719876
0.196833364102
-0.951630997613
-2.27414522159
0.446589400659
0.820429154084
-0.344740408599
-0.461492899587
-1.20966916652
-2.58913998394
0.619728464662
0.752608969973
-1.36827665463
-2.57147289213
-0.324904794988
1.50401595666
-0.440132073024
-1.03127591054
-0.350557344645
-0.815772418567
0.316452754962
-1.01261877696
-0.572097148336
-0.179294406182
-1.01022143094
0.495041127515
0.0164435166705
-1.74585369661
1.11318747554
0.140696120884
-1.00231539633
-0.338884478853
0.283859387417
-0.43610510417
-2.87261658163
0.733367099358
-0.0678915533853
0.463078710468
0.402323426861
0.212134518481
0.981766041349
-0.321607334503
-1.43909659548
-0.81175290695
0.684935290139
-1.15648029606
-0.16484603316
1.26272923901
0.499587528455
-0.36631829123
0.199793996896
0.258878969559
-0.522425772305
0.47779109712
1.25158414141
0.111358968164
1.13322957538
-1.050631711
-2.19377797495
-1.99930199385
-1.07034727049
-0.0355493732597
-0.197812410404
-0.260906593039
-0.0380035129069
-0.518134643711
0.186707102976
-0.401884149203
1.43277665909
-0.145482825171
-1.60776025776
1.85643393985
-0.264980230015
-0.198767134877
-2.11375984719
-1.05707340699
0.555173585385
-0.417358966288
1.12722837357
-0.0588765123817
0.536056997312
-0.903582476376
1.51699648886
0.727034474544
-1.49418957584
-0.490754413247
-0.833547616922
0.698612946522
-0.946422045908
-0.131839603185
0.72075198946
0.642073421535
-0.102335575073
0.236203189716
0.184096028689
-1.53274606182
0.304006807296
-0.339799839247
0.161548625748
0.569098730192
-1.28847026483
1.39576819341
-0.817205633765
2.57852199446
-0.670541904874
-1.67798261296
0.196780909325
-0.225310567682
0.0900072043999
0.691452772386
-0.434520535864
1.11490797583
-0.296329893053
0.367578098867
-0.313688977791
0.502842349087
-0.0150910634832
-0.260700803276
0.539210928052
1.91822801479
2.36619937975
1.116976332
-0.1837511405
0.0469122317616
0.156155149447
0.0195351979864
-1.23302835692
-0.939575070376
0.405143417809
0.233642586453
0.750094384589
-0.48299919903
0.290005740543
-0.48307916932
-0.422991917593
1.91858734519
-1.14978720484
0.3037867793
-0.363703759924
1.17116821746
-1.22856261623
1.56383766024
0.0252333430379
-0.712802038926
-1.39183213466
1.13335874844
-2.35398966824
0.507317284494
-0.440632587703
-0.379401972137
-0.423801710074
-1.48622808453
0.582475998861
-0.311181443543
0.00472805426388
1.92880967927
-1.34096624588
-0.275087420033
-0.676225336103
1.02412683514
0.904698433898
-2.28474546133
1.02164004081
0.342972325097
-0.421231716088
-0.543749519732
0.590826886144
-1.55043841539
-0.537977841958
-0.825409413901
-0.291851924906
-0.51740138201
-0.648884302177
-1.81844575911
-0.390212566794
1.24188502908
0.33911192115
-0.640466168847
-1.30195044039
0.355270750563
-0.799239724719
0.162167492787
0.523480816038
-1.5957566036
0.18785887287
-0.105914330305
0.608060180627
1.07786365881
0.728852644746
1.73746470843
-0.66669913225
0.943371619602
0.327636658794
1.61175842854
0.930824836491
-1.07609262596
-0.970197091707
-0.362466584749
-1.0335073674
0.646865801803
-0.714993874571
-0.219779534717
-0.271971116267
0.353871666875
-1.65575223154
0.932236459709
-0.0424262693431
1.13871299645
0.0518274819268
1.20131561646
-0.685739972903
2.15259557777
-0.489231793979
-1.02151991594
1.35361348918
0.0558426450367
-1.15776292591
1.01494132404
0.949888296235
0.0188849211175
-0.902097339981
1.45443047648
-0.109060824894
-1.70472581189
-0.268622376325
-0.0371490326168
-0.596487231307
0.321367895862
0.116003264739
0.267105263031
-1.07907752995
-0.171706322371
1.09631499115
-0.187982096755
-0.113626403612
-0.142376146954
-1.24553043349
0.333100095083
-0.367545056802
-0.38863728081
1.10890148979
-0.118504481333
-2.19466280423
-1.26856104698
2.21522050229
-0.538064081017
1.19677423176
-2.46665987021
0.126949599237
-0.93272535255
0.0354657419732
1.56612441788
-0.0971653475661
0.293201345577
-0.95243531375
0.96985400598
1.93348902891
-1.51452373336
2.3054513129
-0.707501185811
0.331678131356
0.457446203975
-0.899152585693
0.498782619091
-1.30884405994
-0.938144286382
0.143345915929
-0.835211155209
-1.01334557051
1.08170887391
0.965725332093
-0.0447814661989
1.09764502103
-0.297663959132
-0.979713196258
Score: 13