3
44
10
3
-1.97969647607
0.550599332263
0.0296896671123
-0.925855203723
-0.228039173775
-0.754483139556
-0.928923986044
0.730060946134
-0.155565350785
-0.248804828034
-1.74531275944
1.8534063995
-0.207869997716
-2.04176440749
-2.09207762729
1.28297675013
0.122185543518
0.231060583201
1.62352159838
0.265588723083
0.706608483397
1.4885276123
-0.59885488632
1.35418572665
-0.370350346991
-2.78438455431
0.282497874416
1.32575032552
0.524591045902
1.40679465446
-0.620195464006
-0.714112080008
1.61512021585
-1.69472736782
0.529646452526
0.306165477617
0.283815556604
-0.0953685103994
0.608030920492
1.43752992043
-0.341097474364
0.946643038329
-1.31143193845
-0.728104389518
-0.630433888744
0.12674144524
0.568773889497
1.40940134299
-0.144129367049
1.44907191291
-0.642877801847
0.757104733671
-0.0126540571965
-0.816798392874
1.22108476116
2.09957877712
-0.169577887607
0.482158301403
0.147617001417
-1.16317967697
0.265761828517
1.53560790939
-0.491524943943
0.0226013874217
-0.492006098619
1.20723208284
0.294267698596
-1.04446893287
2.28979651609
-0.541344332828
-0.0922566583783
-1.68561684346
-0.554950914594
-0.594446435765
0.27818985894
0.00257146916018
-0.705571462047
0.290269256337
-0.859394603381
1.94487005209
0.984594946565
-0.509381710678
-1.88652171458
0.536842124781
0.635115864087
-1.00662470265
-0.442029047402
-0.111506220794
-0.307716555071
1.41927361337
-0.386292954835
0.0275115370537
0.492627790906
-0.313634201418
0.0870820888643
2.32991696429
-0.945617951401
0.715405153133
0.37681451359
-0.687155937163
1.52543940719
0.32353545935
0.460504896531
-1.36145290271
0.946140958175
0.900766475254
0.279540809543
-1.46285351496
2.4666887726
-1.10084882969
-0.590791507948
0.0156284955284
-0.939074675433
-1.24671195913
-0.410230481659
1.92501339393
0.367844241334
-0.447218741924
-2.12383121851
-0.628894487294
-0.251511239257
1.77270199415
0.45793764612
0.539805279397
-0.866477142055
-0.431958387162
-0.932024620778
1.04567720523
-0.716041868979
1.15942407224
-0.563539115166
0.224766941648
0.599768029628
-0.279371661271
0.223810951763
0.444496101119
-2.08955682542
1.36029572491
-1.03617889356
0.0276536540873
-0.67163729906
1.00619561341
-0.736233380857
-0.106902146253
-0.0401912861603
-1.00974647003
1.39532863763
-0.283634248357
-1.12515136706
1.24763414109
-0.645831708618
-0.259887359833
-0.960257885545
-0.542267806485
2.49715874853
-1.66391753242
0.211059976519
-2.27567510584
-1.78142436069
0.558509401769
-1.32789846499
-0.762817304675
-1.62900738025
-0.0458907287684
-0.651325590274
-0.335484330129
0.301792186054
0.902370036535
-1.08080713383
-1.15368171949
-0.514346378847
0.821464329255
-0.123096573603
-1.38482174259
-1.04137971992
-0.006281981917
2.0441698935
0.942287341761
0.629461558269
-1.09725465719
0.279694922159
0.780495742844
0.679950727085
-0.256344570484
-1.33189377878
-0.288757472384
-0.406382519426
0.219023766122
-0.646475565205
-1.22704489603
0.597047964042
-0.0557674210206
-0.0958864994985
0.819111834765
0.893640148276
-0.298473047345
-0.818141133059
0.369035901561
-0.773948267194
-2.11898303818
1.44323589377
-1.18515917316
-0.496714291499
-0.420980480816
0.874842817983
-0.155519930047
0.219421434075
0.949137831121
-0.781871483101
-1.01227755333
1.50086268477
0.32433577377
-2.3066245982
0.375738630553
0.0503718699237
-1.23941756261
-1.13480111858
-0.221575953342
0.500311333143
-1.47768513191
0.38213552404
-0.307282886522
0.355032510291
0.430822201083
-0.807322671801
1.74154984195
-0.454220055804
-0.8549832825
-1.45741687716
-0.403735507956
0.168457965173
-2.07743344641
-0.894327282788
2.03553564817
-0.804189780203
-0.75814062452
0.0282550430563
-1.51923933819
0.509919744529
0.123745748193
0.921678374638
1.0796633709
1.24928665777
1.10951733785
-1.23400526897
-1.06366519918
-2.02873773262
-1.33925090777
-0.425665114363
1.23476711461
-0.80747327437
-0.031596339599
0.32771352755
-0.908125180297
-0.246468477087
-0.0973079460411
0.594549455889
0.688141942475
1.07774359894
-0.277859146555
1.05366317041
0.295991450273
0.782307690276
-0.296480351769
-0.444093356941
-1.45293420277
-1.43044430593
-0.323839359232
0.0636668664468
1.34816598288
1.33538997881
-1.4202398699
-0.665170805283
-1.33486718536
-0.89349777844
-1.02959868781
-0.203252813198
-0.996179613224
1.24022329945
0.795798141471
-0.784952750896
-1.21841462115
-0.959918562547
1.01618800767
-1.09412764803
-1.52404636226
-0.714430287623
-0.746607748311
0.315291378494
-0.500432180152
1.59264667793
-0.791687081097
-0.456282093281
-0.423121396202
-2.46953169654
-0.315485169949
-1.46362264903
0.682529899141
-0.323899010136
-1.89411524631
-0.495262166204
-0.76480726464
0.113196568751
0.196232240937
-0.551840429743
0.876023720013
-0.243415679908
-0.355573683777
-0.995386307964
-0.799378202725
0.385841660138
0.199092918796
1.81179567644
0.343201805892
0.5587258576
-0.423247845292
-0.106109215763
-0.54905190606
-0.802422706655
-0.169716403348
0.556975165573
0.00806678607248
0.724619609421
0.634939953988
-2.0348027232
-1.74768056595
-1.71493633243
0.965534837453
0.382461307525
-0.370500854828
0.757101026186
0.351933501799
1.43525878984
0.275606830102
-0.608874359635
-0.318193666197
0.940840717945
0.471813136201
-0.473562347705
0.822552520093
-0.161099206132
-0.826503317702
0.361617578316
-1.15785300489
1.34079672985
-0.487861715032
0.439353723258
-0.0876858210951
0.704342122985
0.703540903362
0.167604232528
0.462424139929
-0.479073600267
-1.35917489661
-1.26244577761
-1.24515769459
0.137878978048
-1.04725675739
0.354193849678
0.0138603833647
-0.546766602327
-0.31968588199
0.495239716756
-1.8717697388
0.340580121029
0.961233619304
-1.38820526464
-1.85681776799
-0.314382059268
-1.14454150028
0.989303651356
-0.96011656103
0.734248676322
-0.237344532281
-1.38007877532
1.44547759073
-1.61851420492
0.171011693612
0.00259767160916
0.232006911266
0.25384471426
-1.6403310688
0.0971574590569
-0.669625129538
-0.623182293139
-0.773160857377
0.610782987072
-0.623615820205
1.15292421789
-0.822240331512
-0.0117720842015
-0.89108372482
-1.2439044157
0.134756734236
-0.812787339366
0.540198947783
0.915855618441
-0.42551341762
0.87206047802
-0.574386951398
1.92141893013
1.42581774575
0.76548699206
0.539153663527
1.36859196078
0.262058897804
-0.154034326551
0.666750582836
-0.915151377788
0.348680045997
-0.267583565132
-0.117662738332
1.6028388965
1.46476376371
1.11499219926
-0.498018455488
1.01936634394
-0.461892596279
-1.67319961823
-0.804129605295
0.964511528544
-0.214733977482
-0.461362126505
-0.108772591278
0.235400540391
-0.746545169383
1.96652028514
2.14323062434
0.213459749728
-0.0170957240462
-0.738738252059
0.397216855376
-1.17736901636
2.41441172221
-0.0662674835838
0.031165004501
0.689900666294
0.259393848884
2.34127503296
-0.399612636371
-0.339988264067
0.421257364122
-0.164251470093
1.35291286841
0.129068561561
-0.0745646951395
-0.48355893933
1.48394191993
1.54305101146
0.233876858132
-0.560897429662
0.940315390709
-0.895136770505
-0.653082964219
-0.846608500321
-2.12498253941
0.153145941969
-0.224391087882
1.66186749075
0.193087176936
0.412254570023
1.29873240201
-1.21282234808
-2.39516253166
-0.704214843556
0.490506970321
-1.21094869026
-0.830701930541
1.0911933183
-0.669581887549
1.06269767179
0.057293350504
1.03936656859
-0.138001011979
1.21479635191
-0.692202881512
0.852508438053
0.388684985459
0.0205796142513
-0.338730429535
1.17285095464
-0.15767660038
-9.22037899452e-05
Score: 1