3
44
10
3
-0.750811505951
-0.742253240061
-1.62000137216
-0.819747191456
0.0477082382673
-0.525965590546
0.651048654963
-0.0685415436149
-0.99324230488
-0.21769615445
1.11572793628
0.275805382094
0.320646306894
-0.40147777143
0.0979262139911
-1.12144339022
-0.562765950906
0.321434101287
-0.819207230148
0.239961805696
-1.17224367137
0.0142399027497
-0.183288278463
0.524400800044
-0.0703598828661
-2.05066174816
0.393945666958
-1.06812716896
1.42282079242
0.927726364027
1.10287307457
-2.46147746698
-0.919799280381
-0.667037933654
-0.0834788750217
-1.36759717206
2.09604860542
-0.845775421215
-0.132494197934
1.63587983483
1.58252218166
-1.25245150741
-0.774513593134
0.903631073222
-0.240149582516
1.01875159715
-0.5635027764
-2.16434667164
0.410987038988
0.898716082963
1.05071461292
0.504108883184
-0.0102361544237
1.46104812282
1.59574360138
-0.823090310626
-2.82720571791
-2.37081039123
-0.272353655256
-0.321391401394
-0.258615091082
-0.470211567806
-1.06327287653
-1.00469283683
-1.00883837712
-0.367636597424
-1.64239060942
-0.122929732857
0.374300868892
-0.695420618819
-1.51513606505
1.24704672231
1.61526276721
-0.385996000891
-0.487834693549
0.388658050654
-0.401248717897
-0.774755179054
-0.169888602712
-0.258734478594
1.86706902082
-0.24983573123
-0.35224861637
0.207724748334
-1.03469020772
-0.895708584799
-0.364801940517
0.0574236027221
-0.183451618862
-0.89319507177
0.651072654151
-0.482116254392
1.02816609141
0.355113289353
0.565159734557
-0.495704747388
0.790120455567
-0.175032865662
-2.30091384756
-0.851413129573
0.562081050668
-0.388251124464
-1.67119107356
-1.31238191658
1.84489895502
0.27985379541
1.67039708756
0.53292771613
1.45952688168
-1.27049289175
0.185821332248
0.280533029366
1.36275278934
-0.361947716178
0.24600855312
-0.462580337085
1.25487782424
-0.552094323641
1.7370144946
-1.05562694111
-1.01992937701
-0.533273206524
-0.496085288173
0.0582843836616
0.945649355606
-0.555974451541
2.08913639221
0.354735520036
-1.41844448032
0.675828480298
-0.0737634086218
-0.423940882611
0.291291805777
-0.310065726962
-0.110863184444
-0.550684197759
-1.36627587065
0.705111858465
0.914913493154
1.43126715978
-0.706125861646
0.826485535638
-1.52631481134
0.433357554585
-0.400803702736
-1.39124602736
0.465535383625
0.726052592889
-0.0280353388696
0.416806985905
-1.47918470039
0.754028952961
-1.83904433593
0.796173437084
-0.601719316209
1.67007664223
-1.2664033223
-0.395469042579
0.438293647324
1.81108387034
1.13789331276
0.33010629104
0.0618330518232
0.412850524033
-0.61884144501
-1.23621986392
-2.20814466157
0.516730699223
0.506225337238
1.20398313265
0.71469951727
0.958045507891
0.156331039398
-0.034958617551
2.68072353422
-0.273044155367
-0.017520496138
0.840964808787
2.06621695176
1.63059129527
-0.0342172177686
2.05886791536
0.0864483313766
0.15117387646
-2.06568875071
1.22986227987
-0.120135436829
2.07465448896
-0.12660276506
0.792461996673
-1.43948472992
0.746346854438
-1.65250981829
-0.23242893755
1.2597768646
-0.378199842521
0.26173095006
0.230303282032
-1.37180379636
-0.432800141474
-0.78104346197
-0.756220443172
0.689229412607
-1.49989702661
-0.686700961711
1.02803728854
0.760617041913
0.277566594197
-1.05110188495
0.333313572814
-0.869579790151
-2.24509553852
0.385414661516
0.790752744012
-0.538388738429
-0.592834414872
-1.31397238891
-2.1342725185
0.434990093389
0.263968544364
-1.30956326771
-2.5036769678
-0.669513962127
1.41217861618
-0.476342665491
-1.30362073363
-0.646580224754
-0.791614545413
0.235411030544
-0.869771208228
-0.549917712015
-0.143726710888
-0.905585336594
0.573057513721
0.14784748563
-1.5086033889
1.77017586944
0.325998064226
-0.749457624931
-0.309669218356
0.357346129023
-0.533519884139
-2.90820179516
0.82374123868
-0.269858582325
0.0941275144585
0.667288218089
0.174630865941
0.683970197934
-0.352621892609
-1.61946375415
-0.882580881833
0.526875077347
-1.13212972768
-0.103137343164
1.27229101889
0.697423980927
-0.402838533638
0.142625496587
0.27800803695
-0.655806880381
0.0829110622985
1.01304278025
-0.155632639551
1.16667495584
-1.08216276894
-2.29281005735
-2.05053252295
-1.45514682777
-0.385127569967
-0.29428634171
-0.349699385042
-0.116112622207
-0.538138276497
0.32216699946
-0.431905139281
1.32833717925
-0.155291409847
-1.47056060032
1.52382573897
-0.130802506174
-0.155074683136
-2.13751353449
-0.862575969106
0.693743472339
-0.284836182529
0.927546366012
-0.20497271478
0.366023221331
-0.868223333354
1.62941717223
1.06235966061
-1.54851572627
-0.361772496238
-1.18076791025
0.839671860962
-1.08668753125
-0.272399673381
0.727264442417
0.492000995405
-0.0864206083457
-0.120133472103
0.204138215467
-1.23558971771
-0.00680505108306
-0.0788118758757
0.0333431655
0.640726087767
-1.48070075061
1.25823341912
-0.806135254215
2.45612713907
-0.696172135384
-1.7342377319
0.348294426902
-0.195875662006
-0.0148518074559
0.435633853834
-0.201288055701
0.830971105091
-0.246357116652
0.59535799515
-0.266051744281
0.591328637419
-0.331546780257
-0.509710258376
0.534914017953
1.84859896899
2.02246510533
1.03135035277
-0.685639452609
0.288718452437
0.144621201004
0.143688117863
-1.3007789941
-0.921195092899
0.64534942546
0.420112885423
0.846943494211
-0.528086874726
0.0495639732601
-0.425137374969
-0.290047716462
1.86879915323
-1.08625009066
0.429314269582
-0.294177057946
1.04168353468
-1.05934098055
1.54858874746
0.13670570794
-0.77105593354
-1.28382302696
1.20379060294
-2.15776172194
0.276788030694
-0.670868106636
-0.18564937523
-0.431776021491
-1.52894687441
0.630624355713
-0.36677712216
-0.214715327542
2.23188280854
-1.57740140344
-0.270981727239
-0.498277866744
1.03004524327
0.796971709206
-2.28917514983
1.01681606687
0.259556732471
-0.369536387302
-0.293896688433
0.381097118387
-1.773824009
-0.715547211609
-0.834184533638
-0.245435989978
-0.421364238944
-0.864302239544
-1.7958451149
-0.440971329796
1.1600802654
0.4596352968
-0.247877312681
-1.08375400932
0.42686567541
-0.633609395923
0.0362746669812
0.475710674487
-1.6957596372
-0.0671647664468
-0.155172795752
0.693368448628
1.40698055009
1.10569519236
1.9370453914
-0.635013519276
0.893729211612
0.310100044937
1.74611899135
0.924624373408
-0.864235864708
-0.905484759331
-0.387749500854
-1.14381110946
0.692903352782
-0.447585030425
-0.0743705290499
-0.106080879037
0.263853223022
-1.37809193635
1.17562478669
-0.280124915879
1.20020850409
0.0437293563171
0.926163733679
-0.70972436463
2.41688732425
-0.555896057145
-1.15196764035
1.09578886323
0.302858543022
-1.00186911454
0.980079331054
0.731568412737
0.109696597662
-0.756171727079
1.27909577268
-0.206526395367
-1.38568668058
-0.139394674785
-0.112933999603
-0.537505513615
0.161215051071
0.149872725932
0.0343952739368
-0.873996767961
-0.409094558903
1.1497430442
0.170461544329
0.0935372074689
-0.0466690487983
-1.31322522695
0.20579934795
-0.653970959756
-0.45958735939
1.03574574843
-0.0980117134723
-1.90574826379
-1.45869670075
2.07201664813
-0.66999481938
0.940384798132
-2.74339102556
0.132836686527
-0.790421647137
-0.0200554123179
1.52153896788
-0.0673547855228
0.470772845226
-0.941729530349
0.835635157035
1.69590591168
-1.43294225576
2.10712163801
-0.521210266756
0.582571976633
0.40574808794
-0.856246060404
0.751095946274
-1.13718666317
-1.0138419763
-0.00872101588469
-1.10752644108
-0.874519205037
1.2498690967
1.11331721113
0.0519105808767
0.729505895132
-0.29378614679
-0.696266656609
Score: 13