3
44
10
3
-0.7770020258
0.454817905852
-0.501512886911
0.998330893778
0.118990531663
-2.49675367762
-1.658109423
1.39739544174
-0.776790943585
-0.0271123722323
0.235275648141
-0.942039186825
-1.50737811524
2.3115533134
1.08371870841
0.0034106554224
0.529245596439
1.07565848481
-0.0186520144354
0.302349237083
0.202044056884
0.977206167361
-1.11764607055
-0.340173611307
-0.806997998203
0.0574083720443
0.0684507398925
-0.921270888823
1.14821909088
-1.66295136632
-0.298696003623
-0.551905440427
1.97345406866
0.344172913458
1.5206958705
-0.52743512896
0.755341027522
1.66123330061
0.52391590713
0.498670653176
-1.30141204227
-0.555429205216
-0.993110836429
-1.20826557368
-0.184260021291
-1.07100418076
-2.01798022111
0.409292092937
-2.03592130908
0.455238331803
-1.92797702918
0.844976977458
-1.37469271163
0.603134235555
-0.0581073257502
0.211095436196
0.135297377652
1.35105309204
0.950593611899
-0.86086975526
0.0654917154581
-1.97466538668
-0.608802934714
0.14526146645
1.42230976335
0.370150717147
-0.0849004877827
-2.09844435171
1.27815522415
0.105473538289
0.0471797106937
-0.266072460039
1.79968658402
-0.252842832804
-0.687059071482
0.602120523573
-0.862339912844
-1.17772567965
0.239987293633
0.734370943096
1.9103314952
-0.281186726679
0.457358606355
-0.0439931242499
-0.504480022803
-1.22326999325
0.0568127649646
0.174849713201
1.83832650033
-0.112716828651
-1.07630182554
-1.00736412276
0.550627913433
-0.0987651944154
-0.0239815107446
0.406097488211
0.0702238521573
0.490435578173
0.0749963962312
-0.252484332849
-2.01753034763
0.971446375371
0.873026247507
1.45415520246
-0.387080543423
0.475686454782
-0.308543465927
0.624942177135
-0.3800008514
0.363247839354
-0.129902573345
0.430959477716
1.62690513977
0.408322825452
1.23257067748
-0.788402273854
-0.639837767892
0.65953976088
0.159011217295
0.976423396935
-0.560280198711
-2.04847220473
-0.794283893913
0.0796910719805
1.44762611844
-0.353916028577
-0.380355205328
0.987070143947
-0.103961344413
-0.506525269785
1.9040650862
-0.568430954666
0.289108426161
-1.42497728105
0.835286066086
-0.950535656093
1.39033529584
-0.262755939843
0.113283723681
-0.846988881056
-0.774462192953
-0.939469455215
2.15665936698
0.836310462924
1.43654130949
-0.242133648763
2.35936237335
-0.689124162708
-1.37798899689
0.253607117954
1.8062890251
-0.431468885433
-1.00974797809
-1.13778693002
0.0943486387023
0.890757098745
0.446814511973
-0.545855494243
1.46141775176
1.02549785753
-2.2194108088
0.813659932312
1.24976377132
0.159433918288
-0.747274122451
0.366117689256
-0.530118180758
-1.65172442535
0.120024370491
-0.1504588384
-1.19625700325
-0.671318157756
-0.287883142987
1.44852491169
0.723884744238
0.900741245469
-2.24014449735
-1.65479829059
-0.918678183627
1.2422185014
-0.989810645996
-0.231320644126
-0.754392428295
0.499669120697
0.328405732911
0.493441704662
0.512922537118
-0.649927659779
-0.648524322744
-1.31314949234
1.80794502643
-2.45929587392
-0.494896519369
-1.49163527669
0.0880083792012
1.68687242857
0.291834490921
1.15848074304
-0.0394057470602
0.789585242853
-0.296340975716
-0.5938664501
-0.562321039349
0.0672287267222
-0.274096203995
-1.78234587143
-1.28992605566
0.219422906544
-0.252436201982
-0.0680247931504
-0.37596577185
0.915364657627
-0.368291886011
-0.513430929248
-1.71278240052
2.50455382656
0.749535776756
1.15628546992
1.06272771905
1.37422494073
-0.0671018014177
-0.629377107419
-0.925987968213
0.84811814943
1.95293874063
1.20462867432
-0.589768506167
-0.51896641414
-0.143965691454
0.45848010847
0.840499360629
-0.102999257812
-1.36547123423
-1.41814208185
-0.303582381752
-1.30980948877
0.213401128667
-0.39580753954
-0.342452099111
0.150291727451
0.875142211304
-0.102847809496
1.5794501209
-0.757767183277
-0.608146985173
0.218808431556
-0.0260307365156
-0.0921072223673
0.406546139925
-1.32967135322
-0.948868723188
-2.09368014407
-0.69866748629
0.474183181168
0.796504381831
2.03231397762
-1.00112314624
-1.20176494247
-0.850524310376
0.970768614199
0.557886856178
1.44425339986
1.42497852514
0.0850149714431
0.50051462123
0.999398292971
0.0495229122303
-0.138613243145
-0.999762171098
-0.914514271329
1.30411956367
-0.408359826606
0.142377273609
0.508681572678
0.353180180443
1.90787105504
0.0557233196343
0.840769566824
0.91944805226
-1.28602058666
-0.461224332392
-0.403691913059
-1.50482000837
0.61653291129
0.887951963024
-0.652383095982
0.855311858061
-2.08610142888
1.28403372048
-2.62999214996
-0.21250142824
-0.107402573875
0.745895110714
0.630172156964
-0.0682694006053
1.46689109282
0.92692923567
-2.74897764327
0.532546874146
0.574374020892
1.04868136643
0.208956564323
1.700135398
1.20866245107
1.26525996931
-1.16808908503
1.39603353724
1.91872977317
-1.46163268797
0.286944749045
-0.896317780125
0.0467497986102
-1.03114051535
0.148931244003
-0.234571695576
-0.650117183337
-0.3283508535
0.368424297087
-0.124113900903
0.970329194043
-1.10922718945
0.296476624308
-0.425945007906
0.293168299869
1.91361991334
0.699293129686
-0.0787104672443
-0.911974392339
-0.677821877281
-1.0012468411
-0.845131869586
0.737520775425
1.05703662026
0.673660532737
-0.723259576839
0.188831703079
1.63758115147
1.30465301242
0.520634134526
1.30670760904
0.263537403114
-3.59885860811
1.44277863461
0.346814015943
-0.378832475915
0.549521947961
1.41782084948
0.604208817092
0.551070299022
-0.107707751626
2.2398470339
0.185066490138
0.217931681037
-1.26139966533
-0.436113732909
-0.0473162852859
-0.358955709137
-0.658723247334
1.69999970169
-1.40115490292
1.59870625451
1.23948916565
-0.783519077986
-1.58956337172
0.257676193043
-1.52964231369
1.23027062353
0.67782988154
2.25985612699
-0.728198935853
-0.399614118302
0.0607015945524
-1.86878447319
0.268095729536
0.231640236963
-0.0225987452811
0.167102317631
2.19482417773
0.931676708477
-0.595482286632
1.52793862061
-1.79573281306
-1.12175725925
0.254980764731
1.24576672197
-1.43640841273
-0.153036865298
0.93481257406
-0.223086821909
1.09788619692
-0.77532928363
1.18544756765
1.26779303031
-0.471376322812
-0.10854273064
1.97506347519
-1.1043167357
1.22295610424
-1.42430283755
0.0415757114777
-0.232049553139
0.912006682496
2.19284968098
0.659395655361
0.821592635988
1.27311037583
-2.0753639693
0.108936901871
0.534414744102
-0.882378017544
0.949798936958
0.312070742691
-0.328644341244
-1.98546556433
0.298825184529
1.57157992544
-1.39814799439
-0.432321195596
0.671731892161
-1.28033732096
0.281744519396
-1.3117237489
0.659065923783
-0.145815545692
-0.563360381854
2.20784307975
1.39084468555
0.387997601238
0.0511823839995
-0.210738904128
-0.491090715993
-0.942349441313
0.432435334824
-0.398936771816
1.33258409604
0.68073036823
0.137958859069
-1.152272616
-0.683351853265
0.605053258395
-0.691892740661
-1.72113046148
1.41389700208
1.3874106209
0.619184563335
1.80198051627
-0.0524532073035
0.574289502041
-0.236109528194
-1.71920819266
0.584736400234
-0.538401094281
-0.198411073902
0.0794221555108
-0.0118581546546
-0.988014413279
-0.362072342046
0.0440242014322
-1.72039049358
-0.332638703534
0.0263232212253
-1.08475529324
-0.351567156458
0.275455725284
-0.343187309283
-0.0204253739448
0.2160630264
-1.49545876205
1.39815313922
-0.372975996942
0.674069112872
0.56552717261
-0.396099517799
1.99620206281
-0.133330739241
-1.39607409022
0.200671113173
0.773767527228
0.953574789938
-0.261202255996
-0.336183582737
1.47367385978
-0.315142184254
Score: 1