3
44
10
3
0.710423269316
-1.1549255308
1.79557706168
-1.01383121623
0.258343432146
0.17104530804
-0.205386465118
-0.0703210968413
-0.780299842785
0.85004897568
-0.615020058278
-0.219460085568
-1.65304450304
0.563755603957
-0.331220821982
-0.870145973644
0.544325326837
1.6053274864
0.611105788073
0.845470243537
1.30648068383
-0.817836779661
0.418547074587
0.539876244146
-1.02271197699
1.24797294385
-0.365708621887
-0.333626840603
-0.834434961682
0.267999743725
1.559446969
-0.382629243299
-1.98961025068
-0.773119115125
1.26390156952
0.186204824093
-2.3668597013
-0.626891994066
-0.0710042605202
0.305863442248
-1.63322838714
-1.16491122556
1.6369876476
0.443845999582
0.115358363758
-0.0750726242429
-0.360101858149
0.341565842448
-1.2723658522
0.314435803298
0.383304832655
-2.41912627407
-0.277406639088
-0.0994210639641
0.725506244696
0.217160931467
0.980852390273
-0.679984318434
0.639641977128
1.00039479568
0.571674813194
-1.33973487786
-0.831278363507
-0.177701660862
0.348513936118
-1.20758936333
-0.483606814922
-0.785507689763
0.691443128775
1.62171115363
-0.0999106768965
-0.703914859862
-0.417256158566
0.714534488279
2.61085294809
0.411318706277
-1.39443036951
-0.536432761397
0.728383535405
-0.0149358853565
-0.433014260797
0.8327003362
-0.621478406053
-1.34347739904
0.727828308513
-0.612306437216
-1.60002184906
0.134433169885
1.86498879015
0.543031642118
-0.171741065843
-0.799128654043
1.22492011708
-0.190363515636
-0.309435456339
-0.85092926947
1.5694253574
1.05911744458
1.33893150816
-1.36529335896
0.417448810276
-0.04763108943
0.40971562783
0.487866515526
-0.322446329193
-1.15235349422
0.562594181437
1.55040617272
0.692276934336
0.0289273902444
-0.111514568034
-0.32108577202
0.180749355929
-0.278220551929
1.44598274048
-1.32611514491
1.49196295017
0.265578633022
0.139902500941
-0.00417523695614
-1.29578112159
0.0458003387252
0.637553777609
-0.148450919213
-1.70317010332
1.62370875433
-0.576152270632
-1.31398762178
1.11327892917
-0.506032632718
1.00148803603
-1.33845355424
0.675999530971
1.09736476727
1.2186188069
0.117003955672
0.277356882182
-0.751935561781
-1.45320838442
-1.76178077056
1.27990096696
0.316445292293
0.338955713971
1.01911572844
-1.12738463751
-1.26111803839
-0.875519309956
-0.677641564274
-1.76926720786
1.52557245792
-1.37205237224
0.888098012444
-2.05378696766
0.35344349234
2.36947782732
-1.11872336401
0.168455396592
-2.18495221152
-0.79685654335
-0.411160068014
-0.890052446121
0.784663309037
-0.678305201728
-0.369189596969
2.01347638426
0.953223683816
-0.342416883071
-0.145923741799
0.722336800843
0.910591962217
0.367531410498
-0.106363698418
0.731082238425
-1.41176896096
0.0833845982018
0.748488305199
-0.194949552749
0.536012163763
0.909867676362
0.634698314563
0.977066782375
0.833184448118
0.625228877184
-0.442974237208
1.0787816087
0.324034574328
0.659727662935
0.831145527007
0.181672278019
1.36108062441
0.295400284024
0.176318111365
-0.273165736274
-0.781845400085
-0.455080085014
-1.96855785255
1.06385268807
0.573942285752
-0.363999284526
-0.158376009271
0.244979093196
0.576794873302
0.0261480492164
0.78464301393
0.525808818529
1.25509022821
-1.50011915128
0.0280498488804
-0.829753817349
-2.30581968861
-0.869522665225
-0.258192261477
-0.0327752912602
-1.42989976496
1.20800869027
1.01572307513
-0.96412217108
0.686854645147
-0.789507608345
-1.15386004735
0.0429999676109
-0.310744472946
1.61580631666
-0.386599204862
-0.4530583413
0.217412881905
0.428890385105
-0.656254905749
1.10139973081
-1.68948809298
-1.30768944468
0.0882398964154
1.29863229967
-1.47999832988
-0.982427782293
0.678052575961
0.64732317595
0.471651507282
-0.187829102092
-0.904595085205
0.387163729003
-0.514905758862
0.169520144486
0.801421989863
0.553299778363
0.0685180001472
-0.701926235169
-1.99874688567
-0.189566310516
-0.124272717633
1.21029482393
-0.454069268591
0.681080707426
0.608198371378
-0.505840468512
-1.91497125545
-0.0152206678148
-0.785312094144
-0.0114006451889
-0.0163305235772
-1.33507876065
-1.09933763216
-0.181743850407
-0.199974743443
1.05279526676
0.394966006193
-1.94521014044
-1.58085142449
0.391599485877
-0.442700008067
0.620309565945
-1.28842762126
0.65399347629
-0.417774775357
0.0352981180496
-0.0809339555596
0.574637589236
-0.537452864618
-0.967558853712
-0.153788553004
-0.362511313739
-1.00288661933
0.379530579414
0.858900732015
-2.39089164686
2.23519082014
0.621920426649
-0.693412366214
-0.0677002379395
1.24434686707
0.625267992406
-1.29803846119
0.383521352629
0.929797891512
2.97166780331
0.120002023643
0.337853555609
1.09380132977
-0.679051191754
-0.0436689685935
0.862661681978
-0.923779585788
0.363349755678
0.954245832956
-1.46999735765
0.511803031434
-0.185792554738
0.268733497118
1.32201349764
-0.827127279723
0.811197189627
-0.332822517455
-0.793267149867
0.975150145927
-1.39425806318
-2.15941091426
-0.652656871972
-0.652967417611
-0.951736618605
0.334223266479
-0.866718182703
0.833096387706
0.0185681288501
0.608034435506
-1.00698702526
-0.610360691613
-0.354764531273
0.29407340597
1.42237190297
0.143412697004
-0.160268008502
0.19303312421
-0.441194002466
0.572688211851
0.73211845002
0.347673174098
0.421768330545
-0.476598512517
-1.25531476856
-1.4466426135
1.59204250796
-0.368617337491
1.12991189728
-0.43512950292
-0.473270935464
-0.749599574453
1.27204630865
1.06766884032
0.356421083875
1.06471400061
0.807627853886
0.384344228119
0.315801978573
1.54395801232
-0.0899799503273
-0.967480384977
-1.88547360572
1.46708837379
0.444556564463
1.10185696156
0.697241882601
-0.266741038392
1.62909466
1.68335323563
-0.485268550487
-1.3874725995
0.435751625571
0.15785992537
-1.57960705206
2.25099683038
0.652182212468
-0.148134742579
0.58984213258
-0.360027498896
0.479944493042
-0.296657908405
0.0587363731057
0.637422545374
1.74482159637
-0.749515578484
-0.455313096893
1.16626212889
-0.385265281684
-0.194043713824
-0.158920281338
-0.058322307186
-1.68991952154
0.201971400536
0.758419560136
-1.46965383732
1.10819412426
-0.291162199603
-1.17337823536
-1.82018437356
0.577857513653
-1.86932004216
0.040611942034
0.864386879533
-0.570152969683
-0.372136582422
-1.47655785835
-0.582936445427
-0.559370758995
0.156104165909
-0.306471715551
1.42957611787
-0.510168848939
0.688494115348
-0.593296989245
0.00818583702629
-0.701829240688
-0.38609774015
0.42864980402
-0.395331100195
0.395558736344
-0.39175705239
-0.0131069953992
2.18401132156
1.74587388843
0.1321321652
-1.27090225756
1.76706830946
-0.0263997134264
-1.32961398214
0.304315915974
0.0263324989161
-0.13532161669
-1.23959245691
-1.60086741605
-0.440666169721
-0.564721061395
-0.0829953193282
0.0204057979792
-0.0975355310255
-1.01357795698
-1.16291175633
-0.0820967449459
-1.84752547291
0.323719696942
1.33467129053
1.74605735774
0.0973501050688
-0.538745405959
-0.983540326439
0.0417352070712
-2.06620029405
0.198766263049
-0.568549310777
-0.798976214457
0.389686154599
0.450387399777
-0.180306519292
-0.469293787899
-1.37976572044
-0.2146617975
-0.481541310187
-2.07450525178
-0.0591591844176
0.456323190045
-1.87329799306
0.828901888299
-0.687673996585
-1.23215845329
-1.66289784005
0.045773597672
0.290049670817
-0.459930456031
1.1070335679
1.08681138492
1.15874723786
-0.48122869422
1.72209932033
0.979467052805
0.479556025486
-0.487002700307
-0.114899201882
-0.378816470399
-0.776022423549
0.0533772602062
-1.02254438865
0.83780148452
0.247165508629
0.350486918019
Score: 1