3
44
10
3
-0.0354283105242
-0.0967467700405
-0.138581571461
0.960518718015
-0.876505648409
-0.0673132877837
1.31099506215
-0.0141149144034
1.32430884105
-1.66789051165
1.42706430975
-0.617930042626
-1.04981507091
-0.264422058571
-0.891941327274
0.0450927936844
0.573276143953
-1.06358267274
1.49934252513
1.1044956091
0.474246372438
-0.0136536468264
0.170032566404
0.877001053171
-0.0828539167092
-0.0228578746482
0.518018265219
-0.603413664041
1.43810643198
-2.37841780723
-0.0887451402986
0.35010492603
-0.531474858957
0.482089503797
-0.959945264639
-1.24982233935
-0.300179594932
0.392705957512
-1.24777043109
0.718816479581
0.219495527189
-1.2230412268
-0.181641729591
-1.01415827084
-1.55978573698
0.499888799007
0.709988122743
-0.889739767725
0.941994383656
0.381082576826
1.0953519333
0.149568712035
-0.348294200318
-1.57352519414
-0.239128464542
0.16403339774
-0.211647386575
0.235974413235
-1.28909092376
0.482416145145
-0.0492081287994
0.932341299911
0.65816613155
0.865721338915
-1.62213589396
-0.637357162747
1.42977942165
0.128241618975
-1.87934228314
1.46321731497
-0.599998454516
1.61098645248
0.0281656895917
0.397971678583
0.557386287527
0.282399072999
-0.587996915911
-0.587446010485
-0.741935484559
1.12870572788
-0.797765545822
-0.0199381559369
0.232987306586
0.998659038203
-2.30119147719
-0.0316639176624
-0.139378381444
-0.364973474295
-0.400572843664
1.76960710737
0.701227818443
-0.295989653821
0.630609388852
2.19074220267
1.06262264969
1.32944437654
0.205598874623
1.36384751404
-1.54839627633
1.03770170993
0.80507487085
0.223244622411
-0.176198696893
0.327212438954
0.572381157755
0.111829671705
0.084437915034
0.0717876741744
0.331550112111
-0.769654922563
1.42573964632
0.721776474578
-0.65620335602
0.00437428146088
-0.40114649319
-0.143272215392
1.25645193133
0.962049953273
1.15623776551
-1.34315353885
-1.52908483827
-0.453039245799
0.922794166871
0.0668964221313
-2.56656885191
0.46809219777
-0.0129115396088
-0.595415266659
-0.727049091378
-0.520714149475
-2.35898368662
1.08762854353
0.855911904788
0.247650984217
-0.799919159069
-0.19474289256
0.327083161493
0.686107550424
-1.46364587871
0.947806382663
-1.88027573576
1.29401193137
0.0344436766662
-0.48309806949
0.515908497176
1.07237115381
1.52694139835
-0.772607836355
1.05924780304
2.25628744801
1.6133312255
-0.78915529243
0.721173156604
-1.07338808642
0.0771043681295
-1.08580968215
-0.555015323859
0.320998047874
0.94363770404
-1.12060394428
0.616342933769
-0.304430933894
0.355616738268
0.611277963588
0.441597289672
0.459316511591
2.17105042545
-1.34925031765
1.15935305349
0.258892441147
1.09066453538
-0.833297695878
1.9420112298
2.42443367294
-0.0455374861734
0.386230675754
-0.141106933704
0.0922177326634
-1.65283317038
0.758109886443
0.105792462659
-0.863432158094
-2.20208487863
-0.79028653231
1.21069839376
-0.621710645684
0.773388518202
-0.808121761014
0.666223426556
-0.0748612799598
-1.77701614469
-1.38499299427
0.887511104135
-0.189741234498
-0.620652394507
-1.69220820484
-1.66770334379
-1.68541757324
0.22438718414
-0.896997387525
-1.06666105549
2.00942721393
1.26309872922
-0.758639901496
0.0523249736856
0.579721689095
1.05301388217
0.779363236457
0.0287573012242
0.0451860274875
1.29318325839
-1.13446898171
1.70647219072
0.794102424593
1.64835360615
0.832755143398
-0.123361936343
0.343360178415
-0.406795799262
1.35697111232
-0.383473130881
-0.931959419194
-0.264631099715
0.40908817361
0.898920387447
-0.140786840866
0.128604971241
-1.27352938562
-0.507131387635
0.352523291445
-0.933191879215
1.73632273255
1.35372252699
0.457704753316
1.03086601407
-0.107942948285
0.952774370171
-0.616018264008
0.392172187303
-1.35827996931
-1.01968649957
1.68288776873
-1.14883802143
1.95725419258
-0.144014028765
-0.636431713076
-0.431239327443
0.69822464115
-1.03840361692
0.927024100989
-0.76626615106
-0.653047314531
1.13985716937
-0.154049875577
-0.14816248558
-0.193288323863
-0.189759403917
-2.23192076503
0.575999713829
0.997109661418
-0.93001814043
0.429043585512
0.794945564184
0.162075496608
-0.519584566441
0.375083597164
0.494702052866
0.606824380845
0.0572805627076
0.352057639594
-0.160954336121
0.739183440238
3.22242795662
0.193638925869
-0.364305301729
1.75825499019
0.599598254517
-0.0232577100925
-0.113194220332
0.860580075575
1.23890210237
0.72680427284
-0.377965463855
1.81074575458
1.37800476618
0.525103467524
-0.656164280351
-0.438560429842
-0.359390530112
-0.542044637267
-0.986916764957
-1.03988868668
0.717197623437
-0.944860891202
-1.02159217496
0.353854229926
-1.22750320973
0.335257592542
-0.204521111087
-0.113392169655
-1.96833869773
-0.884681676395
1.61468860028
-0.642715804328
-0.576346786859
1.65425403043
-0.881601094575
-0.353944014338
1.01687061877
0.859676794754
0.75496899497
-0.00353453217989
-0.827877107713
-0.824985725024
-0.834321504472
-1.44093643125
-0.348362935019
-0.661318344568
1.46076475012
-1.31614052394
-0.476615686843
-0.965022722364
0.704572781182
1.75594087518
-0.167518912235
-0.309485092092
0.454020011742
-0.42785737163
1.79743016496
1.73082378861
-0.191092811185
-1.45129568248
-0.985015710839
-0.0422382755155
0.147821288796
-0.0820805777473
2.28411777207
0.566820403823
0.146969399717
-0.8259189738
1.82418841236
0.473361155131
1.34078341584
0.30696295079
-0.532268109253
0.051336695683
1.22076956571
-0.76837495047
0.619966938673
0.490989247999
0.432893588027
1.31174639832
0.270284743364
-1.92627893707
1.10259482494
0.812425745532
-0.302379051726
-0.828873785128
0.4822630989
-0.20704901081
1.55403813122
-1.12366456861
-1.40789224397
-0.457439658534
2.82771778184
0.86600425538
0.709980118743
-0.800303364398
0.98384706424
0.0656024938172
2.32253791196
-0.481957001361
0.718453646272
0.527152361725
-0.799814722411
1.69971932033
0.796193266689
0.781680449263
-0.849107840298
-0.811009164632
-0.440624334274
-0.723201143761
1.38899563216
0.494494056169
-1.19708923119
-0.104437189847
0.276099947946
-1.45403179816
2.14729675213
0.226941605828
-1.25840442394
0.717679805128
1.971765503
-0.675422412241
-0.638836347314
1.3441694914
-0.497348353262
-1.42094423094
1.5045047167
-0.246752782512
-0.190128003511
-0.706036363363
-0.171523352124
0.145297023108
-0.494838207581
-0.775492437575
1.9056224702
-0.703287273833
-0.251867616568
-1.52364118307
-0.405901086336
-1.3284384161
-0.380345933982
-0.269016448443
0.0824489643051
0.461385879831
-1.07035865427
-1.21286703896
-1.18020067982
-0.00817321450139
-0.285223021809
-0.548509069977
-0.584070780259
2.02780229711
-0.59644490873
0.940111029625
0.761703449006
-0.506261994027
-1.59334895644
-0.206181446703
0.319448323456
0.53379479068
0.0959829738774
0.509030248562
-1.09285734032
0.261614170383
-0.27539768939
0.398900970675
-1.43469132899
1.65188534119
1.30593580015
0.686470896113
2.20970117753
0.866890749428
0.590247833762
-0.231401457655
-0.460798839967
0.542376511006
0.472158239201
-0.800646062244
-0.136712587365
1.45018138141
-0.610539342236
0.634960021254
-0.869898299865
-1.90723915966
2.56618016269
0.864355595072
-0.236118563249
0.0418732332265
0.334300532392
2.40568447291
1.52342407381
-0.23860665697
-0.402970500492
-0.966388962568
-0.527494599181
-0.102136000018
-0.0467340133962
0.130194030778
-0.542805116662
0.218589071292
-0.0653001394238
1.14757252525
-1.54278100348
-0.0330957063087
2.06042120589
-0.703770770489
-2.903118916
1.4854195337
1.49956890122
-0.0582954730309
0.598890245163
Score: 1