3
44
10
3
0.00534300354193
-0.715724426071
0.925126827747
-0.366570626286
-1.46285223856
-0.344312350975
0.200633878118
-0.366863830722
-0.904627175523
0.0817013603016
1.48966073653
-0.195904644203
-0.436420638988
-0.356754661832
0.429192220883
-0.348833685688
-0.649280347923
0.343431012248
-1.74581688646
-0.546613137126
0.607771732484
1.24544837208
-0.212533356496
0.79832762553
1.27334356578
1.41433876042
-1.0595045073
0.562480547864
-0.115898822528
0.0626874636067
0.99275623476
-0.0176628748319
0.219449100561
-0.205240870915
-1.04695433308
-0.557809677027
-0.459966744028
0.506046344061
-0.0301723048838
0.10002499275
0.818220578233
1.51223896822
2.05505617006
0.676119741661
0.0925577031831
-0.588752645891
-0.514930413268
-0.658334097158
0.912060041296
1.72425110707
0.434338916437
-0.925403095796
-1.55132548024
-0.316844635727
0.926923475997
-0.055534808498
0.829508252436
-0.104906005549
-0.735066688149
0.356291940093
-2.46290690451
1.68811220558
0.557812357441
1.59166840635
0.17092805049
0.382548955007
-1.86411142758
-0.0422502335615
1.50166191397
-0.18175344292
0.0787262692573
-0.586942853037
-1.18894984332
-0.284790107915
0.329672702988
-0.227636487527
2.16066002596
0.446778783953
1.98396804619
0.520813849385
-0.068921626648
0.0142918254472
0.725753004393
1.55084980103
0.93379978115
-1.4893201165
-2.01027971171
0.91143480177
0.107111883728
0.559461866609
-0.457078142607
-0.126952276848
-1.5609236131
0.02971178883
-1.39576364188
-0.107322951176
-0.59933909531
-0.646758082089
0.0625695655627
-1.45046380593
-0.973788718228
0.0315239011921
0.628779511737
1.9360521281
-1.53011271947
-2.01301856555
-0.423488284572
0.821453044598
-0.34218115601
-0.00808417908027
0.63866200699
-0.978871212477
1.15369814156
0.564625218473
0.231953630781
0.939455945479
-1.2270314095
0.292455170456
0.28821166298
-0.245288431184
0.0355410985112
-0.220539244135
0.583496292022
-0.933776659538
-0.95581271892
-0.41806478243
-0.34861163592
1.13750008317
0.983360764966
0.043176769411
1.10602693511
0.281260707383
-1.07670373657
-0.242257247081
-0.779232479999
0.138133349862
-0.451219742108
-0.349407217277
-0.111047916698
-0.426903024277
0.102001307027
0.282970747467
-0.681877455991
-0.617707653305
-1.38124861613
-1.3097464019
0.252854719461
0.29604018919
-0.551363990813
-0.0156804577402
2.57586332557
-0.539243579084
-0.332871562121
1.10900748938
0.0749760397981
-0.17059695151
-1.92323499284
0.643678671672
-0.519571468328
1.44211442536
-1.40061912871
1.107426121
-0.0752008764982
-0.248733974224
-2.32994906191
0.533953706549
0.11640133547
-1.09267309946
-0.18718253911
-0.925210085568
-0.677986862656
0.448120755564
2.63200548656
-0.122618364402
-1.81409001127
0.07933722291
-0.854891563501
0.0801806800819
1.42481822053
1.03498341361
-0.365990998855
-0.543287669797
1.10013016057
0.798656128246
-0.479071282341
-0.113245281369
-0.18672495212
1.27054707047
0.239396299474
-0.299351641793
1.54623391996
2.02218452049
-0.269306227138
-1.64225600153
1.20496760368
0.104092086475
1.70233090448
-0.926231928227
0.179963859129
0.75965584284
0.282445338267
-0.847623032949
-0.548867989333
-0.26737956879
0.103582003791
-1.96665575647
-0.808938645444
0.252793085397
-0.465727182817
1.40513816311
-0.177156168087
-1.5154386059
-0.906769443261
0.431590641608
-1.29218420412
0.429736643481
-0.560522318913
0.378572148582
0.481489757007
-0.454439790946
0.447658854721
1.4555442425
-0.811372744114
0.938002966519
0.852359788876
1.16788619999
0.0229300594633
-0.638127746335
1.42539205296
1.06039760282
-0.666872455395
2.20013130514
1.81065015878
-1.61002204035
-0.849122143406
-0.777157191487
1.55995518802
1.03926410245
-0.718093094057
0.194846632573
1.52918014029
0.270883205369
1.19254977847
0.549538413962
0.8738816239
-0.492555869426
-0.132068298635
0.299427255028
-0.74564273483
0.143950742559
-1.24573115065
-0.481046959122
-0.515645773909
-0.157083641354
-0.837276605035
0.775641773009
-0.123423329447
0.473296325115
0.40679135567
-0.310467995045
1.66418532614
1.05720406198
-0.668002146865
-2.01047731251
1.7919523616
0.86952769139
-0.470551769743
-0.898294337538
-0.269469158603
0.66698811372
1.40130280147
1.33797321285
0.400133911921
-0.535969427336
0.913405560668
-1.10715446339
-0.3598405768
-0.407221724927
0.150852557477
-0.842788396619
0.741173752691
0.0255731085627
-0.483534402769
-0.867485495227
-0.204008727734
1.52384670067
1.76307081066
-1.47674588334
1.48047205931
-0.469812186518
1.2134828495
-1.2019540576
0.458653247738
-1.06997470508
-1.79670947617
-0.804801726351
-0.322964820659
-0.521153141415
-1.05480645004
1.66262357365
0.537967300405
-1.38237741209
0.859983428943
1.82428230157
0.567301612142
2.08642784672
-0.794003068514
-1.72354251398
-0.559690966567
1.17354936951
0.27401212393
1.93064490754
0.392266028778
0.288401903001
-1.00001370931
1.4407855477
-0.425978695989
0.146694098412
-1.04695759606
-1.24630610957
0.760677186213
1.54348634452
0.190078655309
-1.22519242187
-0.136368646447
0.390833580563
-1.42449707209
-0.206149260674
-0.991206927187
0.76063781842
-0.168805525111
0.611591342579
-0.665871430074
-0.740493969747
0.924988011098
-1.00371835239
-1.06689580661
0.390483550636
-1.3009810669
0.190879324122
-1.82337830245
0.0716067973324
0.458787109533
0.782157948649
-0.374514188986
-0.478573013686
0.395564975104
0.0983479506469
0.54006385149
-1.32794756681
-0.841552708306
0.53994971512
-1.47812380404
0.601830533174
-2.2576414528
-2.35183332203
0.252658932511
0.196339429012
-0.751971161213
0.0741417644725
1.147539703
-0.203551600914
-2.04000945016
1.35093152051
-0.636779658494
-0.744093213107
-1.88771379336
-0.477901164587
0.12062298479
-0.506731524291
-0.824908609078
-3.34394625101
3.08174859077
1.12705268758
1.00482368548
-2.46316428409
0.529736022084
-1.15341659406
-1.02750071908
0.412582486804
1.3194202952
-0.958133245404
0.906537196604
1.11647577063
0.588781407191
0.138719387444
0.693346196358
0.536495527787
-1.21280715763
-0.74736312375
-1.00933539807
1.4880769483
-0.966373995378
0.562909966368
0.326810450966
-1.45613146546
-0.036959381785
-0.459503964159
-0.667969430224
0.00752918771491
-1.10154301498
-0.146209937116
0.431558724024
-0.836897523528
0.850580041625
-1.3694299235
0.398304597443
-1.93296281604
1.76530915677
-0.895683572862
0.892459444732
-0.314886389648
0.313477184473
1.32682783928
-0.567510537299
1.31975584784
1.35977187394
0.156350034269
0.136709525561
1.46811118635
-0.678079048777
-1.95562431451
2.51740268956
-1.12892892528
2.66855544312
-0.728590818367
1.54228489036
-0.712290267861
-0.635567870071
-0.690553698722
0.260425805474
-1.16560494646
0.244954453359
-0.747514968069
0.197926241314
1.85484849111
0.635473030329
1.25095343111
0.397497761909
0.508603690599
0.979515301658
0.11652699082
0.0608073075144
-2.08171168534
0.0642685682984
-1.07815605996
-0.837316067576
0.550324212505
0.475811705698
0.42203133926
2.52697127817
1.72778522135
1.00701827771
0.525093000722
1.90870874292
-1.28386252432
2.20508923881
-1.39446906838
1.2285730514
-1.61720709947
-0.0963221445633
-0.259008443997
-0.440288597697
1.45449677667
-0.456834824803
-0.745133004645
0.0466895018679
0.104074147067
-0.16603248926
0.539272726626
-0.0420376250353
-0.322399479287
0.975678378052
-0.246481009049
-2.2231824504
-1.40366235607
-0.956566382523
-0.895382768286
0.836401516759
0.438143946636
-0.704930045521
0.142467911425
-0.0773969189192
Score: 1