3
44
10
3
0.151116642981
1.57333245462
-0.332868827455
-0.855615537931
-0.44325545401
-1.81744795225
-0.00404195714932
0.531420015866
1.35221924191
1.65418334977
-0.972262589615
0.73316288937
-0.244915743724
-0.642339281154
-1.66449419725
0.00737050133331
-0.324781676878
-0.0561888822679
-0.849467862896
0.799293041613
-0.393905705224
0.772454478903
0.432823110468
-1.1709478067
0.494250549986
-0.388804799258
0.400811638625
1.25859595981
0.953867246762
0.995436716393
-1.74131865467
0.545267746763
-0.460231933055
-2.01402647165
1.32717954542
-0.329310572962
0.0349750298694
0.514788180759
-1.26668861815
-2.32924486109
-0.870985182027
-1.45757437532
0.0641850199022
0.243687112996
-1.4933107987
0.344553343726
-1.00715271013
-0.944080182698
2.43788624387
-0.777250796896
0.43522149122
0.350314152784
0.306102429124
0.943209399106
-0.969117791866
-0.206446882243
0.868363657063
0.0506661231915
1.65651291276
0.410013593691
0.909743448503
-0.891628975515
0.559093901111
-1.01650130683
1.31670086245
0.530028373238
0.0148552262736
-0.7844626313
0.404010669685
-0.308904890591
1.30587755921
-1.66233516234
-1.48359844758
-1.25427323175
-0.581224289691
1.97068844431
-0.559956138047
0.0540170695591
0.459986806388
-0.363643348809
-0.561542013496
-0.529270436835
0.749321491722
-0.137046643869
-0.0220432610762
0.0956895026984
-0.810992183855
0.812023035835
-1.03226147601
-1.73582686147
-0.181714543257
-0.689654420974
0.00975754051956
2.04562009885
0.13562881579
-0.739837467917
0.570382854348
1.60041127122
-0.433728049356
-0.219924650205
-0.337165715438
1.54328451799
-0.353276226792
-1.12739290729
-0.751239286594
0.0994560889195
-0.355849911601
-0.235874834968
0.864835992306
1.23059456834
-1.50364531808
-2.70789150913
0.450148546997
-1.12862917623
1.91277209336
0.724471542893
-1.64013236405
-0.838728496437
0.946774279591
0.000361975688553
0.381063674452
-0.687176935421
-1.65747407172
1.25104225005
0.424952587774
-0.331168351779
0.568282996245
-0.581516069784
-0.846564985035
1.32215321106
1.51604629261
-1.28816499617
1.86919769746
-0.837990670936
-0.349889532841
1.36570727492
1.38376717989
-0.532418413071
-1.51277700693
0.868953030675
-0.906400937192
-0.0309775697786
1.13975793412
-0.215717998382
-1.37441343802
-0.942430821708
0.95080292335
-1.79570644287
0.834636039486
1.60009638974
0.689110527845
-0.577823293057
-0.957709449799
2.78113357037
-0.218189402848
1.18152286147
-1.53227247071
-2.39861166063
-1.40915057955
0.40771224418
0.636895784355
0.60106322047
-1.11709014526
0.0288607066871
0.81866969704
0.0555032721316
0.785737257528
-1.23738247042
-0.153260301877
-2.06915268303
-1.85828290104
-0.762682252863
-0.58933072173
-0.137383681466
-1.20015219326
-0.0379166921535
-1.1782775655
0.0540111775198
1.98443143367
-2.47059372084
-0.73284206256
0.107418389523
-0.284984692901
0.861578749407
-0.303026048237
1.56690221103
-0.433917278307
0.276234774208
1.46429842651
-0.633061277822
0.645555313299
0.273828815937
1.25412878253
-1.26342026833
-0.439648908586
1.30909080607
1.21933134152
-0.441718823241
-2.05231831581
1.20045888855
-0.882841224221
-0.0204167239315
0.13572178573
-0.819043287846
0.146781050113
-0.606482361704
0.507225026516
1.27393103132
-0.0696850921213
0.655722491064
0.653998337881
-0.585768896048
0.109889786143
-1.10462143399
-1.36582933929
1.46463752395
-0.563813810911
0.915114198034
0.311614372983
-0.96912862055
0.0875918654675
0.815083606144
0.61214644549
0.542395566286
0.961003703361
0.426319087822
-0.431986087203
-1.03402734266
0.186483168581
0.489621802853
-0.945890618997
-0.47381856543
-0.410428584627
2.09189512934
1.66369968147
-1.02031784125
-0.856800287565
0.489753624484
0.354716786736
-0.332981099365
1.43330794555
-3.17244926282
0.808355288563
1.41886124849
-1.65297224894
0.669293979151
-1.03032200079
-0.114961369412
-1.70714287175
-1.16836877441
0.126031719074
-0.431223424383
0.870162508582
0.123155202976
0.421591111864
1.00249575241
0.472441204557
-0.533113756712
-0.812049947344
-2.21647054452
1.41545209204
-0.262306117259
0.413091093212
2.72121114668
1.31770220242
0.314142194609
-0.590857837813
-0.0364864197276
0.0864951097306
-1.60533759439
0.0877424870621
0.716053833607
-0.684984346921
0.222330467223
-1.00603916904
0.98661736986
0.359422918984
-0.521339292685
0.767114610923
0.257245348251
1.35832053913
0.502538266555
0.437708845642
1.16301444081
1.06477305265
-0.11473279494
0.254484532484
0.0698448002058
-2.14637135723
0.253873690597
0.945376936113
2.15098066677
0.648104102387
-1.17529066443
-2.31080269003
-0.415584539458
-0.729524582333
-0.280691895612
-0.436872231549
1.13078629027
-2.20694044917
1.05356061142
0.556864006294
0.703578770837
0.401613328427
0.480355723375
-0.203203894948
-0.984423602978
0.24385679578
0.921513345281
1.45400357013
0.837254211266
1.06876953879
-0.300554892145
0.117640038215
-1.01882162217
0.116211825579
-0.475456548418
0.770166708067
1.25822068216
0.337753206655
-0.369090252386
-0.426889073575
-1.33419510244
1.13664124673
0.45453059901
0.449122936752
-0.236657578663
1.30022815336
1.03911327104
1.41697606412
0.26954595907
-1.36588090029
-1.47027563348
-1.38771842218
0.00547681274375
-1.45943867468
-0.448169800903
0.94380436604
-0.873165929511
0.00340334364637
1.40197405936
-0.753040990736
-0.815165659435
-0.658411676108
0.478898562546
-0.478153682541
0.00248750389097
0.136483783295
0.0852836029721
0.584429351097
-0.483335473582
0.541032272861
-0.308556873084
-0.0874631811049
-1.49826073251
-0.188639722061
0.660701288284
-0.447281710846
0.422074622097
0.94560546723
-0.239721602101
-1.53316785007
-1.39106539927
-0.326324608259
2.3105108552
0.27972257918
0.431051652153
-0.774096532918
-0.595212306942
0.969247529542
0.49059832481
0.205135803557
0.101086834633
2.40444030288
0.186087365932
0.130138620237
2.00579372584
2.74671425809
2.87981297205
-1.28486575275
-0.164240763976
-1.7414059341
0.341929925087
0.0436525865481
-0.681161128548
-0.0787866370071
-1.2319649583
0.276289026672
0.0126664528695
-0.555550082487
-0.970853400751
-1.55399552945
1.90575235106
0.227742225806
0.643114087281
0.253893982167
1.34957182271
0.135827087628
0.0590478614235
-0.302369661166
1.002217478
0.461026409272
-0.317821827922
-0.318523340838
-0.879147125743
-0.174544136431
0.642103326271
-0.0435446617426
1.28190654406
-1.33528046083
1.6072045053
-0.778061264211
1.48502959261
0.369923586287
-0.448569917104
1.16199750769
0.837783804706
1.22791786871
-1.86661536332
0.69949283331
-0.867111345819
1.1596380814
-0.688379531593
0.034102617959
-1.57432848049
-0.712533346225
0.811913215135
0.240234170859
-0.0021340058491
-1.35029309438
0.796337395748
-0.43934594468
-1.1645714212
-0.170788191868
-0.10887601207
-0.415615488325
0.171517963189
-0.48023726321
-0.0747856225332
-0.118836057424
2.12942269189
-0.907132234627
-0.010432552378
-0.139466806193
0.486586358368
0.141135063716
-1.04824095823
-0.126723113078
-1.82564871425
-1.17762992046
-2.72352724389
-0.499914947899
-0.544661378913
0.979806501724
0.238724218109
-0.088016870627
0.671006424107
0.407236093017
0.85397701484
1.31228058549
-0.268771298961
-1.43154225731
-0.365877542751
0.303506754379
0.206709215917
0.0484453063591
0.432391722001
-0.352618493015
-0.752809027076
-0.434514226251
0.729686616502
-1.06171019542
1.44311803172
2.51412568257
2.00671911835
0.00408909326453
-0.524007486029
-0.206347701978
-0.851440936678
0.475343385921
-0.168352039627
-1.40222525822
Score: 13