3
44
10
3
-2.23789276144
0.311083655018
1.51060174714
-0.502722020204
1.36450138871
0.121250396549
-1.00673665555
-1.18629451066
-0.57862585556
0.0375611745183
0.27153478594
1.51031165689
1.01511468446
0.674322592746
0.0279347896026
1.272850398
-0.833127380321
0.881540719847
-0.0988398984137
-1.37173897241
-0.437184754958
-0.035657638932
0.337805761241
-1.20962091662
-1.72509779419
1.49587153061
0.448931785491
-0.431067168564
-2.7887874046
-0.522766015536
0.194601040601
-2.03848285693
-0.960400311545
-1.95914229152
0.393503472884
0.235607576319
3.40955156498
0.609763063338
-0.624669769315
0.226039955947
0.00432346169629
-0.0999267596675
-0.67614425259
-0.0229288964152
-0.503434066913
1.15392481927
-0.252328924018
0.111593973522
-0.481777989637
1.63370843912
0.426825739931
1.42917953071
0.211638138338
0.897640240333
-1.62404795638
-0.0168578208825
-0.104854455646
-1.12158189005
-1.04238195487
-0.486226324162
-1.25057971645
-1.76762783661
0.463689951924
1.26797802769
0.786582455965
-0.298994766124
-0.651122282648
0.584958241709
0.914926917061
0.376318264896
0.289239579594
0.231019670867
2.15632140861
1.34717159942
-1.04514120149
0.0129594209987
-0.150590858522
1.32219143884
0.53516892246
-1.88115859241
-0.852753540151
1.00557217749
-0.462236641482
0.940840151983
-1.68215745952
-0.362445647161
-0.298760504658
-0.141585173073
1.49978222833
1.24827156208
0.0539200621318
0.130433552954
-0.982746885806
-0.518563078785
2.73927346285
0.981456809371
0.943163972225
-2.24846946178
1.67092567627
0.725335056262
0.904123041683
-0.253989646012
0.0366413419464
0.252602727889
-0.0609603084003
-0.52026480072
-0.281147804951
0.0839037753044
-0.939532821822
-0.688726259545
-0.00461650901086
0.671462731579
0.0580699723666
-0.0460662755245
-0.397020520211
-0.66757253683
-0.194731058752
0.591562143561
1.53043624786
2.77883040901
0.64390685931
1.08022503058
0.698111941953
0.0356469788615
0.0701469455717
-1.01498913082
0.944183537483
0.760934943516
-2.12289845099
0.301702497232
-0.566212564138
2.10001148861
-0.415843796718
-0.688074874554
1.2198142601
1.14520511811
0.385655520438
-0.377592097128
-1.17085517916
-0.609640174103
0.309651806566
0.946017480099
1.21839331145
-0.924250622392
-1.33427756923
-0.955188825045
1.96464291918
0.593562322916
-0.208620611399
0.801176859406
0.351018363467
-0.45891214926
-0.226663444643
1.27614899454
-0.0286501079066
1.29473738646
-1.82866258878
-0.42288595217
-0.105520463598
0.556216702312
-2.14761539769
1.38449726198
-0.0218994059912
0.588082537766
0.677163105458
-2.08371632816
-0.271168644872
0.871034026206
0.859857791464
0.312765635391
1.33450023565
-0.638890809739
0.925009899739
-0.802414674298
2.42946901806
1.06715085925
0.0922813286274
1.44807706273
0.49580931833
-0.724317109888
0.594468868715
-0.395365837974
-1.10956770528
1.03022666145
1.01502601245
1.12208998134
-1.01620107522
0.120708227971
0.109619294233
0.500424085297
-1.82473828188
-0.876260766403
-0.0204925621054
-0.487337875719
-0.23383806625
1.57824146237
1.65880119465
-0.663873467087
-1.30593178835
0.337959679853
0.341855856592
0.747961257805
-0.302764992245
1.31894331545
0.32021786683
-0.0586286416908
-0.686641775663
-0.686499597054
0.418571207004
0.920213222547
0.0770933918229
-0.445084841305
0.775283673389
-1.56109712465
0.434094386015
0.426283864979
-1.126201364
-1.50615607169
-0.779865282194
0.889038604435
0.528675051216
0.401999426028
-1.29365432871
-0.538897164118
0.453103023204
-0.533146128503
-0.270602866507
-1.20984654459
0.551455800801
-0.863419749858
0.316049103825
-0.363403611365
-0.134878412937
0.622400560924
-0.316416473755
-1.07292252381
-0.0996675717115
0.759493975443
-1.516365295
-1.60761317459
-0.679038976756
-0.706312454166
-1.34245057039
0.874006664736
-1.55614641171
-0.300463785575
-0.414059791788
1.31821953726
0.984328068335
0.685100844175
0.480472905659
0.982922711103
1.15421124655
-0.197545684577
0.189365168369
-0.660015084185
-0.318499599199
1.11798743909
1.26650357983
-1.34913076932
-1.72171321232
0.731498366299
-0.190260989553
-0.392856105874
1.54761245406
-1.05696627053
1.84454963426
0.139851663079
-1.09259665025
1.18993444634
-1.09466246387
-0.16960349018
0.196347500119
1.1288630594
2.38912495552
1.20896637322
1.84224818183
0.200897966199
-0.18154806033
0.127758237138
1.26035808958
0.103666309268
0.762931881128
0.0579688751056
-0.172911486085
-1.07131846408
0.736138418886
1.0092482523
0.0087664107642
0.88690139677
0.932668255196
-0.0390813785258
1.91909432274
2.30472679806
-2.23609800407
0.918727290493
0.271139285323
0.0264493296698
-0.751914584336
-1.80460104474
0.252508631656
2.39310047351
0.994056945717
-0.139109354939
0.482933451227
-0.470259043506
1.48643304969
-0.297098734402
1.35516707087
-0.344187732051
-0.0131658337268
1.00738894283
-0.19904583621
0.646224537733
0.18594155165
-1.21149752431
-0.0250181687858
-0.117978000698
0.831692848516
-0.995652926295
0.721086072249
-0.505107203805
-1.87564753336
0.637064961006
0.590555982782
2.32870472253
0.287591920474
0.848903083933
-0.334602088772
-0.21896581191
-0.0291876895202
-0.670242140345
0.834316703919
-0.39885424815
0.0245078402445
-0.794315320757
0.748658949521
0.450005982412
-0.247004622924
-1.4761093484
-0.1836807707
0.299108982735
-0.264686502381
0.835187544272
-0.553868038931
0.402444339918
-0.235055815774
-0.313968665716
1.24584439591
-0.231269785221
0.261312010846
-0.547194161712
0.344229468588
-1.15746298205
1.04768757935
0.316140050866
-0.137110420393
0.434409368194
0.277500990947
0.400519626915
-0.18664684162
-0.132033835868
2.25277488627
-0.39105158903
-1.6151856004
0.993623523819
0.498771698436
-0.637112472872
0.753300211617
0.341396117295
-0.332540196729
0.491176052596
-0.454066668125
-2.25161350592
-0.390062325608
-0.0281094036078
-0.834655539334
0.183831231103
0.040290809826
-1.18485145806
0.404024374343
-0.64384770526
0.226764841641
-0.74947077564
0.583735109709
0.634361053716
-0.871397167647
-1.02423758413
0.424373214844
0.823292083228
-0.592467952303
-1.44260208869
-0.0555357130849
-1.18776708727
-0.852871751263
2.11886094275
0.375624436824
-0.423047646116
-0.835604634131
-1.28954060734
-0.16463741769
-0.120444743032
-0.883619777935
-0.183879007899
0.491257678051
0.411763944573
0.778886634561
-1.52272824368
1.5082747042
0.231274957507
-1.38048279477
-0.304829680199
0.0427559097907
0.409429765741
-0.383553424774
-1.81070860527
-0.213478405404
0.334380352647
-0.679963685991
1.3164049475
0.580621233183
-0.262783815233
0.457733893045
0.762215796598
-1.08110280205
1.39522340366
-0.0138271587854
-1.1641117442
0.894903538566
0.76325795745
0.749478983104
-0.221893376364
-2.08215668449
-0.629636768323
-0.940297627027
-1.32924181004
-1.42294342711
-0.889448735652
0.797273880631
-2.62659356738
0.323972655936
-0.843680988136
0.613177343627
1.2598055062
1.67906084644
-1.40265467472
0.238120069189
-0.164320387307
-0.457084600737
2.45509954021
1.75130982134
-0.0896843841697
-0.317120969956
0.80139452684
0.11306441001
2.78494756726
0.687270466748
-0.872572143306
-0.0499540985608
0.611836582315
1.09048420858
0.823870432274
-1.49178254318
-1.35857749022
-1.71181624778
1.27911012693
-0.4676140096
2.08995793969
0.2121922781
-0.769488805532
-0.713642358753
-1.14485113817
0.947295399208
-0.612930299364
-0.489650090043
0.0821422046184
1.15682444894
-0.249932637361
-0.109340938793
-0.442042346672
2.06809693525
2.30445547588
-0.139645797313
Score: 13