3
44
10
3
0.368332729019
1.32580658687
-0.0461718867089
0.584918941275
0.675127900111
-0.701920203938
0.763016100099
-0.608743118302
0.395146684677
1.26983211666
-0.0558090291226
-0.330726565777
0.814727909381
0.0749808085323
-1.2897338668
0.752000619298
0.779104115228
1.27308482937
-1.51709595756
0.206852536542
1.67990462953
-0.964572662593
-0.3071376846
-0.591976516563
-0.419671750419
0.927268842074
0.905953950761
-0.219846832843
1.10166715461
-1.11608901185
0.169720644322
0.0546359706218
-0.55254382198
-1.15019712993
0.318581911845
0.808402081532
0.74615063962
0.762318442134
2.47130274384
0.408692142119
0.400906503961
-0.604179551976
0.461449715023
-0.146030212096
0.209831596715
0.858024464999
-0.483948816232
0.689690412569
0.974045011637
1.67570376273
1.06665535996
1.33444834773
-0.650251602407
1.12460286769
-0.187306013883
-0.239130147617
-2.22260177851
-0.782442381838
0.451336192224
-0.397815415332
0.92634790547
0.23530005041
-1.51240164553
-0.841195600539
1.45719916386
-0.0964378791539
0.572712372216
-0.816130710457
-0.194984772849
-0.887273823975
0.844593836205
-0.435532084629
0.195357608552
-0.246091658623
0.0499107269434
0.731125962759
0.413651229472
-0.153171565568
0.835531893359
0.0316871559165
-0.31426333052
-0.931391431291
0.17550461406
-0.868780712379
0.740209499694
-1.32370703458
-1.82139132418
-1.35280821101
-0.982146965716
-0.0127683079232
-0.504104736146
1.81013220112
0.542301775911
-0.0820242648053
-0.0571569665084
0.833248705357
-1.13706801739
0.522653788633
-0.374202473615
-0.231638609302
0.883599323193
0.425071216518
-0.724410788371
0.881630218362
0.591298924054
-1.29098793389
0.460390274016
1.30701887104
-3.01982707782
-1.62836306347
1.01958178155
-1.38928428046
0.435440290589
0.137006930543
0.923088162336
2.47219033967
0.576760835976
-0.97225742383
-0.0649161037874
-0.710953005365
-0.894720149075
-0.917182289112
1.2995506488
0.882146931544
1.25898716311
0.0492828136391
-0.471981094073
0.193284372937
-1.29401454705
0.643978423997
-0.0161679749472
-0.0374032657465
0.714900629725
0.509665611749
-0.105146351745
0.467641014826
1.68555360223
-1.15555495264
-0.597971142899
-1.52889882388
1.66521556397
-1.18308311928
-1.6789799974
0.242565293231
0.935199594426
0.672097071227
-1.39320030422
0.381354839778
0.627478310518
0.453898520034
-0.780501556863
0.341263567734
-0.231078833807
0.407328684109
0.881807965296
1.60059096728
0.304302612896
-0.515093588263
1.22714482306
0.506307458032
0.541647244463
0.94010564015
-0.595852208569
-0.225707554367
0.721613085348
-0.855942022719
-1.14517788333
2.12152526564
0.344877672467
0.896384173459
-0.776797298697
-0.93752661586
-0.562969022182
0.00743361279168
1.78890674869
-0.406453994837
-1.61111118796
-0.206755594908
0.0225305803051
1.34698647435
0.544174222322
0.645870492892
-1.90721793918
0.681809798358
0.485364770193
-0.913311770343
1.21472610437
1.36495663784
0.936780868687
1.69982082521
-1.32839499839
-1.92689123819
1.58666824845
1.17314875873
0.744708956755
0.325097156231
-0.345568413699
1.01763695311
0.897715799451
1.24557880851
0.890728577983
1.04801601745
-0.146279922788
-0.644292528045
-0.0694831277406
-0.953709359875
-0.516562551841
-0.260570540151
-0.0343216039192
-0.282017602208
0.328404942143
-0.731099278321
-0.550830693043
-0.786664944821
0.347980060969
0.93510001698
1.29813498046
0.687084909162
0.0203608551295
0.715813404248
-1.32502733734
-1.72276200902
0.0915720329509
1.06041318915
0.199731616556
-0.100358138715
0.541517986412
-0.20102251736
-0.752062069939
0.438675660471
-0.625317059277
0.301350092613
1.70108546439
-0.799121702719
-1.5929803602
0.0907183286903
-1.07622986209
-0.355602877147
-0.333623889884
0.797091482132
-2.28880090447
0.844385055505
-0.914134029774
1.08339953987
-1.1459719943
1.32802049398
0.110857297477
-0.424040262773
-1.66298417292
1.1113046333
2.78571725338
0.620313829167
-0.679098945046
-1.0551161451
-0.782789517085
-0.646352993601
0.924013202388
0.755489544436
-0.653555569482
2.2134934799
-0.36255062377
0.795616741477
0.181769621305
1.48415747398
0.882280414303
0.770924204002
0.518647306969
-0.653648930575
0.0373584635093
-0.131999067207
0.232468430403
-0.232179636755
0.0500412540027
1.46055599403
0.274336797994
-1.76391083428
-0.15300011425
1.11520676936
-0.800935875705
0.110121028922
0.127496620617
0.852186321373
-2.02605981378
-0.583073058697
1.569577522
-0.836421191889
1.52357112234
0.396775094225
0.392016751589
-0.621367795921
0.943786803471
-1.36851257424
-0.815442016325
-1.38141981817
-0.705277703136
0.763719032317
2.41092047373
0.531033008877
-0.689616672656
-0.728421652355
-0.553895654765
0.888286520334
0.0639388288381
-0.200714040037
0.678704381172
-0.00883847156004
-0.104394024376
-0.545002361139
1.92822794854
0.624390535834
1.96307099781
0.223824325177
0.0995643918484
1.6070565031
0.676708367884
-1.30232808751
-0.236339800837
-0.59717835439
0.330305231072
-0.6497833761
-1.44500988728
0.12680754583
0.256121126527
0.176936275346
-0.106091984586
0.510567660992
-0.358608953222
-0.0428549064382
0.0567177593931
0.851804560048
0.738750876126
0.513122339187
-0.708076461462
0.296321677345
0.722797772727
0.416914351728
-0.50241670811
-0.447595943035
1.5325799019
-0.604251871378
-1.66347108441
-1.10333744947
0.602024113688
0.17684978007
0.868302214043
-1.16803865568
-0.668434905384
-0.15697196887
-0.481727234224
0.943181828826
1.19764745424
0.561007484597
-0.86794226823
-1.41074682943
-1.00492663532
-0.79387776904
0.455329549857
-1.44013366848
0.940724924456
0.218998668631
-0.00654315670756
0.68662433933
-0.369215965808
-0.174220152931
1.98688627901
-0.179157444306
-0.0829040021048
0.416896929818
-0.393120507391
-0.394068848001
0.585229393829
-1.56396187838
0.702940940467
-1.47189360582
-0.999589425676
-2.29072406507
0.64151704329
-0.119620972874
-0.899607758471
-0.665563840614
0.589223851057
0.31415696597
0.799024548949
-0.0374518467335
-0.347754666424
-0.979268862483
-1.02392124417
-1.29151415889
1.31906473792
-0.225794349337
0.889041722769
-0.512990522669
0.792437073325
0.743843210649
-0.32592150535
-0.153477205239
-0.422862346699
-0.535499954207
-0.988234610325
0.390602855334
-0.141737640406
2.63178249666
-0.918743031725
-1.18077397516
-0.260888402666
0.910158190945
-0.940624021869
-2.0633434761
-0.640234956619
-0.690399923257
0.465181235689
1.67644632345
-1.25736967348
-0.838465187713
1.50315646556
-0.258931839619
0.231589921434
-0.642045045715
0.12988792957
-0.434209412729
0.498901088699
1.73628826924
-0.453764192878
1.21445969652
0.226956630865
1.27064042298
-0.353374404503
-0.454111383498
-1.48539954829
0.471423918839
0.836826297959
0.184501033606
-0.428811249426
1.31947299439
-0.156143243655
-0.423216063878
1.56227985858
1.09993631909
-1.28013105581
-0.635833975941
0.209712306146
-2.72271344271
-0.938230241303
0.0255424145904
-0.840490767109
0.0454574887397
-1.03201441186
-0.971675633789
0.245049950304
0.090414547978
-0.379153932189
-0.813664872271
0.555543036502
-0.308829135905
0.779707440184
-0.263104565772
0.0263637829873
0.409253770089
-0.382747020897
-1.74619889748
1.10315818121
-0.724396426943
0.363402043227
-0.577445506507
1.17052089434
-0.584787636696
-0.22916762927
-0.227407955887
0.128806046556
-0.151926006745
-0.0139032121949
0.822048063999
-1.42107847689
0.229964744772
0.975507654778
-0.520488294107
1.30482399792
0.863156095691
0.118353162155
-0.143900218341
0.0536808797665
-3.00601073796
-0.400637174904
Score: 1