3
44
10
3
-0.601666982467
-0.749449979177
-1.25400671291
-0.791670278798
-0.226778945663
-0.71166842893
0.793615677797
-0.361147943497
-0.700245360821
0.0707102177698
1.06628933463
0.459108337792
0.42623622889
-0.298826188155
0.196817000345
-0.887662713828
-0.465665420159
0.299101385178
-0.7265628091
0.0298918753173
-1.39170525184
0.103437773002
-0.309684937731
0.722693741154
-0.111827908229
-1.80362677502
0.572210591244
-1.17701110872
1.24422841627
0.835215776281
1.44555362867
-2.57704303563
-0.903887520422
-0.588930580459
-0.160930362333
-1.3932179237
2.21134490454
-0.550170466065
-0.246068069291
1.64471445372
1.51193096622
-1.35493222156
-0.841669046402
0.654473322707
-0.0128452686081
1.13945444535
-0.851628758929
-1.93706859059
0.216081508244
1.00540733372
1.21139804687
0.516817521916
-0.00733666991502
1.46632242037
1.70213457777
-0.930207958775
-2.86873324441
-2.59211249153
-0.497545511261
-0.351581884694
-0.0544949571034
-0.529705485224
-0.861679401406
-1.30158491746
-1.03047895768
-0.322919971645
-1.66079450387
-0.0749286313742
0.076704285145
-0.625657502106
-1.36923270795
1.36728483804
1.53014604854
-0.768181813474
-0.305525868364
0.362847026676
-0.728691833143
-0.458601454504
0.137451743468
-0.578448794406
1.81190460591
-0.452328651558
-0.588440815853
0.401040621904
-1.13085169586
-0.762733534682
-0.658424662398
0.0881931128324
-0.320591370734
-0.892352683519
0.695195561037
-0.597230633827
0.87824336155
0.416275487522
0.526043801367
-0.714699788786
1.05866417393
0.0117976067512
-2.2501646884
-0.996597162733
0.840526564617
-0.564508473992
-1.77332544587
-1.57121600442
1.58801375528
0.0462474549203
1.95448478394
0.370498505601
1.43804885688
-1.19993468179
0.0639896762308
0.388201776061
1.29370741639
-0.24000353492
0.29175665499
-0.645833999871
1.04003955165
-0.889994015779
1.48929216539
-1.21583351979
-0.797833752205
-0.551674316381
-0.137547499428
0.6526332975
0.770941946642
-0.489940498474
2.03197182349
0.400920839486
-1.46789869933
0.562163503229
-0.230743034918
-0.290259549829
0.403827096649
-0.512482932651
-0.161359425312
-0.716203483102
-1.31573648601
0.602023455581
0.882071362363
1.15643249509
-0.795943021636
0.608559961175
-1.35011276212
0.69034540554
-0.404289067122
-1.16800660502
0.371659815155
0.672257417012
-0.00878315592748
0.435695739735
-1.28263348949
0.770460186896
-1.84016875525
0.835658513337
-0.420468678227
1.72263947978
-1.14563808281
-0.399840813591
0.202424890644
1.66979071094
1.31735371969
0.255767017104
0.114391375102
0.289735907332
-0.8113660568
-1.11564340501
-2.37112469791
0.443902482914
0.615256028996
1.30297391848
0.702610682816
1.1216935285
0.0684956509872
-0.112246459206
2.84921891542
-0.431455339876
0.163169621753
0.531100791595
2.01853391187
1.34870617313
0.000101498312196
1.94754097931
-0.35711198716
0.172992426038
-2.10679862879
1.31441192826
-0.332735920453
2.07684986063
-0.422783713375
0.467204308958
-1.57485370585
1.09727587822
-1.76830389281
-0.616369085649
1.44240006942
-0.151315238613
0.150716667567
0.104283089322
-1.2560918956
-0.488655601794
-1.00669088352
-0.757961534623
0.924344230029
-1.80638343599
-1.03980648941
1.02239883874
0.588915373443
0.469905488024
-0.958438364093
0.296679050929
-1.12251111711
-2.26578848171
0.344958278172
0.762217433053
-0.20992138702
-0.483887926163
-1.3874859597
-2.46656961013
0.425733399577
0.737246221618
-1.19536868452
-2.61143617199
-0.131161982691
1.29283292448
-0.281656204134
-1.14095116757
-0.20883108819
-1.00811381886
0.27996128899
-1.26613388079
-0.572384359955
-0.460486524931
-0.578691469822
0.535081523237
0.107308720078
-1.73313678233
1.39655309992
0.230012390615
-0.722034768686
-0.405921548692
0.412905977013
-0.687584259724
-2.83367896046
0.815219131926
-0.114691057927
0.119311835208
0.565311127744
0.30542625077
0.985243664388
-0.257837338866
-1.46845875042
-0.890960427363
0.657293987026
-0.973783416036
0.335094119697
1.32148053887
0.614665334665
-0.195045605529
-0.0511942067502
0.281036918939
-0.636466627681
0.0262929936122
1.06789104821
-0.085965279733
1.18415547291
-1.10071769962
-2.26495447489
-1.80166352612
-1.41689134758
-0.045879028257
-0.28683497752
-0.398106993705
-0.0718010833173
-0.552419445949
0.0529465583107
-0.349949201002
1.12012035768
0.0254079723721
-1.5061811313
1.55868341248
-0.179962701724
-0.265232835008
-2.04679933361
-1.18469596998
0.414741414481
-0.296060308244
0.905566365473
-0.178559623594
0.558716305614
-0.951154926083
1.37850880179
0.922974844345
-1.29421186454
-0.353823715493
-0.778986246158
0.904512554697
-1.09586758945
-0.368902002489
0.571862759846
0.697094288777
-0.283161730287
-0.00185342166898
0.12769851018
-1.05277365101
0.258054818553
-0.287501616053
0.172895346648
0.3373424738
-1.43367273918
1.19657272302
-0.987720163634
2.65222934747
-0.740192992734
-1.72875591839
0.0285500357882
-0.225515500375
-0.177179785866
0.842442973013
-0.237415639994
0.871901852565
-0.179219248759
0.448217530412
-0.119573328898
0.503998098093
-0.302719177222
-0.55246555466
0.522664636285
2.01579154932
2.25484871653
1.10131012995
-0.253599149948
0.223401656712
0.13355855617
0.2106978992
-1.14105494451
-0.827884886777
0.710201528898
0.343915400863
0.867380136078
-0.310309357065
0.348496607772
-0.431129293835
-0.252764753136
1.81399235075
-1.19712808377
0.144079299286
-0.290326408005
0.930058394445
-1.27548110714
1.43919871876
0.205851588524
-0.991051324879
-1.40273432586
1.34194849201
-2.18888700789
0.466775116456
-0.476513489567
-0.371147296056
-0.329255337222
-1.67244039004
0.6551945978
-0.373529430181
-0.158854352081
2.23051064202
-1.57329087315
-0.254988263145
-0.514699931527
0.869864913547
0.951781902551
-2.31898773833
0.973369389528
0.276555517541
-0.492117445493
-0.514092852618
0.45219496767
-1.40632796504
-0.435947520377
-0.789535398553
-0.121640168099
-0.352452596337
-0.50672674761
-1.87263778095
-0.563570443344
1.36893159928
0.488597960981
-0.682169974883
-1.41875906515
0.499242696734
-0.639326499616
0.169685013935
0.492300581649
-1.5987839543
0.139061004895
-0.305849179043
0.822000310465
1.46154728804
0.803294832849
2.17151838933
-0.271753476897
0.813931980252
0.317773551668
1.6299896443
1.03075752263
-0.839768887223
-0.862909422976
-0.289984571073
-1.12627725722
0.905021822876
-0.786739614166
-0.56021499898
0.00811140714959
0.501303206405
-1.47204464286
1.07177954479
0.0262712607067
1.26800725672
0.133880436665
0.991025083928
-0.859516908402
2.40900339913
-0.377452720114
-1.2304279926
1.15268726674
0.219623587074
-0.742480260186
1.15499092997
1.03891766599
0.15032800475
-1.00690679294
1.1081372762
-0.152418751323
-1.69188331271
-0.392133111112
0.0140887441977
-0.670901494466
0.256828056493
-0.00264901552742
0.0123722463468
-1.03229441223
-0.193997654962
1.25809215427
0.149690309067
-0.152373027977
-0.120539925868
-1.16521603186
0.330306733537
-0.429664384607
-0.508394597898
1.2199367968
-0.0683813049278
-2.25150700139
-1.43963635103
2.10291471292
-0.730507282988
0.81287826971
-2.54301816397
-0.0279987045681
-0.872838181447
0.140969830292
1.58176754766
-0.341671958544
0.463891493847
-0.8302975006
1.07278909873
1.85141614858
-1.45982652997
2.12622019121
-0.727412940028
0.468622757077
0.529558477278
-0.95877536738
0.72423950069
-1.37069352747
-1.0231622082
-0.166069130948
-1.10392755228
-1.2793072695
1.25804862506
0.877501545747
0.0622787146474
0.944770999771
-0.28027572869
-0.769423907792
Score: 13