3
44
10
3
1.85311426226
0.457388009724
-0.0916584823167
0.752515242041
-0.319814259253
1.30747295075
1.74823967047
1.23147119094
-1.16220937435
0.836030612002
-1.05759822817
-0.514991496362
-0.518409070213
-0.106032598129
-0.824499218223
0.0278787084612
1.00925371515
0.278266507923
-0.623988195589
-0.0207187421141
1.33804679751
-1.04125114075
-0.784767721558
-0.58621717377
-0.0451966318292
0.236560991356
-0.0662062822103
0.730458454594
-1.09532497469
-2.03442659629
-1.06050097322
-0.090760091244
0.53895348059
1.5223143614
0.509324745781
-1.38864487417
-1.41454525008
0.140258438835
-0.181245677319
0.0583627548501
0.712780733026
0.225606776358
-0.564262484375
-0.759672450577
0.918961508384
-2.01245060591
0.0600918021614
-0.358107199329
-0.750140729636
0.561027974354
0.671382759596
1.17979432042
-0.055455144545
-0.299601080689
-0.0714542203497
0.329959307298
-0.299215812431
0.936641592578
-1.11600101345
-1.31970422516
-0.941570568052
0.89984798815
-0.127800407094
0.618698477889
0.139088493697
0.150612873599
1.34420426446
1.93160732656
0.146709277936
-0.149767601235
0.142625549148
1.01219755527
-0.374908480102
-0.938794253306
-0.481101757637
-0.529943531928
-0.30792493186
-0.229015005429
1.42925352673
-0.288667985002
-1.31888023762
0.794311453286
0.467889908071
-0.0195790545181
-1.10162669013
0.781250389058
0.263392623416
-1.91485190247
-0.479544746704
0.541485093886
0.479539005507
0.864526111792
0.679307667865
0.401025183522
-0.957179373124
0.366181466311
-1.01346933173
-0.453266066497
-0.24491053792
0.333644001947
-1.38828233191
0.440479607397
1.33596641175
1.84195354893
0.620292353924
-0.114929907931
0.0404229041122
-2.51422150603
0.416893569019
-0.2614364888
0.0743779471889
-0.268185341394
2.24011586329
1.34876247979
0.350890556779
-2.36253144759
-1.0421570654
1.28747002937
1.28982693377
-0.0627970417573
0.0626554673729
-0.522909574898
-0.485111000804
1.1434799371
0.551111479668
-0.0155789344789
0.641838888949
-1.64718940302
-0.0280354054862
0.168924226829
0.777868134341
-1.53886364492
-1.16977994845
-1.39313235711
-1.43133013116
-0.117511416455
-1.07978788467
1.14178750412
-1.81887226211
2.48888367981
0.711300873334
0.579403985686
-0.239080441623
0.25759198116
-1.17801712816
-0.930101423025
-1.84944434586
0.678810527319
0.263267163048
-0.161199146971
-0.354528579869
-0.54906133604
-0.274583274189
-1.7256161171
2.30835695272
0.804661473262
0.367778445671
0.546308730866
-2.50982122489
-1.41677808154
1.3581039893
-0.786755910658
-0.306833904465
0.0771977811009
0.421628692326
0.203564013877
1.68411224984
-0.897122775408
1.12306199633
0.222730165186
-0.10318554287
-0.832607337281
0.653167628896
-1.03410280057
-0.772673498259
-1.28753117181
-1.20811778759
-1.01488913172
-0.227277601233
1.77925940443
-0.0648342212735
-0.19872518639
-0.188623972301
0.223913113672
1.91150615453
-0.479018632163
1.02576319665
-0.179536982196
0.824465374803
1.70676914152
-0.260338425509
-0.106435075075
-0.615467351424
-0.367887743904
0.367457605963
-0.140718622055
-1.31866579722
0.262086872714
-0.525668305377
2.07764297437
0.997885106131
1.18342717863
-1.30992304349
-0.949471654801
-0.768601268318
0.164553353739
-0.510310603682
-0.877577133551
1.72486247844
0.0935009793896
-1.1823481685
0.65214996667
-1.17794942153
-0.922446277032
0.629411347072
0.478228579344
0.0775681683818
-0.327866399318
-0.380434280557
0.732923217113
2.0621593012
-0.505126862414
-1.93339461822
0.312923879107
-0.368814664674
0.283874449964
-0.66398052891
-0.610432167328
0.906824345945
-0.830406780787
0.481895087534
-0.366603671382
-0.125025536206
-2.68495118069
0.0660147498356
-0.370510974465
0.455152282533
-0.54061366086
0.274194948002
1.3267354772
-0.648179572931
-0.981607851611
-1.53443218078
-0.620631061401
0.364677810282
-0.889011080696
1.94012940449
-0.282253168337
0.60903791546
-1.09008555687
-1.14035494849
0.864388987442
-0.356115316543
0.391647121124
-2.07557141338
-0.261959448426
1.26073605517
0.947258953764
0.101833914905
-1.01509029159
0.209027774926
-0.719661041921
0.246201847239
-0.269945418733
-0.25177846379
1.15631402
0.0271225556183
-0.667317609478
0.375754090025
0.741396188034
0.231347273035
-0.965088447515
0.403257785688
0.618138574088
0.817216105809
-0.172574019039
-0.66036614604
-0.0776014813293
-0.696813528165
1.26719307509
0.941396533137
-0.573532092022
-0.897244562316
-2.07457538272
-0.539798263588
-0.821603266874
-1.38335312786
0.772567341941
0.809658803673
-0.565763324702
0.196986915053
2.2748430201
-0.0958264067874
0.107448351092
1.1445700065
0.184613769224
-0.566279156861
-1.45188457391
1.03890990292
0.424777398138
0.0268757236735
-0.905910812983
2.32480585782
0.868230940955
1.83534124754
-0.759315951295
0.812397643082
-0.321505111204
0.918958487193
0.0396835211393
-0.496739255406
-0.86928563823
-0.0295721821098
0.611716129104
-0.0241741577492
0.480107880779
-2.04641481712
0.035642778675
0.275863260645
1.10768565186
-0.473763871251
0.758804886782
-0.636002586327
1.68686673903
-1.59921444928
-0.96835671648
-0.0584633776103
-1.42139708458
-2.09816231779
-0.141307924206
-0.848085555795
1.08166799159
-0.916388819057
0.826808807551
0.129413832136
1.03065462885
-1.07115109496
0.350567476067
0.214089230313
0.435056518741
0.544175639862
-0.646257443041
-0.404057018961
-0.438183693045
1.68106048861
1.10762124532
0.0282012482317
0.492206055444
-1.24423381662
-0.898528884671
0.297494292127
0.426443990314
-1.34079346653
-0.101496848068
-0.944762980672
-0.955548161376
1.4899751382
-0.571592168534
-0.327441036246
-1.31495409214
0.0202585926825
2.40819380068
-1.14572995389
0.203203538679
0.314718822101
-1.1580212041
-0.27234884035
0.821366863894
-0.267539070201
1.79023624814
1.01698047404
0.660543821291
1.18834310063
0.357048363289
0.416104588146
1.15059663078
0.822171802716
0.0739086823826
-0.968193435279
0.981308741993
1.32181027699
-0.247066252682
1.34072038266
0.859316397647
0.842578949909
0.264420698961
-1.23714923541
0.0359836939978
-0.525235332751
0.740491170158
0.360122258918
0.0257246394561
-1.27080721837
-0.227238898673
0.137502108816
0.0130949272186
1.96135458629
-0.232797501044
-0.122020315427
1.05259841381
-1.17492440929
0.148605204388
-0.272174402458
-0.708083418415
-1.85880063981
-0.259818036522
2.07161094122
0.241791712493
-0.655901355445
0.594140078728
-1.0123247704
0.976476970165
0.0452134475221
-0.284220142272
0.398767914011
0.198176984628
0.111772174572
0.566050286863
0.577168843567
0.492305723514
-0.894618684075
-1.78087220431
0.667628034786
-0.797427696077
0.561845113423
-1.03773071542
-0.525322886952
0.112308927103
-1.38059388187
1.25644359949
-0.960547491561
0.212502285116
-0.433715203981
-1.3082349212
0.198587315438
-1.7907272457
-0.717546584034
0.251629451463
0.829661583548
-0.909448777162
-0.523055976155
-1.17920854196
-0.219043989018
-0.81479307325
-0.420517587486
-0.466381176973
-0.670669682166
1.6704491884
-0.77446578913
0.516374695574
0.874616622488
-0.162136691172
1.41266944817
-0.176683968886
1.04374149116
0.581200824098
-0.489829980649
0.67254169732
0.132992689812
-0.398670276842
-0.268369559225
-0.369531713449
0.578864663458
-0.870254677261
1.32890834581
0.409043024269
0.94944511117
-0.293673284616
1.47085356418
1.78639264824
0.374102512827
0.214315212816
0.851454028273
0.614089863836
-0.151049393026
0.574377705485
1.25860255738
0.57048185935
-0.50545245003
-0.743044292444
0.143990883079
-1.75556282997
0.901110526949
Score: 10