3
44
10
3
-0.835262493839
-0.717543610136
-1.51733566296
-0.868935539157
-0.272157061495
-0.611400140307
0.829214677845
-0.0184903350175
-0.998720657251
-0.218478920167
1.03349725765
0.534979951558
0.447394488248
-0.27741839548
0.187929232977
-0.831479614213
-0.555726878438
0.300355977143
-0.765411518009
0.246379624797
-1.51320538422
-0.0316838238817
-0.197892979162
0.537307402169
-0.161679023949
-1.84129291823
0.36297153114
-1.11783502736
1.43880024429
0.765970037772
1.39996064765
-2.71103673029
-0.873735929553
-0.962152777366
-0.136634903056
-1.22989029556
2.18587065196
-0.692690645275
-0.0877178391502
1.5735469172
1.55802159521
-1.20947536119
-0.939944191466
0.844069724264
-0.0542430368131
1.12228129865
-0.954005400725
-2.11310229769
0.344462168938
0.912122741765
1.11705837643
0.326329012294
0.0753548064489
1.37810842706
1.76498014677
-1.03421407147
-2.89186126232
-2.40301023731
-0.542833646253
-0.162146259716
-0.106932408736
-0.498257455339
-0.890514070483
-1.13480311965
-1.07024115748
-0.731410496669
-1.54400652294
0.217847269118
0.112064227498
-0.383901938259
-1.57009913322
1.257282667
1.66067562312
-0.552655065758
-0.404669674158
0.0582089019486
-0.870969302254
-0.473111263152
0.257074955371
-0.546752245368
1.9037909625
-0.204346151093
-0.588465168215
0.362729170351
-1.04579772018
-0.668005816115
-0.809193445841
-0.252797856787
-0.300383148471
-0.849469959157
0.85039029299
-0.546596937054
1.13020460798
0.201056521701
0.714793440983
-0.82167379322
1.06684226521
0.14542145919
-2.17801459695
-1.1342161154
1.01341176267
-0.581881592771
-1.66641188589
-1.52042578372
1.38798909714
-0.109090259506
1.69693369227
0.485953818811
1.51067741514
-1.40905392929
0.299224363666
0.0108824419597
1.31956966089
-0.488460298327
0.215362720438
-0.349845816231
1.13550806327
-0.813264099511
1.56312537141
-0.858182242505
-0.950117107056
-0.242438029887
-0.400338671293
0.458302621798
0.777691905177
-0.387989144049
2.1648623953
0.380352673343
-1.13031706073
0.675799997464
-0.06694709521
-0.62644218463
0.29475046642
-0.283577054925
-0.223064315906
-0.61460176711
-1.30408472439
0.683980986188
1.2054075374
1.33363236664
-0.627916932083
0.58343594988
-1.54902322714
0.679988404184
-0.38506043673
-1.20198205239
0.436088637407
0.751399078368
-0.295422304572
0.502479237535
-1.25261100483
0.764304559527
-1.91788415685
0.72407439035
-0.307367466335
1.63668609446
-1.27009243931
-0.44073628961
0.298031557914
1.8781274909
1.2711224779
0.265224495881
0.255592619474
0.141637471654
-0.941506186861
-1.12533839393
-2.03788610306
0.223963094288
0.598836135218
1.19217664656
0.805273133923
1.21982270924
-0.129058533503
-0.139311913293
2.69311471049
-0.149716232637
0.187904059048
0.596646152231
1.91559110245
1.33088426927
-0.154442456569
1.87349693592
-0.127632295182
-0.0130321822071
-1.86404479049
1.23547059707
-0.249057840051
2.19643034686
-0.375051681536
0.527810303898
-1.41911787108
0.841629980452
-1.57529101923
-0.444910421481
1.74122242636
-0.124286529743
0.0295456648909
-0.145201014728
-1.47914627177
-0.362007069321
-1.39939512742
-0.756709536694
1.04928483781
-1.36537980332
-0.884483209177
1.11802970354
0.618473038656
0.307047200559
-0.690836775882
0.313266206139
-0.937115850382
-2.25487527362
0.510807618843
0.624122313335
-0.440094691133
-0.452584905727
-1.21280348428
-2.39766839156
0.719801722273
0.734143165126
-1.48818625916
-2.28402627812
-0.229333152287
1.54223269237
-0.546189505974
-1.1929971246
-0.232250368727
-0.75430697943
0.42481758115
-0.730525994091
-0.580359012303
-0.326036009231
-0.817427496094
0.580551609112
0.263564700277
-1.78327726257
1.09709725004
0.105858086818
-1.00347991774
-0.386842988027
0.113031111042
-0.673523069401
-2.90054880928
0.69144477605
-0.0365170495548
0.398192410476
0.456259439872
0.355627045471
0.72400220919
-0.11206669773
-1.48313496208
-0.847663648004
0.449417882969
-1.1003910535
0.0483324299169
1.27904719483
0.654481901496
-0.38882788083
0.122149614605
0.317677998724
-0.557164886056
0.10124994192
1.19992159289
0.0265004493171
1.12241614457
-1.13324777233
-2.31883095134
-1.99143235817
-1.30208751778
-0.230701373506
-0.599663050903
-0.296306660964
-0.124562064164
-0.440871198447
0.246861795707
-0.22298745613
1.16197999484
0.0863119332036
-1.57636945909
1.65088391326
-0.383237335632
-0.221991146421
-2.10644535709
-1.06962908744
0.38565631889
-0.428449437032
0.960912732036
-0.240808255668
0.622333669865
-0.992791151634
1.50391119658
0.794955536042
-1.50159068703
-0.730955454615
-0.856042858027
0.658853773982
-1.17786687437
0.0416017605758
0.686134021963
0.579338998149
-0.165045667275
0.0776274145171
-0.00379788218356
-1.42165235328
0.214550214208
-0.557055943572
0.242977463251
0.623558182871
-1.34684322938
1.74848339561
-0.857482260018
2.69171904433
-0.797007027412
-1.53925714736
0.299930215935
-0.177694520022
-0.148776689566
0.663150003607
-0.408057718468
0.841168828792
-0.352335544778
0.341394653187
-0.0231114995475
0.54695272602
-0.304141190387
-0.299576107442
0.3780414069
1.75735031384
2.50954647864
0.947548325128
-0.295438784124
0.279890827231
0.250474994344
0.0472876022685
-1.23022694751
-0.996660348811
0.326730638635
0.280067768697
0.895576444777
-0.374070146151
0.359128810997
-0.548027598969
-0.0936522240645
1.77675946041
-0.93651963019
0.470390541478
-0.35779548567
1.20993929656
-1.31407177475
1.63568946688
-0.021346935046
-0.833295690452
-1.34416083808
1.31443039534
-2.37117594825
0.224522629009
-0.331583159004
-0.231533549214
-0.297466316137
-1.58743040272
0.953343057239
-0.189214355033
-0.0616170128214
2.09584395778
-1.54606997201
-0.108317227949
-0.442981016288
0.929293305156
0.787939275235
-2.36614870407
1.05274134753
0.275145429058
-0.30502712336
-0.42014799664
0.590667475653
-1.53382296463
-0.647123800667
-0.820477089985
-0.263333460028
-0.424615242292
-0.499859714772
-1.88862497074
-0.522000290263
1.12668721148
0.291407563353
-0.580563699024
-1.32955336215
0.415177167748
-0.660735839195
0.012257596713
0.703759007909
-1.71683608118
0.112194662871
-0.0937861960101
0.774731951902
1.07947835321
0.785338716187
1.83339702799
-0.522342263879
1.03233217313
0.257923138033
1.5789401581
0.708318152954
-0.814826848563
-0.816646585557
-0.381008245847
-1.16326464929
0.886570370926
-0.66384313348
-0.243016813957
-0.00465555959359
0.575900086545
-1.59989438494
1.0935296064
0.0475443575787
1.02091309649
0.127241222439
0.932138895524
-0.566193858328
2.08884076719
-0.505534620916
-1.25057084778
1.41734529352
0.292680723661
-0.864122291146
0.871433242524
0.949212892143
-0.0233804960435
-0.884954157781
1.42239878653
-0.15100157844
-1.52798918807
-0.180676403087
-0.10377780537
-0.60746056699
0.0891614644859
-0.0525776261229
0.249026401414
-1.10184880797
-0.314473872295
0.999383288956
-0.210764908796
-0.257553602599
-0.362065953372
-1.27247355064
0.361944821316
-0.584349265906
-0.347119644889
0.973558029128
-0.203783762424
-2.06592381076
-1.18274177948
2.19595631234
-0.697125472938
1.07704948572
-2.53094410273
-0.152473560272
-0.672247152176
0.0894639465028
1.62659284579
0.0106351753731
0.322935593624
-0.923748837584
0.958813051272
1.92086043075
-1.57379861327
2.13096343181
-0.638260964196
0.201056682483
0.39474564951
-0.829015447641
0.213353722225
-1.4871191071
-1.05060746173
0.0608392133195
-1.13130162564
-1.18774793294
1.22102013187
0.771810337559
-0.0992275435907
1.07517526391
-0.29183135084
-0.79029798921
Score: 13