3
44
10
3
-1.26407127192
-0.683903208026
-0.499758326651
-0.455858180682
-0.844748977236
-0.812297076863
-0.0958921736835
-1.36416639602
-2.16953988948
0.0379754522229
0.123250850979
-1.45548914866
-1.74359034802
1.18489690262
-0.397973985541
1.05340446026
-1.08168030267
0.344838734559
0.337057183509
0.126806354968
1.16525335898
0.471003306329
-0.100483395283
-0.0529195999394
0.436598842261
1.37931580959
0.312824409423
-0.483717641399
-0.735605959681
-1.20554105003
0.0867445196845
-0.174539545395
0.312595382171
1.61092253307
-0.957690825483
-0.1827494581
0.401999694015
0.507403437833
1.00370134047
0.257222113335
0.472980812012
1.89743670381
0.442152978521
-0.758642558083
-1.75404795972
-1.11821504582
0.744723596958
-1.10292896058
0.251654188011
-0.513211441736
0.884225865507
1.43878300016
0.61224096655
1.80156843545
0.655948197654
0.0343395736077
0.117671353073
1.08154431598
-0.241247114504
0.941075843236
-1.26230622776
0.023439526927
-1.99526059542
-0.712844042566
1.21111528138
0.761728260102
-0.113880657206
-1.1042050644
-0.0300270489819
-0.506727852572
-0.661502248789
-0.172217969133
0.758108445521
-1.37092170567
1.92444707513
-0.2219056713
1.09880692494
-0.110138706265
0.0514865917922
1.4422248296
0.19983234126
2.07827437311
-0.508277858955
-0.537576393331
1.60925703837
-2.08809803118
-0.754510978323
-1.05730411722
0.600434820607
-1.18835290096
-1.62459541639
-0.745398093444
1.28865370841
0.535307072552
0.87601765017
0.174657988156
-1.29234388416
0.483242352531
0.103909513067
1.12998616713
-2.20238199879
-0.562234191669
0.131687501349
-3.19320957149
-0.504098805122
0.172699215663
1.35190682359
-1.07276230742
-0.367282715008
0.127434474834
0.246846066093
0.389302317189
0.183203067643
0.904582373153
0.853562426105
1.23336261666
-0.267206484526
0.923402724977
-1.94842419463
-0.540736413267
1.50170739451
-0.851639743347
-0.675284590416
-1.49176777439
-0.421228600842
0.954640158708
0.387522902462
0.892523855109
1.50116216077
-1.40582168177
-1.54100866714
0.427102345081
0.21752395202
1.01197530164
-0.439907952494
-0.37374542142
-0.304823597028
0.0648894778888
-0.995140430822
1.18695033604
-1.3882318697
-0.449467590257
0.372260896988
-0.711554476094
0.209670381838
-0.674745879624
-1.42653915811
-0.914283371537
1.05009661261
-1.59817581132
-0.314416114311
1.34857178356
-0.428546527495
-0.931540168182
0.233687152361
-0.180794537059
0.00277269985742
-0.566886872194
0.603159448573
1.40202334341
1.30425402664
-0.915997495634
0.4433364215
0.136495566174
-0.932648001292
-0.426703033663
0.0624985256944
0.0106056067685
0.789594237561
0.130487578352
1.57196143852
0.00763028528378
0.760571278437
0.869340090668
2.15567331327
-1.58892342196
0.87362369039
-1.02335455369
-0.241531794126
-1.43848079307
-1.04204277637
0.743570223261
-0.441731699144
-0.471285106369
-0.751596362562
-1.27698142203
-0.629183144078
0.55501709547
0.728458903513
-0.223675045776
-0.0173512406157
-0.775406370864
-0.779721987731
0.501550061573
-1.67869102611
-1.52220294762
0.0141443388707
-0.71946641813
1.23003723416
-0.849362656752
0.607906699511
-1.57868486976
1.55336718913
1.35068868728
0.787056538642
-0.668504878815
-0.206846801602
-0.345278556422
-0.309744342195
0.158117746699
1.1929685157
-0.296290771309
0.211195237106
-0.241849519148
0.976746825495
-0.629556370023
0.834340227441
-2.13871436875
-1.68259275339
-0.654132894816
0.0380867547973
0.539365433146
-1.51984799222
-1.83634042403
-0.289802590335
1.63977147949
0.274932936309
3.19072180234
-1.2614186254
-0.614873582042
-0.249826387945
-1.1126586255
-0.136523439374
-1.2506731848
-1.06926588457
-1.09916117269
-0.979647199557
-0.347715211885
-0.756786000501
0.700625328973
1.1168316028
0.529776315904
0.00818553932976
1.13042674774
0.301753079347
-0.302308691203
-0.196101469462
0.203862384826
-0.656621792278
0.886905048081
-0.814234655935
0.406029147094
-0.326437109547
1.07574149446
0.879030074888
-0.887532827401
0.198417935676
0.843615248043
0.628415799241
0.1029998938
-0.394627186899
0.571798921059
-1.12927450639
0.585547566494
-0.667572182987
-0.0367026746637
1.05570931349
-0.853015304805
-0.251123605508
0.186625111129
0.00904996951404
-0.865165424695
-1.76754982519
-0.317809461233
-0.0540550862877
1.26472249468
0.104494341643
0.352048354229
-2.17889494962
-1.3858850274
0.760787328676
-0.964927746075
1.08290763053
-0.542109678621
1.99095475236
-0.014946840005
0.680301715452
0.372050712364
0.687032101356
-1.97461065224
-1.13840009146
1.32864631155
0.240534305072
-0.552423950572
0.677874519392
-1.70003548375
-1.82166969398
-0.421553428487
-0.269556928227
0.10160429269
0.699997410717
1.32784749211
1.02150940422
0.561890713329
0.784420393444
-0.0493861789372
0.123951327322
-0.00496808351947
0.353617694149
0.384553023535
2.57689575226
0.16133130449
-1.61641625138
0.709715059467
0.80335121008
1.47770459874
0.804392827504
0.265276198979
0.698301279189
1.88025199204
2.03560650195
-1.21291499812
0.0735255935189
1.66315686715
0.906974206643
-0.218829607934
-0.11190688466
-0.732698478494
-0.176186075114
-0.951735165498
0.326053769223
-0.22949819487
-0.879346946257
-0.683755353085
-0.2353392213
0.49932685937
-0.155572304824
0.687123885428
0.592904439321
-0.184224277846
-0.726855548597
-0.87232352537
-1.1683325965
1.38688779893
-0.920344082313
-0.733052691985
-1.10579044477
0.337777844413
0.0265862576928
1.0076963876
-0.0579392881826
1.3175706673
-0.178556641228
-0.683669875692
-1.46054223422
0.718191689742
1.31020427656
1.17000337358
-0.00603818726792
1.37689025034
-1.40871262252
0.816916058163
-1.1918551472
0.466912993677
0.0258340932802
1.50048402558
0.146706840533
-0.468452539043
0.719608583243
1.34138920262
-0.524231781958
-1.21310044617
-0.993177835332
-1.31238323826
-0.0355647356594
-0.204823072115
1.07002371833
1.58717648238
-1.64384203357
0.939879020619
0.84156867183
-0.689647885054
1.1809170576
1.99008905884
-1.29270980497
0.566558434513
-0.162213554195
-1.56585131441
0.207651726436
-1.53724016218
-0.996915873873
0.171705656756
-0.306919454266
0.507284821047
0.508637445496
-0.161877037484
-1.28757246916
-0.378287980065
-0.624138710374
0.69824422295
1.88909904496
-1.89632022446
1.16605680818
-1.30777479114
1.70493270237
-0.0687869311584
0.11249649158
-0.0569626411451
0.0250933440668
0.579546805589
0.0866047676622
0.733450887454
1.45905240802
-0.569800043285
0.156739309801
0.84033546825
0.99567066105
-0.92159728956
1.40414249838
-1.2568244103
-0.157543011733
0.691511539076
2.13641521159
-0.052514095736
-0.479184866618
0.839214685377
-1.49086307135
-0.422100265451
0.892378758546
-0.465733398441
0.199345173009
-0.035044539172
0.338260172599
-0.64764370921
-0.0988744071777
-1.51653041529
0.58603504208
1.21338112112
-1.48176732504
0.311701694033
-0.787433581036
0.190601316807
-1.06745194536
-0.982984654871
1.37027264196
0.460691885731
1.53516986208
1.57467645983
1.7841035737
-0.764086429629
-2.08584273825
0.168391514216
-0.124137093662
-0.217520239389
-0.603126794874
0.518345350675
1.2020159976
-0.797120582551
0.195956016931
-1.69428776843
-0.319349857026
0.607131853303
0.133558194798
-0.436701780377
-0.631128340458
-2.47867035329
-0.464170325319
0.751071571459
1.71600055707
0.349073226904
0.683382745976
-0.250113350552
1.35668917952
-1.57348678352
-0.518508179614
1.02436817795
-1.32762483625
-0.360620522462
0.3050964595
0.116603768022
-0.107935789538
1.96307238483
-0.949480343435
Score: 1