3
44
10
3
-0.771701670928
-0.657914014198
-1.35394069411
-0.996311409589
-0.0633568578953
-0.641443585812
0.927598207245
0.0161158563708
-0.877717046275
-0.208641618013
1.05624727389
0.444126623439
0.281609835361
-0.309808784369
0.0220903593022
-1.07970258172
-0.645205347035
0.500014086508
-0.753428796576
0.170362582159
-1.21122223798
0.0579910206355
-0.246612259359
0.553773580702
-0.120832187412
-1.81841211341
0.548016051315
-0.978382709809
1.38689952923
0.832229431115
1.31022934007
-2.55813011982
-0.850266587259
-0.832595076137
-0.0478674025251
-1.42997294236
2.10611559034
-0.700282136154
-0.12979867527
1.59943621773
1.58782159661
-1.214974459
-0.754057429343
0.693170230326
-0.129426671797
1.09434886401
-0.675743116217
-2.17074534577
0.266777959442
1.04038748161
1.14394074819
0.521817413174
-0.0481894241007
1.29060816032
1.62262291531
-0.841035495161
-2.87465719623
-2.4334533486
-0.293100281225
-0.206925881163
-0.239402654631
-0.510374086798
-0.963414953929
-0.920123494903
-1.00102386958
-0.381890472735
-1.65455612819
0.0160740065433
0.400334972509
-0.623298146107
-1.51956310609
1.3747788085
1.54112527467
-0.479631465088
-0.380639246462
0.227063184407
-0.690616641364
-0.681372964805
0.0772361381699
-0.451701669732
1.86059970152
-0.240282620365
-0.398643085989
0.214555249423
-1.03379792186
-0.69221881829
-0.485162874975
0.109685287337
-0.311240116943
-0.843163398289
0.828741950838
-0.497931975667
0.944062835291
0.409544470953
0.7558067299
-0.516742881678
0.896144185175
-0.0819899966122
-2.31777668417
-1.00866628032
0.885480644656
-0.455649019744
-1.83872690485
-1.51151944109
1.53072879198
0.013110984948
1.75997394835
0.379658892861
1.42563889645
-1.26641588535
0.167588828378
0.196553493548
1.38904215624
-0.385804453559
0.213358008222
-0.423013161098
1.13715541545
-0.685431824705
1.47046556613
-1.04844118429
-0.694384368735
-0.253781054132
-0.410232545878
0.292540404312
1.00386194692
-0.667379938183
2.05776723224
0.368934069107
-1.22669127678
0.546230549814
-0.156090384363
-0.407314784903
0.421473747265
-0.44560023372
-0.0475943248916
-0.515681324072
-1.1862409116
0.647423365275
0.882326430965
1.30995348017
-0.847115903948
0.792729606366
-1.55067814064
0.568698375138
-0.394045043831
-1.28665158964
0.515925231654
0.744917609908
-0.0748842328041
0.411941501366
-1.47246530976
0.601215071507
-1.85085272388
0.853261574175
-0.434768256646
1.56779926054
-1.31368991782
-0.439388264727
0.277556280509
1.78545649584
1.2447626701
0.321640199295
0.0794922065649
0.280057764645
-0.689310794166
-1.30437242164
-2.10236040702
0.406247002478
0.484476160372
1.16659955261
0.674140386867
0.882313079921
-0.0541029628135
0.00988737517732
2.6927684117
-0.340825786456
0.201862509514
0.731058064605
2.20971806991
1.60835720553
0.0249495567091
2.09508885335
0.0155213630876
-0.0612921059554
-1.98122706901
1.4137025429
-0.372960338952
1.95277011671
-0.238468920937
0.520796260185
-1.36705820546
0.891699930197
-1.82325368469
-0.42548218575
1.3982899505
-0.325052043919
0.262919809774
0.0222080550617
-1.16673571663
-0.478519270533
-1.00713553693
-0.748341069637
0.828385646843
-1.67052234194
-0.752157941272
1.03787870902
0.689406883141
0.446369447659
-0.905655671264
0.373755522377
-0.952074280721
-2.10113426044
0.350978990988
0.562116807358
-0.225538256708
-0.439729946013
-1.16456476934
-2.32899581663
0.487776564576
0.51766427193
-1.19065765999
-2.469785603
-0.362440149433
1.54422132422
-0.417564432547
-1.39260103485
-0.433017696088
-0.804263588196
0.146428210757
-1.04266803404
-0.617585709303
-0.216951364693
-0.781276551507
0.617781509391
0.233823208131
-1.60691457272
1.64059372336
0.332987855061
-0.66317106262
-0.404930071884
0.469680027155
-0.533552793901
-2.78381991723
0.836109582096
-0.21749747574
0.124516863152
0.475927939678
0.262093086248
0.843535311105
-0.306724110296
-1.44211104395
-0.939342179828
0.586098493799
-1.15025315623
-0.194066408932
1.24913750271
0.741501450228
-0.288479658401
0.155042818857
0.234165910465
-0.723534860299
0.0369212590931
1.20882783976
-0.307611729247
1.20635775482
-1.23983790236
-2.33032174285
-1.90974703719
-1.28616706292
-0.289159583966
-0.50621780856
-0.0686929676663
-0.149774026678
-0.440911427757
0.269172519861
-0.405173905412
1.43115499965
-0.167462728666
-1.65863157454
1.58895382983
-0.127073126576
-0.23808679595
-1.89189587906
-1.15087687158
0.35714699763
-0.383473903086
0.980033825691
-0.203365715177
0.552737635982
-0.927979307656
1.51284514667
1.02913034372
-1.23826156195
-0.526338059953
-1.11195430133
0.805687308864
-0.974131671921
-0.250686215865
0.685770660271
0.51092963545
-0.181454846005
-0.0759356608077
0.219302753998
-1.28915407663
0.131351738077
-0.0442657354597
0.0396297842077
0.552136724806
-1.38358956727
1.24768050702
-0.79114263364
2.52905744846
-0.70563512769
-1.76038939751
0.23057072799
-0.15278871529
-0.0507245429192
0.593610052678
-0.260684484387
0.799221218988
-0.322307360167
0.449055461475
-0.381412669166
0.393786402484
-0.320940888626
-0.461815911789
0.542709668144
1.84458986605
2.08839698049
1.15801072049
-0.507946643992
0.0979349908868
0.0941912781864
0.170866321253
-1.24677022268
-0.827040565439
0.657017800086
0.269093420033
0.770044553938
-0.485286029035
0.0820617051774
-0.36410896542
-0.265780332734
1.79700394
-1.04321825295
0.284896493097
-0.225889557602
0.980925059243
-1.15894411777
1.65256028498
0.323661380403
-0.850816114904
-1.38347376296
1.19761215247
-1.95118100395
0.302026620903
-0.512081044923
-0.490179453591
-0.512814653009
-1.60522496696
0.596521066509
-0.273571276208
-0.292461356435
2.00796168882
-1.48828479213
-0.31982865651
-0.445700331799
1.10048098365
0.638798604149
-2.38770848499
1.14061649239
0.0833562979465
-0.316193885384
-0.346922793954
0.612506967619
-1.63446243705
-0.815620899362
-0.736589399921
-0.107024824195
-0.333503385397
-0.786922523015
-1.81666856297
-0.502595565307
0.919667196175
0.338765046222
-0.4220834152
-1.16243836726
0.596595097547
-0.521466292254
0.28529418049
0.623744290402
-1.60170535679
-0.0458621125765
-0.161905344915
0.607826516757
1.37416153085
1.04787754135
1.71252069983
-0.611601241856
0.924388737917
0.361594501951
1.54763932768
0.973927635319
-0.782365906006
-0.717294905856
-0.33467259999
-1.07593727149
0.74616656785
-0.501452599313
-0.263972554667
-0.0547995500984
0.38817071056
-1.45129243897
1.04022554443
-0.18972294491
1.23502138847
0.0113378941779
0.809256464133
-0.809920577095
2.17171894903
-0.61364201803
-1.20202191802
1.04433431807
0.436520897769
-0.865162881933
1.02535867173
0.829338116916
0.0803724911425
-0.795345308442
1.2013407599
-0.05095871927
-1.42125959552
-0.274365679273
-0.226527464194
-0.645688860748
0.272937797145
0.142477128907
0.0435443459374
-0.990391431472
-0.414406362131
1.03560408893
-0.0481028598009
-0.0405530164083
-0.0520777247505
-1.24570298615
0.23250493853
-0.554294449568
-0.576509868394
1.07838947037
-0.293855432369
-2.0574932355
-1.22724568483
2.06503849634
-0.74288424159
1.08321935683
-2.5747234073
0.0496589621858
-0.746007284931
-0.0394869939319
1.45448002965
-0.116422151409
0.343748561144
-0.884553759663
0.805835194434
1.68700994122
-1.5072599302
2.1350831695
-0.596651289969
0.458532669345
0.402227006063
-0.889152700573
0.588042614472
-1.43211849794
-1.08509307502
-0.194006449863
-1.03931866858
-1.00264135596
1.23682204222
1.03398914582
-0.0508250961848
0.966149205288
-0.12036272906
-0.909840062068
Score: 13