3
44
10
3
-0.722987196352
-0.73604160557
-1.59139310839
-0.838844441284
0.0485713282054
-0.543804584489
0.688351443028
-0.105203340284
-0.926436044737
-0.191933452495
1.09184436896
0.337560651946
0.297388792506
-0.3644653281
0.133257196931
-1.15840254437
-0.596452277286
0.30970177323
-0.812502455874
0.165328660701
-1.13841843242
-0.00933217202579
-0.167952121212
0.534754699681
-0.0318187614728
-1.98939087948
0.519758535666
-1.07745705244
1.36989564833
0.869737428807
1.17476480873
-2.55361479973
-0.836571100378
-0.717756090161
-0.0969393148854
-1.24856153775
2.05059464202
-0.844191157246
-0.192471499433
1.70491977921
1.50778158747
-1.25565896233
-0.828048282163
0.860811635135
-0.266295646129
1.08111851398
-0.63852086541
-2.11559596194
0.375856566066
0.935962147474
1.11028056295
0.51140822345
0.00513026421043
1.33373445941
1.58730264481
-0.803757011179
-2.85529325916
-2.38465310346
-0.269586402876
-0.37467208361
-0.243994754107
-0.432136114426
-1.05601156834
-0.935999666523
-1.00765715335
-0.347882469911
-1.6776387249
-0.0725771506683
0.379595811688
-0.622557491705
-1.57057495661
1.3741061082
1.65056143822
-0.409368452408
-0.386512431417
0.377010627372
-0.599906949118
-0.699509493355
-0.17999814911
-0.313228972604
1.82425538494
-0.32533645826
-0.371369396712
0.203026285462
-1.01711500837
-0.8595968083
-0.472750479068
0.0884940988476
-0.226368449462
-0.890526304986
0.635438889982
-0.452829583753
0.963906294472
0.362542029207
0.626134557093
-0.558624300098
0.805525237201
-0.140718950612
-2.26644952201
-0.872023737875
0.572471070199
-0.312693654213
-1.72829764596
-1.38184866505
1.76900284701
0.131626403716
1.69053858853
0.453516621306
1.45747665026
-1.27733624537
0.176838178462
0.238164338695
1.38220875133
-0.350203570013
0.155607601102
-0.408534547477
1.21162272694
-0.622591850934
1.68726667144
-1.11160713409
-0.913752005422
-0.486092563302
-0.476167350914
0.19424208873
0.921985505298
-0.594124326413
1.94275260667
0.317263722405
-1.37089011397
0.641812762085
-0.133821682737
-0.527074476347
0.38594475705
-0.35739686377
-0.134382936967
-0.534885429092
-1.24398750344
0.642040229733
0.951965845281
1.44947785428
-0.734440612527
0.762236297178
-1.56090159716
0.450597098251
-0.346153360603
-1.35712519931
0.525606259228
0.702465322431
-0.0571202180985
0.376096309415
-1.44678106328
0.744805246103
-1.89427977163
0.835936367405
-0.604864710632
1.65327918348
-1.32097439663
-0.409049881465
0.41006518573
1.76341582671
1.19607161281
0.355188336433
0.000872290662962
0.366492906014
-0.626587602714
-1.23269436477
-2.21465398846
0.436052712223
0.494686111657
1.14625814958
0.694455859254
0.957870996261
0.125417985984
-0.0197448025367
2.69260401395
-0.271398344314
0.0190313273545
0.933575353538
2.10706229284
1.62261254935
-0.012702667554
2.02772780965
0.101197660048
0.0917315757731
-1.98889429607
1.33534395936
-0.224289930915
2.04069721554
-0.145791550664
0.727364706804
-1.46447613212
0.793680976633
-1.64533454125
-0.302940913274
1.31616299966
-0.360502655626
0.257131985367
0.186366156861
-1.31651542019
-0.41772987147
-0.87893373726
-0.772934505759
0.762937129579
-1.43607788915
-0.791201831131
1.02503459566
0.783918910327
0.304119955942
-1.05564922753
0.316686248098
-0.909403051855
-2.20299930834
0.374455598766
0.656421020057
-0.455954334702
-0.632821029785
-1.33377204849
-2.23506110154
0.433116118399
0.336119343599
-1.21297704538
-2.5644377033
-0.536283186239
1.49657178885
-0.388600469315
-1.3331592231
-0.605658339452
-0.788545576077
0.104864162578
-0.825155583805
-0.554741915336
-0.154104527223
-0.894265336969
0.551953408903
0.309953643371
-1.64498502563
1.71552849059
0.337013028896
-0.728259753653
-0.363452168265
0.342048595417
-0.514609363569
-2.95236121904
0.811759890474
-0.228173750104
0.101733000404
0.634442930829
0.250745873353
0.627882466433
-0.35295484597
-1.56856677781
-0.864532798318
0.523228951246
-1.15373488738
-0.0161105597982
1.33001656713
0.633715576707
-0.41622518733
0.161996791863
0.279866429863
-0.689616922278
0.123034571161
1.02833234217
-0.0986694165565
1.13381743702
-1.15299449862
-2.3122420991
-1.95529204344
-1.41233249943
-0.349937784572
-0.379513741287
-0.247200663493
-0.178048682151
-0.527731323968
0.260149821908
-0.456855615059
1.3692301929
-0.143303199782
-1.5278726516
1.49085219567
-0.202466091076
-0.114257715547
-2.11336767138
-0.927264808019
0.678010577279
-0.380119592655
0.913727159058
-0.203115042249
0.380744951876
-0.955964535646
1.59069604251
1.07773239905
-1.43295414821
-0.460510706947
-1.15143045011
0.821413113566
-1.04363121264
-0.277762238502
0.706109514236
0.468596949131
-0.142173461761
-0.0969387519853
0.230005783055
-1.27321697967
0.0541684585697
-0.157358713651
0.0200408578004
0.62126615795
-1.48960319761
1.29812375949
-0.787158352862
2.43093087681
-0.731773727141
-1.72623500254
0.257360359354
-0.148007644939
-0.0418048007275
0.489945603237
-0.252233601224
0.870800876308
-0.281242197346
0.578325326431
-0.279051684699
0.524873653657
-0.296816110111
-0.542099387122
0.531512453705
1.87879053378
2.0986006637
1.01546048041
-0.643113701121
0.270681254466
0.201075064615
0.141395592399
-1.31873538614
-0.867807428582
0.668433130683
0.443380828299
0.778107985481
-0.516088132432
0.0505430877437
-0.428643311242
-0.240666557424
1.75062042969
-1.19058837503
0.384542823592
-0.223478623719
0.931467678969
-1.14242984693
1.54849185317
0.128029827514
-0.808411881928
-1.3454986057
1.23331350989
-2.15450535008
0.324877654288
-0.525015757018
-0.127818536971
-0.464132605524
-1.43934219702
0.621340748933
-0.373872727446
-0.201993154439
2.16641484229
-1.54043081326
-0.233115877154
-0.511330608325
1.12437887944
0.781296459207
-2.35269327156
0.953009549074
0.159016157156
-0.343729754155
-0.338049481478
0.450685432936
-1.7569941203
-0.74075453699
-0.849281268101
-0.285239436683
-0.444602603221
-0.835856558242
-1.78487352335
-0.375850079632
1.15869290008
0.386051778916
-0.340910331846
-1.10313009087
0.448514901457
-0.534556566586
0.109240074819
0.493175665098
-1.64762403379
-0.0599199542268
-0.132410478377
0.712064991098
1.40450455137
0.982131275617
1.92585339334
-0.672284803246
0.888067959149
0.373130734056
1.74369089102
0.918592678322
-0.772801450872
-0.980447626291
-0.387326100887
-1.24275763895
0.767855182578
-0.418035963134
-0.0447879744271
-0.13586012813
0.235751665511
-1.37914610154
1.12557348968
-0.199877979336
1.19526172657
-0.0186848608684
0.870517053057
-0.734623449716
2.37019094996
-0.557954551215
-1.16652666747
1.09160096841
0.287000980442
-0.996196650312
0.984870061618
0.786756406354
0.143844340532
-0.788629385915
1.29341614352
-0.198709180476
-1.42655960206
-0.146877704839
-0.0445408832862
-0.618729555761
0.175491926363
0.188722111999
0.011145934715
-0.920873407477
-0.385024109834
1.08451365086
0.13919971531
0.130580053688
-0.0170736354404
-1.3616528118
0.243879083896
-0.566208874309
-0.415762831783
1.04690678584
-0.174113553505
-1.90752750326
-1.34169796981
2.0913793289
-0.709796446585
0.900597241774
-2.62609004435
0.173851274389
-0.833210724043
-0.0128632200266
1.52057483436
-0.165144662597
0.497878365713
-0.943718579248
0.837542862337
1.75843116077
-1.42408456408
2.1464382336
-0.61368346059
0.589642101597
0.431306514556
-0.911793373859
0.675370356139
-1.18118649352
-0.992755223907
-0.0283520053823
-1.14796374735
-0.863807285883
1.27337987464
1.04119107342
-0.0385522166908
0.832838593782
-0.291600690217
-0.751120717401
Score: 13