3
44
10
3
1.7221050615
0.532934707991
0.0160521601866
0.82136499957
-0.22451994301
1.13904204297
1.88668803189
1.25307746069
-1.01334492301
0.832028881362
-1.05141851358
-0.563994897961
-0.537009065733
-0.0503028835932
-0.909589633711
0.10426156053
0.886329240307
0.124439122929
-0.629187371037
0.0686112719281
1.19565075322
-0.993619936404
-0.556016351945
-0.680117869191
-0.0527457030719
0.277443868377
-0.156169998475
0.663859212142
-1.13374319701
-2.18541526306
-1.1103937281
-0.217630400318
0.550374991628
1.52316073941
0.466809346507
-1.42460887843
-1.35543789026
0.0800687697827
-0.0935338056647
0.0735066263325
0.75470538829
0.348573151401
-0.685510657642
-0.808223568589
0.929697421826
-1.89906662951
0.102461902534
-0.329893622453
-0.695805029247
0.571065647406
0.745942711431
1.07341250204
-0.126816381791
-0.251263723501
-0.0244836491341
0.40900553106
-0.314426220774
0.835084611038
-0.944152356586
-1.26157488567
-0.914900128616
0.809982570786
-0.197276037565
0.640543883751
0.110280969062
0.365703905689
1.53315227578
2.00683852971
0.138621009684
-0.257490064376
0.224992810418
1.15426191834
-0.444482399565
-0.914943012085
-0.605620829206
-0.508870520146
-0.290802428061
-0.292710521798
1.42332086117
-0.270941678043
-1.33739498367
0.638631821941
0.452354686486
-0.0230469760893
-1.24083229967
0.818575275833
0.202652363631
-1.83334884457
-0.450520188196
0.600515064352
0.454562697068
0.880115219193
0.576702370233
0.451725734057
-0.937029502793
0.345550206013
-1.0497523233
-0.53573815672
-0.0705719755356
0.268817180124
-1.39809720398
0.411218247268
1.45433383819
1.85401372615
0.5714803785
-0.0105266183456
-0.012335564735
-2.39565734624
0.422569705379
-0.291911251597
0.108210931594
-0.278484433992
2.27187589464
1.27134240778
0.389539698776
-2.28021795965
-1.07745169436
1.24861318566
1.23704203616
-0.169150635871
-0.0130409085948
-0.488928357772
-0.484554041281
1.16391208886
0.59014168767
0.011242692887
0.69903052867
-1.64097554485
-0.147530466982
0.0682064989427
0.699074611327
-1.54437243532
-1.19720336729
-1.3603729424
-1.39810080473
-0.120034387259
-1.10362649757
1.09402598928
-1.69376866957
2.44314832307
0.85289415306
0.686853147722
-0.354569476957
0.252721333455
-1.21330796528
-0.945868304069
-1.94581362875
0.66438785601
0.232012173019
-0.0513032539383
-0.29177473695
-0.593969375716
-0.111978956103
-1.87162620034
2.3034293682
0.770812296511
0.390675146877
0.433829253694
-2.55415254233
-1.5764200928
1.3670729001
-0.760123151199
-0.304399114555
0.0135375330762
0.378591148993
0.341865190099
1.54328461966
-0.879308113733
1.15635936151
0.196222658003
-0.0354832217546
-0.932804752584
0.713224760565
-0.940562460889
-0.756179736566
-1.35778463173
-1.13422281979
-1.03798496122
-0.259677640438
1.69208113822
-0.0590532350394
-0.408018204077
-0.125303579971
0.169285475246
1.86592142432
-0.473960094129
1.05698776306
-0.185508257328
0.872450081001
1.68168618071
-0.245248851512
-0.0545847251756
-0.557005355248
-0.334033529844
0.323610742811
-0.0311277068141
-1.36190063812
0.317163850079
-0.610421364517
1.9926903774
1.01394076217
1.20227238158
-1.39560166803
-1.00169830488
-0.842199924716
0.235945274112
-0.558394685574
-0.957865301721
1.83418350942
0.057384355243
-1.26249769799
0.642262592296
-1.28010816681
-0.859932187766
0.571802460225
0.381276307802
0.0492580269769
-0.400063337359
-0.322383311909
0.660517962297
2.18345145388
-0.487940833185
-1.73088015066
0.393618851504
-0.399298372303
0.309117866858
-0.795182069436
-0.645697433634
0.993931132941
-0.845295220131
0.448324165138
-0.227853307702
-0.0889325315111
-2.66215835567
0.144445450987
-0.329650317413
0.415741894084
-0.464397969081
0.367753705546
1.42174406843
-0.653119690452
-0.875930490226
-1.42542392485
-0.587798066782
0.363266232958
-0.929690204723
1.95254344614
-0.213242203355
0.600262789801
-1.17012834037
-1.2497026671
0.836292153823
-0.32708522651
0.418308588893
-2.08934515176
-0.213211323607
1.1797654678
1.04731661258
0.166685894696
-0.988819272438
0.180722645704
-0.683458699392
0.0912135614703
-0.291003661828
-0.0212046942721
1.23159914926
0.188885694874
-0.725257647941
0.585914218699
0.860057603691
0.294545975419
-0.96026609731
0.347089462248
0.578637867733
0.811025494799
-0.194437065113
-0.830762266732
-0.218097176769
-0.615799820471
1.46953570617
0.903462326732
-0.648197145189
-0.991762599436
-2.06453377184
-0.677232990971
-0.855859131219
-1.50039111222
0.677385156772
0.707261070554
-0.539105408972
0.124913787127
2.24673145178
-0.0904344802516
0.0502053152072
1.13508082933
0.130067092749
-0.636924775921
-1.43112303367
0.89576644225
0.404595682065
0.149988859798
-0.782837926932
2.2549850842
0.861454063224
1.88677879498
-0.797239933607
0.693273051682
-0.238463354146
0.909185559936
-0.0296427547369
-0.50119125416
-0.909476183261
0.00699775541373
0.739339666994
0.141884031432
0.439105018455
-2.00190406135
-0.0295028394202
0.19061469652
1.07923152721
-0.535787520715
0.727557432918
-0.476897013569
1.72085640114
-1.48512706831
-0.884640120424
0.0400268571021
-1.51739772268
-2.04118529847
-0.223813136995
-0.763918961153
1.10499943846
-0.870079697266
0.806317206645
0.127777574164
1.05652360818
-1.08850314561
0.34647113216
0.318307243066
0.553032383249
0.416687919385
-0.73767196466
-0.367950935261
-0.443320110925
1.70028757944
1.10492148435
0.0106584343901
0.418982946116
-1.24582609244
-0.804273298662
0.283481812303
0.366067667278
-1.22650135495
-0.172092918684
-0.960948239524
-0.87785437983
1.46598226285
-0.578584170177
-0.318186237706
-1.39915936725
-0.0929865709801
2.3186572191
-1.06573305592
0.22197560502
0.269960153263
-1.14939662805
-0.239449094946
0.778678218194
-0.182170107481
1.84343526344
0.980526576679
0.728280807527
1.2355839154
0.444047233922
0.49812179319
1.21485801895
0.783660556034
0.0205023265317
-0.909880385535
0.959669151115
1.35287681402
-0.363543757885
1.37194118249
0.950973824663
0.789228643567
0.296110686726
-1.28495375274
-0.0428752422733
-0.515682290721
0.740805169012
0.234106892203
0.0621341560904
-1.1519933163
-0.110652576708
0.100706236141
-0.0296275139096
2.0239433922
-0.200577291277
-0.0532715091988
1.06806392318
-1.07696145392
0.0815775412025
-0.224811012133
-0.71123981478
-1.88816907064
-0.255158273535
2.06724198005
0.308409392007
-0.598850919455
0.559917023295
-0.983200957029
1.01249268392
0.12328409272
-0.455340534461
0.36324326293
0.168628715734
0.119729452594
0.54723900019
0.474791402984
0.442913252103
-0.946675647638
-1.74719625856
0.674256880913
-0.761935349063
0.406797745435
-1.00741869637
-0.577067565603
0.155222756247
-1.38169536239
1.34128264663
-0.904392058234
0.323564524471
-0.267666986378
-1.33988749797
0.196973722926
-1.66177408617
-0.883008246401
0.219108607367
0.800488196396
-0.913719294806
-0.450419714043
-1.20770848311
-0.182111338052
-0.802201840314
-0.448326885354
-0.426081097879
-0.610957795791
1.65342259026
-0.876428597044
0.467632330388
0.947680193129
-0.276806084611
1.40549218659
-0.207160709299
1.04723039991
0.706395117444
-0.548207180522
0.604502563493
0.279184171898
-0.309150661963
-0.184495212646
-0.396785729848
0.519664031044
-0.908878696936
1.16745066916
0.370704518072
1.01369659299
-0.350688423005
1.59182358554
1.7693470332
0.443298977911
0.17882092773
0.817360126863
0.506561615519
-0.240971281245
0.600288540862
1.26671835983
0.642971100046
-0.540846347731
-0.769032937306
0.0720059300065
-1.73435208965
0.985942042066
Score: 10