3
44
10
3
0.0688697258794
1.51184847079
-0.540896069444
-0.743248412412
-0.6658226071
-1.63627336677
-0.109350087592
0.58881274518
1.36088582975
1.53283654927
-0.713091970241
0.570531731694
-0.174466604413
-0.748685623998
-2.02913222688
0.0929472846581
-0.386297912474
-0.0719988702264
-0.762574882282
0.954054406588
-0.0422984007779
0.83858243877
0.503715158714
-1.20266625746
0.456756570011
-0.285113080875
0.532720153201
1.45262329852
1.14061798254
1.25391340078
-1.63760597537
0.538819856877
-0.528250858441
-1.89920651451
1.3439337868
-0.381773306333
0.0966129900893
0.625752772111
-1.02730368909
-2.40699984648
-0.854216980358
-1.59619060938
-0.0170120445813
0.122612608404
-1.30469719864
0.647327843866
-0.66799788871
-0.791696815497
2.48867952469
-0.85120257267
0.676190541169
0.162686445632
0.236103465188
0.878188738415
-0.952625259085
0.0255530862139
1.08885321305
-0.0346141763158
1.53649833409
0.515945438253
0.874094651731
-0.708276023379
0.476492442382
-1.24182945833
1.09193149625
0.4512905319
-0.252763310149
-0.542600421621
0.209871955832
-0.390976116726
0.909664397106
-1.63921425086
-1.6266542465
-1.05562358103
-0.557696276666
2.0504709507
-0.5949711216
0.0952274789432
0.335812183225
-0.320018032791
-0.721787324306
-0.231609340066
0.588918925668
-0.0328622710767
0.0285422416083
0.309395110562
-0.951628474442
0.676616030318
-1.39645045371
-1.70049406156
-0.273677818792
-0.594610166744
0.0610943309874
2.01002898169
0.276815949683
-0.975823050319
0.452633963758
1.36055400253
-0.222744587663
-0.239986802345
-0.337656434042
1.4665907942
-0.371587231475
-1.27871755423
-0.7808222493
-0.0415491396942
-0.139624716695
-0.462749204892
0.958162824143
1.27965357305
-1.27232338627
-2.6276294994
0.392744624997
-0.944522285256
1.65003144441
0.769972418443
-1.84803984918
-0.712003747923
1.15180919278
-0.0727312459913
0.450165194863
-0.958887084937
-1.65584914226
1.26361000873
0.434932548152
-0.0870827361765
0.525486986961
-0.759330992891
-1.12782150703
1.48292589317
1.64353612042
-1.11267983853
1.81545814773
-1.04334963652
-0.570418518721
1.44090084137
1.44915754651
-0.643877717117
-1.64102236391
1.23563465988
-0.811662709403
-0.214642776128
1.07124282064
-0.213698972428
-1.53495932061
-0.936664100964
0.908654341171
-1.75150645918
0.601224444337
1.47496458804
0.706768014357
-0.867468780653
-0.775358188339
2.78111773138
-0.0151564507049
0.925526759346
-1.422967332
-2.23241331222
-1.31039743939
0.238512950555
0.579479394267
0.613745534207
-1.15283527082
-0.390310955956
0.659456992634
0.143056654106
0.746792047883
-1.2283685637
-0.427432627687
-2.09557587722
-1.91317793661
-0.980407335539
-0.348064809702
-0.206391766383
-1.16233356573
0.0372051972318
-1.182103658
0.00410957818701
1.90941897259
-2.69662838939
-0.623693954692
-0.235361143665
-0.312504939963
0.695382347219
-0.306840868041
1.48255231403
-0.451784730111
0.465628793745
1.21692159498
-0.753961387207
0.462447235142
0.313868631667
1.24839945758
-1.19916793254
-0.304507784053
1.19372727836
1.31215464119
-0.655695890766
-1.91746582592
1.29153952445
-0.893218947468
-0.259182711899
-0.0248209848438
-0.804185778456
0.230783162721
-0.484063923195
0.541390853122
1.1201005692
0.0719439581624
0.63738532748
0.799515600119
-0.535175263052
0.246608929183
-1.14225478606
-1.47600033136
1.48992169935
-0.698805854198
1.05143785568
0.376828297381
-1.21165032717
0.201458957966
0.838483041072
0.202751843707
0.619115558505
0.925090199004
0.424539750413
-0.165797298529
-1.0472522903
-0.0908891583915
0.33284181914
-0.785619477237
-0.40938820794
-0.417056529945
2.2265589974
1.54359832255
-0.90127103815
-0.853602690634
0.499586803406
0.239008911122
-0.465028914777
1.55786226315
-2.93896705538
0.528522579665
1.41084662992
-1.56716497396
0.570511929776
-0.984824122618
-0.192956628413
-1.89348782015
-0.991573735068
0.215487843899
-0.283741006044
0.675589200752
0.196025634268
0.351603703337
0.94796361335
0.504075974068
-0.665424182194
-0.900467451685
-1.9884709629
1.15889064161
-0.510499124914
0.514968791758
2.38690698509
1.15331845207
0.143557853307
-0.63886861803
0.123389345101
0.329683892566
-1.70402037992
0.0696188681627
0.834373547187
-0.615606105645
0.115080160755
-1.14827498322
0.669850465884
0.391637153307
-0.683687331488
0.743851586655
0.338343048919
1.51148591317
0.442860447747
0.180706864254
1.45190843925
1.2033848316
0.121624020563
0.418751679124
0.103299530803
-2.13313789433
0.10801794261
0.784239154682
2.18169299339
0.576779037055
-1.1771500673
-2.26712930227
-0.550714421152
-0.727924268876
-0.48258310219
-0.645385133847
1.13914836996
-2.20876981781
1.08867898124
0.545832035766
0.76259006752
0.147236057351
0.662039889099
-0.3685607365
-0.961359277203
0.259832152072
1.05570659828
1.4646865392
0.97610373023
1.1194684727
-0.101543900954
0.167351305074
-1.17247437398
-0.111300558725
-0.798893245749
0.645477046299
1.3187040157
0.557232844966
-0.426367474961
0.0833449307915
-1.25797455652
1.11263358709
0.6277584505
0.257355125228
-0.0892248810096
1.29538300105
0.635078222655
1.38449388634
0.34505534796
-1.4618373086
-1.41163004608
-1.09782835797
-0.00498786993758
-1.17978937522
-0.405609755614
0.915907195248
-0.887550476135
-0.0125314488574
1.29044035647
-0.815677415863
-0.908666662712
-0.793666735316
0.494218317979
-0.666490829116
-0.0573417550685
-0.284485339206
0.234067125291
0.82948511537
-0.362268739206
0.677850533964
-0.515277455607
-0.0930543681602
-1.29542855238
0.0229719634556
0.459795575228
-0.618604125965
0.666622485494
0.917997742056
-0.375531216244
-1.54201304047
-1.58093460424
-0.387143638237
2.09428494634
0.275116948481
0.263567759307
-0.590294199955
-0.43593547187
1.00389625597
0.597746891284
0.0686087940067
0.121423170862
2.38141251629
0.281264756019
0.0277751688106
2.00875161803
2.74595699472
2.79846169446
-1.41807185453
-0.331884749417
-1.41051468931
0.436749320262
0.0941223301196
-0.472027198839
-0.173520255401
-1.09956271146
0.102815660976
-0.291154341605
-0.442914697719
-1.0599488472
-1.67323392286
1.98040248988
0.445122069996
0.401835622762
0.56561878824
1.37194009944
-0.0318141246548
0.326542715641
-0.265898962143
0.893869879858
0.683396721352
-0.0222168958163
-0.346953970994
-0.889472787132
-0.140193989672
0.649755582094
-0.103186480436
1.13961586258
-1.4300640518
1.54974085709
-0.660078938099
1.44967632127
0.315900118867
-0.310977549461
1.425215995
0.889175776094
1.27594779805
-1.87927792241
0.805779714713
-0.897077731673
1.26886742482
-0.439659206933
-0.0942731343353
-1.8251238424
-0.758697237647
0.90681137556
0.0123519817498
-0.0163296024863
-1.36652005374
0.497158678108
-0.589462309817
-1.17065323009
-0.00988407513264
-0.195052358643
-0.365079532001
0.392619855442
-0.337528976449
0.0944527108417
-0.152350112822
2.26187053615
-0.849571946942
0.0335334196422
-0.193824363576
0.443257169649
-0.0372007958269
-1.12588086219
-0.119613446274
-1.77099920664
-1.11251658672
-2.76804833352
-0.959296795392
-0.612445009964
0.859168311156
0.162621361335
-0.0762922434334
0.363463443285
0.236798114717
0.805591551862
1.3358097481
-0.125940221441
-1.52290318265
-0.265247939833
0.159537588763
0.107299774174
0.258693994587
0.206391875617
-0.126833292583
-0.967063024487
-0.39213536038
0.749056311925
-1.08495735084
1.39942620254
2.49614218829
2.05290485865
-0.0420538664413
-0.603947918054
-0.419313739071
-0.992636659762
0.108218474974
-0.145812518412
-1.40280364269
Score: 69