3
44
10
3
-2.32223556102
0.444349993929
1.5348712659
-0.423147034397
1.38125622869
0.191903929665
-0.944216551537
-1.08539874732
-0.541469275945
0.0658440345249
0.178212324832
1.55967084017
0.724314483667
0.446857839029
0.0735305337333
1.21374754444
-0.853786219208
0.887991031538
-0.355372734517
-1.30962578172
-0.363450821879
0.064960280096
0.37396060608
-1.20359354459
-1.79904085826
1.6421738433
0.404196479695
-0.517960553244
-2.74900297329
-0.475123703022
0.213883691965
-2.00659909722
-0.968905356594
-1.96076192563
0.470437389032
0.284030036932
3.31233013354
0.600120305761
-0.636967533608
0.361696311307
0.0396780538588
-0.0803479613334
-0.795564813079
-0.0309075713596
-0.422705464928
1.20398321732
-0.349656829043
-0.0398902933116
-0.377840585308
1.62633109888
0.481235459382
1.48495758177
0.193906480181
0.93392994491
-1.69393876932
-0.0427147177148
-0.142150568492
-1.09711579734
-1.05077497255
-0.372891622171
-1.21861181649
-1.72279965885
0.389994044694
1.22916345436
0.663011236009
-0.369509179464
-0.684487325015
0.684732283734
1.00041808237
0.564620694761
0.222591691455
0.327221212815
2.24158344784
1.18810446574
-1.06176803187
0.13048500378
-0.236665295708
1.41608489177
0.483362996015
-1.77625216411
-1.01785692714
1.05094227315
-0.509029311598
0.904145272252
-1.7272699403
-0.470615614493
-0.31844060898
-0.0791722061284
1.63942546903
1.21925880677
-0.0132647995803
0.241703190816
-0.979810005006
-0.43324044242
2.67291741629
0.871737849766
0.995112957275
-2.04454823112
1.56057740408
0.675231858505
0.883858714712
-0.286279936936
-0.0254519800812
0.2372244493
0.0273205374358
-0.340999982274
-0.286255270434
0.118586982038
-1.00395521383
-0.631944826859
-0.0357140236471
0.570025245628
-0.0250222745583
-0.0190010134518
-0.340104746946
-0.571025477713
-0.271158244322
0.498331414476
1.4326130422
2.70238747144
0.787445405375
1.18340445882
0.801267036882
0.0852435425807
0.162065052722
-0.978087092901
0.829774050163
0.795353703099
-2.0775928958
0.138595197193
-0.588134396737
2.19428551184
-0.504721281454
-0.638295796269
1.13151322191
1.09046680942
0.277798495533
-0.408505372256
-0.997256042499
-0.662588868143
0.401121496108
0.901139895696
1.33339071967
-1.0065841493
-1.50219395314
-1.04209711921
2.06108217342
0.622793364364
-0.0739869607926
0.79836779025
0.354131827115
-0.509470417364
-0.252378005109
1.25370254608
-0.124244136897
1.3650376659
-1.77426333063
-0.373473178491
-0.233852201934
0.683082526497
-2.15291956983
1.50253614815
0.0389591900442
0.697181877096
0.494424354424
-2.09805170826
-0.217611677538
0.865003174147
0.778997035225
0.335211859154
1.28467132713
-0.683205819008
0.829274403735
-0.881666030625
2.45109196772
0.931712785279
0.0852671924426
1.52224242668
0.464993647368
-0.795865879381
0.656041909417
-0.416341263415
-1.12158759954
0.948665657438
0.996760567483
1.21342515624
-1.03917026852
-0.00493651515472
0.0374349478745
0.495804713548
-1.74405718343
-0.873960863109
-0.0687219875464
-0.373234320332
-0.244489134153
1.62368245642
1.57360430016
-0.732842587089
-1.35265253167
0.161362073187
0.411675044761
0.713366533729
-0.409430973846
1.26781334347
0.401605932004
0.0584978653764
-0.638605027469
-0.673753202592
0.487951285084
0.800396351788
0.0514123666212
-0.449364711897
0.764860642879
-1.3624429564
0.591615583244
0.370052607451
-1.2293339337
-1.37841411228
-0.786480265479
0.997909444299
0.695416584321
0.284775828515
-1.27804633701
-0.489854993816
0.417945125716
-0.563036664235
-0.251350947851
-1.26454523543
0.60366848705
-0.792944487063
0.32634854142
-0.402369948241
-0.338156900991
0.613623690806
-0.442127430957
-1.03832271642
-0.164565688671
0.778527501465
-1.60204321749
-1.51414984514
-0.69915379087
-0.823131529997
-1.39742611704
0.761408370142
-1.5286516845
-0.233755069512
-0.302373024569
1.25262782861
0.932475985594
0.66418408061
0.644983761671
0.949411807875
1.1736298398
-0.200678661278
0.0979756578927
-0.702723221962
-0.298108278946
1.05313338003
1.17809342204
-1.47660373479
-1.66008890244
0.713897983496
-0.178509743332
-0.466577578205
1.49402499814
-1.21283062321
1.95870850097
0.171963323475
-1.10335632968
1.25752631915
-1.07866934825
-0.22486057639
0.284851761887
1.14525019887
2.34419768858
1.23804253244
1.75022969143
0.272180574986
-0.121160905669
0.245482968868
1.24621325334
0.0928051554341
0.778902865289
0.00705209715684
-0.233519698796
-1.0554549452
0.691810451007
0.939900050867
0.0535442188437
0.79986136658
0.980507884593
-0.042486501654
1.90105043835
2.2130890798
-2.21567223348
1.15370339231
0.309836694701
-0.0286325768102
-0.696698030058
-1.75081846226
0.0618898723493
2.3211409681
1.01346978039
-0.15132289881
0.587875409563
-0.482860232044
1.43180495029
-0.419898816332
1.57539046901
-0.240875502942
-0.210384248527
0.953218013448
-0.324178502497
0.580040782634
0.108198464981
-1.32788601522
-0.0380476984605
-0.0530024099678
0.820472845483
-1.0214799757
0.725625888116
-0.472240187504
-1.8835391516
0.469555496766
0.547020573823
2.34751477216
0.264141004141
0.627110521246
-0.335880150808
-0.0936842755365
0.0497054317269
-0.620722919966
0.938007242818
-0.39741846002
0.0752697810595
-0.901640276647
0.782481007307
0.401117127398
-0.276042849271
-1.63369124435
-0.262601879383
0.315351661359
-0.270737483336
0.808365944233
-0.479773032204
0.387598061063
-0.204618494497
-0.353238375806
1.35323989613
-0.351144494897
0.278987165149
-0.462321225249
0.304958538842
-1.28783113961
0.934412311211
0.122788887387
-0.097277579394
0.484973109218
0.194455636848
0.517820833382
-0.238243602877
-0.225435679303
2.42854635408
-0.5530735796
-1.70188336279
1.04924758807
0.411291031273
-0.648670960124
0.79601513664
0.295422660638
-0.259596233814
0.599994189507
-0.369564239931
-2.23885382841
-0.439807570967
0.103749690074
-0.86538214555
0.150747946076
-0.0125236279048
-1.06287714132
0.427173963678
-0.710096028253
0.320498483588
-0.866666115137
0.520829195092
0.528450621115
-0.866736914786
-0.902689751943
0.402310903786
0.881671433167
-0.509926826325
-1.44148316908
0.015217216109
-1.13935038719
-0.945469524754
2.07953357259
0.308655192228
-0.385825278383
-0.937648224248
-1.13221919826
-0.117747743879
-0.13522742682
-0.922554838735
-0.188040767595
0.569500751838
0.378987255203
0.803264168994
-1.59146719069
1.57741285939
0.309310279801
-1.26338269771
-0.163506175049
0.215465520184
0.332381331769
-0.28251229548
-1.94217471283
-0.233154359226
0.258113059306
-0.761719540773
1.33888378724
0.690672051654
-0.224121129982
0.44761452079
0.747175435425
-1.06121662106
1.30735550022
-0.00939649199768
-1.06865506314
0.83122957438
0.841883123735
0.829862978209
-0.241972071173
-2.20283247911
-0.706359922898
-0.901377867565
-1.31840488765
-1.32191364828
-0.875660149937
0.789130941789
-2.65713698839
0.14607948191
-0.778838401556
0.600426701015
1.09776820152
1.7285979698
-1.50920002156
0.338242814838
-0.229298260124
-0.462563252116
2.46612423822
1.70280326677
-0.237902825707
-0.373033206481
0.809238381371
0.275025299136
2.97173060421
0.56462209987
-0.801325720099
-0.0520364560926
0.724292150619
1.15307935089
0.9689965127
-1.52578124339
-1.39871942822
-1.71390116992
1.16458926483
-0.558475889298
2.09697337215
0.373882746121
-0.712313585404
-0.706922252095
-1.20171775366
1.03560612739
-0.564987691945
-0.382837282618
0.164812604981
1.19305798526
-0.327053940877
-0.170125083896
-0.454062304327
1.93721952889
2.21765332944
-0.165124498556
Score: 1