3
44
10
3
0.160169677418
1.60081640605
-0.344153012884
-0.923806620809
-0.340443347925
-1.40190473824
-0.109567376603
0.431401178551
1.63906435826
1.48980608455
-0.855395652797
0.708258036634
-0.00474756730243
-0.796212272985
-1.99209663705
0.109704082746
-0.402471204383
-0.00285355500641
-1.06061306712
0.708267381065
-0.151887235222
0.650722787942
0.509878941486
-1.07318522827
0.26013543753
-0.414645077534
0.229327738027
1.39051168794
1.11590415251
0.977849993564
-1.85043353592
0.300350923112
-0.543527999983
-2.0157332677
1.14843104662
-0.374195998721
0.0418952260399
0.657042892815
-1.32375806232
-2.26804976857
-0.997320364643
-1.63607860754
0.153026575432
0.0648244443179
-1.19336867653
0.355789437171
-0.789992675816
-0.796936373372
2.65687845108
-0.875752907815
0.46094657214
0.133032325001
0.715234345772
0.503728948409
-0.729152864167
-0.142601630359
0.978441967467
0.246537880259
1.70031881089
0.30390268145
1.07231220572
-0.764102667303
0.645887210771
-1.09234844249
1.36766576691
0.397761152282
-0.0842027447815
-0.797096957097
0.495734551739
-0.447114234629
1.10276986892
-1.67154584368
-1.37114913828
-1.16324308168
-0.275166190348
2.04694695336
-0.658732948875
0.203171485168
0.193641695668
-0.40295702977
-0.637691470384
-0.297370693654
0.703187962995
-0.0666154107239
0.0210659857525
0.247059066311
-0.959967498722
0.476266818129
-0.953670800682
-1.66328462125
-0.0936088322506
-0.812499835811
-0.137549744807
1.91697153978
0.299697497724
-0.698070962818
0.391361416803
1.49124370235
-0.231258818512
-0.204827760017
-0.43066757401
1.48480818356
-0.306364884704
-1.29358721629
-0.830128232143
0.109524263275
-0.197486238267
-0.117813824933
1.04936128069
1.16937665113
-1.60787143298
-2.61986834629
0.460894978031
-0.962409439439
1.49460721277
0.74491871964
-1.59658540315
-0.934388905506
1.09382659831
-0.0331844548965
0.48064348043
-0.906169758557
-1.65607786751
1.15282505886
0.520550293375
-0.17854956226
0.444278985977
-0.667147277036
-0.862020277325
1.2741346822
1.44677374047
-1.29685962172
2.00469881414
-0.740915065487
-0.572987379011
1.33407555956
1.41077653576
-0.594833287705
-1.55246194014
1.02525681226
-0.632492691428
-0.334539439385
0.988111666311
-0.395232783852
-1.34523427947
-1.10934668662
0.684895811729
-1.62503865204
0.701965219088
1.55287866435
0.831715531108
-0.494092820339
-0.928451855092
2.84472294489
-0.138978397995
0.866891764283
-1.53658863094
-2.17767544913
-1.25855344858
0.0356891371298
0.635805204726
0.711173247853
-1.03303893328
-0.213068154427
0.462448084995
0.172292685267
0.937025861134
-1.00554926915
-0.413008469713
-2.11408056255
-2.01073604235
-1.12983529863
-0.47498331574
-0.130768634545
-1.07851023954
0.225385824965
-1.15038434923
0.164721253197
1.9054014264
-2.6130268002
-0.684423663724
-0.00111094189074
-0.171346982304
0.814365260905
-0.236647225554
1.48394104369
-0.452498515051
0.459510345999
1.27601086813
-0.592972582518
0.474433962196
0.0788648832869
1.00176417256
-0.970501515768
-0.252897381924
1.29372488657
1.2156028316
-0.378115707787
-2.02089409877
1.20593943185
-1.11989989907
-0.0219988652463
0.0945027019873
-0.888059121841
0.269757410599
-0.468986316265
0.729726025617
1.12121995054
-0.287797966976
0.473035225499
0.544290868849
-0.42497980004
0.208694252175
-1.20516559788
-1.30926239275
1.68145062459
-0.583212606672
0.774537978415
0.430101089925
-1.008567966
0.103904508222
1.04712615751
0.393833165562
0.599912236081
0.508281956264
0.179740075861
-0.408800855458
-1.05279400571
0.00304632460405
0.656792659437
-0.743971481686
-0.204172646846
-0.481082874021
2.11623485234
1.54945944739
-1.01723061951
-0.856675956767
0.413666046518
0.252138579836
-0.428382470073
1.31207995775
-2.94580508204
0.704873201879
1.32339349196
-1.49101167194
0.498018833525
-0.97441907446
-0.0776226328656
-1.78814035285
-1.07139770511
0.0241349408402
-0.43321765547
0.802276493193
0.0200778510738
0.279102680759
1.02359103826
0.475006916589
-0.542850457602
-0.644117058454
-2.19701340331
1.32142458576
-0.336119077112
0.656168051821
2.35619604237
1.26911839474
0.33039065474
-0.498337323088
0.116744342714
0.135468930874
-1.60481647145
-0.100001327942
0.784680637162
-0.737878660454
-0.0552544795326
-1.10738036855
0.703186571923
0.451762320026
-0.605121005743
0.713647384869
0.371011579386
1.09782302263
0.48935907805
0.334848528085
1.25256424104
0.886998688209
0.191442392956
0.267549945168
0.180495064084
-1.98958429839
0.367961612492
1.07448265733
2.15159136305
0.675427572725
-1.23148792511
-2.26611078461
-0.708723434742
-0.721503129081
-0.331120659353
-0.738283876601
0.989179005733
-2.25235260276
0.965449208347
0.584694161451
0.756935355086
0.26190649552
0.657371881963
-0.227373427192
-0.908986701764
0.138241838853
1.10314754422
1.51678537065
0.837072875005
1.18682994903
0.0476253218556
-0.0092730868861
-0.939220213242
-0.0656523408969
-0.516284898205
0.650938942867
1.1980382826
0.575046557951
-0.43592308996
-0.364113926665
-1.43890180945
1.14395771465
0.677828605868
0.338661839517
-0.0307190980617
1.33251109255
0.748211683151
1.49997631301
0.202068745811
-1.38958702606
-1.64946670567
-1.24882491713
0.0386769685555
-1.22964659398
-0.47164224879
0.938277551424
-0.858078036066
0.204082057657
1.24277216515
-1.0042357207
-0.73040758844
-0.711492875126
0.343912218631
-0.772091619311
-0.197410165529
-0.151583123288
0.257637966467
0.514128498605
-0.505027437403
0.551619991928
-0.40809129283
-0.325134817393
-1.38871821401
0.0746056331287
0.68966315267
-0.287483567538
0.639157178953
0.724754755147
-0.139808024429
-1.45130591134
-1.65428114215
-0.299131945822
2.24032891889
0.104702369308
0.711637539504
-0.657716673174
-0.411377457847
0.941052495542
0.73625284053
-0.04846169874
0.147817358941
2.47794569463
0.0922931449456
-0.0118402714847
2.03601135098
2.65086577366
2.83043848414
-1.3320179485
-0.0644851113263
-1.89644853215
0.506092009484
0.230186991757
-0.609922079665
-0.200770219233
-1.06637752866
0.319915145817
-0.213884724288
-0.492145616635
-0.782850711892
-1.60465287599
1.78497346703
0.543013925131
0.461056762814
0.451355532681
1.07051526455
-0.0961951623429
0.394693257095
-0.170755318571
0.987667332734
0.458658358209
-0.35455567964
-0.475762043704
-0.850880310132
-0.392565831747
0.468067103343
0.0121108131004
1.25704990301
-1.53047416411
1.53080938945
-0.843809267105
1.25176175863
0.288031881606
-0.599380645575
1.29995827124
0.56082804927
1.20734533362
-1.67414538278
0.858422466928
-0.898707630619
1.21873892499
-0.635052375579
-0.0535919338569
-1.47201284406
-0.819021110459
0.510745196409
-0.0640549099743
-0.0226168635073
-1.46127117414
0.681747737497
-0.735801374342
-1.09551844015
-0.0605659929687
-0.24801322926
-0.439110656063
0.0527872953916
-0.422816522979
0.242760107774
-0.230857325574
2.18809276847
-0.728547722862
0.243974668533
-0.160383134036
0.361430236252
0.0191166954797
-1.34297771281
-0.14432736984
-1.66872261367
-1.20538968337
-2.72807173498
-0.76336279767
-0.494098590919
1.0830330987
0.145219773058
-0.160040950765
0.600810412554
0.482155844466
0.909243636486
1.3197420353
-0.445296137486
-1.36851252457
-0.594200583353
0.0349640306741
0.0772973542643
-0.0601274118587
0.18739439631
-0.64724527451
-1.01232100155
-0.0991544253702
0.66963093328
-1.31940283948
1.230801077
2.35050271198
2.15268553307
-0.0197283000668
-0.422090339705
-0.41684802522
-1.01242073903
0.262205211977
-0.0981450241051
-1.48227619864
Score: 21