3
44
10
3
-0.00564818147234
1.57909216911
-0.462850646686
-0.827022070195
-0.641394963814
-1.56811273798
-0.10503220114
0.597534104822
1.41399650712
1.51584851987
-0.694950923611
0.730178587703
-0.138915059087
-0.661470956938
-1.95763078691
-0.0148130332056
-0.428411831842
-0.108533643313
-0.877073292651
1.06648045355
-0.245009052456
0.914308436262
0.329831875605
-1.1901475713
0.490070121623
-0.36439129855
0.445004918138
1.27865640254
1.15381704813
1.07739267451
-1.56165955998
0.515608117326
-0.555427235234
-1.96721890443
1.40564897474
-0.509127142404
0.0672382348663
0.571050721583
-1.22887381342
-2.37361227438
-0.817062945822
-1.54220510693
0.173334650506
0.0784272086464
-1.29866316044
0.586088798455
-0.816085286143
-0.916918741837
2.44340994932
-0.944176256352
0.610881803399
0.270511188455
0.31483264796
0.800241081802
-1.12424558228
0.0184872856076
0.982470554072
0.00448936154012
1.50160629568
0.584428427773
0.934586132865
-0.722951877484
0.505367076382
-1.28712517395
1.21459262681
0.529095085122
-0.347354620048
-0.659733701927
0.314485366992
-0.490655781901
0.973621796974
-1.64202778967
-1.5159577512
-1.32066115271
-0.434649490806
2.05918292013
-0.497473113901
0.228193073465
0.339559609685
-0.297518605945
-0.576009556807
-0.264122332358
0.791043542046
-0.232021880746
0.0377151689204
0.439326651781
-0.908828407555
0.719862381522
-1.1807183056
-1.59711102604
-0.281551659978
-0.596011842456
0.174520832361
2.05183377787
0.30573211072
-0.919666526145
0.442963000986
1.41559365153
-0.229516210093
-0.196448940266
-0.37035079796
1.59811796502
-0.363618171297
-1.23241804097
-0.787355574928
0.0534909453569
-0.0766600143876
-0.412306093982
1.01254303242
1.38497315632
-1.29829906337
-2.64435217804
0.298516476353
-0.977843016598
1.64813442805
0.700686782226
-1.66650028846
-0.798455733995
1.07203258843
-0.0909317948933
0.435775459194
-0.784143611728
-1.67859200039
1.24400564453
0.432594504067
-0.0484814513753
0.61612551528
-0.831377366084
-0.927103433636
1.47889986143
1.73031854175
-1.07486487447
1.86203546103
-0.876775387895
-0.590054283674
1.24702645596
1.34909546921
-0.695983968148
-1.76104020093
1.21333594176
-0.901243083317
-0.0701876977404
0.972436480782
-0.203363501408
-1.48791002637
-0.923589922947
0.977507935763
-1.68143014505
0.675896699129
1.52487743368
0.639942431487
-0.59028642674
-0.876971334315
2.83063863227
-0.123905193128
1.03024250684
-1.43946839507
-2.28107686991
-1.2187501135
0.155334074475
0.707680581943
0.633742208475
-1.09358780686
-0.324580659859
0.618266901207
0.204441805381
0.84701304513
-1.09825535285
-0.310305072856
-2.16619781291
-1.88484625816
-0.918023266436
-0.403347395774
-0.19927999878
-1.25163630062
-0.0591592284614
-1.1199209838
0.00591816432635
1.87637157532
-2.59737825458
-0.461230195153
-0.238364932654
-0.265827947687
0.748113856982
-0.242792949965
1.51265767973
-0.523270526555
0.442617066304
1.2076295204
-0.671165120741
0.395634280319
0.234361259646
1.28378789498
-1.21635002761
-0.44944094992
1.30909990394
1.26816256819
-0.508579260597
-1.97769267647
1.28140102361
-0.878798139676
-0.254324902466
0.0148026910646
-0.761711842527
0.187356784123
-0.579544757533
0.675078370267
1.04865098169
0.0891049201945
0.642259566108
0.870632432002
-0.542825628729
0.26912867321
-1.13972510269
-1.44196185714
1.43983832484
-0.623532892445
1.03829258708
0.325177992308
-1.20480218253
0.230210926379
0.869178255513
0.168114938168
0.575484898236
0.908539759531
0.31750760223
-0.280612571738
-1.19245071533
0.134308073421
0.43916824184
-0.814208116115
-0.427746251223
-0.456663644513
2.1786516844
1.49309262452
-0.914624661123
-0.942171302818
0.50037774174
0.195173437768
-0.491631719834
1.59154210228
-3.03789074178
0.5869121075
1.28051582175
-1.74291693428
0.645006547741
-0.946894716807
-0.138472934879
-1.76994700483
-0.986811964762
0.0821712506472
-0.394959838117
0.744100084818
0.0834082544401
0.332815848956
0.791201433974
0.540561623594
-0.640462701761
-0.881030368256
-1.96957864016
1.14218079108
-0.3751547066
0.517899640479
2.4009745784
1.20888070257
-0.0519923542225
-0.58074585933
0.110379136793
0.242020731583
-1.62156673914
0.0182708747815
0.922237446105
-0.75270530285
0.159789119332
-1.2093504092
0.749171828155
0.33130824344
-0.595264768595
0.731199279074
0.217392569326
1.33851624339
0.468686991384
0.226319710831
1.41822298271
1.22871247619
0.123630985549
0.341409898164
0.132331142407
-1.94989630527
0.130241973697
0.854586543109
2.08131134701
0.444095992806
-1.26711472564
-2.24863021151
-0.546263014635
-0.754570112368
-0.467828842519
-0.700321166672
1.24626061234
-2.21507993794
1.14303081044
0.626631705566
0.883955573917
0.311099009899
0.669868751019
-0.264084249572
-0.942869358928
0.222618715105
1.0666933496
1.48427365982
0.941939621865
1.15824820174
-0.13120598619
0.0043664576993
-1.05503206208
0.0741140561554
-0.590752211988
0.630962918231
1.21401469321
0.425853252137
-0.464983801022
-0.118866266551
-1.11841300227
1.14677746114
0.492545539397
0.20277818272
-0.196242165513
1.27323181628
0.641652847125
1.50268688212
0.334279484676
-1.45068444498
-1.31054720234
-1.26218873461
0.0470831947425
-1.26259239946
-0.39047801724
0.817292530242
-0.94534478085
0.0269262774235
1.30412249674
-0.802163686976
-0.948349526034
-0.744634291252
0.277329049281
-0.573455691114
-0.0384765619299
-0.181120224743
0.223120798302
0.870878094243
-0.471171060694
0.779159160414
-0.588459259626
-0.255773663641
-1.23968815367
-0.00800565976765
0.631411935222
-0.573617621255
0.5665710734
0.851891512809
-0.287415331255
-1.62496105767
-1.72164659988
-0.381105260487
2.10459813486
0.209251977993
0.339023050424
-0.527681800576
-0.457898555793
1.04611816317
0.524452833293
-0.0294789834788
0.235238478861
2.42210477081
0.247151937352
0.0430720469357
2.04741847365
2.44870928984
2.75529940474
-1.43639092149
-0.377430103325
-1.56048578015
0.539786381476
0.109821151451
-0.409286088341
-0.177477914024
-1.12319285222
0.0980054379179
-0.346987658357
-0.394631874774
-1.01838760071
-1.59086303174
2.08151191459
0.482626054897
0.562843456776
0.557839416429
1.28344774899
0.149121252719
0.319074720198
-0.308400091963
0.926970115613
0.622404670193
-0.0231626693463
-0.398376788536
-0.932740364713
-0.168315417652
0.618738552866
-0.218001421999
1.23574746223
-1.47853711911
1.52400699276
-0.839735069153
1.38445802421
0.386776012607
-0.405967112778
1.26510851532
0.853837867153
1.3138004865
-1.8904216137
0.833203880067
-0.915395671752
1.15180950154
-0.351896326372
-0.143183003217
-1.8153320882
-0.727879339984
0.864380583801
0.135527242128
-0.0212861691828
-1.2744480296
0.562752132891
-0.671655137531
-1.21399111029
-0.0204443820653
-0.130386996024
-0.372704689507
0.238901830798
-0.317753429956
-0.0215116507685
-0.0495235612785
2.28781665944
-0.863438029386
0.111544970402
-0.195616992067
0.533278983032
0.120310605172
-1.13574970126
-0.176536639468
-1.83496978247
-1.13429902685
-2.76132444997
-0.931898735957
-0.636290618522
0.911684164868
0.206177387857
-0.0887651581765
0.537092789981
0.224208433066
0.702351541084
1.46403934264
-0.153639546488
-1.40858955933
-0.34662574166
0.158522768059
0.0225478935775
0.214044049679
0.319727989986
-0.0748563032695
-1.12788444854
-0.507124228706
0.742451193889
-1.06060379592
1.41071785096
2.51561931192
2.0841074137
0.0512657284637
-0.622935635416
-0.467871846984
-0.938965203853
0.122375914352
-0.10378344896
-1.34705172325
Score: 13