3
44
10
3
-0.653816240326
-0.652163048012
-1.39000516439
-1.02173778601
-0.0698520462503
-0.838035971383
0.880189213278
0.0442307374477
-0.942610112711
0.022399067505
0.988803178014
0.517854878305
0.418397119418
-0.256679447455
0.237759607645
-1.00684386686
-0.283017670496
0.198485879885
-0.553033849149
-0.215513740912
-1.46635051246
-0.0823918096971
-0.0914441840092
0.825448437541
-0.14699196181
-1.83659715236
0.710154910281
-1.35714620202
1.60283651343
0.843984265452
1.36618926917
-2.65709437932
-1.01405773827
-0.686047473319
-0.226609526308
-1.2223615652
2.19253152507
-0.68397394601
-0.292101271383
1.73488383912
1.2843172956
-1.31928411979
-0.650852641121
0.497152284083
0.0208544316851
1.35630682112
-0.919372614201
-2.21435585775
0.325678355982
0.992874683174
1.15045639894
0.37152695106
-0.133029153718
1.14639425265
1.71936331697
-1.08143268076
-3.15326289835
-2.3183951469
-0.475043154544
-0.368026557128
0.109730108541
-0.508206743098
-1.10976013551
-1.18892100441
-0.920179675756
-0.459315826489
-1.56881081275
0.0402346674104
0.249323608083
-0.671117847207
-1.60626463002
1.3862280218
1.59093938155
-0.548489640045
-0.346814694984
0.257665813044
-0.570433859238
-0.638660140979
0.240202070695
-0.487066178023
1.53248651954
-0.46606209425
-0.270276631425
0.315778636709
-1.09501017238
-0.584545737105
-0.633727139805
0.0219315401542
-0.262232798709
-0.772073118495
0.788664252971
-0.549402306293
0.759303914449
0.535934547547
0.618871402851
-0.61943320535
0.808852877058
-0.0817549543991
-2.28446416601
-1.06784273641
0.787135509733
-0.387050218506
-1.58733996988
-1.36411627634
1.27862820187
0.0292082690153
1.63103850879
0.28517903255
1.1716099365
-1.04246355601
0.209304478903
0.327281328463
1.3292361494
-0.433588043726
-0.0240620680595
-0.548869368428
1.12661214845
-0.96362620999
1.36781148828
-1.00857495442
-0.824531760659
-0.345634481513
-0.192128849249
0.250792622736
0.909845720638
-0.704757432906
2.00206088187
0.54393479721
-1.41925191438
0.512756733627
-0.0532151063913
-0.33612347471
0.339240633038
-0.536730501813
-0.15326562259
-0.613910108342
-1.23615631081
0.53025587478
0.821906035745
1.26082956842
-0.792700051994
0.631972785563
-1.57197544105
0.710996511918
-0.407328709539
-1.0964166564
0.228278706846
1.05468416327
-0.17630263539
0.264543307798
-1.43116385355
0.764392732718
-1.71752007592
0.681003835465
-0.429598911516
1.75183117642
-1.33767093368
-0.37997750562
0.160185619807
1.69773031492
1.30559309768
0.102019664442
0.236406439349
0.20599704136
-0.755252488035
-1.31636725918
-2.29830161063
0.105663157163
0.297535524117
1.21954680255
0.824052067433
1.00582625756
-0.0497555106042
-0.00644342155576
2.62381585519
-0.197983229988
0.221126197308
0.682301330119
2.20339558747
1.50827945719
0.0214126856187
1.87647715485
-0.468610352516
0.0930324398736
-2.01947695582
1.46860514233
-0.101236662768
1.87172401257
-0.313118115943
0.767036029101
-1.58298822469
0.979132285996
-1.38058429136
-0.532313459526
1.2235711709
-0.141788530787
0.10456005808
0.148280375477
-1.05062828727
-0.543298340187
-1.19176036656
-0.692200790231
0.805237670727
-1.54409257509
-0.926070689118
0.802175618718
0.365742352668
0.449300130404
-0.858028397811
0.440628680238
-1.20619415031
-2.21004530027
0.414772327093
0.634505413505
-0.378688064369
-0.634627058039
-1.24755499969
-2.42613689219
0.482161434818
0.574137196549
-1.40420125546
-2.54227671405
-0.268740208789
1.56897528489
-0.259515760064
-1.21588940849
-0.27288267556
-1.09376626587
0.357063128884
-0.9502609885
-0.420956082154
-0.254778916637
-0.74382974828
0.537040832815
0.133535971255
-1.63972073832
1.30736559596
0.373655987641
-0.869305421527
-0.35780678703
0.503723334352
-0.515421794656
-2.89367970213
0.687325534115
-0.0679242255061
0.247393632753
0.428037116485
0.357414196271
0.962926028132
-0.118343140302
-1.31248417828
-0.8129651462
0.715138993914
-0.913161727849
0.0336892954197
1.36762312225
0.87826456206
-0.311382894525
0.0941851848099
0.324347228382
-0.4628463018
0.0671429018831
0.677041932133
-0.00949066794657
1.11819588112
-1.05663010554
-2.25596193478
-1.5207537131
-1.43650465255
-0.0122489737274
-0.459209105882
-0.255856714873
-0.211726517246
-0.669343329758
0.431786826275
-0.293782572578
1.15580395178
-0.075703943563
-1.49719260251
1.53926258563
-0.455913579434
0.0254790329579
-1.93332659785
-1.13395493847
0.606402883493
-0.380859584851
0.753797151278
-0.0319976122498
0.593633406785
-0.74319009947
1.28281721313
0.975130423715
-1.4332372767
-0.862729246701
-0.896005856029
0.683264467295
-1.1247501213
-0.15098151767
0.206222537761
0.645596203447
-0.321060954041
-0.0207097937096
0.0854739322524
-1.45279017096
0.196448764893
-0.598612878429
0.139899477646
0.216950230496
-1.38245063023
1.28188823409
-1.01932985248
2.82545649813
-0.752761128317
-1.75407842347
0.369546487813
-0.1375557147
-0.261620331062
0.86559410111
-0.40492319339
0.843878420406
-0.415195618461
0.400048274166
-0.28258031113
0.47125164797
-0.328518795102
-0.394586768013
0.550359349178
2.00899819016
2.18719897094
1.20306483218
-0.705738463174
0.00633573403772
0.193416719868
0.0881936661644
-1.06952396038
-1.15593056284
0.58226756161
0.498446019781
0.719209885896
-0.430126038936
0.328963859868
-0.340703048262
-0.10673720135
1.87942265364
-1.15130109492
0.0562336487493
-0.398060349946
1.28174961107
-1.34925281595
1.21371532624
0.232404300639
-0.730417131993
-1.23531814081
1.20754940435
-1.95595486297
0.576376145002
-0.523484400771
-0.281595159541
-0.553719327512
-1.74234532923
0.501602157917
-0.194858456346
0.0522360814532
1.91197316719
-1.38647507805
-0.321768495453
-0.662545344923
0.97002510903
0.741710174076
-2.32026728667
1.17490656317
0.195102269597
-0.398654314845
-0.373319011658
0.560328727814
-1.48081431978
-0.455799547831
-0.879353418278
-0.36361058517
-0.258305753036
-0.743294684331
-1.86966701057
-0.749605066562
1.20796085448
0.427895194675
-0.84466821025
-1.21580898249
0.538657071682
-0.51136650458
0.253997229613
0.422320977303
-1.81908550902
0.181667552199
-0.430810283115
0.682468526774
1.1595192361
0.939340837204
1.80511073886
-0.422632734052
1.03429807543
0.129543081588
1.69768024502
0.955330880144
-1.0094760831
-0.909800432789
-0.485599039081
-1.21195636702
0.586883976113
-0.839455171293
-0.382269370614
-0.180643122974
0.584349268709
-1.62614234013
0.950671752301
0.102470799407
1.16338576943
-0.0153183575117
0.967108269776
-0.927814522651
2.14648555016
-0.503574362031
-1.36777702804
1.17671937784
0.154528818029
-0.886241745024
0.971019390149
0.765777598706
0.123925539194
-1.00952885637
1.21063806425
0.103818393477
-1.70084406486
-0.358072645419
-0.0622491638704
-0.781236371249
0.0530969648648
-0.0866634538974
-0.0614750245337
-1.08463979434
-0.193397347452
1.08911157255
0.185554802608
-0.13321434733
-0.289960284598
-1.41390079367
0.10457466234
-0.498251061355
-0.540393602491
1.4349528036
-0.0207761385677
-2.21452191747
-1.43312989905
1.93366066831
-0.457496349692
0.963093714423
-2.46331818849
0.13832847134
-0.897106087587
-0.205106514332
1.42112531844
-0.130467425526
0.442382651282
-0.940719973847
0.808457081384
1.8535948376
-1.47048923566
1.94280776378
-0.698546385282
0.450461043355
0.642629202924
-0.956727677891
0.651432707333
-1.81464778212
-1.20744621676
-0.12156493419
-1.05849293166
-1.25937747286
1.08341492135
1.01397392225
0.169665454453
0.915757832004
-0.361072521853
-1.0429371339
Score: 34