3
44
10
3
-0.7451053049
-0.532979536649
-1.2732954738
-1.01897980072
-0.113784490169
-0.675811372662
0.97998713227
-0.0480591655631
-0.865002955259
-0.100054446652
1.01099677658
0.614536898562
0.19365177598
-0.319088644734
0.447812634062
-0.919396002661
-0.459202319012
0.618226356346
-0.713947290076
0.182636328714
-1.5488294747
0.0324927925199
-0.196252145824
0.79780488887
-0.39012117822
-1.96024782505
0.478354871346
-1.07404474126
1.52584657614
0.741707717803
1.28724031892
-2.34143655498
-0.886409228409
-0.65643927745
-0.0897619554082
-1.18739176912
2.06065180701
-0.574299568432
-0.473873635686
1.74274564988
1.54354187386
-1.52023274091
-0.719847314856
0.895248625068
0.158945713211
1.05266285679
-0.853221751626
-2.00936790414
0.135522005125
1.11321729084
1.16971178046
0.342229909972
-0.183440324624
1.37067951843
1.79147797398
-1.10166461114
-2.85363396633
-2.44582685462
-0.381347147629
-0.272735439529
-0.0244485153221
-0.506195103879
-0.77030101211
-1.2214686272
-0.953825021517
-0.500811168431
-1.72159118342
-0.0811403802963
0.168564696762
-0.458277357507
-1.53491961662
1.13739132861
1.37493763492
-0.629267139563
-0.47627676888
0.176437890651
-0.85826173076
-0.318750599498
0.0178464407484
-0.55690665495
1.67911013332
-0.346980159619
-0.735734095709
0.453398200732
-1.20928797605
-0.399100854051
-0.815096848047
-0.199489820376
-0.598104617167
-0.871524923974
0.665481186311
-0.484406425128
0.905248350483
0.36097166903
0.890322273043
-0.830085644833
0.854091656287
-0.165909868472
-2.33518868908
-1.18550245297
1.09119331372
-0.37984296939
-1.75229136223
-1.39614750597
1.47685612481
-0.0573141471618
2.02325565546
0.477208594527
1.32703680919
-1.12078441307
0.251608315168
0.0802655276155
1.50555599129
-0.307102155051
0.342901642552
-0.386262382235
0.862932494243
-0.563061872235
1.52377961493
-1.0089855695
-0.558206726058
-0.377241477242
-0.397452414453
0.405928492101
0.938087890553
-0.41365447265
2.19753036079
0.567298183626
-1.1401902009
0.488800991109
-0.168807757318
-0.671365556645
0.228672632292
-0.356880675904
0.0325372891381
-0.81025882494
-1.5527280485
0.592616296471
1.07883476607
1.39797556477
-0.71643905701
0.614555039913
-1.71977870032
0.532938255122
-0.435608728579
-1.16552019717
0.314563528218
0.445736347745
-0.0900235507305
0.293302331758
-1.33203299261
0.563499584057
-1.79180542194
0.707617772409
-0.497312945614
1.74645886622
-1.25585004487
-0.451489170072
0.333713584157
1.81612219667
1.23205193002
0.418022069145
0.0568428903254
0.115447281376
-0.829502166457
-0.999908904912
-2.19801268509
0.111926122123
0.474274680281
1.2929966696
0.728179162212
1.04369592122
0.10341575794
-0.0161807791344
2.54285825854
-0.458428732233
0.141799136873
0.786711134921
1.96107701761
1.5612933818
-0.0461807609723
1.83869185215
-0.386290824121
-0.0704937087933
-2.07869299594
1.3079434111
-0.471813350551
1.90096959023
-0.148252320166
0.448668768208
-1.72415640018
0.82736005088
-1.67666600958
-0.803405808003
1.42729176248
0.0716128855914
0.0447635114687
-0.10985301694
-1.29553934726
-0.189043048336
-1.15470080255
-0.674291853216
0.739683412305
-1.56337341723
-0.858083607987
1.14156780101
0.748411150177
0.766702727317
-0.750128106505
0.168538323589
-1.20654284643
-2.35731149577
0.502119029368
0.821942430242
-0.395394032614
-0.694095661784
-1.13296510838
-2.10426443166
0.760896194949
0.59528802768
-1.4152291348
-2.64509723983
-0.342512326502
1.65381792158
-0.333080766708
-1.1273522906
-0.147901947865
-0.822526371806
0.157414098147
-0.923660651156
-0.699777316653
-0.493208536021
-0.745929492347
0.480818689659
0.433153353249
-1.62003613144
1.42158825595
0.337450735542
-1.04111597113
-0.461000460888
0.444765839047
-0.669184087977
-2.81099316547
0.717638296665
-0.123554165059
0.287249648476
0.531535580226
0.18952730357
0.973425951571
0.046701262106
-1.4749672977
-0.654931102676
0.503263293173
-1.27856431852
-0.0557143700882
1.34290311174
0.726130297563
-0.435733413982
0.0976564129368
0.470625373034
-0.67445036891
0.0526226363907
1.3435936237
0.0129072263818
1.24820976298
-1.13794346604
-2.19264660518
-1.89858305864
-1.26241431502
-0.0533950396654
-0.467590189933
-0.0698024010891
0.0846746518456
-0.397719873796
-0.0576966423395
-0.431878904473
1.1690342866
-0.205626599217
-1.51641969024
1.64021328522
-0.263395137656
-0.472395489299
-2.52017769687
-0.902555468108
0.449944263204
-0.400509360211
1.05298482575
-0.102257493916
0.738429320051
-0.864292376992
1.47057900383
0.948185804953
-1.4769303265
-0.58620183541
-1.04392166012
0.528789158199
-0.938634460348
-0.0698855555669
0.591439540172
0.971874563609
-0.140947650421
0.16202958866
0.0830435340616
-1.38863921061
0.0555701389917
-0.153300983086
0.193153628038
0.540862749333
-1.23199772081
1.53483361
-0.728812948894
2.49756130963
-0.532855593316
-1.61579509221
0.319628670275
-0.220559234121
-0.107516291272
0.784025392545
-0.260452704601
0.946078633206
-0.30533381767
0.345244799667
-0.0875455477079
0.554966105103
-0.41992104603
-0.321496155402
0.594100690772
1.88357393836
2.43038997389
1.06950427147
-0.278579590358
0.252994862762
0.328359742697
0.0658950027968
-1.25423547107
-0.933669748581
0.660238341843
0.130568487484
0.946198216084
-0.620922465056
0.347302064453
-0.505220503783
-0.482732218951
1.86504339785
-1.02779724159
0.24666755321
-0.387844755762
1.23320750612
-1.48276108931
1.49375926024
0.204079450481
-0.960984777804
-1.37637358271
1.36284617205
-2.38435484986
0.264947119884
-0.504660471696
-0.447009094815
-0.332460216602
-1.35708191083
0.453912012554
-0.249699251161
-0.162552257337
2.00816595495
-1.50692934958
-0.276661844964
-0.359560040193
1.01115707439
1.07575143709
-2.33370072459
1.16967901284
0.120344250098
-0.514714645576
-0.449760159783
0.658311932176
-1.58200263865
-0.521391072282
-0.889568629273
-0.240114664896
-0.152993081833
-0.891748043912
-1.77730161608
-0.718363379738
1.14365786291
0.470959416983
-0.518931928813
-1.33863624373
0.33656223923
-0.771479166828
0.201637820609
0.487905135247
-1.70437306383
0.23123948059
-0.300276486541
0.924833814119
1.19886553824
0.84294623776
1.83680427616
-0.431484357099
0.955991212653
0.220856276873
1.67111898778
1.00091346458
-0.865251711691
-0.801781841705
-0.572649646024
-1.20873213983
0.721336606959
-0.997959948061
-0.336163520146
-0.171000466442
0.377158926401
-1.40422649847
0.827043253576
0.0841973086975
1.07302040983
0.0197224134358
0.964185213222
-0.817380085915
2.21353784976
-0.479890948578
-1.13313091425
1.4119887437
0.240940012362
-0.906087578494
0.99717981386
0.756874492482
-0.0383990388178
-0.442021448551
1.3896030768
-0.0930633416733
-1.89221299164
-0.308458084221
-0.17053866756
-0.559307064093
0.458173934153
-0.0423994443559
0.0899984022076
-0.944445932497
-0.411456284961
1.25698493459
0.0901611602985
-0.0625970824746
0.00285409916098
-1.16268398618
0.197448623402
-0.829805486049
-0.360734509398
1.35449866667
-0.0828925661054
-2.05488293125
-1.29418674201
2.03270053099
-0.729585203992
0.997566369294
-2.75545558614
0.179449429509
-0.778520310431
0.147352928921
1.54874893986
-0.0502439711811
0.192388130159
-0.952982448262
0.954614162113
1.88779413887
-1.42660944763
2.00396548835
-0.774576310313
0.423121832299
0.507945496469
-0.822394195313
0.490406705558
-1.36289973088
-1.07181558352
0.106693238072
-1.07205431453
-1.17080224868
0.950056402775
0.920448562928
-0.143663867283
0.74370404998
-0.283458649589
-0.702599614634
Score: 1