3
44
10
3
0.71219198338
-0.458763098547
0.012541143594
0.262813618611
-1.33723265332
0.119933323079
1.01031187715
-1.01582184784
-0.204889741855
-0.15413190598
-0.374145220356
-0.7040910439
0.0545603355824
0.470503406845
2.09279285494
-0.96097432707
-0.253918841662
-1.74717483513
-1.36457868609
-1.01953537107
1.99607800253
0.867260030969
-0.439930162296
2.03316732681
1.25951083922
-1.07688452691
-0.985725978243
0.0580897082366
-1.89627386729
-0.0627033985976
0.260943429748
0.603167775871
1.47952398606
-0.786642895684
0.0285190800111
-0.283747736946
0.226343493707
-1.12997967927
-2.07011454552
1.93112862168
1.22374252776
-2.07078096568
0.759261760102
0.53442709187
0.065947834358
-0.108394929675
-0.437567446892
-0.0202253572514
1.98820534469
0.330028749087
-0.0757643453474
-0.980327211791
2.15040395429
-0.736758562189
-2.74545519806
-0.0860377717306
-1.34035301815
-0.279125817264
0.0857234641821
-1.89177479853
0.558151779658
-0.650645437109
1.10219255682
0.430385509337
0.533689826082
0.961453118634
0.0609945144853
0.0161709275612
-1.12107527231
-1.22951609047
1.10179021351
-0.588900770089
-0.885332385714
-0.0538944716881
-0.466813216023
1.12356052148
-0.53655063113
0.213950879315
-1.07781645146
1.27820446516
-1.2460615978
0.664469274274
0.184989755108
-0.0842267113332
-0.503142766991
-1.17897734823
0.0314412821194
-0.261531837785
-0.937714220095
0.462165963331
0.0485644920577
-1.04264777149
-0.351455488184
-0.540019577961
2.40122284668
-0.586976102749
-0.539340463504
-0.519097889697
-0.955842959028
0.088277187154
1.30116051704
-1.83476454841
0.624767422943
-0.1476306057
-2.57629738455
0.545599831009
1.08339740188
-0.830725314991
-0.301470480347
-0.306466264551
0.45699850308
0.540758140591
-0.742428971531
-1.78987874913
0.38513888051
0.343065402772
-0.38916734298
0.907127024906
-1.3282688586
0.70160112898
0.272548002187
-0.748291843798
0.228488398024
-2.26927723793
0.0546380403284
1.23754937696
-1.30188522055
-1.18050699057
-0.755832623371
-1.14431512515
0.496006929396
-1.53878481124
-1.50753145389
0.993450819114
-0.343138915755
-0.575136037043
-0.0732330390568
0.659826177159
-0.205086800036
-0.636662150218
-0.761997701304
-1.09906465604
-1.86492061952
2.87739319751
0.565456739847
0.90316647965
0.567497642664
-0.294666739362
-1.31894392676
-1.89510807004
0.367069803209
-0.478200044014
-0.214673379988
-0.731392732035
0.571730941053
-0.219323760607
1.83442128987
0.620474780172
0.590086700137
-0.135904925937
-0.831191450177
-0.356208490139
0.241206168336
0.808446510591
-0.457530953783
-1.22909105698
0.340709545961
-1.07837001607
0.230390343637
-0.668844909454
-1.20984886716
0.599335387588
-1.00874192289
0.489367512665
0.581626534338
-0.143952727442
-0.801662557676
0.395502014856
0.0275045325168
1.43705619444
-0.89066274927
1.77700559015
0.594673078065
0.10142713129
2.59489189389
-0.0753870161282
0.394781377333
-1.1718974889
-0.207790665689
1.35985322751
-0.237661379154
-0.194237977967
-0.0620874288339
-0.205015157634
0.286635478739
-0.127282551403
0.89763945025
-0.313171996967
0.221454622459
0.941780244291
0.2145413622
-1.36373416272
0.243751296704
-0.337050190888
0.0279402417786
-0.131610856246
-0.307343813947
-0.429646665961
-1.51716927808
-0.00668747251605
-0.0370334122252
0.550361450809
-0.264123294541
0.248235250024
-0.106869868275
-1.70189036007
0.112740039454
1.77673366291
0.261490522288
0.912913311706
-0.558663579125
-0.516041063295
0.395503522066
-0.652822480042
-0.651758815894
-0.512037813655
-1.89220733043
-1.96233858129
-0.769359348521
-0.760489014947
-1.36795340266
1.80765002443
0.0739149020006
0.459398697941
0.581779079705
-0.999115911633
0.0870113603533
0.544278315688
-0.451060398817
-0.441396554984
-0.691239742786
-0.320130608062
1.37606652794
1.81465693521
-0.465595608793
-0.551632648322
-0.486660670056
-0.119354894133
-0.179876725782
0.239030098891
-0.992387754969
-1.64024414639
0.383133372529
-0.447311056433
0.795192722512
0.579300271012
0.811401604465
0.815954777519
-1.30212988138
0.634394104744
0.228767456372
1.69545472592
2.09526657612
-1.44209580735
-0.696363672345
0.651290741349
-0.0693786012351
-1.00712482455
0.702039577996
-1.33581259855
-2.45430531136
0.566677568054
-0.0435801256058
-0.742649002296
0.552768918835
0.813797427995
-0.722366627764
-2.01128187089
-0.827306579633
1.09143392381
-0.625963812948
-2.28287208143
-0.0837916270385
-0.0568667251885
0.256416571865
-1.09420538524
0.417375902808
-1.68330321365
0.316843994209
-0.466847603663
0.677194163587
0.587209180115
0.892861819341
-1.19706653127
-0.147450914792
1.06942712023
-0.662791106119
1.20513848053
0.414134766285
0.642890382383
-0.476197897746
-0.305377416645
0.162060103798
-0.472720126518
-2.3951322452
-1.66699199673
0.159299605462
-1.67799956461
-0.616131351281
1.18655618771
0.590681551604
0.30367585244
1.92691915041
0.0309367734688
0.947228263438
-1.15447183665
0.305462897653
2.82997993316
-1.16529985968
0.53552863983
-0.0204607678362
-0.621451258981
-0.584483734121
-1.08163546761
1.38271571766
0.947982953565
1.20368883415
0.573049196643
1.73529209361
-0.051160207511
1.11432159929
0.229707010386
0.534501320702
1.57455341531
-0.486248083411
2.23504822655
-1.36728896611
-0.401884573391
-1.41852418833
-0.937142341434
0.741385254583
-0.71542399679
-1.39660858572
-0.0556635332339
-0.492426144938
-1.24099974157
0.759391615299
0.283182709542
0.705003806504
-0.867275481932
0.524533328965
-2.14107867493
0.288579713577
0.0579656330027
-1.11054924896
1.75309240778
-1.27469488805
1.83772851424
0.779827018658
-0.00542630710962
-2.13974945604
0.240338584118
-0.341976775493
2.80141202175
-1.33954955421
-0.483627968647
1.3424684991
-1.85676340759
-0.416266488901
-0.432792166712
-0.151412153299
-2.03077303226
0.006927899855
-1.90511823969
-0.440215219052
0.30904915029
-1.09759323956
-0.220130283952
-2.39407268673
0.568995133844
-0.260769067367
0.202462915693
1.17635720437
-0.453402615656
1.72403415113
-0.0290915915711
0.180511480916
0.163443658546
-1.38353185115
-1.42155991295
0.874590902121
-0.124014729917
0.765817978163
1.21778628497
-1.1327256099
-0.364828593098
0.340106353764
-0.577850106084
2.23138476848
0.735832829899
-0.789574217414
1.30151835869
-0.378644810686
-0.67083592044
-0.727068118882
-0.719689870104
3.02907873705
-0.917902633036
-2.29413226843
0.462154435729
-1.23786947788
0.449655286062
-1.0023219674
-1.10838364408
-0.763982511088
-1.23885801364
0.937700690533
-0.188415841265
0.720680092206
2.03965742135
1.32286382799
0.308264471931
-2.14056115033
0.442668339253
-0.361561693462
0.301334735918
-0.0425481419604
0.0701389656006
0.203839031734
1.06452000764
-0.19227545164
0.577799648019
0.140300394006
-0.688288524271
-1.97177308678
0.81476812729
-0.43473863184
1.02806498771
0.546563099635
0.638360917323
-1.40440374567
-1.53280403325
0.515223160538
-2.62073478564
1.07812257348
-1.90150589722
-0.32552726671
0.192763657379
-1.81580225102
-1.62782602968
-0.633366132145
-0.456757159825
0.887729023639
1.12142770422
0.300546505274
-0.723374671538
-0.417290488996
-0.254351512736
0.0207845109847
-0.993066145235
-0.792665113057
-0.635672407857
-0.159099433637
1.05048647035
0.249964613645
0.0819466697592
-0.778979952289
-0.502448733879
-0.68320335068
-1.7142798482
1.34306914878
-0.875013801278
0.313322722187
-0.216169416518
-0.214637334552
0.0608600897103
-0.782674811961
1.04119042651
-0.254237319894
-0.0559658408478
-0.574006265113
0.292547887094
0.779151454479
Score: 10