3
44
10
3
-0.418099514397
0.379480264953
0.421794296577
1.2031015816
-0.729717751809
-0.139036552317
-0.861373226964
-1.1414679647
0.0942562216092
1.38519088865
-0.281543217298
-1.75697168369
-0.30051692498
-0.795712978897
0.912687078641
-0.781273792981
0.662290648608
1.34014811439
-0.0760066553242
-0.231289710477
-0.531001298173
1.0347000555
-0.203773549396
-0.961337630188
-0.534779797352
1.23976840101
-0.69669985525
1.33193624591
-0.23761087457
0.914332768383
-1.11783194532
0.123403084195
-0.503573974709
-1.33198749612
0.106948371358
1.39356379994
-0.585116586268
1.29133827204
1.60719613598
1.07615840149
-4.25645910476
2.01385216879
0.544630817831
0.799520857915
-0.302691981666
-0.393801660445
-0.891684679181
-0.501063586352
-1.24166557525
0.883894495086
0.578623551361
1.83489038108
0.842336529897
-1.17992548168
-0.201014816234
-0.807804795487
-0.338100868167
-0.727297616303
0.205624155536
-0.0406365489558
-0.417411297291
0.287934325
0.38856670749
-1.07227302535
-0.966059406038
-0.496124594324
0.249988349945
0.856016486834
0.442638569387
0.0665393317565
2.32508017238
-0.343347812463
0.911359834047
-0.102088963296
0.228553282032
0.279281781244
-1.0297426428
-0.0577333146104
1.30790985826
0.768312571757
-0.6885650113
1.22651404831
-1.04251564882
-1.65737488248
-0.737763568907
0.982413068783
-0.858201392829
1.09962569397
1.03416829258
-0.168784877047
-0.165841902518
1.4234506078
-0.547490801782
0.141383859748
0.612861706433
0.0604515931084
1.82904841511
0.760169926166
-1.80478268025
-0.417421474659
0.668067562498
-0.453911133926
-0.120648061094
1.435108453
-1.4077132166
-0.514108466879
0.268322959985
0.135242674801
0.535275427268
0.0421043733247
-2.19361010284
0.937065147124
1.05752652742
-0.669004051311
-0.153700166715
0.489926895702
-1.23949945819
-0.762261699056
-0.963257704983
-0.903912079165
0.19917635806
-0.482870483669
0.525528505533
-1.3843226528
0.966988509533
-0.745518951364
-1.14470399524
-0.042285369508
-0.693987140438
0.997087898149
-0.821757569079
-0.626920588304
0.587280691838
0.462394551575
-0.345362774391
0.639859836474
0.960778999379
1.43602998468
0.288032992845
-0.0581100111399
0.998913772736
-2.75766591202
0.356159987264
-1.279658702
0.165331789158
-0.621988160931
0.0917934329846
0.420425779395
1.29583587982
-1.51062754202
-0.0958121037571
-0.138496053532
-0.709502396812
0.385671551631
1.66954779212
0.491698827063
-0.601215340243
0.106649767409
0.0995339900909
-1.02623799492
1.75685000621
0.153545220066
0.172760391595
-0.390265708288
-2.35990289334
-0.921370945416
0.681132537261
0.0413777058413
0.655269032423
0.143704824247
1.10301592518
0.931316135351
0.759108159274
0.0580162817826
1.55380230486
0.368550931986
0.185742101941
0.0556025636619
0.85451106938
0.396746461965
-0.93344591622
0.976137110213
-0.675431148212
-1.07630759125
-1.42955500353
1.36714973397
-0.828704105511
-1.01175639417
0.769686607467
-1.0707711953
0.806487011942
1.94095978307
1.23578156386
-0.0214446015099
-1.20019391917
0.0304595269974
-0.34265485473
-1.16880736431
-0.866804376423
-0.201157427261
0.0807709996627
1.49269642431
-2.01602621527
0.651023764434
0.0729154416766
0.0921755383048
-0.493874695222
-0.498043899109
-0.255503007714
-0.671496159484
-1.24873999302
0.54774486135
-0.173736707671
-0.83485131646
0.334972558231
-0.142183424376
0.123167339214
-0.851673446874
0.646826745206
0.797994777759
-1.26054060954
-1.16389158102
-1.51562319508
-0.102501994275
1.41266710082
0.461236626847
0.200485846689
-1.24482857365
-2.21393266667
-0.117330887113
-2.12956682699
-1.12217955841
-1.70182232797
0.0391874741032
-1.32995437274
-0.701072221464
-0.131626213856
-1.96159403744
-1.07191202704
1.00135628659
1.59083620446
-0.298750341718
0.0735941204522
0.357030510033
-0.810554635389
1.36237121268
-2.94304491126
-1.14012350662
0.834478371685
-0.830633837654
-0.596797947255
0.233407688123
-0.960691522984
1.11074092563
0.0456289018964
-2.11129543348
-1.33551634748
1.19193522183
0.553699342124
-0.702116619907
-1.27678332264
-0.651184465186
-0.292769360689
-1.02264873119
0.602813225103
-0.759918800778
-0.477555804229
-1.93225896383
1.48964923368
-0.608919597844
-0.376154344124
0.306542307647
-1.1559150868
0.145725764054
0.473328752198
-0.054661634596
-0.560965688492
-0.111034262113
-0.165203266634
0.265745036905
-0.528369520468
-0.599002519863
-0.491368070409
-0.670460632787
1.25719344474
1.17357517915
2.711902337
-0.161323568471
0.950985386187
-0.202882789003
-1.37842765928
1.02845860144
1.33862863291
0.452649165006
-0.419704976329
0.266587483751
-0.178401295425
0.177990696946
-0.158364670543
0.439087606208
-0.174598928085
-1.2420657699
0.687318634711
0.0713635118931
-0.0887562584928
0.508714934185
0.265392165097
-0.721596403551
-0.7391304275
-0.393391897507
0.0141267830333
-0.326879627455
-0.853957372808
0.307319322468
1.11235378475
-0.146760997651
-0.442357800998
-0.0718405687645
-0.238845631994
0.406894086783
0.859150395689
-1.72891695635
-0.981995184723
-0.289891874642
0.136732858564
-1.31761601238
-0.182163345734
-0.324764504627
0.153296801581
-0.629319643673
1.14326189692
0.00798833597619
-1.84812451674
0.654932758811
-1.32231001719
0.331666173051
-0.608529693434
1.78150298418
1.66421357558
-1.36784498252
-0.947772150816
0.0939110684216
0.282329676853
0.128046078291
-0.623212627492
-0.0437016356906
2.47166257592
0.291902581641
-1.55300915836
0.170679073764
-1.46909886959
-0.365979210419
-1.90355163496
-0.902933366591
-0.481756373976
0.382997244989
-1.41370587554
0.424870449
-1.31865424653
-0.391358187717
1.41830941327
-0.323944967166
-0.372753480075
-0.446614007486
-0.296173993187
0.578663141551
0.297893184425
1.72161707051
-2.0690370133
0.0843681693752
1.2597613688
-1.11440465581
-0.095433391801
-1.07871343816
-0.871743221024
1.54139603124
-1.00037152831
0.256842727031
1.07104468754
0.354889714857
0.299926114324
0.0275911638996
-0.0384838262484
-0.904619811862
-0.393722778926
1.81749648349
0.516261330907
-0.612072523692
-0.609184749167
-0.966708193183
1.07082397485
-0.71095705946
-0.0233762830042
-0.0809624859634
0.177488766718
1.53519550239
-1.19552279847
0.639345453708
-1.15186840428
-0.499288217334
-0.981029561537
-0.376956647537
-0.524130739983
0.362531959914
-0.558358585666
1.05258190072
-1.68749302543
1.44314842311
0.2115659463
-0.8620141831
-0.74076277277
-1.4000709501
0.0297776871738
-2.31726994278e-05
1.32905734076
0.268060550636
0.914276567081
1.50083644841
0.0246782170275
1.52901263254
0.785590998063
0.194507497959
-1.55148503041
0.63940152853
0.612313580507
0.96104354537
0.225685418039
2.6026149762
-0.235400716842
-0.492140807196
-1.06938256688
-1.72855701726
1.96497643668
1.18294676714
0.993346662487
-0.600499548681
-0.510936559137
-0.528569605662
-0.195646930859
-0.227771289676
-1.28522248747
-0.672140863222
0.123911872727
-0.638423838413
-0.256504248379
-1.66473220069
-0.27548830206
-0.494638800021
0.407239456957
1.03316627716
0.204415189008
0.654701606022
-0.771439529438
-0.032689057715
0.534407582488
0.758575101225
-1.10843924831
-1.98708228466
-0.617070625022
-2.05240573552
0.241386769521
-0.567452483078
0.00342325860203
-0.382888668033
0.391827521216
0.959837680203
-0.781165297006
1.26419673057
-1.7217691076
-1.20255099203
-0.919719347387
-0.945858347297
0.0518885953494
1.48153931525
0.651901540111
-1.46221773045
-0.736360263356
-0.122067527423
0.2993968865
0.410115757749
-0.0603411218266
-1.39580382729
-0.834815970777
Score: 1