3
44
10
3
0.435767979952
-0.907653056877
0.785138542736
-0.0843914152404
-1.46173330491
-0.612881356339
-2.02518455616
1.84572920867
-0.622165993416
-0.536451453559
0.791555154988
0.121341428209
0.741351106794
-1.04452032333
-0.220196753547
-0.511049749674
-0.374724857305
0.406264094836
-1.5416450763
-1.07268707553
-1.4954468079
-0.647264038918
0.0908875412259
0.20647503648
-0.00297496839914
-0.273393372327
-1.74193029737
0.464518812085
0.184802562059
-0.558490421967
0.375913899931
-0.837237556915
0.879950587555
-0.510150620224
-0.350045180449
-0.130409297982
1.14129756538
-0.31723247185
-1.18816259417
0.124792710685
0.150994242132
-0.125674151157
-0.0527665943603
0.0706967242127
-0.293562020016
1.43489126487
0.732469849267
-0.518021187223
-1.91161546077
-0.543089240616
0.15317151081
-0.435090372661
-0.364467733331
0.868266851446
-0.700889002458
-1.34711651566
0.30706711073
0.157759708552
-0.879003568518
0.867732175175
-0.694249262702
0.174087948444
-0.220030338542
-1.30844921318
-0.552016329693
0.742411853949
-0.310001996704
0.701206728611
-1.43814759254
-1.67930607838
1.41726901152
-0.105656590699
0.671531201857
1.34621747
-0.735675270017
-0.792048877215
0.912880423572
-0.721976245002
0.766951457595
-0.17602093715
-0.4750508591
0.356260228944
1.19230433991
0.819323967655
-1.05955897865
-0.099164310017
0.860633290069
1.03148748712
-0.509695824793
2.04185658971
0.482786569085
-0.844764677636
-1.56314541798
2.14547442656
-0.69386409229
-0.412355871692
0.490886542739
0.0122873091822
-0.719656273504
1.07914881614
1.01197443543
-0.218710570806
-0.313703320265
-1.31067242151
-0.0340620688524
-0.469346051742
0.00727603560879
1.16252749223
-1.0640769832
0.264599793092
0.525211123585
1.4689888794
1.01895951423
-0.646833283629
-0.234733470212
0.849104544781
-0.634254144522
-0.158285485566
-0.421853112465
-0.994725361515
-0.364901154541
0.000295250654038
2.3997586173
-1.46815944988
-0.950486864564
-0.85419713323
-0.106454846684
1.48241809563
-0.865478437066
-0.110343788464
-0.0663615302791
-0.00700028191189
0.905597507935
-0.136442686803
1.40339123679
1.35445476786
1.36177978376
1.97568429998
1.12476181273
-0.279007222869
1.12675133244
-1.82156288211
-0.595792250414
0.596848996562
0.347062911844
1.3063145592
-0.507272928002
-0.765771951075
-0.779500351292
-0.289804613048
-0.267341522501
-1.5050690531
1.57043864322
1.0272254435
2.92449387323
0.06853855194
1.92219105752
-0.737827951097
-1.59583110636
-0.227975262866
0.492855243979
-1.14377077467
-1.57747019656
-0.576380259237
0.606779354662
-0.468655571095
0.661232227053
1.32628343699
1.34262120505
0.612940237168
-0.417115766507
0.139900483336
1.43376611422
0.23767623103
0.296984633499
-1.18345609482
0.0872880954933
-1.03445655952
-2.53780220627
-0.427193102179
0.00359665855385
-1.37268844027
-0.893155920702
0.348876987453
-0.446097591623
-0.423795625738
-1.33302915098
-0.169835981571
1.84708793933
0.00508423291248
0.087189649601
-2.85135277706
-1.73566364696
-0.212222532823
1.0591919584
-0.377407757944
1.00978140006
-0.68125288062
1.13193232603
0.472522666961
-2.88745051873
-1.69997488803
0.558287524494
0.611579498906
-0.693566354194
-0.767265688085
-1.23867729123
0.583953169313
0.706904279805
-0.694900991402
-0.461391345558
-0.236060443796
1.63767645272
-1.43381670765
1.40128344533
-2.87002306468
0.836995131639
-0.530923076323
-0.504913718837
0.547246168534
0.403735508078
0.335491977339
0.137976855573
-0.450558513012
-1.34821826292
3.11949372405
-0.198667768038
0.930837421059
1.53842419409
-0.662053221009
0.478423378046
0.97499150797
0.0346725678728
-0.244095682525
0.752634748125
-1.40874155255
-1.69070353655
0.531642595109
0.169919420619
0.792060362912
1.05285679995
1.21090935806
1.83177917182
1.15750074632
0.49908649155
-0.250520604415
-0.550725875579
1.01494248498
0.42025959418
-0.257412330632
1.15368047304
1.27703699977
-0.767303217715
0.0418562350202
-0.476074732449
-0.592022150285
-1.02494292436
1.05875738461
0.16088661546
0.0311786909643
1.58811153581
-0.876765483084
0.33281107325
0.884642585421
-1.45809475172
1.00306477851
-0.526983126314
0.784289234461
-1.02726216797
2.47601118543
0.373102030635
2.47765502921
-1.06074401798
-0.415737729756
0.409040097868
0.393129054654
1.84586135358
-1.06673474428
-0.71928629413
1.24170491085
0.492784825366
-1.95657477946
-0.179141180247
1.74730042888
-0.412700981422
-0.06983528983
0.677209667351
-0.898505787584
-1.27464627832
-0.479035920327
0.0919728215025
1.57897655449
0.0277956586302
0.522811601269
-0.0450851666584
0.586397975924
-1.38507753795
-1.29000703935
0.82887972898
-0.897956329144
-0.0465884045376
-0.177763512927
0.274877392989
-1.28900471499
0.974506485369
-0.800181061039
1.97950922768
1.15694732639
0.237437310405
0.177129883039
1.07971488575
0.484814958436
0.0456693022095
-0.823736620971
-0.449570130831
-0.0794438081182
1.58269197304
0.888712055655
1.16536611879
-1.42256814463
-0.999072764942
0.176263934581
1.32867372794
-0.264811267235
0.123645614032
-0.249757563907
-0.99763001754
-1.59690594094
3.28796598707
-1.17287332872
-0.593018662597
-0.567302763539
0.0956529434077
-1.79329265937
1.69001150323
-0.38140865897
-0.782721839012
-0.51072706789
-0.349642979044
-0.121036639553
1.2180686085
-0.983650331551
-1.42497454385
-0.0535243145695
0.919421326143
0.184213342399
0.323819069207
-0.936712167501
0.219627383736
-0.844763848824
-0.351649149259
1.243749058
-0.742281908129
-0.325187462755
0.277334780385
0.480459681015
2.02522872649
-0.268217331333
-0.198139694828
1.82470976371
0.53291602213
-0.0478710919821
2.82653980897
-0.437062252536
0.556486758707
-0.721785451257
0.242032498527
-0.208684467547
0.429974978943
0.00403790211804
-0.438836735792
1.68491306354
-1.5421618405
0.407675215587
0.0477730965327
-1.31478341916
-0.607407337347
1.11852411995
0.830966993592
1.04350062287
0.704024728256
-0.346865991301
-1.00799230552
-0.446556889335
-0.611352742031
1.27874511536
0.140436669015
1.08051255509
-1.1647406032
0.0497391611221
-2.22721191208
2.06500172026
-0.252561330553
0.560560841848
-0.441275601853
0.742899552103
-0.325278189808
-0.235332636688
-0.381091606928
-0.143680443835
2.31431500092
0.620071886859
-1.56864703239
0.155980270987
0.658923265604
-0.246505719674
1.06643207278
0.283892157066
-1.12550231931
-0.689297441551
-0.323400006457
1.90100897499
1.2063906956
-1.11718913551
0.139442621435
-0.518016829753
0.409017436001
-0.377229521888
0.836398742589
-1.43857219954
-0.795193059929
1.02122298449
1.02408321476
0.447520929878
0.742197631634
-0.0407322054834
-0.207400963588
0.134518181835
-0.869701636429
1.10492980949
1.63933370639
0.779181778207
-0.456020069667
-1.28752091622
-0.298383775817
0.0353716093798
0.917421238761
-0.994104088949
0.448845467611
-1.48434843813
0.654131591422
-2.78149249761
0.397006770824
0.0269699925471
0.736542668665
-0.418525480718
0.0696667753568
-0.0416118957468
0.0488977020183
-0.647145079257
1.13684170018
0.381378790104
-2.08702308345
0.919682191512
0.714127624859
0.857867368249
0.205110632913
0.196803763858
-0.231165523431
-1.34275651125
-1.90444911115
0.777486592743
-0.71035252428
-0.55529757498
0.570345683418
0.83960784144
2.29660366974
-0.922573226635
-0.159923467972
-0.00592297179274
-0.914864378649
0.187862473282
-0.648653285328
-0.112974406097
0.099272755745
-0.415092035271
1.60585279152
-0.853462645619
2.28496896752
0.0201261861023
-2.37779292698
-1.76240800388
-0.777995183808
Score: 10