3
44
10
3
-0.111434598295
2.36003668225
0.267440265507
-0.596994942707
-0.121389723911
-0.177750715829
1.24756608124
-0.571687730693
0.327910893366
0.90466338579
0.262253429167
0.836242065014
0.545848088161
-0.450442733149
-0.0478882498056
-0.489258825773
0.352277421107
-1.00284040447
0.7989142421
1.48572460959
1.55825136445
0.0159548547525
0.179187777126
1.36960371766
2.31351762846
0.260911146232
-1.66339377214
-0.706269063719
-2.79255949579
0.802207372598
-0.532536203494
0.659893198567
-0.252274586085
-1.2619731669
-0.0577566707557
-0.148578769475
-0.785241656718
0.185349210012
-0.260954036436
-0.893513619295
0.0251380223459
0.487911337847
-1.45271750322
0.695896529683
0.647582692585
0.581466215675
1.1822580413
-0.851915095516
0.193946481338
-0.230444790166
0.565138148073
-0.558362071501
1.55122049587
-1.46239592984
-0.536598692971
1.15110998012
-0.0790258819403
-2.16870639259
-0.572609938364
-0.203357650012
0.380094136243
0.176566163285
0.720557521321
0.124323323109
1.25858044818
-0.600172763421
0.0215412740284
1.2240446101
-0.91786926754
0.453542557274
-0.225632614013
0.0714382894483
1.35369476817
-1.4451333121
-0.477123410341
0.405997414603
-0.292346385169
0.873366208856
0.727678125745
0.726555103202
1.30569996943
-1.50461882773
-0.156763723198
0.200609200499
0.339537984588
-0.432686645913
0.307743572434
1.15762112811
-1.42545785212
-1.91040461872
-0.770831562451
-1.40688328035
-0.597775964633
0.803414880693
-1.29019116782
2.32309999725
-0.0907362486928
-0.40903974756
-1.55347527655
0.807802645191
-1.05803003358
-1.42100306838
0.168924747211
1.65748540148
-1.23511629311
-1.72711257747
-0.199305501421
0.749021780264
-0.933515131339
-0.0825440253188
-1.68105038468
1.58657827203
-0.156480318302
0.218559808673
0.206574941548
-0.64416418057
1.73470575886
0.955695083808
0.72835510849
0.746131305192
0.0224321569662
0.371215929887
0.574000871138
1.09335375998
1.26288035387
0.0313440976584
2.22452947774
0.0631719165247
0.25869390007
-1.00492997693
0.485822169191
-0.523175379651
-1.59675842015
0.60762008172
-0.212519197928
-0.404363477345
-0.0101863500117
-1.01550998664
-0.858709823513
1.3908946428
-0.645672743576
-0.215441063316
-0.53975012241
0.856512291542
2.06093039138
1.29142817912
-0.359042838416
-1.12364442866
0.353602110615
-1.84597004529
1.3650401571
0.565258546239
0.926123539765
0.983387173654
-0.103994257254
-0.212592575606
1.09503172511
-1.26977168328
2.54521483145
1.46576041612
0.39656095753
-0.0952020680542
-0.68697463594
-0.810665871138
-0.819719267225
-0.438683517076
2.15226830169
-0.0672072789345
-1.21372678943
0.197440922304
-2.52048533141
-1.85729961694
0.805649233392
0.605179883651
-1.18006585188
0.484940237447
-0.982021687454
-1.55309649876
0.138028900484
-1.24013207921
-0.829867437546
2.76423763331
0.617774471942
0.36124535343
-0.460537174972
-0.440058757679
-0.369652198012
-1.38733012046
-0.987438881478
0.556414465872
-1.319837865
0.7471812921
-0.707042225543
1.92702273951
0.374838046886
1.15602312369
-0.052766380998
0.488501908926
1.22641247994
-0.687631003063
-0.124478635078
1.85070962332
-1.65113410266
1.61310768925
-0.63039623543
0.854605937966
-0.692049420782
0.594660115444
2.07221364619
-0.147761266932
1.36530629562
-0.31391428153
-1.29315561919
-0.134965359655
1.00995145083
0.128136479732
1.46876173757
0.287505261661
-0.795372861753
0.439903826156
0.0421317922444
-0.0873741295426
0.955279458849
-1.25500495364
-1.2677955492
1.64572750588
-0.765130880089
-0.147292783639
2.20344050791
-1.17545006709
-0.609647691752
-0.174152768247
0.164384133316
-0.335985705023
0.0852728559873
0.65277613828
-0.966381139374
0.808608762878
-0.0728587332007
-0.530327733679
0.952601300977
-0.490678226419
0.607766085062
-2.27654656621
0.800746913075
0.341302811952
-1.50168700374
-0.608676978116
-1.39499557305
2.03259280307
0.0308446030351
-1.46560868655
-0.594835954509
1.52383077774
-1.83598393554
-0.0570353102665
0.976686479415
0.621987289657
-0.249647499776
-0.71894167036
0.525257444708
0.113678683323
0.0500229995929
-0.720132668627
1.4458259006
1.01030444515
0.086085518727
-1.18838421421
1.29421527065
1.32945314888
0.22526016456
0.0143941680799
0.545022841723
-1.79582029122
0.33443444364
1.62668780439
1.27959202183
-0.0372085472167
-1.71448676304
0.757881643068
0.141981285428
-0.681343312738
0.438918368687
1.25319800425
0.548348667971
0.960181913432
-0.519281312209
0.622997666771
0.768283404112
-0.529139432812
1.21686594588
0.0529575556657
-1.59687360256
1.79480957764
-0.988108395598
1.22955336672
1.37339925801
1.15706848354
-0.275618214979
1.03060013781
1.07269012648
0.370016607662
0.0519133750671
0.0184211417155
-0.644058434918
0.885348811775
-0.714062100198
-0.0112055143146
0.0895728768099
0.680474610164
0.830679430727
-1.74049840411
-0.799363503865
0.947330785453
0.448258603464
-1.55472825455
0.566089345892
-1.00297900055
-0.193472697561
0.123583943911
1.07784980347
-0.0390909296317
0.714951520588
0.733157966536
-0.421251408336
-0.0593184640075
0.00683644659053
0.240980946166
0.5246821626
-0.834538738128
-0.440033437623
0.673479677954
0.700700147138
-1.23341789537
0.23785039971
0.32140688603
-0.716396760603
1.60043406121
1.65085677953
0.725503532032
-0.646724626613
1.33825625223
-0.0236173823115
-0.76204291509
0.66758255172
-0.231246292263
-0.171023462644
1.70970965701
-0.805506153567
-0.505347147489
-1.19385544695
0.051848544059
0.953328784351
2.92940114722
1.23353454963
1.4597291485
-0.701512141588
0.226056203922
-0.300883311185
-0.0587670941232
0.582196554834
0.174723845918
1.05433850849
-0.106999285181
1.0708909151
0.856417584671
-1.19924967297
0.517133856338
-0.0808641067115
1.21457628435
0.539495345833
0.940691122906
0.906411207014
-0.539378677499
0.684208006765
0.283702869472
0.915424702374
-1.21262154909
-0.347713910087
-0.704804844813
-1.39990424735
0.717966804573
1.28493686687
-0.372537518959
-1.0494232481
-1.45108830703
-0.144525544543
0.90364449814
-1.84528557539
-0.0443753747833
-0.943717526353
0.720763551683
-0.290167898417
-0.405294248335
-1.97179632511
0.32806645897
0.682373208678
-0.105566658112
-0.860645219177
-1.47705841851
0.810955720145
1.23241526449
-1.58452961703
0.785156046877
-0.0679777024695
1.42671097018
-0.081098956468
-0.106649809114
0.538697186227
-1.36273827239
0.143932280522
0.0802761627235
0.680953639418
-0.830785414158
-1.76909209814
0.0314163202847
1.74636868583
-0.277457018063
0.720182429327
-0.402654057289
1.04889262239
0.976229711427
1.63058841198
-1.24649907732
0.0932376267448
-0.424783218797
-0.289132002041
1.48244630256
0.853962976103
-1.37663572171
2.3837305588
0.728573785153
0.259160291279
0.751633352668
-0.497599882855
2.13241656443
-1.75645676979
-0.615888020275
-2.8594630343
-1.79833513211
-1.72349899568
-0.845654995839
-2.32371773242
-0.309137319117
0.0641427858869
-1.32999992343
-0.334644064767
-0.384385769437
0.218957702584
-0.416220288646
2.38633367534
-1.52535809486
-0.619209552641
-1.13038245119
0.563470519554
-1.21219544622
0.832804827282
0.211389745484
1.10876090066
0.110222094946
-2.27402637807
0.149485742987
-1.02442853295
1.66089252954
0.0748119835133
1.0787039189
-1.15405615239
0.638035784297
-0.869122169027
0.533381261791
-1.37897971713
0.419012639458
0.483755112913
0.372332136235
1.50811646523
-0.225231203821
0.713670984669
-1.26027305608
-1.09375438055
0.75779842726
0.129010690301
-2.37372237243
0.108923323771
Score: 11