3
44
10
3
-0.586206265487
-0.636268578262
-1.34667649755
-1.05695101552
-0.145684435878
-0.613716653411
0.886780599231
-0.143605766256
-1.08254882509
-0.162691144806
0.893871286972
0.61507560942
0.255884176688
-0.398338358887
0.148207089699
-0.927360357587
-0.334332571414
0.38672768362
-0.572269406239
0.21869220624
-1.50036975619
-0.000771387791465
-0.19343230246
0.670586696164
-0.149380884834
-1.92786736064
0.510960042472
-1.14782863716
1.40290444856
0.808162737418
1.37369074844
-2.54691340508
-0.803186371776
-0.801193628945
-0.250742359892
-1.26416946552
2.07948679462
-0.730040704692
-0.285520876576
1.58073031451
1.37366214025
-1.28429096948
-0.828861283104
0.643102320164
-0.14898856312
1.17751034922
-1.13612749141
-1.9993163289
0.400088499728
1.06716025258
1.1725594254
0.405992485671
-0.0962289410639
1.42775336726
1.83582623408
-0.959654081142
-2.88496856641
-2.62578317478
-0.554122783477
-0.383187840005
-0.175639269782
-0.614485568558
-0.750547766484
-1.0983527783
-1.08181506553
-0.652075519613
-1.52222020785
-0.114084758253
0.222686273149
-0.629007729966
-1.51033150142
1.33688078298
1.38098481851
-0.464587044933
-0.491533166348
0.0930347200766
-0.692858270748
-0.407745212043
0.0409579891885
-0.650776161996
1.74035966937
-0.318756257887
-0.432512508245
0.350300310003
-1.05858234757
-0.512329738555
-0.803852770723
-0.152040814621
-0.470084346429
-0.971412145816
0.69757572574
-0.385689833307
0.719410854537
0.361747549048
0.687608902124
-0.728256887982
0.8292024187
-0.149046407567
-2.17497317121
-0.85569905056
1.10520726217
-0.365604207204
-1.54050966826
-1.38799615265
1.37249793892
-0.162598079161
1.86318240095
0.519204443522
1.45235379575
-1.36675328751
0.133468857985
0.179092109152
1.46284353455
-0.461829693531
0.263430204329
-0.386036078076
1.29600590861
-0.55337252326
1.61401894862
-0.96609392076
-0.703653208437
-0.401067539511
-0.333644053734
0.399381719822
0.858884296763
-0.394161545087
2.38755842916
0.566198556339
-1.33106722025
0.674942501479
-0.154906125656
-0.471749901365
0.345038547545
-0.259200001616
-0.116635056614
-0.623858985417
-1.29101825616
0.568683194621
1.02720490787
1.36715994672
-0.840267050339
0.437323412651
-1.56729782147
0.714404008596
-0.598541680665
-1.13965314522
0.436831337828
0.641881522754
-0.00927457506082
0.240906284036
-1.40399146347
0.605021891499
-1.89562411097
0.732785948037
-0.319699289555
1.69492258694
-1.20340687737
-0.177476557582
0.42881803974
1.7521165916
1.38128939613
0.216412281406
0.104658990203
0.098778466023
-0.791161196926
-1.14241313999
-2.08102670702
0.226960126959
0.472958330212
1.24240623794
0.611090864026
1.07566350106
0.123489076541
-0.0558160049684
2.63435101124
-0.269947490175
0.229201706906
0.64880371964
2.05619131782
1.42270970082
0.0832449782574
1.99217351688
-0.484040048033
-0.0619316629681
-2.12259396893
1.11354039219
-0.34571628095
2.01849780982
-0.462228087771
0.72342035665
-1.7084412075
0.844704723613
-1.790842232
-0.573400538396
1.47997494739
0.0154366340848
0.0772682890157
0.041752865956
-1.01058221737
-0.438241486746
-1.25440988796
-0.914663473448
0.820560704731
-1.55082122037
-1.01126836731
0.984469566082
0.509137006938
0.719372910213
-0.786635958652
0.27769854018
-1.03878941016
-2.11672681923
0.369794387698
0.647517639759
-0.505333685651
-0.5291322615
-1.30972554277
-2.18180398619
0.552140885885
0.759722485075
-1.43459719258
-2.58916823051
-0.357128659477
1.46850224215
-0.383071231779
-1.26990170749
-0.252430201901
-0.846148640007
0.0328879594386
-0.924365323244
-0.529975312099
-0.325410762608
-0.817595653683
0.616578176508
0.291955942192
-1.48789274188
1.49694236648
0.190789749301
-0.970618968048
-0.462125977027
0.210329457041
-0.667847674018
-2.83486416374
0.723562953852
-0.0532356128554
0.467443491827
0.512369541259
0.326030956323
0.949983954491
-0.152970177077
-1.44530239283
-0.816812791488
0.506740684038
-1.18297992
0.033257673399
1.63016033078
0.461363970312
-0.224781812645
0.183335896196
0.4782995586
-0.595129951446
0.193291166997
1.11414367278
-0.0436336956012
1.08974799411
-1.08957239081
-2.18041281316
-1.98658500962
-1.28523288487
-0.0980264290793
-0.462897433327
-0.234703653616
0.110534797698
-0.471056987064
0.0732658941349
-0.576297509158
1.23838732057
-0.0749978788797
-1.60208215544
1.7215053436
-0.436329691273
-0.288173695268
-2.18704442624
-1.21992345716
0.379181470323
-0.445483240922
0.998891611708
-0.0686734337067
0.603517540773
-0.898187930716
1.45802474814
0.963814088083
-1.41169403555
-0.449050912303
-0.993682492379
0.688607983915
-1.11442596473
-0.398308704067
0.614065208948
0.865020409058
-0.0202948869687
0.138994296481
0.134131472618
-1.4410791308
0.0882765017134
-0.410340034074
0.0990027036962
0.624916923868
-1.20513202728
1.45850094481
-0.881677093761
2.52397600344
-0.694458538378
-1.61643252059
0.187757478339
-0.195814219418
-0.0931403571238
0.828464002076
-0.458477290158
0.904439296552
-0.393651665015
0.297045460508
-0.120785231796
0.694339207567
-0.26736476547
-0.407764004137
0.503241485571
1.8023113081
2.28549028498
0.929483703144
-0.20794791562
0.361387661998
0.305321070161
0.272272273917
-1.30929577523
-0.933901097451
0.473706328536
0.452029338724
0.750257829304
-0.539598312113
0.0323718964713
-0.522448064567
-0.56542042138
1.74785289551
-0.884384806537
0.251463166641
-0.396639160989
1.08103674837
-1.32737763352
1.81920482356
0.0865610595923
-0.74697830534
-1.2448645888
1.32299169014
-2.24737882893
0.440721396997
-0.296065073527
-0.405438262346
-0.304046127993
-1.34085718982
0.596377407968
-0.28343960064
-0.0847154106622
1.97826070653
-1.37464321514
-0.289508759233
-0.458116083926
0.934094326896
0.761446132337
-2.13011567662
1.06832987355
0.0967831005704
-0.217033163063
-0.52958167437
0.577520720102
-1.54716111669
-0.624886804634
-0.773715391543
-0.253335793477
-0.254191568201
-0.715874465877
-1.74534929722
-0.631865876795
1.05735769908
0.418351787802
-0.498819226128
-1.16361888684
0.558648972109
-0.730843053183
0.183573520276
0.547659514484
-1.76279159907
0.128474262007
-0.279749655082
0.79781824645
1.26178917911
0.716544796294
1.95753489181
-0.397554184797
1.0410618549
0.326411420692
1.77458670162
1.07771212805
-0.932796943915
-0.819797702464
-0.428329058706
-1.10984479245
0.756986655596
-1.00204171416
-0.239441609046
-0.112310375476
0.434179174557
-1.56814885818
0.824218766555
-0.0221753348518
1.08913874015
0.103071040628
1.0415840998
-0.768839500399
2.10354353727
-0.510702519588
-1.15354619982
1.43734379656
0.478223002115
-0.894222235171
1.03509589108
0.782043835225
0.116499899482
-0.591583332946
1.29600921641
0.00074727699463
-1.684822482
-0.280967004527
-0.115029060844
-0.809785884161
0.382828124627
0.0397207441116
0.251149301799
-1.02701453426
-0.330714870462
1.08848356518
0.0706178265344
-0.112172347549
0.0738118106886
-1.10455640882
0.250221788148
-0.688517527441
-0.39599117216
1.33813536496
-0.280676961544
-2.02966961315
-1.16630557329
2.06280276878
-0.591035619936
1.0617816464
-2.67008067545
-0.182498887655
-0.817835738561
-0.00822389487816
1.67582303805
0.018859443776
0.160809733292
-0.900100145764
0.629386577656
1.64178982667
-1.55002895551
1.97080991989
-0.524223778362
0.460221458605
0.376708858761
-0.779354082398
0.423990287314
-1.47202801923
-1.14244348225
-0.0252797274252
-1.15526590096
-0.970580756706
1.01853252391
0.805293459373
0.0986784603611
0.903925646923
-0.391095492738
-0.823086516206
Score: 13