3
44
10
3
0.384105848929
1.3241825691
-0.0518186220829
0.525072412457
0.733472401315
-0.777949601998
0.908671595331
-0.715771331915
0.0502765422678
1.30364272665
0.0587616764309
-0.414439967411
0.864100236254
-0.0802008856043
-1.28671100941
0.761418196401
0.842976424895
1.11930039236
-1.48275190045
0.413751457138
1.50505282043
-0.929617548158
-0.408647667209
-0.54019162371
-0.401403678588
0.603358751519
0.87770302183
-0.230600349508
0.959255722188
-1.16009028207
0.232927391293
0.110602770848
-0.6987812758
-1.07410569156
0.253234535692
0.572635683035
0.952808047197
0.744055459787
2.40167481669
0.177130863895
0.250202736017
-0.556898526798
0.315860842533
-0.0920713108745
0.216498050373
1.06162043787
-0.362784037721
0.4581476561
0.949955743895
1.60972179593
0.897868828349
1.43694781804
-0.757745737984
1.03609731222
-0.0870220269016
-0.0664030171596
-2.25979718571
-0.709473935153
0.566329210248
-0.341693157257
0.745828952046
0.142457690793
-1.37832166155
-0.897554770061
1.45629774239
-0.184349338939
0.669722446699
-0.71155967521
-0.287547781362
-0.830521427694
0.924186239708
-0.604876860558
0.0560246139017
-0.204352774112
0.253304677627
0.632249766032
0.356858609358
0.00680021811824
0.843315169262
-0.0700375615846
-0.384657371884
-0.634146578789
0.0883549834463
-0.752905394521
0.723173856467
-1.15509075765
-1.93254365172
-1.42989599192
-0.830703088634
0.179404275391
-0.379974496218
1.59326074789
0.42076417529
-0.267338461459
-0.258310937364
0.895076933131
-1.0257036407
0.398025656782
-0.607362472372
-0.349816975294
1.01888350865
0.511076487888
-0.759615593473
0.921495289226
0.690162399994
-1.32770742357
0.149187761189
1.18288726964
-2.9242707385
-1.6377553579
1.01229037553
-1.40464920927
0.500394282607
0.238924246091
0.948547142828
2.47532735322
0.407757646683
-1.19748636366
-0.214104941028
-0.573406741822
-0.821773799573
-0.99038076775
1.35841182585
0.762950640905
1.34102553776
-0.0408496397845
-0.37652542336
0.40818863118
-1.29911425784
0.911166447813
-0.0942789859341
-0.11926808324
0.982849365621
0.834530216285
0.111380911738
0.393647543251
1.70091331167
-1.18891146268
-0.571657725154
-1.5250303392
1.77099606074
-1.31350132161
-1.52348879601
0.15114538836
0.717171869204
0.654628327612
-1.33499579287
0.370044109207
0.580546861638
0.666131304397
-0.809681292178
0.317097368177
-0.206390015186
0.209183244658
0.896634634842
1.55374192998
0.478308800239
-0.641222424567
1.24032207974
0.54032088347
0.503460959399
0.878803838007
-0.688084960899
-0.118865453301
0.801024639667
-0.732575782184
-1.21011389718
2.1023554825
0.28881374444
0.743967720491
-0.715408486998
-0.934980638507
-0.656625775916
-0.186470885868
1.57480934179
-0.361180599602
-1.56746713573
-0.28280842862
0.0142100749381
1.38006691004
0.699174867997
0.712451286975
-2.05980828117
0.742679422967
0.348601892071
-0.820373661293
0.943459327808
1.12393906268
1.04465849635
1.92674234849
-1.14429010385
-1.8057903933
1.79583299368
1.30215641114
0.776769132375
0.275151630961
-0.370004702686
0.955756774456
0.827463996779
1.29169687263
1.21069434206
1.04430779153
-0.174399135963
-0.618730339711
-0.0922555903095
-0.837435417627
-0.50126459373
-0.324243712125
0.00298212049161
-0.41048016142
0.158358339458
-0.676530958695
-0.533911709236
-0.693789062842
0.289366643299
0.710632813711
1.40130684833
0.628842858857
-0.124449283209
0.679047518208
-1.26455158748
-1.74859850375
0.20049703055
0.93502379329
0.431914453322
-0.236208574399
0.585891036607
-0.173705921178
-0.765203384439
0.517912406254
-0.610170427465
0.265422473442
1.73885544352
-0.81164910432
-1.64926961618
0.0539408039064
-1.05778507419
-0.376350666234
-0.222465461781
0.961487115636
-2.15709339281
0.835281442241
-0.828299467326
1.24351551682
-1.20958169268
1.10000942445
0.121617378247
-0.406597617716
-1.59889392896
1.00332637942
2.81764440801
0.701433764295
-0.696294431106
-0.91756536207
-0.887374266326
-0.549520097879
0.839241047063
0.825047065558
-0.926063439268
2.34287763586
-0.480944531788
0.820462466606
0.140165124145
1.32282397645
0.911488346838
0.64888926882
0.347571601057
-0.591407189596
0.196070445147
-0.207779383253
0.300421791172
-0.108454158556
-0.014159652243
1.71425493216
0.350632270934
-1.90177311309
-0.0391831189268
1.18548678798
-0.499004928426
0.037368456651
0.267336969281
0.916928928743
-2.02576899943
-0.5895948381
1.46889414942
-0.996961298655
1.53287961503
0.46832039267
0.548949185299
-0.49186255706
0.943272538164
-1.23314719769
-1.0865406116
-1.47673027134
-0.662370184049
0.672966854191
2.51600619281
0.790143764776
-0.648994195628
-0.697215302784
-0.683196182536
1.05204180059
0.198728183571
-0.425841085384
0.523294300744
-0.15269616061
-0.265157105847
-0.523943147109
2.13955300308
0.69076871118
1.98495958016
0.276795876424
-0.0665720653585
1.32856572915
0.596857956418
-1.29907110269
-0.118620322227
-0.55390858505
0.328714412529
-0.555066227496
-1.59576858236
0.215215420128
0.219036145561
0.0533676138155
-0.162768619737
0.65527850945
-0.509112709046
-0.00766143900479
0.0820332674093
0.769796010183
0.74934636316
0.560450716436
-0.910411624446
0.384501433788
0.674283896274
0.472946179906
-0.426034052842
-0.275232787682
1.68311504821
-0.739879289152
-1.61890001036
-1.22624202318
0.6267443289
0.208860698268
0.684083425205
-1.01741402802
-0.618854120476
-0.139558031994
-0.245082518636
0.77474030972
1.09762895089
0.550327225922
-0.997907792486
-1.50218299576
-0.989773630176
-0.818376711953
0.316461623103
-1.65639735541
0.919590231982
0.22835284556
0.0681932047697
0.718217960639
-0.306938176611
-0.141632322344
1.96076934525
-0.204398281745
-0.126121684352
0.556764801207
-0.567991396941
-0.546130451228
0.669791502508
-1.58661239221
0.776384874441
-1.66628481901
-0.971386538324
-2.36122408871
0.632177811699
-0.25653894479
-0.962084676696
-0.663997732405
0.730593219821
0.452890071584
1.00487509526
-0.0157503463705
-0.29984739257
-0.98326845095
-0.804088817237
-1.14715858048
1.21079669592
-0.278029678104
0.831121542557
-0.570946190736
0.727857394739
0.999941817506
-0.275242664159
-0.151408809154
-0.389542125925
-0.484413543488
-1.20417440604
0.280730993489
0.103567594322
2.94094020625
-1.10851215325
-1.07293708083
-0.36974719856
0.815625986874
-0.954320025869
-1.84890121161
-0.496464257092
-0.671962361399
0.582638233435
1.53151988388
-1.407024194
-0.755321000731
1.55894971889
-0.180860380542
0.137189207941
-0.749272951065
0.0286761766473
-0.299876564709
0.373597934126
1.5541531626
-0.370821380622
1.05667266868
0.274520409265
1.21103133319
-0.368111276019
-0.446790503228
-1.23264280617
0.441436190241
0.973937995251
0.20502706021
-0.503822256246
1.24970415233
-0.0694645852703
-0.475456310282
1.375033859
0.979314797496
-1.31734414741
-0.848664549564
0.276486421019
-2.71615170294
-1.02690481889
-0.108635606589
-0.629230234607
0.0986518001116
-1.05099975955
-1.04807326061
0.193268653891
0.327870799811
-0.364962416938
-1.05527280675
0.733065461676
-0.217714520845
0.667964706618
-0.365422864502
0.0377573201394
0.524972772074
-0.157695469651
-1.86625017585
1.06077358805
-0.846659000833
0.510967966182
-0.62669863458
1.00847181187
-0.387773373463
-0.0178155759483
-0.119041494888
0.163913378572
-0.0855377290828
-0.185130760503
0.73712581183
-1.18390294526
0.0994001069327
1.1908333942
-0.677803446692
1.41145130695
0.54399815937
-0.155906222004
-0.17614931723
0.0458388879128
-2.9945936278
-0.335563546565
Score: 10