3
44
10
3
-0.541789075417
-0.657118644705
-1.36621235125
-1.04943213933
-0.238600583511
-0.366914366232
0.809890971384
-0.21911472789
-1.04684459443
0.198427858284
1.11387725027
0.304855436451
0.501458074555
-0.454799267414
0.200498260479
-0.955212547599
-0.506961682213
0.292660895766
-0.905122328246
0.123284768359
-1.38308474565
-0.0282996401463
-0.0768584556027
0.576180689283
0.102360932542
-1.85644667241
0.630094204929
-1.18888448417
1.27942011847
0.868061873404
1.39258090897
-2.51877700001
-0.883424672926
-0.777521401303
-0.0413026657191
-1.29078296743
2.17253286866
-0.580836707622
-0.41339062938
1.78643904269
1.36965126412
-1.34514286698
-0.765653554486
0.767979887732
-0.111258934636
1.26109871893
-0.847107639849
-1.96288873429
0.220811493138
1.19761628923
1.01687599029
0.470729087006
-0.241773780052
1.1767543718
1.59632390791
-0.842905852085
-2.86761945147
-2.38049287528
-0.42832574915
-0.353093327139
0.203194986776
-0.591049738678
-0.949687690757
-1.17504774207
-1.00139534377
-0.351364388581
-1.82212067713
0.0858864666725
0.162302984725
-0.5989050566
-1.48376649971
1.34055025165
1.39805846468
-0.45104692569
-0.546761695929
0.00355313736951
-0.713991396619
-0.475923220131
0.212492666032
-0.437098264096
1.85784023692
-0.4608759498
-0.288996362213
0.230125215326
-1.11035862766
-0.699483456178
-0.658532622806
0.023028207144
-0.275104284976
-0.781546658979
0.710816559243
-0.616474307338
0.980779613703
0.588810802861
0.456420052304
-0.907988203344
0.817928389374
-0.00179205422898
-2.38778131878
-1.02408666405
1.00218241969
-0.498766272912
-1.81316336415
-1.53401793196
1.49976365664
0.0119108310335
1.86386490616
0.525644771678
1.27449588643
-1.35801534416
0.151341966786
0.0838894120162
1.45377200154
-0.278851116836
0.362025690215
-0.426448186258
1.12762366136
-0.615615395002
1.43821338771
-1.04651843866
-0.832415007438
-0.662073643972
-0.210224490514
0.536509972008
1.00585545986
-0.571857626391
2.23649368815
0.59318106793
-1.13074900863
0.596418828675
-0.238805456182
-0.357902372115
0.512347259616
-0.333225445922
-0.0736787972713
-0.506309461238
-1.31312246516
0.572799558313
1.01739498733
1.23019984762
-0.706191636443
0.603801800002
-1.63453247983
0.54897835378
-0.220327920452
-1.12685123421
0.467006183017
0.699527404668
-0.220092402071
0.437085805607
-1.56861945841
0.858941280898
-1.84949712865
0.728514813273
-0.488715745069
1.65660998888
-1.19312055851
-0.45002922737
0.237256320704
1.66678614831
1.37414278191
0.220304858188
0.0372682298837
0.063331089306
-0.710349627677
-1.41292086185
-2.37616045342
0.350230981012
0.486520257206
1.2160513125
0.676365902637
1.05442569715
-0.0611929865324
-0.00623921278145
2.73267997815
-0.364681377929
0.121431128128
0.737125879984
2.16355935127
1.35654092931
0.0021327614239
1.80108197517
-0.464402411591
-0.122409182998
-2.19860930257
1.45201855083
-0.375403545112
2.05293215465
-0.260573468922
0.446120821613
-1.37259328955
0.852724346068
-1.62229077948
-0.532847169125
1.45047415345
-0.00779868881025
-0.0386084468714
0.0166510762663
-1.20757179212
-0.399173528424
-1.23027102459
-0.724545122642
0.796868273206
-1.7470388473
-0.709026082428
1.06283470202
0.586244787647
0.648153126429
-0.869900049495
0.473028678188
-1.10814142781
-2.31029516626
0.511675619607
0.650656422453
-0.161992482014
-0.682173668686
-1.12962931513
-2.39518993037
0.433430545154
0.692518247972
-1.37257367765
-2.43300190229
-0.354438020091
1.5509260288
-0.318710923278
-1.26511559129
-0.339778164066
-1.09466230835
0.0560978048707
-1.03313489274
-0.683751999116
-0.449345593131
-0.651938758477
0.496191592795
0.110945248545
-1.69569320535
1.28693213585
0.0745925078748
-0.74755646258
-0.450023113926
0.346194098426
-0.725822627737
-2.84672989379
0.777377482159
0.166481763785
0.125485357779
0.707499431665
0.451179047337
0.783732978282
-0.237656336452
-1.2576154164
-0.88187210667
0.509289480709
-1.18664447827
0.12069594343
1.27881662841
0.573185568729
-0.252737918857
0.0840121862832
0.483314048677
-0.548574604478
0.387979391347
0.961457840806
-0.26059585039
1.43712824838
-1.01752316949
-2.01128285189
-1.63005329457
-1.27967946788
-0.0671887113382
-0.395144658364
-0.10491678195
-0.18467280551
-0.558163551281
0.217437690175
-0.286573804172
1.18839028628
0.280037328395
-1.65486077895
1.58787366997
-0.489199993832
-0.224418890629
-2.14920274418
-1.23283662525
0.676886686454
-0.215899843878
0.923590780184
-0.151097840355
0.636552212571
-0.9808903026
1.56957680004
1.00824191076
-1.3990252327
-0.673733984641
-0.79948667369
0.650025292604
-0.943082604968
-0.204815058022
0.543963678331
0.791998623018
-0.0132807204575
-0.0363697697929
0.0237820029512
-1.33197329922
0.151709685764
-0.405160040364
0.234206795459
0.259070377712
-1.26510010641
1.46021546309
-1.18459977835
2.5930213215
-0.624317452233
-1.63992308321
0.221286954543
-0.258918212208
0.0175395738304
0.729999644337
-0.223349663696
0.831801046303
-0.352495494718
0.524216778978
0.105066102623
0.569718819634
-0.039934765239
-0.580061632026
0.456517288561
1.98896856695
2.05197569766
1.07616841505
-0.272457338655
0.281135701989
0.369746430233
0.114565816635
-1.28929023898
-0.93556919852
0.749461389255
0.194206694178
0.814742549698
-0.5741937848
0.419882660194
-0.647891495572
-0.0400076963832
1.9774241829
-0.960698783033
0.0837375193814
-0.203473056897
1.27401556384
-1.41040710442
1.54024499332
0.428393514394
-0.833625561203
-1.26239049946
1.11828653344
-2.03153516622
0.466749082451
-0.54197439912
-0.26999738537
-0.424393881204
-1.71661924448
0.539085421572
-0.279490866252
-0.120204609076
2.16993031551
-1.47208586654
-0.306504084101
-0.607224845158
0.945244137543
0.937923968391
-2.20473759063
0.873187167195
0.0757914697155
-0.262272717633
-0.465830800026
0.666925685058
-1.40644324463
-0.613272840331
-0.6706029464
-0.158056021997
-0.270176530123
-0.668189002075
-1.81627781518
-0.651311199891
1.40121783691
0.461000206469
-0.860597161475
-1.24693662258
0.454129193795
-0.5336546663
0.420611954309
0.529004155969
-1.69747214877
0.195382979065
-0.49418080401
0.704588937732
1.41290751007
0.652841696442
2.02011651093
-0.552751861469
0.899637371618
0.122156035417
1.68530177848
0.866440363943
-0.785122860224
-0.937975762202
-0.554954533429
-1.13735733889
0.833045890636
-0.700804522276
-0.271352300892
-0.211497084579
0.571198254993
-1.53969166933
1.01792067194
0.0625045465957
1.28973829474
-0.0726005355313
0.945591114034
-0.857027452666
2.07565762006
-0.533357674285
-1.13326087064
1.1029909514
0.235129042695
-0.81066146631
0.965861179961
0.984675443511
-0.140696527742
-0.657335075769
1.20746348279
0.218816849336
-1.74315489886
-0.477755737042
-0.0197629997203
-0.60623923703
0.13078575107
0.153722989249
0.102772453696
-1.27229222254
-0.134654277227
1.16770128958
-0.0384195467302
0.0550444310002
-0.0422508084139
-1.23635546921
0.0816869716416
-0.611877907059
-0.649483982666
1.09743942829
-0.12657789517
-1.89109175244
-1.30762704297
2.17634290547
-0.824263922873
0.964067263757
-2.45116755328
-0.0553250054815
-0.844338285096
0.127750101913
1.4700320422
-0.238238618082
0.29814563794
-1.0281587867
0.84623025921
1.68884671312
-1.53300397582
1.98476016826
-0.717836728689
0.370794973381
0.540591257572
-0.756718140722
0.544516864564
-1.11593445106
-0.848910417367
-0.256085284857
-1.03280849957
-1.16891046684
1.25146433646
0.943910278675
-0.0859358752007
1.0896715664
-0.562692243104
-0.912048515894
Score: 10