3
44
10
3
-0.866667859796
-0.684620782133
-1.49885920007
-0.719475553968
-1.37166353974
-0.662841036073
0.852700669248
0.67974374947
-0.500619193347
0.701477326971
0.246376065477
-0.136002114716
0.904223243008
-0.151843333955
-1.06510930165
1.34163887552
-1.11311526641
1.84857466815
-0.762446092264
-0.469464009308
-1.12428733686
-1.03269245673
0.268348918536
1.71032721434
0.448688756132
0.381045929987
1.60077399927
-0.923635348666
0.506034750417
1.30973237614
-0.28274992808
-0.0679452289859
0.812879134104
-0.619046605023
-1.3706207378
-0.385171716223
-0.650158326079
-0.242871263907
-0.25847050925
-0.791649659283
-2.1686332242
0.00771578451491
-0.761054498106
-0.755825862155
-0.201747516525
1.24441027068
-0.829480595419
-0.14331843969
0.956163543012
0.224878130561
-0.525117105807
0.356350293737
-0.34830701927
-0.424658345316
0.424621655645
0.0585119467934
1.4983987542
-0.0392173404634
-0.264274188479
-0.465045460734
-0.549228611417
-0.899548685768
-0.838868126879
-0.0354153164044
0.239561520877
0.787374208881
-0.174291397327
1.91825803777
1.97501099826
1.64844162544
0.512649822659
-0.231505272111
-0.228285447462
-1.82645006814
0.921766541703
-1.25041903717
-0.770953465542
0.88690278733
0.119601754639
-1.22720142132
0.508462727209
0.219492878903
1.11326546789
0.809009682665
0.319162037594
-0.716041685785
-0.388724214885
0.162122930427
-0.39617718112
-0.499312049229
0.868570323978
0.74912921191
1.32402470285
-0.178842227795
-1.06049675658
0.191171598063
0.378527770901
-0.714948392084
-0.999320088885
1.85523022104
-0.749214452447
0.975897996403
-1.51648551335
-0.255677292782
-0.511465813617
0.192074878215
-0.991414507741
0.943318239309
-0.805929212961
-1.16406729534
2.03301626563
0.221671050575
0.427662366695
1.03770437576
0.211468733671
0.217919992519
0.234318943693
-2.38068417971
0.335618265595
0.431437318592
-1.86080079099
1.04086153539
0.81798885299
0.315467993045
-1.66608186154
1.58503418439
-1.34776115097
1.73226839243
-0.866901311935
-1.15011972016
0.428964771689
-0.286851744686
-0.825441224519
0.529504431038
-0.542058108367
-0.252184188591
-0.210701488737
0.740606818307
-1.0391072341
-0.680156783777
0.540627029561
-0.264948709867
-0.282219004017
0.115182090773
2.07875293374
0.457476097124
-1.01053853387
0.682694533745
-0.00229025616575
-1.22152141053
-0.577142293812
0.337811732479
-1.28705365699
1.32951462923
0.476907770163
-0.771433861795
-1.54199638353
-0.308382010329
0.28233825305
-0.963692233167
-2.1340212262
0.32332607137
-0.760057704435
0.0605314889285
-0.783352755123
-0.414724028279
1.33773132754
0.209368783095
2.64210697156
1.18539303232
-0.418121505742
-1.67283887
1.98881163112
-1.35299049587
0.788193471089
0.104335561311
-0.0773296527947
0.948064184097
2.41546959515
1.49030491778
0.131055003802
-0.274988906177
-0.915697997059
0.408685001839
-0.55004974558
-0.758516415356
-1.25817204055
-0.396187621636
-2.22143492692
-1.08106954557
0.951475756445
0.574942001697
-0.260826163382
-0.257750213193
-1.32415731884
1.1017103565
0.794216528898
-2.00078931675
-2.02635301779
-0.022508788211
-0.196189817046
-1.31222118508
-0.540643167285
1.1532762884
0.891884984809
-0.321273634511
1.24642553574
-0.0414946671179
-0.536279724909
0.523019293984
0.163603694935
-0.337603786336
-0.00322335777409
1.31814559568
1.63270742166
-0.185858392002
-0.917841534574
-0.986467528162
0.831866036179
-0.104753229819
0.358489896914
-0.0877783155441
0.883457137956
1.03313974803
-1.84717745388
0.310328709039
0.472993656967
-1.71100673459
0.404672744124
-2.20900719082
0.207067607491
-1.26316096859
-0.836163881233
-2.43267954477
-0.699170192574
0.405819190636
2.22469350244
0.466240507749
-0.440714493186
-1.82615261753
-0.283596038789
0.74275095101
-0.70932560701
-0.813784543877
-0.444916270472
0.982247000073
0.710933815693
-0.934344277374
0.474372106478
0.903383156489
-0.556918034896
0.488954352224
0.990579645307
1.01056891811
-0.906404034937
0.992122787962
-0.546858100019
-0.655328950039
1.02678601997
0.874927458991
-0.576415044825
0.036128517153
0.551001136916
0.119870303771
0.626424077165
1.45670847822
1.16585075556
0.667367032095
-0.387672828504
0.265353394704
-0.296874272912
-1.02653872472
1.41416816687
-0.412412898313
-0.305702122587
-0.210127137424
0.202245473392
0.253024048287
-0.620512701556
-0.226114394675
1.21561264059
1.81901574311
-0.222885778498
1.70500342382
-0.76363097342
0.547247057816
1.30176644528
-2.30942585174
-0.694062454543
-0.329044645794
0.188111471012
1.11053466651
-0.334957688132
-0.315636261031
-0.0569525170665
-0.587353648586
0.639566233822
-0.770152601903
0.0638646518745
1.39750674825
-1.50425891911
-0.802958120065
2.07618494097
2.15678806472
-0.932895146399
-0.0967026307709
0.868032020901
1.4293615028
0.149501203613
-0.229120028571
0.271689807557
0.86417138082
0.445746320116
2.3565590777
-0.75714952881
1.25745014772
0.299523702827
-0.723430375634
2.22881058053
-0.157481746199
-1.45537110181
-1.30704635832
-0.19347775609
-0.0874179184229
-0.783140002685
-0.532464234788
-0.730407723244
-1.42691033988
-1.30981059033
0.247650085801
0.183162350928
-1.38883881822
-0.580310774214
-0.469088108528
0.422388746547
-0.134124140572
-1.34724917385
0.859137464467
0.986421422449
-1.19495191211
0.228052498835
-0.986028293941
-0.0746703399228
0.747018321994
-1.11377216288
-0.662688436493
-1.5073003316
-1.01783771167
-0.0421414945852
1.30496007255
0.0119285885549
0.00653496496872
1.25985367865
0.778938342823
0.182805085838
0.776241307801
-0.0996455936588
-0.103217111095
-0.39845407544
-1.42750066499
1.91328554127
-0.259884522602
-0.94229975745
-0.53093217393
-0.00897812832763
-0.620393853126
-0.25411536837
1.54327313927
-0.125343494269
-1.4461197261
0.790622528699
2.18811074732
-1.60114531485
1.92177232585
1.75578804121
0.188470551798
0.516233949198
-1.60772865373
-1.80444379284
-0.793896360756
-1.90662754331
0.851831830096
0.526273719786
0.457450197624
-0.493242089892
-0.825715579783
-1.24503057777
-1.15997515883
0.372776090697
1.51461194013
-0.535525027047
0.990461067588
0.0882688249044
-1.15418950142
-0.250958229899
-1.17190896877
0.03536941151
-0.934294319238
1.94482538407
0.564974292226
0.662832484678
-2.05561152591
0.878147504948
-0.227571320915
0.165556112138
0.660176337211
0.0439096663877
0.185707787636
0.305402533963
-0.980301704704
-0.262538578153
-0.749177420267
0.866459731697
-1.23421639084
0.279181616652
0.145012475262
0.989349279789
0.533459858231
-2.14492124076
-0.522279305904
0.0831169394735
0.078590066277
-0.448220959318
0.613861461029
-0.759696339933
-1.05217526486
0.61005904544
1.24382404479
0.35471832976
-1.63727620014
-0.345881144035
0.493909754025
-1.54067413127
0.612349241495
-1.12300439326
0.137274572078
0.0256486334467
-1.96907522407
-1.74429016718
-0.286336263679
-1.4295166565
0.690014678202
1.23336767922
-0.202101401568
-0.730545642649
0.696588356144
1.71788215608
0.112488820631
-0.377422684533
1.04545675685
0.263318362327
2.41512763987
2.45352499957
-1.60662749254
0.774882990758
-1.45690467857
1.18253760485
0.829647383495
-0.158701818394
0.0728801905345
0.615089311425
0.589174417421
0.461484145343
0.101056904865
-2.15846644692
2.1555861259
-0.0994009615085
-0.257171136619
-0.444418580172
0.693406100122
-0.691884298191
-0.105965786953
0.16669153831
-0.174356945499
-1.81464520802
1.77237487331
-1.49567438608
1.03500916929
0.0971887509535
0.47238665269
0.223048919796
-0.691327012501
-0.813526431911
Score: 13