3
44
10
3
-0.5250113358
-0.680928728848
-1.33944733908
-0.876609325174
-0.113657069657
-0.553772927077
0.678427326279
0.0896709502946
-0.956374299362
-0.105019719405
0.950878302857
0.429949696687
0.416546357791
-0.40124026189
0.171274679133
-0.951866153012
-0.318502693464
0.312636368421
-0.642693250506
0.122555046841
-1.40465928166
-0.0915962446865
-0.193417041571
0.583102785979
-0.0651472325727
-1.70425559241
0.469998255726
-1.13296818833
1.5664182805
0.872421128163
1.61448504035
-2.69926336706
-0.981176880885
-0.588813001156
-0.153579194584
-1.26818513436
2.11326470192
-0.571492586007
-0.204237625939
1.55608887322
1.52099810153
-1.43199677603
-0.862286280027
0.784143282593
-0.00955779578025
1.17011065163
-0.922003894271
-1.91368584176
0.304121494983
0.874661195538
1.18117105437
0.510744569389
-0.260240688524
1.42008002745
1.85121659653
-1.25169450181
-2.75289319915
-2.44332886003
-0.35284433044
-0.0499994049651
0.0291609022565
-0.599544717951
-0.783322643649
-1.30179957848
-0.884742243932
-0.652832233263
-1.57494066289
0.0431348658504
0.248193366538
-0.661769813351
-1.50940232315
1.3589374658
1.7075037045
-0.556012562066
-0.454830338267
0.138092901301
-0.939594022979
-0.632835634418
0.126730593469
-0.631004717973
1.87160035439
-0.450028456227
-0.47602014629
0.331763717549
-1.01163542924
-0.821023811793
-0.50852068257
-0.211424568785
-0.307035291512
-0.812940869486
0.725748202996
-0.684371242042
0.813777725249
0.293548937873
0.862074744675
-0.643927146557
0.833199247173
0.0830911642236
-2.25503293448
-1.06224843878
0.751916621399
-0.343882679159
-1.6690457649
-1.42687140471
1.66883175679
-0.109012931287
1.86251378444
0.54234253832
1.2427279594
-1.24179905045
0.251219671992
0.372484138539
1.31328878583
-0.243635630828
0.0123663844989
-0.495388214122
1.00933421085
-0.74539391907
1.56867174871
-0.83989275834
-0.653090702955
-0.434070942225
-0.231421908375
0.525734541408
0.971103926181
-0.358171715043
2.33800009533
0.340591101397
-1.08723248027
0.391049456136
-0.0697213704727
-0.468559846102
0.29693245202
-0.276161108
-0.00883939881921
-0.531594056926
-1.18688016323
0.521463305632
0.765747531868
1.38066808205
-0.675782580297
0.663518507362
-1.35636321542
0.578090521805
-0.354115943815
-1.12605094218
0.43445175449
0.726068080682
-0.313411120155
0.188597016014
-1.37991584296
0.661001119664
-2.02157635499
0.912519871905
-0.244398971835
1.91579848639
-1.25849924429
-0.224759166795
0.320638861841
1.66430566648
1.33031921693
0.366670702948
0.294851985709
0.303683891106
-0.767579354723
-1.23515079451
-2.27501787981
0.0617670822541
0.523823710239
1.2096483414
0.646815957106
1.28556820261
0.0347279672113
-0.0306113307251
2.68025952134
-0.299025462283
0.194659188313
0.733265625922
2.02621876821
1.60750762008
0.0295991696919
2.02841050482
-0.377551325694
-0.135839065335
-2.16678673978
1.17977243953
-0.252500342536
2.08901562752
-0.391236446081
0.556803851447
-1.73341669443
0.861550825722
-1.67556845159
-0.428109564782
1.43200248643
-0.0835970846245
0.0912613568398
-0.12771440682
-1.30430264938
-0.23704605089
-1.00094984995
-0.753375369587
1.01528080036
-1.43795423765
-0.889652843791
0.877675031002
0.577465470594
0.642522057318
-0.702407934082
0.0421417954935
-1.03431378857
-2.4391074096
0.355739643396
0.730094687649
-0.473356941169
-0.542876505769
-1.15680766047
-2.43659878836
0.546352223444
0.706358815377
-1.29792054974
-2.65805514873
-0.423819317079
1.45753823852
-0.336197476871
-1.18032747306
-0.190801676088
-0.770863580061
0.193995449945
-0.846057007502
-0.486301087663
-0.616420962993
-0.796115525144
0.678593301754
0.191377693519
-1.69431518546
1.47898950592
0.267694853196
-0.820776981776
-0.304336415805
0.00966396049026
-0.677576908101
-2.86074390443
0.669716913651
-0.0417318241121
0.313360879786
0.437586226093
0.362865396016
0.929911543158
-0.0447729770658
-1.48136607268
-0.777637823156
0.691858056897
-1.32934115253
-0.140410785719
1.50212330796
0.729469413532
-0.41687078954
0.104947575826
0.391894594194
-0.53346735433
0.0700665841331
1.08765114473
-0.0154759429421
1.16343185052
-1.01659585662
-2.0503894231
-2.07572104471
-1.32863162279
-0.144258912323
-0.364190815428
-0.247231126575
0.0538158347851
-0.392477012201
0.336432133523
-0.375480476052
1.2013040461
0.0564328769267
-1.31836207312
1.77752009173
-0.300528683684
-0.424329385228
-2.14309187765
-1.19396277689
0.285475601455
-0.502183288935
0.996714660458
-0.00367373335307
0.479792498736
-0.861310983714
1.58058724036
0.795139355387
-1.37781151823
-0.626717334468
-0.977003228176
0.386984664341
-1.19044116275
-0.252969972436
0.667433948591
0.730161997096
-0.0818305745992
-0.162095272518
0.072962320553
-1.3846415839
0.157789616733
-0.195156960471
0.0643263652746
0.300629094408
-1.14326945342
1.63972519281
-0.966939742871
2.48827163444
-0.510537312326
-1.58484302568
0.268232713176
-0.289083712511
0.0607862875196
0.616826586396
-0.364452645065
0.84253612776
-0.170508219901
0.358737758513
-0.28832481287
0.440935172261
-0.413923233354
-0.388872149312
0.648856196485
1.96913421519
2.26479152377
0.962251484707
-0.224955149761
0.334709873808
0.231220803205
0.0749173551365
-1.17447047948
-0.934900595201
0.498072849213
0.187676969661
0.85204060907
-0.389974566513
0.224329084617
-0.414571826023
-0.41103053014
1.78562539265
-0.994783150237
0.227310861358
-0.336041531573
1.1407499137
-1.31237338552
1.44866113845
0.172038228838
-0.818366132939
-1.27435177941
1.28640092145
-2.0513760844
0.437658471483
-0.626147297023
-0.199190122756
-0.557141414095
-1.4836016095
0.715924073575
-0.207054057288
-0.198709414701
2.01421901647
-1.45443895544
-0.362874271309
-0.321366380632
0.94949265711
0.851846185732
-2.40877668081
1.04220290663
0.181024382581
-0.429589003051
-0.549846504374
0.642945908837
-1.72788973426
-0.567177548499
-0.943868827847
-0.392323626311
-0.270592357852
-0.788678807571
-1.88707863591
-0.748461593236
1.08251115494
0.23980621545
-0.673720272157
-1.31495092609
0.528699131631
-0.635896086287
0.21232764023
0.364367143943
-1.61009830831
0.19940241019
-0.148538956382
0.716808026572
1.12138320879
0.874862946958
1.73121816166
-0.605362337067
0.7451586379
0.267620669591
1.74078734228
0.968975936771
-1.01955856089
-0.754135020218
-0.272641832271
-1.1214724504
0.63820182761
-0.724851973748
-0.25218411018
0.0118524395485
0.651523440209
-1.5762160107
0.815246111833
-0.0599180615163
1.17376392958
0.154795440585
1.12796733849
-0.638301967133
2.0309352393
-0.491931299216
-1.2260452274
1.28386969796
0.274780593207
-0.965221010748
1.04967086662
0.845674417056
-0.0199087589525
-0.661906710605
1.26228434767
0.0766450314053
-1.82725195793
-0.21514405063
-0.142832651462
-0.704199504956
0.150918847332
0.116718407946
0.327210479876
-0.990342791466
-0.313265337141
1.31646268496
-0.100102336635
-0.220285063982
-0.163892109884
-1.20062376095
0.115027101068
-0.681293221588
-0.64144441228
0.951044462569
-0.0884621212206
-2.07946141312
-1.45843615732
2.11549694521
-0.925648202687
0.99988338591
-2.67818140432
-0.10625816068
-0.908962251006
0.0692952989037
1.56850221097
-0.0870542532031
0.0976775023234
-0.890807600425
0.905314698444
1.82555711938
-1.30218706455
1.98351610519
-0.480091250659
0.372617730367
0.346677440723
-0.896397250936
0.600583216131
-1.44372622158
-0.990054585271
0.176394798345
-1.12297813787
-1.04907893541
1.19276475452
0.840882026182
-0.151068134995
0.961883302559
-0.252727439977
-0.681161732849
Score: 13