3
44
10
3
-0.604603288148
-0.739712137931
-1.3109625334
-0.829773716705
-0.0615821440569
-0.705665866047
0.725466345793
0.0040388319908
-0.986910490324
0.0618988442954
1.00121988067
0.464866577225
0.419917406247
-0.126969172394
0.242465182944
-0.864646473025
-0.375841295711
0.332210980114
-0.597372181356
-0.156809480213
-1.40321160889
-0.158626857207
-0.0973789642461
0.641454449818
-0.103313945043
-1.8053105395
0.503770483849
-1.18154448889
1.32658731042
0.781074256976
1.36024773451
-2.55919237427
-1.00404012339
-0.750827356707
-0.203981095126
-1.24518539814
2.13827624061
-0.611234180878
-0.485588903127
1.9061082673
1.32725737979
-1.42571677287
-0.681574287426
0.532919419878
-0.0520799848791
1.2498899418
-0.842855020994
-2.12790687147
0.19530980963
1.2672162098
1.24245582165
0.574498455458
-0.193336191026
1.39628551235
1.815817845
-1.17589848835
-3.02481339466
-2.36314728758
-0.523098292538
-0.382955658452
0.00496878703659
-0.485953713258
-1.22472297328
-1.05284193281
-0.919023127778
-0.43276026136
-1.7435809209
-0.0751407678401
0.280417532563
-0.600043745173
-1.50665463026
1.26725022398
1.49483566231
-0.479131142138
-0.390736109932
0.259160037173
-0.639600177125
-0.7008749825
0.124198823194
-0.610801664574
1.78687685487
-0.437299099482
-0.643751892608
0.406644256485
-1.07526644775
-0.640541248451
-0.682027242268
0.193999627657
-0.33635311941
-0.710012652121
0.703831367568
-0.502212208599
0.954208345095
0.5330608708
0.557466539418
-0.866596371366
0.87981136417
0.0759266623278
-2.28894798956
-0.807308150647
0.711385049401
-0.497775561594
-1.75217078424
-1.339826701
1.56133692672
0.081829803817
1.64411226436
0.402584832862
1.29686425264
-1.13762401693
0.18341223429
0.134400128627
1.17031854767
-0.267613979641
0.0473055758511
-0.399806225047
1.13735590459
-0.830666040697
1.62823388459
-0.872383778778
-0.96716102041
-0.468707218306
-0.203741346484
0.524309301735
0.824973507356
-0.418113418762
2.14674042158
0.375664639219
-1.36217608835
0.649017307377
-0.0681183261424
-0.414195313556
0.415316090295
-0.251482947872
-0.134854187161
-0.664717726971
-1.23912958389
0.72311314391
0.797946000828
1.2488966986
-0.802908724759
0.746975981276
-1.72130009922
0.808986553318
-0.39003672232
-0.958147203694
0.20132876442
1.15477199559
-0.089097387848
0.399899269483
-1.26611565966
0.849029821162
-1.89298808862
0.69444425367
-0.429215779319
1.65174575491
-1.07584171579
-0.325467808906
0.266573759402
1.7272393984
1.46626486553
0.29883905868
0.354486561335
0.20533954496
-0.91528190391
-1.21999709418
-2.28601535113
0.229213323648
0.453481220113
1.17866446035
0.905842477129
1.22625706342
0.0152686939718
-0.109474160844
2.83309383605
-0.220335221255
0.226318628813
0.572657276482
2.16740341516
1.51690922749
-0.0198753858041
1.93235036302
-0.433428855499
0.0561197521802
-2.01342335877
1.22449448434
-0.0408251110502
1.91146343337
-0.270561298139
0.601526772953
-1.43720045287
0.967525031848
-1.42611801843
-0.426029882912
1.23140679969
0.126930323247
0.1106915431
0.148455523527
-0.912597358505
-0.503975711612
-0.963056939616
-0.669720960617
0.888626107987
-1.48085269651
-0.892979279952
0.853524436244
0.412892221576
0.733994585906
-0.854337518162
0.551019164477
-1.03969661875
-2.00866880604
0.445868877502
0.669752506248
-0.303446559042
-0.653075973453
-1.30987730801
-2.32784379263
0.499800271682
0.856418039535
-1.38011692929
-2.42767469996
-0.38168107305
1.54225273013
-0.388523812464
-1.20118789666
-0.302840091955
-1.02567665424
0.360697156986
-0.933764464144
-0.605666191978
-0.220310681614
-0.797285554801
0.506450416901
0.212682976566
-1.66616156581
1.3910906165
0.329273465416
-0.798343410419
-0.176729817939
0.678903687387
-0.719814760593
-2.7558982192
1.01826820229
-0.13650301742
0.0444278873522
0.523135743045
0.385760579372
1.02494085371
-0.129903538164
-1.39085686313
-0.806755717036
0.65745476181
-1.08630626708
0.259444236606
1.45630803074
0.828716548638
-0.353268492866
0.158567025308
0.441641736266
-0.406943325228
0.228422747957
0.919978232206
0.101881757598
1.12951957957
-1.05014867172
-2.20711034381
-1.88162128009
-1.62265935996
-0.22350366725
-0.624330328889
-0.290965907985
-0.119105853888
-0.577617357977
0.224765825639
-0.246975620766
1.46801891134
-0.134579806573
-1.44756474052
1.79430364813
-0.0672140255041
-0.0155705453587
-1.87500593398
-1.18188858316
0.374869093245
-0.390627637078
0.860947958648
-0.0400593625331
0.665005020165
-0.640503834055
1.36417778526
0.912938092009
-1.50458950196
-0.736230711141
-0.696190589346
0.495886939659
-0.884322516099
-0.294731241392
0.536521745534
0.702825690335
-0.469035082603
-0.218465353265
-0.026032224426
-1.59607340869
0.225350811144
-0.629209578188
0.02488569121
0.370783678706
-1.42149539815
1.18417254188
-0.815072395604
2.76828170303
-0.602049317903
-1.64616569075
0.36410685978
-0.223064394711
-0.18385726691
0.538376121015
-0.383437502665
0.793957223244
-0.323087395816
0.410233302371
-0.342822274356
0.584517297292
-0.285969489272
-0.555168190447
0.522470437832
1.94645257172
2.04832545572
1.26362195368
-0.582556457236
0.0199332002146
0.0936165001169
0.146869304001
-1.07350381507
-1.03696205764
0.68152535586
0.422029617613
0.711536856212
-0.68889957103
0.16108511712
-0.297707893545
-0.292285392886
1.79427002796
-1.12424226615
0.339180808529
-0.165396417506
1.10880189111
-1.40829994926
1.41481121417
0.163114347888
-0.589411335211
-1.11265442913
1.42165535015
-2.13472999813
0.459677243167
-0.662624523989
-0.259004571768
-0.317737740686
-1.46414361682
0.476166915316
-0.174182011997
0.0233916690872
2.04103230605
-1.43475868133
-0.309947760912
-0.522811299658
0.942101908527
0.653723923017
-2.20780442608
1.17874975299
0.21548487048
-0.363352159518
-0.354061935855
0.426075972595
-1.4840553129
-0.463719844007
-0.808802042369
-0.230960571704
-0.314458068358
-0.544582720704
-1.8628687001
-0.588352955919
1.43124127999
0.607153397504
-0.69476999657
-1.26242777666
0.488103338782
-0.421722701601
0.386569839579
0.387571955398
-1.59885202741
0.192232702685
-0.41957958592
0.7956511087
1.53895224502
0.865509833691
1.81184301182
-0.445347795276
0.934148921176
-0.0932529076652
1.66525190328
0.814101132511
-0.941170721177
-0.683208573381
-0.484191771666
-1.0682737008
0.610348260587
-0.915210528469
-0.299924220267
-0.334144386439
0.79022573106
-1.5393436029
0.953935256048
-0.0267173998729
1.40045489755
-0.117265769738
1.14205752438
-1.03283117252
1.94978085361
-0.523931936699
-1.39006675977
1.34510981809
-0.0617362557966
-0.842689702834
0.894197778375
0.975887651997
0.0500835788493
-1.02281485747
1.24535034974
0.0768255247024
-1.8153644012
-0.315671975079
-0.00153913719103
-0.868811782496
0.236854243479
-0.0369502365252
0.078995952564
-0.900372708996
-0.230623403778
1.09665869663
0.234298909563
-0.0295582750839
-0.184745405398
-1.30407882053
0.0767349015379
-0.53525710015
-0.448966068313
1.31669610326
-0.0793636475638
-2.30267069659
-1.46596952002
2.11200743209
-0.587380907892
0.827475159378
-2.25026743052
0.0883650192306
-0.871688425815
-0.0585872951774
1.58204937874
-0.296656545101
0.440193724019
-0.924541020368
0.931587304861
1.76562504995
-1.50821977306
1.90617812765
-0.544196389682
0.292332228223
0.642632510411
-0.946003702688
0.662243558886
-1.45339797735
-1.18863685902
-0.034426305319
-0.918383213732
-0.937784213046
1.07513163072
0.947455681831
0.186449419657
0.935142470164
-0.436544558391
-1.0081992446
Score: 13