3
44
10
3
-0.57204343768
-0.664303291356
-1.23258979371
-0.992987015004
-0.0993789440515
-0.660288017455
0.932553616348
-0.221538042457
-0.790943927884
0.213018899548
1.13199931192
0.391421292198
0.39432989411
-0.355598848809
-0.126560956206
-0.850531313156
-0.266768123781
0.201140518719
-0.832068463456
0.136962355215
-1.27613627759
0.0918481864042
-0.248710033627
0.737826677871
-0.104538300733
-1.83700655129
0.597790947427
-1.20222210046
1.41906142595
0.905737723717
1.58465871729
-2.40783596792
-0.975668375231
-0.643975180847
-0.164657056866
-1.19765306724
2.16529101479
-0.669519938556
-0.113764031446
1.66698362854
1.44311912089
-1.38477338792
-0.807831463686
0.679450675116
-0.101456795396
1.21782909104
-0.863310548011
-2.03469092873
0.084424965523
1.17242834749
1.3028332548
0.353628257476
-0.0446958421784
1.25285925221
1.77129575789
-1.07746370081
-2.7855352219
-2.54631210744
-0.449178806974
-0.18535961948
-0.043853369109
-0.673690001125
-0.817353647342
-1.26290815492
-0.924806854921
-0.362032457477
-1.86530009092
-0.135040688346
0.0375170499701
-0.555405244349
-1.37061923186
1.38735581627
1.48330047778
-0.524465190354
-0.360435048026
0.218311017274
-0.687936482774
-0.54061034414
0.112860163387
-0.444251408831
1.77360586237
-0.459287072354
-0.430997032609
0.322198272571
-1.10218316949
-0.864446611211
-0.697319094458
0.0693487022301
-0.22014657405
-0.939910900658
0.785266543448
-0.518763720598
0.932191435681
0.468896404398
0.600592186882
-0.655407367645
0.921278694263
-0.136542619351
-2.16461664708
-0.944037965781
0.900442039142
-0.344712264421
-1.57003559655
-1.61912171146
1.49929943352
0.032316774938
1.7141440619
0.369216314933
1.50426810171
-1.14168821967
0.185401627667
0.326824485094
1.2867941833
-0.370502654477
0.120061475351
-0.538923298208
1.27227247419
-1.07703497428
1.60148488438
-1.02764647283
-0.895995229935
-0.568519733651
-0.283832896998
0.446616160065
0.800679267337
-0.569303213262
2.0960596012
0.467881063209
-1.39841063159
0.356571117048
-0.196739797064
-0.200153763029
0.262142491943
-0.291235397459
-0.289178944932
-0.548196028407
-1.40931943029
0.701282194035
0.921294320578
1.33655983172
-0.763489358052
0.671086379887
-1.38189599479
0.420052227124
-0.299510013478
-1.12017802676
0.320197178252
0.671983180264
-0.0581491802513
0.31855272969
-1.43396873881
0.775139691759
-1.85325603706
0.839394344989
-0.366825945667
1.70240980241
-1.20628310277
-0.370287865138
0.347913740767
1.73742183991
1.07011324588
0.202742857762
0.101551965658
0.143696681785
-0.795143868308
-1.14184660654
-2.42726736997
0.139805559006
0.463814350834
1.13424739971
0.866250557184
1.03531892559
-0.131205951285
-0.145242613109
2.61884257404
-0.449224191859
0.253986165936
0.715376896692
2.1280906692
1.21673420505
0.0162686594788
1.93590964583
-0.255245431549
0.0280438963008
-2.16467878262
1.2059402046
-0.284046764965
2.08944601202
-0.344297585935
0.404168135465
-1.33740182294
0.896106797874
-1.76468281973
-0.511265575655
1.53984616889
-0.0382355772262
0.134790579137
-0.111534014471
-1.24862296495
-0.394345325481
-1.08435422166
-0.666283897083
0.941631017649
-1.77186104612
-0.884195341903
0.927362703089
0.468746282936
0.751919922336
-0.962311163718
0.120808702334
-1.24323830517
-2.00619137406
0.42285179985
0.759320606284
-0.303135084352
-0.468077324596
-1.37750040036
-2.39658643807
0.547695749086
0.8830562102
-1.23501875198
-2.46860491767
-0.372615722908
1.66907205337
-0.411220043291
-1.17158367833
-0.290934680287
-1.15864914848
0.246352406195
-1.21738667763
-0.489174488531
-0.223500040978
-0.483742403248
0.470263879702
0.110595287136
-1.95939737103
1.26622482266
0.0624122878435
-0.626795946851
-0.333046446604
0.518849509285
-0.568174203554
-2.83202125943
0.634317781778
-0.154841437029
0.1782468674
0.541493396047
0.374225021485
0.894337420078
-0.198435869346
-1.38806001325
-0.943667446333
0.499687796225
-1.06956367344
0.231468632176
1.10567600804
0.750851376271
-0.192565646978
-0.0162962317365
0.37253979861
-0.647866487733
0.139658732858
1.07780221562
-0.0315947179589
0.94362586724
-1.14718523733
-2.18468514855
-1.68119979313
-1.40173426304
0.0164276131078
-0.311978742662
-0.211461378081
-0.0900366194299
-0.710469623581
0.18950991281
-0.412049951268
1.05543600424
-0.0829688723209
-1.56841914842
1.67831192296
-0.295585877153
-0.322699808504
-2.1002645408
-1.25468521311
0.477284728364
-0.336041311307
0.87722694615
-0.329337425537
0.710237602943
-0.983859172398
1.3249886791
1.05125745595
-1.36252422802
-0.442239594722
-0.735623320751
0.818547566846
-1.1370515054
-0.264393524044
0.47548008903
0.662956295958
-0.306954495441
-0.0223378925916
0.227227944471
-1.29730281317
0.330621378916
-0.237397882116
0.211614059273
0.15821437054
-1.41183072961
1.36666058985
-0.840555221899
2.63913376212
-0.684110073155
-1.68649646788
0.07566263662
-0.292099194177
-0.0701896576435
0.937812983041
-0.146929158127
0.959293689414
-0.271206459684
0.501658348678
-0.16416784869
0.507075015305
-0.288186879149
-0.68932626014
0.455165316213
2.04947200001
2.25105465699
1.00748725337
-0.404214490984
0.124554330729
0.126033334134
0.0283697299614
-1.30150937081
-0.777535435909
0.581337725028
0.24771286955
0.816200658642
-0.346628264089
0.220958710497
-0.373417046817
-0.199640146109
1.88341125582
-1.19779631154
0.415728245272
-0.205114036352
1.11882179345
-1.30983402866
1.50627733714
0.194060832427
-0.756417668271
-1.49328320424
1.36032325949
-2.09629561954
0.167635620773
-0.463043344311
-0.149367508342
-0.430323683804
-1.69608757465
0.718685426721
-0.276382857316
0.046890114975
2.15926689767
-1.54566673264
-0.151322392854
-0.471221332593
0.90744384557
0.75142150155
-2.38580303271
0.962911940095
0.169561353872
-0.414221316568
-0.656569697912
0.582322997703
-1.34631355886
-0.371024975566
-0.919041449791
-0.292980086234
-0.559122153992
-0.617298318432
-1.88419094315
-0.739819018107
1.19458233588
0.443867854118
-0.642716708437
-1.27147181864
0.565543260893
-0.639074812803
0.20200371929
0.611870326593
-1.57519616228
0.178258730958
-0.364770747535
0.671754670027
1.37379436459
0.742099038253
2.04701258127
-0.353161835172
0.886612572116
0.309315368534
1.77667066125
0.989732856795
-0.988078206122
-0.827635160964
-0.486837041344
-1.03472024076
0.704541679533
-0.74662460869
-0.364778671768
-0.0180061053073
0.607234058083
-1.4771950466
1.13153485723
0.205259040335
1.07894831772
-0.0648859799161
1.18054539197
-0.876362952009
2.31735419348
-0.434992605656
-1.38199036458
1.20771804365
0.35131364323
-0.797018858157
1.06595995246
1.04935579121
0.0224275906303
-0.91561565231
1.35809993942
-0.0627426420861
-1.63972549544
-0.476878062926
-0.117940809543
-0.702401052643
0.143732979866
0.136214520117
0.00479690093168
-1.16332924219
-0.161815923698
1.18463005
0.373107068081
-0.199977918609
-0.115499857611
-1.24994563422
0.271602203158
-0.73297000346
-0.442218647329
1.17483786175
-0.21014327604
-2.1464587908
-1.36574494161
1.93090506822
-0.652993350642
0.913723792446
-2.50549005849
-0.00339292943213
-0.96571965234
0.0483643023217
1.65779125295
-0.289092707545
0.445732796252
-0.938372756142
0.852909677102
1.78773054969
-1.45661438047
2.18749318999
-0.678378127983
0.677901433125
0.518903179951
-0.764151116056
0.713420852423
-1.32677960233
-0.979507672242
-0.0754532350483
-1.23791907115
-1.14877355247
1.22899156959
1.00406061739
0.0299831032872
0.916578640621
-0.550291957805
-0.888731196325
Score: 10