3
44
10
3
-0.644806342488
-0.725403541185
-1.37987619059
-0.866619760809
-0.0571204030336
-0.688225159048
0.842362678665
0.133553121787
-0.938549560401
-0.0280189916682
0.884736285787
0.295724254556
0.311878385237
-0.392873137405
0.130118101441
-0.885098565173
-0.636709746919
0.359817881737
-0.588453627267
0.219051195085
-1.67925064963
0.0540652373734
0.00364112928511
0.41555756952
-0.18313531917
-1.86930282815
0.35274153725
-1.04301723027
1.45580478458
0.819368935806
1.54595096389
-2.52186973902
-0.786528549587
-0.730087657528
-0.227069172566
-1.22686718246
1.95499700364
-0.640944680769
-0.356568404944
1.64376113478
1.47938052591
-1.36982302045
-0.942383564099
0.709197961048
-0.147511673252
1.13178981362
-0.934010500711
-2.11468850371
0.303988034366
1.21032010273
0.913552044255
0.464923600564
-0.0977800980526
1.49995753781
1.73252579036
-0.955957131173
-2.71632409695
-2.50274643193
-0.399479632004
-0.270708242929
-0.36743231361
-0.458309213716
-0.650278250011
-0.999835604781
-1.00235093361
-0.558954296888
-1.62251793143
-0.0715300654012
0.16570228171
-0.633131841805
-1.47675858042
1.26168766684
1.60373578363
-0.648332341496
-0.361360080738
0.389632517303
-0.920565187379
-0.542060839704
0.0710608256369
-0.458400058106
1.92824096201
-0.355037690403
-0.659065301972
0.285692654945
-0.92375969401
-0.6383990497
-0.621729926308
-0.0200768820033
-0.124794126694
-1.03105586268
0.627504844182
-0.498137428299
0.764169680103
0.611923166681
0.915698959863
-0.474061398107
1.13018361689
-0.0158237578904
-2.0689793734
-1.04491795606
1.01567327941
-0.392504457237
-1.81971356579
-1.32758066289
1.48002787527
-0.127566977234
1.71595355036
0.394226159765
1.41861579159
-1.27481778804
0.218689938688
0.00874525359093
1.4833552867
-0.298812653491
0.423287103538
-0.56276088684
1.08016327923
-0.544447470379
1.65042870522
-0.967088876123
-0.722391399365
-0.345068043719
-0.458256383038
0.674607165459
0.896362581377
-0.609608814054
2.39238571951
0.296465326112
-1.01556472917
0.694011257881
-0.263828168588
-0.504063290617
0.298601988749
-0.467250673331
-0.322730570916
-0.621693336705
-1.2497499031
0.312941746624
1.02748887417
1.54494561674
-0.549235507331
0.709289464801
-1.47357355752
0.674353310332
-0.518766104585
-1.05899355001
0.533847565839
0.819815728981
-0.091278140808
0.405998157332
-1.32071074954
0.952692017195
-1.97330260337
0.87615152858
-0.35483509919
1.85105768791
-1.23649330312
-0.310298404593
0.163943091096
1.70421163044
1.24533389755
0.190794235441
-0.0236629377437
0.125346343181
-0.89557642039
-1.33087422084
-1.98228346083
0.158979187415
0.319999559522
1.31435496877
0.816218164131
1.15262044849
0.0273909976222
-0.179658624461
2.68785141479
-0.42077597382
0.087315142128
0.726453313923
2.16129938509
1.26511278519
-0.151451446763
1.93156580639
-0.256814275852
0.0180361330779
-2.01896640841
1.16789676848
-0.260941940903
2.03428131587
-0.296992205876
0.546713718716
-1.57347306773
0.818851499889
-1.86437024685
-0.525804395472
1.57064464031
-0.0970534218189
0.216032662804
-0.146824216845
-1.25959754324
-0.365419496357
-1.15202330851
-0.991914322937
0.855774117173
-1.74574707082
-0.876379149867
0.980434499154
0.666195821654
0.438519254814
-0.70819158611
0.156122339393
-1.06703862277
-2.15393077403
0.660568369157
0.716432831464
-0.370971703666
-0.495587176999
-1.05176208082
-2.27078946166
0.559014335709
0.717717825467
-1.55836775618
-2.59505821325
-0.457063030162
1.51732379807
-0.485132852307
-1.06688383425
-0.273137269961
-0.854737563596
0.20529392075
-1.05451310752
-0.548180849195
-0.226778113637
-0.68823156915
0.554423976396
0.197254212667
-1.78350596172
1.3774082617
0.0801494661419
-0.958395283935
-0.400502732135
0.224627139566
-0.432773531009
-2.72608797384
0.607762588524
-0.139968701759
0.29321845926
0.573075557313
0.0945399291774
0.933329344854
-0.377292886405
-1.49742579255
-0.928360636585
0.614942157314
-1.1888618874
0.00393017326556
1.40767852979
0.525016932619
-0.382550696028
0.32271365179
0.38489241746
-0.559190972861
0.25907385457
1.23640861069
0.0528678588509
1.19128511348
-1.06690904829
-2.09842119901
-1.86187232153
-1.2264015801
-0.205042778002
-0.436296649636
-0.266026286359
-0.0722073066013
-0.512763608201
0.174451626603
-0.463607970952
1.35052234455
0.00305503560244
-1.57043725323
1.65613820113
-0.233859720255
-0.251498485689
-2.11555952998
-0.912197379508
0.438117314363
-0.582780222552
0.954635751544
-0.0481429368632
0.590737096071
-0.921750224455
1.53040880559
0.907602868817
-1.34299627862
-0.577250046873
-0.763173976391
0.539755697361
-0.970573187277
0.0538650039509
0.691758681326
0.642034450722
0.0382138096638
0.0497049240698
0.243547604382
-1.49471246358
0.412826520086
-0.246745950897
0.361200073433
0.555264200229
-1.34836475446
1.48184242557
-0.848669694724
2.63399574782
-0.677372242081
-1.58339585814
0.240457874797
-0.223401339458
0.0661762319102
0.907500427236
-0.276026949328
0.945920427398
-0.326919312397
0.196372486114
-0.226102784097
0.543176953147
-0.349069945118
-0.233361375917
0.398801616962
2.04185971689
2.43217762713
0.951762836311
-0.343338556575
0.171972093279
-0.0317061037184
0.0100622606863
-1.13897478432
-0.9302966713
0.585698879014
0.250341215081
0.81321634696
-0.428759618264
0.220462077113
-0.52508892568
-0.406921204239
1.68144595512
-1.27619496915
0.364772595854
-0.386100536537
1.27672410401
-1.37679649751
1.64906257417
0.174715538885
-0.698041181689
-1.28288887563
1.25193088533
-2.15652509337
0.458102816828
-0.413272808398
-0.372443502099
-0.425320285085
-1.53542999981
0.655414238986
-0.283603598145
0.00395425751932
2.24367962443
-1.43554237964
-0.328910020027
-0.641593631742
0.908645773115
0.872799479294
-2.51104646584
0.872750549691
0.273209556773
-0.493121438683
-0.522766426347
0.433400146543
-1.53164866216
-0.506963401188
-0.708127408879
-0.246152564999
-0.316192150992
-0.578203498751
-1.58220234733
-0.519442338984
1.14084344164
0.261321437703
-0.761392897975
-1.4376093605
0.246842406587
-0.577343381699
0.225511044486
0.48399063734
-1.74467113524
0.234335311181
-0.0296565119994
0.759653160325
1.1853959899
0.629507968051
1.65758422789
-0.70837678532
0.899591601189
0.308199561094
1.64427371325
0.763988124631
-0.888496059101
-0.99802321771
-0.124865596507
-0.954352237325
0.823000968829
-0.648052494417
-0.135315308964
0.0994534704738
0.346726364641
-1.6720342104
0.884899609121
-0.191811896208
0.923507933472
0.0467828012018
1.2634087945
-0.563218463484
2.20161808016
-0.486494433922
-0.978793602514
1.11337947231
0.169668282319
-1.16727213321
1.06982389428
0.846419546915
0.0872948415598
-0.839069923126
1.29895063835
-0.113771643349
-1.59937654986
-0.207861700717
-0.0321763103069
-0.679137420125
0.335882915409
0.181022776728
0.263242267087
-0.934905948877
-0.200861072683
1.15400141682
-0.0524120635195
-0.108278057908
-0.210421923138
-1.29602832115
0.107838443237
-0.36794921231
-0.309147611143
1.06026760427
-0.24852028448
-2.18261650982
-1.39061110002
2.08346783671
-0.573625019706
1.11866476006
-2.52123245316
0.0318568896459
-0.946947599182
0.0376862422744
1.6167292373
-0.0329794960357
0.206669693897
-0.967490488002
0.852294338163
1.82827835839
-1.40699601462
2.11915125267
-0.571528661781
0.277485495438
0.514231378258
-0.851948726098
0.667499155808
-1.52388218435
-0.849195054271
-0.0839338858655
-1.0799438498
-1.01197890523
1.04191882649
0.879654619246
0.0992528283948
1.0121165907
-0.305323353751
-0.619391844632
Score: 1