3
44
10
3
-0.0120684378704
0.16273474377
-0.722892835973
0.654856247717
-0.0699857225553
-0.501895189543
0.664146334936
-0.586671529226
1.1342378951
-0.675960033016
-0.701883636257
-2.95700256648
0.245095935698
-0.593731821205
0.247724080191
-0.302128988465
0.882785602681
1.46357299782
-0.0208043428584
-1.1763204318
-0.51644387743
0.0126636214323
1.04434130856
0.467871915123
-2.63052223545
0.276897899619
-0.173208758622
-0.0246854000067
-0.529396794197
1.6927926171
-0.818111452413
1.86679181488
1.94248472644
1.2866464585
1.37729018228
0.0692490026292
-0.434921540964
0.248809153666
0.189494099874
-0.472073708054
-0.779097283674
-0.021537998571
0.803402812745
-0.331820627574
-0.206604472041
0.553022172021
-0.557359425694
-0.484962096409
0.830842150324
1.24400197136
0.182074922165
-0.54292146326
0.880926166712
-1.15120847558
-0.404919684427
-0.345637386628
-0.691284662917
0.450389553549
-0.693665818997
1.51991364444
2.84809885867
1.89554284358
-0.894246793674
-1.13202327113
-0.712514728042
-0.428636940559
0.244449433533
-0.175981850173
0.37100667436
1.30812293718
1.41165502794
-1.51744202433
-0.578214690566
-0.0190327194374
0.0783059249885
0.210670661372
-0.457530957428
-0.865595523361
-0.922699455735
-0.605526892887
-0.731359123687
-0.557661950199
2.58082657603
-0.709599343813
-1.45368839976
-1.33823057476
0.160505017486
-0.391187451257
1.55846612961
1.21707452539
-1.33143953331
-0.159858856614
-1.53404393234
0.0712237399164
-0.296760894715
1.14205418511
0.893243615691
0.535426924108
0.121404962272
0.919524592447
-0.798871104204
-0.13506851494
-0.87418154811
1.20572845547
-0.713960345487
2.14410684851
1.76871268965
0.381439777934
-0.820058560544
1.57086151792
-1.27535738847
-0.162049661958
0.935796713458
-0.808163341925
-0.709185016319
-0.231238466616
-0.292512806173
2.65396887812
0.0854463593632
0.952537995943
-0.842612691499
1.24592724057
1.26474687681
0.0095096180579
0.458087523483
0.967502157628
-0.205505282223
-0.378927314731
-0.33582667274
-0.568487786911
0.659887083515
0.674728829692
0.121255965187
-0.740913203382
-0.343574807827
2.14248132224
0.156065122919
0.529229508508
-0.057977198341
-0.205881526011
-0.0416427533437
-0.521949593914
0.226141604085
-1.38136707678
0.582472052796
0.846486321088
0.912899080192
-0.344977469224
-0.733288787594
-1.84507487159
-0.371408187315
-1.13519956159
-1.95465660023
-0.525540067448
1.69925355651
-1.74841582706
-0.0979933898851
0.287478404094
1.62113137605
-1.84083439974
-1.08047187633
1.23427862422
-1.47936189309
-0.158525106471
-0.834785954935
0.720635298028
-1.21243368846
0.387373256771
-0.683272870266
-0.163503081358
-0.637671801839
0.535702310959
0.0841636132652
-0.989943837938
0.324325809414
-1.09604373942
-0.98677414905
-0.521315987978
0.156688612396
0.524774094378
0.162610778012
1.04437476363
1.56913189641
0.160880103392
-0.768308395518
-0.187538528012
-0.244118647235
-0.895053955025
2.13707808585
-0.939519041752
-0.335787289188
-1.72586980045
-0.78854994193
-0.0296073103762
1.56286473599
1.60705255476
0.194740839334
-0.244404155764
0.837114523834
1.83370711174
0.539406726912
-0.396998224857
-1.34293937531
-0.37635162742
-1.45703748919
0.255659467661
0.441788801628
-0.614313628352
0.89729011552
0.706472566541
0.101631648669
0.269173448525
-0.00293090109427
-1.82506678991
0.858455474408
-1.11383313564
1.06374258677
-0.880326643933
0.482403622542
0.054564830152
0.111774340646
1.46416085592
-0.255006222355
-0.0975650704335
0.150957941059
-0.405823607878
-1.07931954289
1.12501595521
0.364233314123
-1.3781691795
2.2781818751
-0.752745593496
-1.34633920748
-1.01425033906
-0.910721964168
-0.719696747188
-0.33775073588
-0.414824886504
0.311460775806
-0.0811134452524
-0.475778940498
-0.95102799294
-0.912942134047
0.957180820056
-0.727471001282
1.46808759414
-0.45001354879
0.719904541427
2.89915741546
-0.893478374636
-0.636094376117
0.659103586615
-1.17638919369
-1.60447381617
0.618508212362
0.417251652833
1.13876515293
-0.121664630008
-0.232167719564
0.705193281657
-0.608852990886
1.40734179959
0.491877554295
-0.334608592961
-0.240989726952
1.57147265165
0.253682329912
0.34869283798
-0.826986091136
3.03181722252
-0.885217210704
-1.03838157714
-1.14296044146
0.010545849766
-0.352695956683
-1.6783695343
1.50223441762
1.52513338176
0.0670792902188
1.12352133786
0.828126382047
0.0875920758424
1.33879762889
-0.372805296919
0.293940894607
1.01115116954
0.0755260890093
1.01072159362
-2.06130287233
-0.487126488577
0.164038580632
0.0466696102803
0.405372974223
-0.963680964149
-2.1583050925
-0.0733805965848
-0.719834396468
1.19744822021
0.162081199924
0.298798914641
0.202726019164
0.977246354473
0.0248887742905
0.603999115207
-1.23448119061
1.14868193243
-0.215217183279
-0.672055526781
-1.35968556249
0.425736809343
0.700475709952
0.620844328982
-0.923299267183
-0.00407256382032
-0.494749367776
-0.845285739158
0.244188403448
1.61417423528
-1.16610439312
1.14067378368
1.18946264335
0.66104647025
-0.885149708484
-1.13763632439
-0.913946412948
-1.20267235168
0.346717227482
-0.273429068794
0.210974705117
-0.473458015356
-0.624111480262
0.985180040999
-0.64975566105
0.133991678201
0.995163679707
1.21400900679
0.107235478151
-0.926724363841
-0.315985928498
0.071857377632
0.329613760551
1.93180036691
-2.38876204239
1.36719287059
-1.1972172611
-1.00684298073
0.503392805785
-0.210752776301
0.0228542524624
0.453998950987
2.7321346617
0.503852468376
0.274675848311
0.456350846272
-1.28167657304
-0.571034171244
-0.708986670054
-0.569528896801
1.18165781737
0.572879355338
-0.585814675827
-0.818024803356
-0.429049247386
-1.90398402473
0.1262099033
-0.22143929083
0.324941015
-0.0336022426744
1.2968904695
0.688562451772
1.59256885435
0.361448293383
0.532294479789
-0.759991737549
-2.4212777091
-0.145837100198
2.12882884983
-0.479179503521
0.284908984424
1.12454182976
0.474823149103
1.5233302777
-0.194885420132
-0.591733113234
0.0597628835305
-0.149408333683
0.225504154662
0.0298982985246
-0.673538026883
-1.70442086681
0.397606148441
1.70164416983
-0.0934115729094
-0.333545403972
0.454498824522
0.526690779581
-0.106023609901
-0.0040907562951
-1.19453886955
-0.952063944595
-0.258752132341
0.384970131449
-1.43112874329
0.588783548481
0.517821986561
-2.63823051873
1.15930207721
0.071879370774
0.49732351112
-1.52845471854
-1.08819797948
1.41257005792
0.560133639431
0.17291450795
-1.33722973748
-1.7476253857
0.305810846034
1.68132238196
-0.678415208535
-0.58970261397
1.30653049481
0.400939083442
-0.545287041651
-0.744003347819
0.855236413681
0.349894681379
1.79422591549
1.00733747455
-0.110551113765
-0.845506320658
2.07859156876
-0.223365330738
0.11799337229
-0.00569309535643
0.509696583344
-0.408540742121
2.04516449811
0.815238441417
0.0303406924004
-1.6887988355
0.919309620676
-0.817087128889
0.720430847967
-1.41600056891
1.02977102633
0.919689857976
0.0986155303041
-1.62879590463
0.595098258243
0.20241742512
-2.05432548838
-0.444433793957
-0.158824513309
1.72877928499
-1.46564922406
-1.16912813701
-0.834091903795
0.689968011511
-0.434864600598
0.608784365598
0.996920446155
1.06233396188
-0.857236585083
0.528437743397
0.911687671794
0.183820970832
1.91932514092
-1.13014335101
0.192490778964
1.23544753159
-0.95756465572
1.58286207709
0.182900010933
0.978124280074
1.15053002437
-1.13003592136
-0.277450782805
0.53920358163
0.939360190001
-1.30514049126
-0.0648818412809
0.294245047992
-0.258077942918
Score: 1