3
44
10
3
-0.417237744702
0.786008363547
0.170844815801
-0.015484351377
-0.141641084105
-0.81951242057
-0.195459784227
0.273150681385
1.56215706817
-0.834350216999
-1.08417832375
1.12200552124
1.76241796042
0.239182522057
0.188155087076
-0.915819405111
-1.67163351574
0.244126901332
-2.51947976861
-0.517416139368
0.519766704281
0.278299426574
-2.82324869004
-0.0246663179226
-0.392371509862
-2.02390254729
0.981767148607
1.55225694324
-0.858317334852
-1.51692905896
-1.18744579672
0.604432724188
-1.09239911942
0.892024379719
0.480513036776
0.0347607577825
-0.0917305188098
0.216170825417
-1.99269877675
1.59483951142
1.83260514168
1.79217425869
0.255740099395
-1.4653446628
0.308165687837
1.44120184845
-0.382349170565
-0.284254775327
1.94738420531
-1.20163786529
-0.0618825143108
-0.98383620419
-0.308402860566
-0.46568178249
1.11387419569
-0.0370791944661
-0.0636489080976
-1.73343804325
-0.231593986429
-0.223118834263
-0.518350705606
1.72119271977
0.775775447599
0.354444581445
-0.575154076987
-0.0648984324597
-0.470740081529
-1.23348464645
0.831116295046
0.665682298858
-0.725053722285
0.0532246457096
-0.262914629008
0.440815565092
-0.784142634909
1.30515604648
1.30757023655
1.12419192688
0.608471348565
-0.633072379186
-0.321838240377
-0.034877812848
0.935425136906
-2.55714414626
-0.566740977485
0.141179413376
0.519871512811
0.807503312677
-1.7354898353
-1.52426734171
0.255316164413
-0.526523659348
-1.82804479228
0.347775080249
0.805577368245
-0.956658870892
0.592583202351
3.36394200435
-0.614198236481
0.261885876127
0.181105864784
-0.500629803917
0.00542141666046
-0.605541555071
-0.408685420845
-0.657700199745
0.421080728308
-0.890418707487
-0.66591784653
1.5498988252
0.592795227206
-0.38034325027
0.153125373196
-0.131021141335
-2.6824888788
0.560912408879
-1.01000587345
1.20300751872
-0.569512056254
-1.38404223162
0.948961725112
-0.0466933135911
0.392044431379
-0.293605448928
-0.397673889861
-0.823353422525
1.92991719578
-0.65488336859
-1.19518623507
0.815712398193
-0.712313300679
0.870904321578
1.47299596692
1.1627345973
0.24673894895
-0.193815795233
-1.22313062997
2.37162739108
-0.840961776378
-0.626543470578
0.550816605364
-1.29327894219
0.921649363581
-0.131437577489
0.466776766122
1.98240553794
-1.50470634469
1.86373728859
0.507899766845
-0.104174880687
-0.492501745721
0.527305322203
-0.845506945219
-0.00394868788692
-0.298138175698
-0.564749618144
-0.315010350821
1.68979694991
0.0933364764222
-0.647801623408
0.0774070698784
-0.184586101729
0.716939376036
-0.413532530057
-0.0802488352237
-0.423219487785
1.50058270104
0.415604559424
-1.23368217963
-0.400337313269
-1.27485717144
0.129052093434
-0.0999282854423
-0.821342658904
0.734550168225
-1.98117654633
-0.690217679398
0.739161459606
-1.21160921755
-0.127116024986
-1.18035324227
-0.371386389896
0.930915704024
0.37086410031
-0.992432986451
0.087762497482
1.71086317326
-1.60595940204
-0.597208019461
-0.308702461916
1.06988394874
-1.7810473677
1.09269700877
-0.767747631381
1.96792512987
0.565102994731
-0.0917794476147
-0.66930805937
0.432491800486
0.489685753131
-0.894054001376
1.81372949868
1.47984455028
0.128879364875
1.77095221581
0.773944069872
2.39873176371
0.420858616717
1.7020311552
-0.435239131831
1.32605436965
0.348268798967
-1.28489645455
1.26718415781
-0.654442963431
1.53947682988
0.41255485579
-1.10990592813
-0.329601867463
-2.24756559473
0.781899151267
-0.1358841921
-0.00975414377494
0.48908291103
0.694341175557
1.75970799991
-0.0439157923506
0.0408584407441
-1.71428455479
0.924966260505
-0.544879912885
0.270685885673
0.94143911894
-0.346667795434
-0.117736989535
1.39438367667
0.796658488784
-1.8931911234
0.216800758492
0.372077397007
-0.299057820066
-0.59512232087
0.582673296941
-0.698955320095
-0.528599146484
-1.65866570981
-1.08751249087
2.00011453809
-2.02457008235
-0.417720054269
-2.11970562351
-1.83158111783
1.45497110228
1.49766135248
-0.834484705917
-0.0153713704892
0.194941293779
0.437903180711
-0.54501046765
-0.594446798197
-1.74696768565
0.370535681429
0.771513862458
0.589813732515
1.05798950812
0.0142080318415
1.82688961604
0.714425100916
0.519383248299
-1.54676897558
-0.889330491203
1.33402992956
0.668038548563
-0.755479946032
-0.608739885184
0.863809184278
-1.03537287685
1.0168789683
-0.691055751849
-0.881809082615
-0.814090313686
1.13341762468
-0.681715331583
-0.251268793279
0.00205474545528
-0.832519320473
-0.0830236898608
2.41165451012
-0.394868393135
-2.21719579456
-0.527957446634
1.40593299342
0.261825600005
0.522924818101
-0.0962033546858
-1.79420534926
1.77235125793
-0.724136441067
0.477773842269
0.0975361847133
0.224317040819
1.58011997899
-0.0839461449932
-1.0221456792
-1.54467008689
-1.90856996775
0.144033501172
0.177084268747
-0.306812882257
0.187490488958
-1.21095336695
1.01781584687
-0.563449127485
-0.550373310235
-0.586508760185
0.576550953109
0.988521795438
-0.96021560953
1.00720058224
-0.795057373066
-1.62235580199
0.010615338331
-0.963886764856
0.478336215178
-1.44398606208
0.191463028917
0.717803055011
-0.644313009556
0.408978813508
-1.10960649854
0.192114406242
-0.113419462482
1.68759742185
-0.281352141639
-0.829954894714
-1.67697885512
0.639072254599
-0.0540612181108
1.45571429052
0.576936056861
-0.0275364731973
-1.81408833022
-0.305039234793
0.489198099943
-1.63819471707
0.925696644189
0.88211888361
0.657562159374
-1.06398926748
-0.103984285865
-2.01216289896
0.383072966123
-1.03653446527
-1.04512140449
-2.0235720177
-1.73365003748
2.15228706401
0.533667871926
0.859193225205
0.121084664994
0.114717762874
0.0856508699292
-0.627320654886
2.06028226448
-0.192943909907
0.102520845041
1.07038912835
-1.11656075408
1.16374790254
-0.420165155524
-0.212220862853
-0.222833151229
-1.43962682045
-0.577104754255
-0.51909723068
-1.56187791727
0.889523773654
1.56355412817
1.98951918857
-0.606202260424
-1.33841470758
-3.23944488505
-0.039043886842
0.307916464537
-0.890497074124
0.465651748562
-1.5093006981
1.23829051413
-0.935224684363
-1.89339809317
0.558820494882
-1.91675603073
0.470921067479
0.569591423256
0.324843340453
0.0892050657366
-0.404630734864
1.57741741648
0.959011489935
-1.32114213157
0.128322329111
1.6756063879
1.53613667016
-2.22223122521
-0.576631135504
-0.458836719173
2.88312199687
-1.25377779147
0.0598572174087
1.42391956057
-1.06828015258
-0.3598520994
-0.133607695673
-0.552416586103
0.847487474235
-0.999708415091
-0.868498486854
-0.481820646761
-0.439037555731
-2.412105289
-1.07199405753
0.895910655743
1.29440744127
0.627543625176
0.677126809831
-0.510250417186
0.781418481955
-0.860783577323
0.851989722424
1.10132249969
-0.594204597654
-0.972041345858
0.538913076988
-0.638504170039
1.07014427251
-0.557776049549
-0.368263177146
1.66925492407
-0.268631439223
1.10338365033
1.79791176278
-1.93269651501
-0.841861009705
0.459077644677
1.55933273912
-0.316637259777
-0.284151669969
0.0865004812534
1.44140706071
-1.61154249279
0.492656814567
0.504007705478
0.41034247422
-0.246027083771
1.61951544432
-1.6713793931
-0.972882088585
1.50340846315
-0.291220300791
0.903650472534
1.49070011489
-0.233839368633
-1.04652362289
-0.111593395372
-1.67709262364
-1.36760331152
-1.97190262151
0.473159989095
0.958481217428
-0.291259370329
0.788423346111
1.60182765748
-0.5011820419
-1.34383399302
0.463407337528
-1.39491573396
2.11399659606
-0.571236078181
-0.47262713215
0.799052009331
2.136016081
-0.766682391246
0.477031206312
Score: 1