3
44
10
3
-0.800797477554
0.713740673216
-1.46247071893
1.89055982845
-0.385362032197
0.446430245804
1.05765504678
-0.430067515517
-0.0751257746445
0.0984477280717
-1.5888591379
-0.45609679896
1.08894544786
0.510158540487
-5.01125457488e-05
0.992853623367
0.826132459181
1.05210468769
-1.83263142544
-0.1298339865
-0.0765315298414
0.834904166385
0.157062366174
1.96899025431
1.76809431231
0.20129703579
0.379419152664
0.106034347499
0.264432095603
-0.976114419989
0.0808900331735
-1.62786956388
-0.598121137705
-0.405163627493
-0.414103768864
-0.0966537863298
-0.433944911955
1.48291226194
-1.24948278186
0.119858396943
-0.411690326163
0.277457658239
-0.85392800399
0.63946653441
0.29638806769
0.666054785244
-1.02000740513
0.671394339561
1.07261269459
-1.02849375893
-0.143950381713
-1.52249567843
-0.0826962801559
-0.20524033232
-1.14656453221
0.631900150069
-1.13886334539
0.723119937214
0.584482648269
0.73974672802
-0.926851070149
0.219274558233
0.269834716941
-0.770295351239
0.550876001224
-0.356863603844
-0.0851347796634
-1.9716287259
-0.677916040679
-1.72280191433
-1.01373030339
0.286371736587
0.711380661036
1.63010079488
-2.49268429774
-0.112498375287
0.107232627918
0.690103111601
0.494564617217
-0.50679360808
0.786839421857
0.640148186181
-0.236916444981
1.69055028497
-0.238624509909
-0.484385182327
0.695043066954
-0.548801874464
-0.195414986255
0.0755448723218
-0.652466701427
-2.20960579378
-0.125540475881
-0.00517108636212
0.0940885831141
-2.3713197234
0.23147117964
1.36178682239
-2.05696339133
-1.41326291999
-0.564142056527
-0.858610657685
-0.486303691072
-0.363129088718
-0.758344162964
1.06012332578
-0.315030182834
-0.760749210548
0.433887195501
0.0410525748182
1.15033099007
1.55768244832
0.036359851545
-0.0040984434643
-0.725994811857
-1.09089001224
0.0786639688321
-1.41197887512
0.988722795086
-0.958284499949
-0.492092926486
-0.909243576857
-0.754287270088
1.05674757619
0.694957312279
-0.0564641512399
-1.35060917826
-0.0513022679848
0.487391225125
1.697545828
1.06671515519
0.0566005715045
-0.419456499747
1.70366578118
1.17219621234
0.390132496608
0.0533274008661
0.723629113214
0.24280183881
1.17953218376
-0.273586507555
0.667671489936
-1.9966282344
-0.297639530673
-0.345472894748
1.04607640986
-1.35083533371
0.547446449541
0.0709855514063
-0.4719457348
0.0278722095073
0.151711243538
-0.503878100001
0.710796798653
-1.55699962097
-0.701619367474
-1.60744499219
-0.752886797693
-0.488722672818
-0.102425225518
-0.246804272049
0.329913464434
-0.329049847444
0.413062640962
-2.16668386293
-0.764182927528
-0.0802336398515
0.539406253565
-1.16765439908
0.710993464867
1.37536541464
-0.546130134086
0.953681790897
0.472092901318
0.447034181524
-1.16524382978
0.908614760986
-0.144173589618
-0.324037702016
2.19254807814
0.868995441751
-0.621652911936
-0.9062252757
-2.06372838325
-0.737877251074
0.518216513366
0.300927851961
1.91799956665
1.37349385163
1.44764269397
1.45091659201
-0.131389748904
-1.51539741451
-0.0333703482487
-0.466231613049
0.311605276356
-0.209907735403
2.2766624429
-0.812159684899
1.29834880366
-0.850805430114
-0.815230376285
-0.936590192062
0.754345374087
0.945058273295
-0.99404278968
-0.973621011481
-0.368116211042
1.29499794029
-1.20940333353
0.000739970951033
-0.745815253714
1.4249135991
-0.600874693736
-1.10805173657
-1.21074613734
0.307945314164
0.0354735131293
0.847331813661
1.51208306458
1.0781297009
-1.0226118073
0.378976377093
-0.488802329603
-0.802574662763
-0.529501027687
-0.288274534089
1.3976804318
1.45823823407
0.271806934968
0.438925743477
-0.931982115229
-1.15678788742
-0.451890941191
0.516793931055
0.647867390284
-0.665658298064
-0.311240428263
-0.252336301228
0.280638773529
0.148724008012
-0.931462878666
-0.974688012664
0.563028704394
1.5917806916
-0.469147860558
-0.299884342409
1.18073782447
-1.20972828922
-2.30155200359
1.45281998778
-1.42800999565
0.68747370763
-0.855997986811
-1.36037559566
-0.438013328569
-0.144352865715
0.333848726781
1.93710504962
-1.0717042309
1.70445750832
-0.115403688878
1.5936352222
-0.133487885196
-0.175416355227
0.326486060938
-0.982613780363
0.335817940678
-0.811322769924
0.980634470985
-0.504045730574
-0.372942869803
-0.131767943397
-0.975983597388
-0.33682359508
1.16117060729
0.228122474046
-1.44704298875
-0.832291305296
0.425060113347
1.30523722555
0.408681921653
-0.21394669098
0.282104341598
-0.0265702905822
0.0577214850822
0.298138907357
0.240388632361
0.249529499871
0.0494324904288
0.905599396824
0.824550301642
1.49602330946
1.04104740519
1.28715501475
1.47999250689
-1.06753042376
-0.640083116903
-0.284566656143
-0.419181102377
-0.697047719635
0.59847787114
-0.929058084035
0.669833427015
-0.74823536118
-0.236265228199
-2.58072057967
1.09064293501
-1.08834345431
0.152730437677
0.406119294618
0.607800809922
-0.429627926696
1.30433626908
0.439573185656
0.161750382414
0.684297148684
0.0946119184671
-1.35898935812
0.278650806777
-1.1191532779
-0.258193648597
2.12085174969
0.538124487812
0.538391278289
-0.172789127699
-1.08791070355
0.409157997462
-0.12609089312
0.405130296332
-0.411175987472
0.0274479029004
1.14807647001
-0.162819424916
-0.585626411065
1.32788133453
-0.840618947434
1.23696058402
0.218235479534
-1.26326006798
-0.778752691789
-0.419551232534
-2.02497045992
0.0428622802187
0.874464739797
0.00817858821842
-1.13475367827
-0.0278232396302
-0.34562499866
0.907411004403
-0.958431353888
0.866210896383
-2.35255321854
-0.832415973719
0.794675725076
-0.493383493787
0.970226801156
0.576488612459
-0.308960584196
0.467276856578
-0.416784878457
0.496393157624
-0.865418801369
1.74340314933
-0.025517297236
-1.6569202011
-1.58318411513
-1.72244780417
0.496408888329
-0.277147510135
0.395469977162
0.621801679286
1.76888366754
-0.438696140654
-0.699235967088
0.221758744274
-0.898684399813
0.821457297162
1.35926215418
0.239986585194
-1.01164991632
-0.522838170866
0.216935834314
-1.13032566227
0.142560262333
1.64077739801
0.290342756333
0.0536513707864
0.913724596213
1.45152292084
1.16766421101
-0.941825572838
1.52255454735
-0.535562402966
0.499189827479
-0.21815276367
-0.360852918584
-1.31599053754
-1.36808274367
-0.475714760282
0.58414202974
0.112709563022
-0.608216176134
-0.7451736941
-0.349175681038
-1.96031722282
-1.74356364359
1.60098779173
-0.121383476763
-0.217414975482
-0.166305026648
0.104492661471
0.715985412766
1.41775804811
-0.291960483783
-0.0298138016901
0.0789644558449
-1.26956153771
-1.74353231792
1.91238572505
-0.45219147002
0.454283046688
-0.237494127446
0.396371934816
0.325738483154
0.541899238192
0.116023126794
1.11737006269
-0.525849651739
-0.893211727528
0.86152721745
-0.593110374336
0.28435900663
0.0703845344084
0.782260374292
1.49324942788
0.615292514459
-0.740854931856
0.6404670422
1.00071363442
-1.09964424786
0.512975497157
-0.399593153481
1.94335476905
-0.447746138456
-0.200807825417
-0.275753736913
-0.0188928569647
-0.497908346192
0.323378024897
0.966283198053
-0.63773634546
-1.6233251338
0.518982370232
-2.15106910966
-2.22836734176
0.17437650005
-1.06665417419
-0.135732000552
1.91099943049
-0.590755666186
-0.10014864198
-0.0796687812515
0.423618174201
0.0328932350206
-0.497683707716
-0.177266550746
1.00579317637
0.19918568073
-0.109663974461
0.0223995083769
-0.256914115895
1.29576127382
0.144859513918
0.704199256809
0.184713510352
-1.30201107153
0.236711078268
0.831911903336
0.393760699407
-0.659479669209
1.34403063314
-1.86400746979
Score: 1