3
44
10
3
-0.808985368791
-0.687660076215
-1.51180083465
-0.899167981668
-0.0504155141595
-0.756787813773
0.757932709547
0.0253060573861
-0.899992514304
-0.162275286264
1.01545471842
0.449942056652
0.258954387885
-0.334314741729
0.0888381319834
-1.09850240101
-0.615708814253
0.36375290374
-0.809949086461
0.170649733805
-1.15523510379
-0.00045181607702
-0.187603485802
0.52942558495
-0.19016154914
-1.95808299367
0.570246738434
-1.03652868086
1.31883649701
0.812495486978
1.34349264396
-2.54575672518
-0.75446695963
-0.844420739659
-0.132297951156
-1.40828790129
2.12934506888
-0.699819039072
-0.208410161481
1.7607985419
1.55531776141
-1.31805373206
-0.713434896067
0.715402971838
-0.0913602530773
1.07284245105
-0.657114464954
-2.14202036312
0.248505809087
1.07594883493
1.19833130196
0.538957214144
-0.120724909723
1.36140558302
1.75697904241
-0.811755293691
-2.92145696501
-2.40229203179
-0.342918852643
-0.246513014303
-0.217252371599
-0.504467696706
-0.947556268434
-0.921720893967
-0.977658140839
-0.476362789602
-1.7290677155
0.00652388020204
0.386112805486
-0.781963222095
-1.36603344698
1.40648328691
1.58667854586
-0.40666592465
-0.336601714941
0.212865938686
-0.593533710586
-0.60847668548
0.00845133202145
-0.476121168458
1.83843461235
-0.281901482743
-0.332436222855
0.25301326997
-1.02727679067
-0.725414682092
-0.496860621534
0.0873592828914
-0.392064636353
-0.781948557208
0.775292277627
-0.461376586304
0.915250664851
0.467004532751
0.67430139441
-0.492827679815
0.871317420729
-0.113575762499
-2.25062574044
-1.04271879714
0.834455494943
-0.405790918842
-1.87189171035
-1.54403894161
1.51353711023
0.024915111306
1.72778166947
0.350356676401
1.40694206291
-1.24721971801
0.268396005666
0.197185336178
1.2969423783
-0.459101086191
0.234668121607
-0.413200166375
1.11694159685
-0.668066693772
1.55748366297
-0.986954709762
-0.666914154543
-0.382201723269
-0.436851021688
0.27629611434
0.998296341436
-0.595629122762
2.00433777014
0.34765077685
-1.28974252459
0.608543368532
-0.160368192792
-0.429217220464
0.404065936279
-0.368122837801
-0.0683549442747
-0.669451633219
-1.22916368803
0.670987091637
0.907374208589
1.32160594373
-0.789535229161
0.80625577668
-1.55419915697
0.615742871678
-0.453125004693
-1.3654415932
0.522763504968
0.737454602482
-0.116414419445
0.378607528065
-1.44119327294
0.723663065
-1.88056840968
0.777553273617
-0.415623197037
1.66000732457
-1.35061395981
-0.466867042254
0.349570065632
1.79064653548
1.25264721287
0.332236864202
0.137537779433
0.218042021958
-0.731096280442
-1.21861342505
-2.19614934635
0.252242812101
0.515820621562
1.07347054876
0.773560162786
0.977841893157
-0.0953500881679
-0.079259316359
2.76483723698
-0.288518516961
0.200563823543
0.85234519791
2.2361235425
1.51355939484
0.0308996786161
2.08311050123
-0.0934449570163
-0.0888523049754
-2.04596876975
1.46162238686
-0.398234121453
1.95186148711
-0.266525310049
0.466191911438
-1.46565526178
0.973848193744
-1.62393110763
-0.540905649331
1.31686105141
-0.343009676071
0.264034798436
0.0877794265076
-1.14217987004
-0.472938792414
-1.03463050456
-0.798294209948
0.882924625919
-1.60519058068
-0.835911586817
1.01564864993
0.777183667126
0.479863203462
-0.842892385927
0.388600868949
-0.996379562161
-2.17909928257
0.397726384475
0.632526458419
-0.307997169346
-0.564701360087
-1.22912871333
-2.30251944001
0.606174915126
0.452522198944
-1.16998412119
-2.51125846486
-0.412096415305
1.60986161577
-0.398357837147
-1.4885012879
-0.495228090644
-0.912112840158
0.0862261802185
-1.12479312359
-0.651985168792
-0.285130619012
-0.803731348149
0.579997606198
0.27166351025
-1.68668901647
1.53613551922
0.380922603876
-0.633365183287
-0.466445556311
0.456118941291
-0.62873416739
-2.80018529408
0.873725939682
-0.16709605635
0.0862711591354
0.531135458857
0.0979286736969
0.90579718652
-0.18063180463
-1.43860970514
-0.93300838233
0.588037941181
-1.12562096315
-0.168942234224
1.26856674231
0.667501883822
-0.20339778379
0.161155708907
0.237617801318
-0.726033802314
0.0473976719183
1.08743396666
-0.315746109421
1.166886785
-1.1865989838
-2.2034469746
-1.86109377521
-1.3502861644
-0.160218386004
-0.371629366995
-0.0730687677822
-0.0234302308398
-0.48403214847
0.285226938629
-0.385064888241
1.28316903057
-0.0976773451101
-1.70646497671
1.58697827008
-0.191049131778
-0.269842669134
-1.95861431089
-1.1257203629
0.351438021317
-0.390041523207
0.848701676387
-0.283597919332
0.537086574144
-0.889836779185
1.32680319346
0.974172948623
-1.20466783547
-0.542988354847
-1.07603118872
0.816658195663
-0.938213982056
-0.158946198524
0.702211802747
0.569715356383
-0.204682648351
-0.171759759523
0.0917104817345
-1.26587276722
0.216997884994
-0.154534178397
-0.00990730694901
0.526800950671
-1.30154859912
1.27047027462
-0.936359371635
2.51812049528
-0.711267629063
-1.79793695981
0.205265952149
-0.186092987654
-0.177019431177
0.551370262206
-0.346991736598
0.848235393456
-0.325916964581
0.483602562132
-0.249282615963
0.353705897137
-0.197993510835
-0.457226597033
0.601294774969
1.88640289028
2.14252157442
1.0691736531
-0.345041931208
0.0491861371324
0.124481126815
0.0647651077016
-1.17269569372
-0.895334519336
0.599274887986
0.293643297681
0.7268167467
-0.53682065617
0.0613633214329
-0.294894634675
-0.179690533136
1.84116224463
-1.13259507581
0.197528566169
-0.128660179744
0.969708006687
-1.22220935017
1.65824356954
0.170015632343
-0.899148726452
-1.30354222549
1.11325907738
-1.82258077606
0.289450498436
-0.541638383064
-0.416033439123
-0.491507007982
-1.57093200243
0.693773020441
-0.308055398071
-0.24885169322
1.97625583686
-1.53196267607
-0.317845569174
-0.455858447347
1.04987516795
0.719949440921
-2.33582162955
1.08828930413
0.186008792083
-0.253118957572
-0.384924402917
0.479672833773
-1.76362747297
-0.816983873862
-0.789109920415
-0.230809844364
-0.476092193027
-0.800786768686
-1.8376251577
-0.556439866905
0.96873262139
0.445544923157
-0.466876813187
-1.02396657764
0.483365807163
-0.59615390361
0.270876277838
0.486752487641
-1.80093588836
0.0179469598278
-0.203147479264
0.576256177232
1.29845114913
0.993165861062
1.69184325723
-0.716783927775
0.927956149279
0.267090304296
1.58285166591
0.904842968716
-0.748790311333
-0.790610986006
-0.3305875858
-1.13393544048
0.791493986811
-0.543124822445
-0.30809492274
-0.0688989529522
0.395492354215
-1.40148930113
1.00765257062
-0.16114210034
1.3112259984
0.0329944615135
0.829369215469
-0.817246096641
2.18234793828
-0.41304067947
-1.14957310402
1.10960905131
0.306350028475
-0.919239105956
1.11818390043
0.900480128725
-0.0222317100313
-0.858868107337
1.19987424677
-0.267635961556
-1.43592823096
-0.11546740068
-0.11461270005
-0.704774653241
0.237290543068
0.0630958735815
0.0516603777749
-0.92313591044
-0.34987100707
1.13771046322
0.0604391697933
-0.017918878168
-0.0838534913414
-1.21280669224
0.269733690539
-0.579205693678
-0.578015908993
1.06843909649
-0.352602212078
-1.91802223905
-1.34403538452
2.058692872
-0.739258829341
0.954635268244
-2.58127471951
0.090737044713
-0.7769169436
0.0216466349709
1.50045030814
-0.186609215337
0.402644173246
-0.874046033122
0.737754368072
1.61820082815
-1.50271339308
2.10595385592
-0.602208224998
0.484438882229
0.335181531156
-0.85121106359
0.720868331574
-1.44273396848
-1.06274774606
-0.223553170738
-1.03642081429
-0.93302797079
1.42891629327
1.16319909153
-0.0264776663423
0.982503462753
-0.165286996064
-0.917988044989
Score: 13