3
44
10
3
-0.410286539184
-0.224115984387
-0.0208505859299
0.456689657453
-0.722440500714
-0.216661304163
1.2271978479
-1.31659702412
0.354999500368
-0.558900055706
0.44090532611
1.53606964814
-1.08822273819
1.7420589328
-0.680488702636
0.562435012073
-0.197987359239
0.234380362221
-0.0648012453066
-0.358358890756
0.538366545718
-0.631676119236
0.0965267626256
-0.327188091262
0.455172992865
-0.492712229685
2.1790437967
-1.31976181677
-1.10699486593
-0.11569375539
1.7107466435
0.059093563885
0.809277585638
-0.81762479383
-0.907898991082
-0.580287629025
0.14367519692
-0.892974905755
0.160611483596
0.975137585516
-0.967296611107
-1.4074932101
1.43282422687
0.310783893591
0.935394018941
1.03113881326
0.110207215107
0.538727886084
-0.945959372764
-0.576541201216
0.764288045556
-0.340298783762
0.0733412361693
0.794110682713
0.643068584426
-0.798383138236
-0.520213027759
-1.1084961402
0.422043237229
0.252592655194
1.90861144207
-0.768451086586
0.265273177661
0.253181223184
-0.987052361303
-0.851248989495
-0.144192728043
0.51311864202
-0.499687373851
0.453498387827
0.0272592674431
0.159732371927
-1.47173444348
1.46438317865
-0.509855556185
0.722903379131
-1.23424701916
0.0719687876564
-0.779792949644
-0.412638562444
0.808303030404
-0.543563409469
-1.78165408528
0.0583696181475
0.0237349985101
0.965297465369
-0.460305054585
1.00029572346
-1.30227443531
-0.112128070951
1.37092655051
0.995706682887
0.987295026441
-0.0929517787689
-0.43948848544
0.0334246711047
-1.29348331751
-1.15544468208
1.18761066832
-0.72967619104
2.36824638472
-0.915773547209
-0.0113956929957
-1.29423264345
-0.0853405219493
0.793912021452
-0.226077427086
-0.176638949962
-1.10857375958
1.23220109515
-2.15087297653
0.837161997051
-1.2050659131
-0.366420193363
-0.441912739051
-0.786536637726
-0.0206879857296
-0.515779059363
-0.358541107438
1.51584125784
0.777147296606
-0.0426210599562
0.348856794395
1.18221059719
0.517719832042
-0.195659102546
0.243848308962
-2.02116555445
0.613308825906
1.65168215996
-0.321572876526
-0.405493609123
-1.14565305551
1.01918310443
0.907420087336
0.0613317954162
-0.798148812193
0.660295205555
-0.482800047719
-0.922662134625
-0.259755038248
0.216194291621
-0.838717080483
-0.475925725671
0.194763430084
0.653171813231
-0.458728025455
-1.57079868557
0.659815855392
0.0219293762365
0.546645637
0.831333444072
1.28294127429
2.30695498454
-0.134740767247
-1.22946607181
-0.466564687149
1.83404944331
-0.17072489334
-0.153114489737
-2.37999864356
-0.573947796376
0.669692036906
0.679776856599
1.28838904645
0.0484541176139
0.79534878635
-0.268532880221
0.507342324275
1.81663999404
-0.00538772859561
-0.0349230686647
-0.2218957043
0.149436692049
0.223420113442
-1.10276891656
-1.76486721749
-0.546727898576
1.31240217006
0.058748157871
0.678272469783
1.44481759018
-1.60145332396
-0.72588169165
-1.58803294759
-0.669065994435
0.271373493387
1.00708668264
1.32154036468
-1.54395712783
-0.753949261441
1.88454698078
-1.23638899965
0.667328696875
1.0659403774
1.66394291576
-0.425464351172
-0.987319461889
-0.881934395265
0.127627170914
0.1766922621
-0.401224957147
-1.26427759932
0.622581183309
-1.24122761181
0.498144911337
0.272077811148
0.995184058097
-0.759010694587
1.24612728059
0.0212835422541
1.21817054676
1.25026763841
0.283462856246
0.863717693736
2.1668318156
-1.09084240129
1.1617856237
0.606109841774
-0.489994042319
0.121262199771
-1.40522347809
1.56626981797
-0.782413359664
0.939260588751
-0.102678021735
1.34590600172
-0.965164901579
-1.48279575448
-0.314554274226
-0.270663873625
0.674807266238
-0.184157348574
1.15447422405
-0.183201260438
-1.06356104958
-1.36954970793
-0.934072850984
-0.242428796645
-0.442131477549
0.70188885486
0.544428518672
0.539012344981
0.228010202718
1.16385694477
0.471171304046
-1.01262830318
1.02012215154
0.0630995983063
0.49678280243
0.884733151536
-1.65607515943
-0.430999136569
-0.901541644254
1.46856773022
-1.19253978912
-1.15566333233
-0.760603032967
1.00176618394
0.726760540462
-0.934179908235
0.345347104628
-0.6716781593
-0.133243237944
0.689774378621
-0.839100918863
-1.399557617
-2.07711532531
0.137575537209
-1.46631196358
-0.28850557244
0.661863677818
-0.47561492046
-0.252153505113
0.411495608171
1.49423338175
0.639314392975
1.44788318318
0.136179014349
-1.80499422382
-1.89384733796
-0.0181036082603
-2.31056710061
-1.54837354152
0.511480973313
0.545213157345
0.105555680555
1.47553765281
1.82062271329
-1.15970642935
-0.951742560838
0.210060297877
1.36560408997
-1.79683032523
0.399187810709
2.06418733586
0.525592129287
0.620209216433
-0.247883492134
0.262594304108
-0.160596299848
-2.42993218749
-0.336142565182
-1.9332328156
0.456913370949
-1.18855364357
1.11085156677
-0.779388724143
-0.270762316226
-0.337591215902
-0.622783487428
-0.76375837635
0.889697402039
-0.112678358017
1.76334258546
0.458469539482
-0.572811604601
-1.46121949982
0.704524402355
1.91553015427
-0.589810954632
-0.864485939145
0.25202270778
-1.02083157885
0.0793892494968
1.24750113364
-1.31950072629
-0.914638165879
0.482674267174
-0.520956853956
0.53216060924
-2.05837852966
0.846944908524
-0.151458543114
1.44296334911
1.31077517016
0.715613191553
0.572382765041
-0.503440892391
0.167829951084
1.18511036942
1.26344392781
-1.59186787675
-0.955136849716
-0.286123658438
0.699549291814
0.218050579042
1.02990085764
1.57858834492
-0.371466338071
-0.599375642519
-0.690371327418
0.416482302045
-0.721535670476
-0.120241606781
-0.797855355018
1.67038325714
-0.506124746764
-0.0893981001599
0.358795448332
-1.17026630588
0.240091670884
-0.731504142824
-0.0106140584739
0.210078109739
0.975896364608
-1.81328407631
0.01454380833
-0.127047101177
1.36575752782
-2.4405757994
-0.333113518806
-1.15849607041
0.606115775563
0.124651233425
-0.272579851051
-2.2152060494
-3.68052623274
0.844168145584
-0.420134311975
-0.494848551067
0.173819189685
-0.369304804022
0.0462984063507
-0.843591770682
0.804406678029
-0.902900989288
0.337699626036
-0.970171597451
-0.642497753151
-0.656050772057
0.579227222224
1.55870216255
0.710971435395
2.48798202384
0.587532655132
-1.37817793847
0.244753802485
-1.20301808414
1.19828488334
0.434658113097
-1.24972219316
-1.38662860315
-1.74938899572
0.101368058748
-1.74246647432
0.776183895271
0.083133382835
0.564904451553
1.55837103059
-0.441088950337
0.67714434682
0.182892060675
-1.35069560104
-1.45334609543
-0.399056670742
-0.605935037825
0.375085834595
1.12570111537
-1.06375283436
0.700984531223
0.625280754783
-0.161326723217
-0.349477414555
0.602121076413
0.547384405569
-0.494511772879
1.73734221251
0.571320128041
-0.412632697075
0.535976069671
0.527903608579
-1.80779541095
0.798862752935
0.0712853439445
-1.13145600439
-0.226119720014
0.339754310429
-0.522636835082
0.208354460261
-0.00622179993766
-0.136639829046
1.63483187199
-0.0941790847918
-2.64981957355
1.73300387815
1.28135611247
-0.321037032499
0.209955750708
0.643298617842
1.62461731886
-0.55079721008
0.721645168051
-0.00953309205988
0.752705293219
-0.365969063592
-1.46971547468
0.73023729547
0.539816960411
-1.7077876358
1.41370564907
-0.165393078779
-0.440009559591
0.0341528341267
2.10354546591
0.423646129348
1.52008935386
-0.165763379314
0.792146650526
0.0461805236028
-0.225112943621
-1.31746239146
-0.14111094947
0.263215602798
-0.236391725026
0.782597770497
-0.284958370852
-1.23707307306
0.257390938115
-0.219190901901
-0.492392809977
1.44292810127
0.0865309420195
Score: 1