3
44
10
3
-0.247221481764
-0.886796359681
0.166248273795
1.30619615479
-0.966726227855
1.91601388041
-0.455578402626
-0.380389931782
-1.01780905139
0.761454212853
0.0233167471397
0.491664485396
0.278800640557
0.668957792369
1.43180363
-1.84784407886
-0.12957024638
2.13109501381
-0.660807468532
-0.435639281457
-0.0984318514497
-0.7389079764
0.997359252191
1.16324477767
1.05528420708
0.994414320098
2.9865275059
-0.609909094623
-1.00202515259
-0.864007446066
-0.406494977342
-0.505015001192
-0.404358228144
-0.509952853631
-0.530840169673
-1.2164009542
0.67155112491
-1.35850083544
-0.163199518888
0.00131616537622
1.64854024869
-0.179757763299
-1.25046538177
-1.04979098035
-1.7228699449
-0.398751993929
2.33059648902
0.241199176625
-0.437004351146
0.429759862024
-1.77613646568
-0.857269096443
1.41109279637
0.033655394285
-0.605230715106
0.823594747833
-0.0910161762395
0.275121329007
0.987133344672
1.09393821901
-0.0545614293642
-0.0232222226946
-0.66908604441
0.572079264007
0.873450887994
2.9515124284
-0.452570750595
-0.706468204721
-0.0730545744833
0.955459760382
0.625378349514
1.61559794457
-1.28490365933
-1.61136766214
-0.615726463958
0.848076303139
0.358611563561
-0.855292461468
1.14149318464
2.13395870539
-0.709950648984
0.0680672834396
0.0753758248356
0.608640807363
-0.786191692654
-1.57619281177
-0.804407848582
-2.2128080687
-0.855809037852
-0.298129234231
-1.32137396924
1.13121059382
1.5654408413
0.00616511984723
-0.92408099278
-0.65825119407
0.858195155091
-0.250700088404
1.58034906669
0.85387229865
-1.39565418989
-0.277869347896
0.866963096464
0.674818341038
-0.956240843623
-0.319357279727
-0.155315773529
-0.324721866022
-1.17715015693
1.15540681168
-0.0977761552937
1.25770977659
2.08922036142
-0.620802979889
-0.67394047483
0.430281355016
-1.99529688737
0.575233435062
-0.307596225569
-0.484756357062
-0.228150063752
-0.739030831097
-0.81493965028
0.249653017523
-1.05295423191
1.2284331214
-0.830894045233
0.744809016112
1.49323811573
-0.537290838607
2.18376912771
2.93630139214
1.36128810165
0.826648172519
1.86415532905
-1.27281828437
0.249887930047
0.67576385609
-0.405485935763
-0.531909994817
1.70212467194
-1.02338831422
0.911008897789
0.526533718406
0.527815012842
-0.802509539546
-0.914042606409
-1.95510428051
0.173290119062
-0.623178120258
1.01263848432
0.149476300373
-0.609909886239
-0.0778443095169
-1.4897840516
-0.794695031139
1.78768022258
-0.747665653418
1.68317067635
-0.0289562140835
-0.57431673778
-0.45052455979
0.65348536966
-0.106711254146
0.129305444747
0.438236524958
1.16959068238
-1.33883742626
-1.14782012687
-1.20959938003
2.42321441523
-1.62891555551
-0.862531802668
0.0228023295102
1.21551581644
-0.117681088532
1.6282452
0.936972845539
-0.21657041149
-1.11736530985
0.103223910173
-0.129336154627
-0.255076498449
1.31249868841
1.19116455701
-0.631011913682
-0.0452475863988
-1.73157852119
1.74623504995
0.752635539335
-0.199921945166
0.316439352759
1.60445563136
-0.285781413906
0.148358315454
0.913872854746
0.814044059477
0.480348812344
1.46456649066
-0.246253508653
-0.388962801859
0.118579310302
1.13813417032
0.621818302391
0.954084950435
0.851528099109
2.82853206675
-0.327951478633
-0.816487602249
0.207052803451
-1.44862782732
0.192015006405
0.816306514111
0.337200908712
-0.686789920197
-1.55530203197
-0.524716526013
-1.8691582536
2.56415386398
-1.5304853712
-0.719935255345
0.890083996633
-2.01798344042
-1.63645971804
0.298399699323
-1.18458770144
0.189094313507
-0.721365767644
-0.528310741399
-0.676516648642
-0.48849852955
-0.0875135844464
-0.0557689529039
-1.04494610503
0.00999542979972
-1.53056457026
0.306900166837
-0.506994393144
0.99480724223
0.298404549186
0.203626056156
0.952331130073
0.0990690888604
0.298019791979
-0.398778598877
0.249295077044
1.70656594137
-0.780865747467
0.791262422038
1.58125112083
0.575268792486
1.094217564
0.617367278748
0.244394702695
0.621229319892
0.727069172067
-0.285431152754
-1.06333588509
1.0521239959
-0.8731962636
-0.604215512117
1.2459581126
1.21050662618
0.112467358626
1.62280203865
0.792158722675
-0.49046560572
1.1559461647
1.30139195319
-0.709708089816
-1.51388154205
0.322190172034
-0.881507362134
-0.403331437221
1.03271927088
-1.35931404671
0.0655706268469
-1.23612708203
-1.00430840119
0.883339965617
-0.112660999864
-1.00046636169
-0.689996648222
-0.498432872954
1.86405251455
0.841738214836
-0.135458552817
-0.229856861008
-0.0650299721786
-0.371749305854
0.981775034107
-0.246574702403
-0.61509545264
0.251743692032
0.475559118503
-0.298139479901
-0.336885524785
0.0516501082771
0.403280764281
1.01727349748
-0.52974644993
-0.183372729656
2.03479337537
1.4489278576
-0.291613812379
1.08644087664
-0.269117804154
0.44421048989
0.668709974997
-1.63530645685
-0.345382985017
-0.717137230367
-0.802645182547
0.0108911252563
-1.25616758384
0.115601924945
-1.07764209157
-0.694656579845
1.28585388029
-0.822172824012
0.774192553054
-0.140864989928
-1.67818275864
1.14916685523
0.342096995758
0.538884156291
-0.142479870978
-0.424939835046
0.456144644587
-0.369169946285
-1.56921660479
-1.42089045498
0.36985796957
0.345609369918
-0.5355275752
-1.4515339168
2.63673190737
0.0610976011513
-0.594864815165
1.11230697833
0.370359691619
2.95054990343
-0.736922726538
-0.552825410827
0.254620208899
2.47204809457
0.26183909505
1.58183920772
-0.254565407677
0.373027249893
0.00782362205407
-0.00164434543061
1.48114834643
1.15273819678
-0.619831804231
0.361309426639
-0.0687874514419
-1.44390435504
0.182270707368
1.07727082517
-0.342906185441
0.958425446432
-0.413648154953
-0.582311639543
1.28449047695
0.436470489334
-0.1556129187
-0.218314298689
-1.56198871737
-1.55942189393
0.43803694847
-0.59168654609
-1.00137347002
0.956732827064
0.0541109657479
0.675669093582
0.198534258332
0.456284476165
-0.62238806575
-0.953916781765
-1.3716476038
-0.393235368752
0.389654064962
-2.60985583051
0.63074770522
-0.254159795562
0.539663344819
0.68046865559
1.73120943545
-0.695896361478
-1.02798701555
-1.65511747655
0.396317789767
0.51836940052
1.4379806554
-0.572033523322
-0.272963875421
0.10311709673
0.104091595493
-1.72010958908
0.985401466225
-1.39197149053
1.08625455869
-1.77854396074
1.16657155522
1.15454484428
-0.725086298149
0.400721940967
-0.524879358931
-0.567731799273
0.773955005205
-1.93278698922
1.04747645773
-0.974663209253
1.27215465537
-1.00481734231
1.055320899
-0.0245229230573
0.47345011736
-0.0774920894593
0.159038325069
-0.825977267806
-0.140208584004
-0.945486969451
0.90945454945
2.18354386222
1.21003706053
-0.361500930816
-0.83006307187
1.4046124225
-0.66571539736
1.09409593856
-0.800778236187
-0.157576284068
-0.358038155144
-0.0654435340157
-0.778570385155
-0.723013684
-0.873927656596
-0.551311086528
-0.259308743078
1.05401728155
-0.573420468866
-1.65321172097
0.226069971022
0.491211672407
-0.222249664675
-0.318998439577
0.78032626513
0.540875821519
-2.16372548674
-0.160908588346
0.432805048223
-0.277231961184
-0.390133619493
-1.32779778387
-0.107907968884
0.435549099574
0.0493535024551
-0.41730707879
0.639902100171
-0.778935705258
0.719111860509
1.93222950207
-0.872838348943
-0.531430775049
2.43983165786
-1.80506663706
1.24708246784
1.02506740764
2.19041407874
0.683278686774
-2.32738392105
-2.1152197366
-0.154774268636
-0.677013540217
0.199572182399
-0.848416044213
-0.156308210818
-1.31840238734
-1.07573347135
0.155865096803
-0.526457898142
Score: 1