3
44
10
3
0.37845208201
-0.754735401738
0.868015234769
-0.11198500455
-1.3273077579
-0.551301519522
-2.03809616516
1.90274644637
-0.618058541342
-0.60522196622
0.773277612221
-0.0567633573533
0.679408800077
-0.883261722882
-0.256760137526
-0.4689864016
-0.0794227839684
0.354959496321
-1.53478518136
-1.14964467206
-1.70606217442
-0.436915561758
0.0819999644514
0.246968812283
0.135047369662
-0.374263575981
-1.76267363134
0.741781792699
0.16232724792
-0.410420616864
0.105552428507
-0.778615184893
1.03117502858
-0.311208247089
-0.284912588893
-0.0938656040334
1.15611612691
-0.387424224878
-1.25447347597
0.214429320057
0.0934597820986
0.0253991537765
-0.0366149861392
0.135664273855
-0.363878100888
1.39961049877
0.609100577262
-0.71919808443
-1.92503138208
-0.764777358373
-0.0661547186949
-0.409108330418
-0.172006102556
0.987638205208
-0.895269920905
-1.41473138633
0.220559261651
0.129343948338
-0.961892049255
0.767694114196
-0.74528468833
0.0404935115671
-0.155392475321
-0.984916674931
-0.542690915055
0.75337460334
-0.427629820655
0.710070580493
-1.22436137825
-1.70028471171
1.21239001374
-0.130468884995
0.708741204495
1.34406351803
-0.613159163368
-0.795627494545
1.08990381284
-0.698861982255
0.908566543673
-0.350385930781
-0.37334143958
0.317216028876
0.963553569232
0.888264059762
-1.16036139419
-0.251756344159
0.825638486197
0.792260366018
-0.465564102068
2.01867030092
0.621504438909
-0.94103378107
-1.56059379225
2.25763634398
-0.537351877969
-0.476187834049
0.341381695495
0.0371883524471
-0.697372405635
1.04014455102
1.05194890418
-0.158159757452
-0.194735640567
-1.54130270919
-0.167065632175
-0.470553699889
0.0174474603947
1.09379477881
-1.09173266971
0.250652825753
0.495259738129
1.63577769428
0.906025442509
-0.574643999123
-0.144129742953
1.13202459184
-0.844911468213
-0.140653475711
-0.437529496557
-1.03734715578
-0.154794435672
0.0858282312643
2.17750570665
-1.51066902566
-0.897932604598
-0.909698730578
-0.201708459616
1.56347937404
-0.927839281323
-0.135696853
-0.102648350197
0.103957917373
1.00658369732
0.0577503394578
1.46796389468
1.51484263722
1.46913253556
1.95058987829
1.04658093688
-0.39894830919
0.9519790653
-1.70544893363
-0.648410195855
0.671525196145
0.238393149764
1.2018852612
-0.494318067847
-0.702317004757
-0.807184782382
-0.255977440972
-0.254092699642
-1.42673843604
1.54303599767
0.81173011129
2.94122951081
-0.048840629829
2.06634529996
-0.43054275079
-1.52712381382
-0.189917978893
0.54052988693
-1.11756051505
-1.46457699656
-0.819835542079
0.37862114797
-0.496992381521
0.684471659465
1.37391473835
1.33116108162
0.597556070677
-0.299671823245
0.00124075433938
1.49669905902
0.356154128742
0.369364816849
-0.918315017826
0.0723211457196
-0.982964754405
-2.53284644585
-0.469038913944
-0.112746939612
-1.47765977475
-0.784143164258
0.354253774087
-0.179851564126
-0.31646948836
-1.41011514896
-0.28520966457
1.75400718167
0.0774311797181
0.247822867895
-2.87724952776
-1.82181398106
-0.351881649596
1.13472947375
-0.589727656183
0.968767655044
-0.693829850084
1.10875189973
0.348569620493
-2.78144222307
-1.74910531386
0.31401097953
0.436602946442
-0.730016806193
-1.00325692411
-1.15435281762
0.625139313011
0.682269289554
-0.624065250131
-0.670914546903
-0.315841786769
1.64723722189
-1.63979244115
1.37382496005
-3.0457731517
0.471266839951
-0.46958289019
-0.491481229534
0.459341074747
0.228246078331
0.0653394624506
0.253724191892
-0.444676965745
-1.25887709132
3.05853222329
-0.165529280508
0.990421068788
1.80212483267
-0.781795798845
0.251778929943
1.09612800656
-0.147642229549
-0.378389153639
0.736836646233
-1.6678464779
-1.69443091951
0.546602413918
0.322750315115
0.905535754672
1.00384216151
1.15195444427
1.85187251798
1.01779083084
0.655530331384
-0.150838869726
-0.575700714546
0.92643023774
0.40136180108
-0.607129070252
1.34381515961
1.26316840283
-0.925278654185
0.086928132136
-0.252353434255
-0.527392921081
-0.919516141343
1.12692492616
0.0675801432166
0.0424275752698
1.59493492695
-0.83475430795
0.377055217058
0.82576180351
-1.57967936167
0.998081588553
-0.609299043204
0.534547011675
-1.27054724233
2.36982727823
0.493770319505
2.58477585059
-0.93904859944
-0.430871494223
0.299391411714
0.441169628848
1.77181567025
-1.08418359083
-0.689057479811
1.01773419527
0.447599746907
-1.74371725557
-0.18342842286
1.64469516327
-0.394994052873
-0.0759696436236
0.744592039663
-0.88282420155
-1.16774841983
-0.575585345025
0.131381262947
1.52951633219
-0.14177802774
0.532656043025
-0.056528590398
0.644709450281
-1.25898656347
-1.34736943141
0.995002531302
-0.878521002298
-0.10183037082
-0.223119796056
0.364763174033
-1.41233148221
1.07142935342
-0.768479327134
2.00972657571
1.22539287289
0.0993210456845
0.33808125974
0.970014970686
0.72842722863
0.0602139453993
-0.712225417933
-0.364436513678
-0.144351766821
1.78590958842
0.693209606506
1.06785688293
-1.62618697545
-1.01064030891
0.0374225470038
1.47551305803
-0.244807524024
0.129680159187
-0.438738826764
-1.10292132836
-1.54935051674
3.17812164991
-1.35315597805
-0.590571311473
-0.676119125611
0.356831625612
-1.88436069778
1.62318161341
-0.464618679191
-0.847432017919
-0.433011190346
-0.484610991339
0.197040065511
1.17834868199
-1.05394377004
-1.53141060325
-0.159333490884
0.940790265411
-0.0435544748761
0.243593451855
-0.848712875704
0.22430827233
-0.863913416828
-0.289786612786
1.23760849503
-0.817373715818
-0.494514378037
0.296243466161
0.267677016823
2.03470993972
-0.331720403543
-0.120685349692
1.75020556234
0.534655035797
-0.211216757962
2.88449446798
-0.433495169101
0.510743042061
-0.594471490962
0.200641691293
-0.260746498402
0.551377247632
0.0742049243239
-0.378523401899
1.76051637861
-1.54914424588
0.448435594123
0.0757742640136
-1.38383782901
-0.490931902041
1.05563721
0.901017329202
1.0497427182
0.671453431304
-0.449825844338
-1.00723120508
-0.553288817353
-0.846425568936
1.3395300587
0.0222304064966
1.13828080135
-1.1155813236
0.175145343111
-2.16178895699
2.1694324745
-0.32854673356
0.46899677669
-0.29502902006
0.707092859703
-0.305153233008
-0.338884840057
-0.567298968974
-0.19015483686
2.36027242444
0.511946560882
-1.30719040671
0.294067419144
0.625935660766
-0.129030234795
0.908789819531
0.332071230442
-1.12790892339
-0.642883648418
-0.153817061962
1.93373476547
1.30508179218
-1.02931684834
0.180629012697
-0.673517288719
0.447457370855
-0.475723363599
0.780662127082
-1.41902469243
-0.928040663146
1.02520477658
0.878817623235
0.503145475137
0.706802582514
0.231150036291
-0.0320471492146
0.0724747060128
-0.971467755016
1.09614756024
1.473141928
0.697113159409
-0.344582887191
-1.49390018111
-0.188550202292
0.0368194281284
1.14763046701
-0.856302701914
0.3037691236
-1.54160948131
0.549070637582
-2.75574062786
0.336071215121
0.153968178131
0.638275336993
-0.362784493164
-0.0100576796677
-0.0399454650809
0.0185036937343
-0.896144334881
0.992762983964
0.388426701231
-1.98376870415
1.02636142337
0.68720382394
0.894183959881
0.57404149926
0.298927604552
-0.263566604136
-1.44268554644
-1.88756686094
0.720980256634
-0.690444528843
-0.447577739574
0.579592724082
0.762262901803
2.45761016913
-1.06283313782
-0.218556868156
-0.00897506177118
-1.04415900346
0.0518850793079
-0.747776720296
0.132955440059
0.142624253837
-0.548120998763
1.74818629004
-0.771284705729
2.30518952159
0.250074133345
-2.32898087945
-1.88522780574
-0.780895600478
Score: 10