3
44
10
3
1.87383177427
0.451150814379
-0.12406290828
0.636188459062
-0.220215210068
1.07250354568
1.83198894272
1.1821007111
-1.27191407179
0.773457133072
-0.928026454202
-0.507255061259
-0.719534949621
-0.138577927574
-0.833824940426
-0.0662434744598
1.11186731259
0.391308827925
-0.556432675829
0.0895201987371
1.11928746071
-0.922286106186
-0.577653409027
-0.466466870717
-0.00614860147776
0.148707756188
-0.154096634481
0.752567735506
-1.11467026163
-2.25901493155
-1.08974741125
0.119219923627
0.564404380625
1.43815124392
0.561697229879
-1.53509651703
-1.45301645458
0.12088973905
-0.158704605877
0.0124725719859
0.942715816197
0.237586007798
-0.864967329961
-0.844385418308
0.960233181113
-1.96915909514
0.217121458806
-0.359607144596
-0.798555575536
0.588826331852
0.797447845785
1.07335648168
-0.0107012433114
-0.0749942957017
-0.0821727354474
0.554544496417
-0.347723357716
0.960662964939
-0.858614237628
-1.31020067403
-0.939139435319
0.944045906894
0.0489133783191
0.570786272176
0.0682708182763
0.136132825812
1.50380736825
1.9846031118
0.219934371394
-0.297425210259
0.152033948987
1.06511987106
-0.224824304074
-0.938861742552
-0.591069158578
-0.475675776512
-0.452412687604
-0.265347621157
1.31164898655
-0.184807013419
-1.32944008579
0.762860269973
0.37587935591
0.0889768114691
-1.29200035422
0.941370121147
0.311307004331
-1.70757474556
-0.42330040091
0.57290500482
0.485610304091
0.928402007205
0.71603421938
0.294688333527
-0.907385564762
0.412759901753
-0.988966619645
-0.453983109473
-0.244717557505
0.370726320303
-1.39064294842
0.597591157962
1.50148313568
1.90755395205
0.41870776632
0.118535518082
0.00793728811316
-2.46768256892
0.395773951801
-0.240417817906
0.102950045191
-0.354634315807
2.09920493046
1.1854332966
0.328572466911
-2.25529800358
-0.984680475647
1.22438302465
1.22938781839
-0.157062134839
0.0709607343742
-0.538225706338
-0.455753336532
1.07331601999
0.559014400201
0.122508011745
0.632710020817
-1.76903397269
-0.0617164262352
0.177891170698
0.68619908899
-1.40542958152
-1.25389715387
-1.40423256643
-1.47640811168
-0.095883275201
-0.974029965753
1.27162573771
-1.7836256476
2.39882574331
0.978404717931
0.567325271512
-0.244483919817
0.260721775896
-1.29416746467
-0.888189488267
-1.75228366232
0.550432984964
0.156441406771
0.0588175770478
-0.28360259079
-0.555180548701
-0.0402445828503
-1.72719561108
2.0900387814
0.868126363345
0.423465705411
0.216605236029
-2.48439316066
-1.56974128252
1.5663863337
-0.763609179783
-0.435058157053
0.0718450515843
0.448605892594
0.343745181348
1.63458551405
-0.98702924191
1.18020474411
0.108702402189
-0.0866345446799
-0.856537582099
0.570105718303
-0.873349829976
-0.798044627539
-1.11000824975
-1.32492683704
-0.99219648595
-0.300231792379
1.66153658034
-0.0707723385529
-0.385617537466
-0.365293039571
0.242693516403
1.65205585146
-0.401333296415
1.01757736764
-0.177897514134
0.9051811529
1.7282187944
-0.123186085767
-0.013881015608
-0.517451763553
-0.649889392456
0.301777398966
-0.203886023565
-1.37566285583
0.0415488178888
-0.605749410064
1.90067406727
0.976456720777
1.23661478346
-1.51654872883
-0.914360728793
-0.619279758784
0.206944555202
-0.490619463789
-0.817841865946
1.66583169857
0.217147905477
-1.17857523034
0.743244144766
-1.09318337413
-0.769379712771
0.626198378169
0.344313372026
0.111156362839
-0.294088869472
-0.289761420199
0.618551292881
2.30109144691
-0.76303592907
-1.6114609877
0.425426040947
-0.383691537724
0.224109276145
-0.650911044011
-0.525403578062
0.96272712747
-0.688115247622
0.569916891313
-0.348517363669
-0.096760406308
-2.72854639546
0.00305536437995
-0.29435487897
0.503663823736
-0.415559994733
0.318660763924
1.28678922404
-0.649258373043
-1.00165510254
-1.52926468035
-0.784717676148
0.473199346563
-0.868270732411
1.9774000018
-0.357830386397
0.412298156679
-1.24798060094
-1.20422731055
0.640748256393
-0.187765459118
0.180223090329
-2.05063863605
-0.213128854494
1.34796267349
0.867752097695
0.217992064378
-1.07996895414
0.318735857322
-0.7558912739
0.322372807004
-0.171336055857
-0.278134380427
1.21791049456
0.0513706975985
-0.694257534126
0.555646810619
0.742899823062
0.396494042094
-0.932456386547
0.307767501375
0.68252455484
0.727854463909
-0.234076456395
-0.557441589131
-0.00270164543077
-0.541785038912
1.42284529456
0.969538079145
-0.589284380864
-0.917016311116
-2.22540986367
-0.657900782766
-0.71935098732
-1.25725973134
0.762842771429
0.795600830113
-0.523503159137
0.0176445551936
2.15867990675
-0.0588778959496
0.0746489967007
1.2032452613
0.220666225945
-0.598301235041
-1.33226859635
0.91275582555
0.278432238411
-0.0712409141238
-0.81679163768
2.46418839619
0.99976521193
1.89086320177
-0.847150476725
0.747783442056
-0.261730932901
0.844536492112
-0.0504883748289
-0.458303261229
-0.75998277996
-0.005645871726
0.628465615854
-0.121702246877
0.608211783957
-1.85829807073
0.0933211516944
0.29116671917
1.07569689665
-0.515456900681
0.860907582475
-0.583621797003
1.66425910113
-1.53479059591
-0.831735658614
0.279657974598
-1.40540153029
-1.9972730839
-0.0472900985987
-0.845398559095
1.07683182665
-0.914872414945
0.85353379871
-0.0171253427568
1.05748305609
-0.856129891743
0.338236642666
0.128957807497
0.533596395008
0.520920813073
-0.586513792523
-0.458793574746
-0.369814929571
1.62422531254
1.1066971827
-0.126805065583
0.640135827226
-1.31031209714
-0.593150818355
0.346201591524
0.335953394531
-1.25352420056
-0.122823553285
-0.901804714062
-0.884432898632
1.3795366805
-0.631047195778
-0.247684558062
-1.38857634181
-0.139631290867
2.38089608354
-1.10680821599
0.0842880971447
0.424401138638
-1.22202902706
-0.185655697916
0.934009791537
-0.305240092347
1.66152489788
1.06730834312
0.542246268151
1.09337385621
0.335681439553
0.683788957821
1.3557615467
0.690292446375
0.00857276211178
-0.823299395101
0.879519454397
1.34414628423
-0.301310022099
1.46564972054
1.08790724319
0.792213271723
0.427032627811
-1.19013897051
-0.088929474598
-0.600113018044
0.680970629376
0.221862132435
-0.0982882281025
-1.12054121717
-0.316462912225
0.0289610270193
0.131961124166
1.98287817843
-0.165618752299
-0.063441363889
0.94393036994
-1.26630646943
0.110981954149
-0.286331893383
-0.709111184541
-1.87823871644
-0.172487157203
1.95840522991
0.159853804313
-0.697576593624
0.595513660322
-1.14340229671
1.02635681018
0.145547659271
-0.271414185461
0.353725424376
0.196089417934
0.0538917387308
0.605026146618
0.354282429333
0.293217544261
-0.87156141638
-1.80412125179
0.922413306106
-0.745804707418
0.373536450762
-1.06303032402
-0.548395545082
-0.00306464195402
-1.50595980374
1.24261811405
-1.04649361373
0.153335039976
-0.279310860449
-1.21578356027
0.0806068939745
-1.57899619428
-0.720741187901
0.332275605654
0.868465496028
-1.00209923767
-0.377485343968
-1.06712177333
-0.398387823158
-0.60724114694
-0.448736770715
-0.461970866563
-0.696730522073
1.48969719136
-0.695258446393
0.382480405787
0.921601900952
-0.296024268164
1.29494033893
-0.28098561885
1.1356608543
0.774593321164
-0.512179607116
0.647635177494
0.122230524601
-0.219895176722
-0.0420277218016
-0.380021425514
0.417066819989
-1.00931143538
1.13172857363
0.405575942553
1.08005723854
-0.477956574348
1.70728183162
1.73664362971
0.393969484886
0.185869292097
0.897531203592
0.490525799129
-0.321425781396
0.677969921504
1.20852542874
0.531891136245
-0.453554243812
-0.892726359477
-0.1271622289
-1.66541218807
0.751219865904
Score: 1