3
44
10
3
-0.758531506615
-0.263110279465
0.472353150838
0.652565982188
-1.0014628751
0.744355257748
-0.0995748030791
-1.03886142987
-0.651619195838
-0.0285430809231
-1.55136037703
-1.08013988125
-1.35334095682
-1.56031245459
0.914285900316
0.941540810067
-0.429363792278
0.874228796298
-0.542478800382
-2.13635164309
-0.0385898002897
-1.10412438225
-0.175412823163
1.23273695777
1.75008102661
0.472296063741
-0.0994852471669
2.24016377425
1.29817402651
-1.90187027761
-1.23849700986
-0.656734530149
0.870912428461
0.877974506316
1.98866438539
0.139500029414
0.570742346649
0.606683224576
1.94410684513
0.90845770787
0.478175753557
-0.495225464296
1.30519382648
1.21113932217
0.526274008979
-0.00541059608774
-0.252876983902
1.05168681162
0.831457393613
0.275730780163
1.39803285918
-1.71909814975
-0.522244793325
-1.09097500643
-1.56183406876
1.65306307917
2.54863104027
-0.0220592597713
-1.70789225222
0.589120539548
0.962193467604
0.331292562634
1.77885252615
-0.11220777411
-0.584626714953
-0.720481023355
1.79683908293
-0.973831809908
-1.06801300422
1.48659981848
-0.0454805758778
-0.487999105917
1.33014501381
-0.367557034275
0.435913234241
0.694389730126
0.976586024085
0.478918911556
-0.816866790669
-0.111327697538
0.93111031291
0.699611236893
0.604738808381
1.24082058949
0.440985714346
-0.263590590389
-0.807486378606
1.55134532941
-0.500119279884
0.76754228749
0.0684059522493
-1.65328787402
0.72249788417
-0.681164133894
-0.420392050212
0.101357497649
0.89434068277
1.24496620864
1.05309195158
-0.530497461818
-0.242793921683
1.71143109512
0.912281913301
-0.578837025953
0.751784248821
0.735218409299
-1.60973821061
0.946429901895
0.534819525585
0.290398128429
1.02381169083
-0.853624378091
0.831516872103
0.263304535471
-1.21994652599
1.25326427578
-0.426194816518
2.21353171265
0.141283369918
-0.176415024498
0.667169451712
-0.208640081905
1.04092142125
0.290734091455
0.375208040534
0.168675914008
0.44926075566
0.65859093186
0.485594000096
-1.91117924364
1.81029417374
0.149825942526
0.64067959445
0.310453873665
1.26885280078
0.950299312595
-1.22261331938
-0.555836001485
2.25614178865
1.38800301616
0.704145717008
-0.902761450423
-0.265743673226
0.0389531662259
-1.71898101867
0.213134728665
0.389892258401
1.02881484767
0.226958828977
1.36996543969
-0.886771566108
-0.198021190697
-0.670478539018
-0.0449077516729
0.605454228749
1.09413794595
1.25586468276
0.231907664179
-1.20528172719
0.439902369755
-1.02605163829
-1.36223982808
-0.492364782854
-0.742520496379
-1.78570244602
-0.303666561824
1.7788024082
1.81825112011
1.03557814683
1.73677737778
1.16898230745
0.11283583472
-0.625733612818
1.37505380387
-0.226794383239
0.86389682018
0.477587051922
1.11334684124
0.94600829098
-1.614472619
0.737625111689
-1.47259731706
-0.800941302586
-1.35367430194
0.999387683438
0.711411454193
0.319670278423
0.0746382977956
0.596372955575
-0.130811152864
0.72581527466
-0.667990758514
-0.209471665568
-0.249787983724
-0.542707588421
-0.897592028286
0.627451094329
0.797783531793
0.128699739302
-0.722196378326
0.263719560149
0.84301664207
-1.57610975409
-0.755036486455
-0.77383196887
1.2580948924
-0.785868274215
0.0579256775242
0.348816626442
-0.677582401281
0.511432987513
-0.0379872808899
-1.63068267985
1.18136769285
0.715037926441
-0.239804238852
0.471871050707
1.58369468278
1.00871273496
0.449338089227
-0.499106653967
-0.353936101548
-2.09311227294
-0.531015402026
1.04781160909
1.26245695264
0.405481377989
-0.784181570543
-0.65177478574
-1.84733540248
-0.437460483592
0.525018619238
-2.07313768651
1.03321903323
2.73889728055
1.404262656
0.980289568238
0.0979971117006
-0.512651531544
1.17587499131
-0.178398428805
-1.41710506703
0.441566737158
-0.824063020707
0.338594355028
-0.0877862802433
0.00138689921265
0.59056089394
-0.283602468367
0.0917087255732
-1.02133887635
0.00210472697794
1.5431108229
-1.28336437473
0.229118390022
0.331181056502
0.872674151357
0.508622629668
-0.506261430362
-0.912977956322
-0.952772276031
0.161432512476
-0.223495257866
1.97859328511
-1.89895941416
2.31409558034
-0.885004299664
0.427118544921
0.148790067157
0.95156475016
2.02449664125
0.119490733984
2.50991004304
0.973046654649
0.0649542121204
-1.26207908087
-0.153817929769
-0.225023609233
-0.81813651706
0.0733690999875
-0.966089539147
0.156059514332
-0.990338494124
1.61579666845
0.97708637493
-0.154697977187
0.771998000667
2.53531263431
-0.143705502994
1.11166416606
-0.175133174375
0.286897410698
-0.178887757297
1.13540056868
-0.317196681778
1.13210790066
-0.180566404407
0.542005935882
0.518312609147
0.551317623923
-1.29241090982
0.339862362369
0.191360795512
-0.853716357795
-2.38407987327
-1.59206339847
0.273823845415
-1.31136422736
0.0780355196594
0.925164859753
-0.183030391031
-1.37055264921
-1.25992780241
1.68883403506
-1.53813527683
-0.504646310353
0.236115489536
1.57751784185
-0.235012767354
-0.94357009372
-0.16867073142
1.7899648717
1.75407797491
0.277722741878
-1.53564957748
0.30425752151
1.59236238956
0.67727430639
-0.0520526004646
-0.194959104619
2.07883998541
1.0217865303
-1.02726828947
-0.179353830588
-1.32532246254
1.47148568864
0.312480458078
-1.17958935288
-0.0898245403046
2.26009126599
-0.0726805146092
-0.264374266977
-1.8277185488
-0.253291130453
0.875445391651
0.944014419497
-1.01557435134
1.56472162503
1.59962277981
0.919429298084
-1.72507397234
-1.17428127847
-1.0785368409
-1.0928653216
0.142041688942
0.0950987601271
0.697409844698
-0.513387017952
-0.693242872642
0.875116123658
-0.108259249253
0.495089755611
1.58653732956
0.572921894183
0.288478983384
-0.714531252955
-0.348911631659
-0.146875055187
0.339296646241
0.174110885581
-0.204310415119
0.577337127407
1.184037673
-0.548141567627
0.537097876265
0.111502118615
-0.830006347507
-1.12890805609
1.25750093868
0.413661545938
0.0122407115768
-0.6698033857
0.0311413332978
-0.940032527878
-0.29406840129
-1.26323463116
0.609363692025
-0.111054870795
-1.7078439003
0.61377140557
-0.658695828994
-0.270002296056
-1.26033040741
0.0564784467768
-1.01343068183
0.699585677134
0.811475557907
0.634555501946
0.853241978303
0.980632298037
-1.44591377279
1.11552675581
-1.19372378396
0.797978431641
-0.463769246532
-2.04160439398
-0.128285013714
0.536931702844
0.362372269382
0.67946546939
-0.409389681369
0.597095577476
-1.25974752133
1.07106395228
1.2481440367
-0.0650534691968
-0.0546569850814
-0.538344681883
1.77327558723
0.291352939206
-0.148796750877
1.17886647509
0.325694311246
-1.01341068522
0.521554430405
0.694224936302
0.611786647674
1.27842226717
1.72277494223
-0.399484064133
-0.571393493728
0.27889764527
-0.843109239219
0.399152201427
0.271272834044
-0.00263456816726
-0.358524822395
0.924108098674
-0.545404387459
-0.184914619802
1.74410511547
-1.26182401549
0.811051191363
1.44225263762
-0.994528482553
1.25734057967
0.814941851656
-0.774737254286
0.264877672078
-0.442008185565
-0.761198766803
-0.819349204037
-0.550796758998
-1.08201593758
0.930193717557
-2.70602989817
0.00297707507213
-1.23242486219
1.13239889908
-1.26469936531
1.05726209026
-1.50641204248
0.127878140204
0.558262262593
0.539082183617
0.13441115186
-0.311432248956
-0.903282494906
-0.0183751662724
-0.671881061356
0.543373240835
0.918260393188
-1.15655600667
0.787946984912
-0.523771302936
1.0060265134
1.68798417898
0.939068833861
0.27290915439
0.165780584054
-1.03011958062
-0.664061469274
-0.542157874227
Score: 1