3
44
10
3
-0.620881474719
-0.67405188364
-1.39560773747
-0.842961494496
-0.0927170990074
-0.632028749309
0.792516036105
-0.0230223299246
-1.0088479685
-0.101389957661
0.815178484578
0.538259764645
0.433190757205
-0.0968047363269
0.160922410233
-0.805678061463
-0.615567849756
0.200733017717
-0.958413718768
0.394143852009
-1.41018435846
0.0454681163274
-0.0467351835921
0.559139937153
-0.0849370251161
-1.84925816873
0.298195962035
-1.14873397142
1.50561786498
0.901432500114
1.60970936148
-2.43306081755
-0.774146362975
-0.814740965249
-0.0798408561971
-1.23423461978
2.01025592786
-0.584263122192
-0.0868271091172
1.54114481868
1.29697074784
-1.40232681599
-0.79170623161
0.929890468754
-0.0383531282357
1.07978016445
-0.784846133565
-2.10061498447
0.209243726598
1.11405171685
1.00655118021
0.482841726797
-0.105011166981
1.42228088478
1.84049559169
-0.953994225632
-2.88040857169
-2.4946726053
-0.380536681618
-0.243446843183
-0.285939525822
-0.511530282835
-0.727930973068
-1.16968836638
-1.01171726886
-0.536511284804
-1.6342930904
-0.136034554171
0.118401348253
-0.662615396434
-1.34788074238
1.28879711036
1.50558110864
-0.642949052154
-0.567307043946
0.286587023957
-0.90689836893
-0.633456024604
-0.0290715840318
-0.294865286831
1.71530143486
-0.142567277456
-0.562028460697
0.159075814121
-1.01587001811
-0.688532439101
-0.626846833136
-0.16168634497
-0.201902574704
-1.04276546793
0.735605156414
-0.629293024813
1.04760134275
0.333873419368
0.892292372053
-0.464496297911
1.1218494864
0.02441452805
-2.29974663406
-1.00146925736
0.95230527446
-0.492594580824
-1.85564642372
-1.27871247446
1.49160703966
-0.238465681487
1.92442466582
0.529313128723
1.51921491763
-1.31847451774
0.20849062314
0.102014370356
1.43218770666
-0.434063127144
0.208914912141
-0.559299147909
1.08071112416
-0.684417496185
1.53017375483
-1.1336968568
-0.556050821525
-0.284237825183
-0.307990785161
0.528799560204
0.936644904581
-0.475364212573
2.32450145697
0.495547456042
-1.20599258172
0.478863623361
-0.421873284355
-0.509822676084
0.27867216718
-0.299196680979
-0.250758454703
-0.438260664177
-1.38405410365
0.634781247917
0.899943239831
1.63314686305
-0.632101440226
0.710734891294
-1.66745700544
0.612439009236
-0.558824876658
-1.10126713517
0.424647996662
0.678574614556
-0.131748423119
0.352932995481
-1.45072260506
0.872166260503
-1.95502712955
0.82616348453
-0.349032641183
1.78649204838
-1.32686584563
-0.122520676989
0.265337597289
1.72093042581
1.14391270687
0.135706548388
0.303598657024
0.113656419495
-0.902878241335
-1.174024098
-2.20277463252
0.273364060658
0.456536999431
1.46248950747
0.792632277225
1.31919613971
-0.13762519601
-0.100139897584
2.52935148295
-0.494819094761
0.236089534704
0.707718313793
2.26956830575
1.32744586755
-0.0936540738199
1.95031657384
-0.220752807166
-0.0270003199917
-2.08575422979
1.25215334798
-0.326968444525
2.11160448809
-0.417351250845
0.519174432866
-1.73314193697
0.665236756989
-1.8258462882
-0.484790709537
1.7536516228
0.0437396134607
0.101350431489
-0.0831871550661
-1.28609548943
-0.247416415773
-1.21757708132
-0.786452293011
0.840198047692
-1.64131226202
-0.796882440173
1.02014410864
0.620647162547
0.411926493037
-0.768808239349
0.271630121055
-0.984791478332
-2.23851668623
0.471877478939
0.692312226642
-0.375519359056
-0.530733182826
-1.2006551435
-2.66535425938
0.734054256827
0.779443158979
-1.36512030592
-2.81624047633
-0.557366556214
1.52700626148
-0.37509079676
-1.05937270914
-0.218835495708
-0.829762017661
0.279071207895
-1.02306840529
-0.589312491128
-0.478838245442
-0.886490355844
0.51566372457
0.231541721035
-1.69393759077
1.16161709009
0.120355656395
-0.89877347868
-0.441839920229
0.258379431507
-0.337422324558
-2.90384256948
0.74961879561
-0.119262832347
0.378837302369
0.529338391775
0.212099350203
0.938427234861
-0.266951242341
-1.54098495981
-0.879820996455
0.646724673812
-1.10089878454
-0.0195068055085
1.38160801649
0.695409784472
-0.328550395868
0.358950223726
0.250428309236
-0.556323198862
0.152569248818
1.1966570978
0.0208993314218
1.26204975512
-1.04553878395
-2.21425070627
-1.89623084799
-0.983475260382
-0.170625978512
-0.350302166289
-0.383031818183
-0.101291647183
-0.280002500785
0.161251164625
-0.309908292346
1.35008069821
0.0878040375047
-1.6039468164
1.7190067081
-0.210957135308
-0.293817350296
-2.07170519035
-1.09488071713
0.640191645189
-0.60366634679
1.03977354678
-0.0516010909566
0.571600429279
-0.863615569604
1.57474011646
0.812515044895
-1.53040212207
-0.612253279797
-0.747195554085
0.46979603447
-1.21763076805
-0.125057165548
0.646446533484
0.448271332597
-0.143798987368
0.178897172796
0.121310929159
-1.43699200943
0.210569241466
-0.185583616048
0.264767657639
0.387841251624
-1.31657073131
1.33481102314
-0.693326439369
2.7346440559
-0.70162738422
-1.63755350054
0.24087524973
-0.183558092725
-0.0327282139167
0.703849080312
-0.236647045342
0.77415935736
-0.348577777625
0.448443092935
-0.246664413172
0.517380034932
-0.240161451007
-0.332275282491
0.289911685235
1.81563959237
2.44693157828
0.966477631886
-0.468783580252
0.263658186259
0.135478320137
0.186709413331
-1.07399628608
-0.9744501481
0.571270684538
0.191705062275
0.730642554765
-0.521890671014
0.204133755451
-0.530263714941
-0.419194550416
1.9144257445
-1.14173007419
0.319791179509
-0.367467350204
1.19747688074
-1.40311473484
1.4864470829
-0.0102541988293
-0.823685199586
-1.35266274322
0.992935344736
-2.15840720605
0.350953117704
-0.499788861872
-0.266009929434
-0.508032464892
-1.58219642031
0.482883610284
-0.358959893525
0.0184467111032
1.95972339821
-1.70921821422
-0.141759870561
-0.653849750735
1.07891788763
0.802001941359
-2.25745844886
0.867381825299
0.28917407258
-0.43475564538
-0.570628725371
0.716706810138
-1.61903049389
-0.477680998
-0.679243355513
-0.188051461848
-0.514092564711
-0.792901513122
-1.96860088821
-0.63537594506
1.12345027135
0.398640232303
-0.67811737775
-1.47629303718
0.379519293461
-0.721711671071
0.226133369133
0.613591829953
-1.70620326815
0.30156466744
-0.130477377353
0.646082223136
1.15627135795
0.860449127154
1.84023220372
-0.588936194394
0.970456016482
0.288244192723
1.56098163232
0.791664534537
-1.08169739489
-1.02337066294
-0.336037523067
-1.04723415523
0.738661316401
-0.892091615866
-0.350180399052
-0.149822298087
0.354569754186
-1.67416128853
0.887902436235
-0.0572928897862
0.975265111236
0.0312548927629
1.17986389014
-0.558142058261
2.31150713373
-0.420947209878
-1.0429460772
1.20500113921
0.229845277354
-1.12451555523
1.07497474588
0.876967337839
-0.0512330648183
-0.769885588442
1.07611141393
-0.063065880858
-1.54610219542
-0.448384366345
-0.130554491312
-0.612187373334
0.39962400389
0.187820627879
0.232256289641
-1.02794510059
-0.253228622595
1.25610717725
0.107656991989
-0.335641882095
-0.228799628053
-1.09346911477
0.39054992545
-0.464144511615
-0.414301170351
0.893986904475
-0.161558178645
-2.21471299651
-1.314087759
2.16597433464
-0.646637171921
1.10998741782
-2.61809402369
0.024414402288
-0.753442104441
0.142664034866
1.64453238112
-0.01905725622
0.275834506433
-0.861584387971
0.950016649971
1.80697821405
-1.5319943317
2.36198539559
-0.618844594223
0.44791264032
0.503934994987
-0.783190598076
0.555242125753
-1.50066525643
-0.965252716755
-0.0044162866213
-1.14632267962
-1.21724773095
1.15465768173
0.842060496529
0.122134821196
0.990360496754
-0.317139481452
-0.865416891527
Score: 13