3
44
10
3
-0.23212949911
-0.960110339216
0.189814004442
1.29264425641
-0.982830507083
1.83616863374
-0.341973189069
-0.285226498744
-0.995746069226
0.785979159469
0.0479478364446
0.467417867393
0.237913796828
0.689066922975
1.34924220196
-1.83713032494
-0.127897823618
1.98900788193
-0.698715670046
-0.439929934267
-0.0392875862219
-0.764403717065
1.00104104463
1.17426872483
1.0482741745
1.11497745108
2.93283043693
-0.675787987207
-1.00284038888
-0.832742462972
-0.335795610686
-0.521999476606
-0.449076306622
-0.531782015991
-0.558731717808
-1.19754583235
0.655498238386
-1.48197193416
-0.121642690689
0.0754161702799
1.59335442102
-0.193617375945
-1.18347693421
-1.01561988991
-1.66714794458
-0.430318934336
2.3625261619
0.136715506091
-0.523847490369
0.389668289441
-1.71236725088
-0.95940291018
1.35892356352
0.194344512631
-0.6266907695
0.874849886505
0.00536588630327
0.288346657274
0.939365887045
0.991922062591
-0.127552443875
0.0176957602936
-0.615707246701
0.600017735268
0.921887302541
3.00209126086
-0.552556657701
-0.706426296561
-0.0458846818947
1.18109970345
0.702959800403
1.5224992405
-1.24031428657
-1.49289866065
-0.667273604702
0.70146840306
0.324590271184
-0.820858828509
1.0771739241
2.10196998525
-0.664187943435
0.0106081746592
0.165988043491
0.545380429703
-0.735849209143
-1.56569504411
-0.753884232531
-2.25997915261
-0.87465911813
-0.371143377034
-1.34744758273
1.04071573474
1.6643935581
0.0255256193381
-1.05451016915
-0.682582934266
0.907685939917
-0.340300377734
1.58059578634
0.9425471648
-1.43836979469
-0.283354262058
0.893207359072
0.561278068158
-0.955990740178
-0.2526063543
-0.195346255059
-0.245980882279
-0.987852853816
1.07337039849
-0.0728226238922
1.26636167283
2.19900371005
-0.589342619928
-0.634193598852
0.423202956063
-2.01892226909
0.690954000215
-0.349709098008
-0.505028911089
-0.223208593325
-0.711427625959
-0.898552973844
0.195308558012
-1.05635488839
1.30067714
-0.75806278799
0.714659357985
1.51449013783
-0.520907440135
2.16857143709
2.95582662651
1.37442353825
0.810857834616
1.77127568242
-1.28530050574
0.325160725353
0.68307482143
-0.478436662601
-0.485650181405
1.75438360437
-1.08697042104
0.978523207048
0.61783408044
0.475295205434
-0.894840734755
-0.816475887615
-1.98539272643
0.136788349128
-0.51536858025
1.0204351643
0.202469280626
-0.609200124094
-0.084850182826
-1.35161841332
-0.858500621128
1.78794908819
-0.686671825584
1.71847842861
-0.0399496572542
-0.478372977149
-0.448121411082
0.595501631561
-0.0388848110355
0.187948732999
0.454331594866
1.14452164223
-1.27344224176
-1.11763015268
-1.15729336191
2.48323544066
-1.59731814361
-0.883815720223
0.0808070063195
1.23440354397
-0.0284798950346
1.65698233277
0.901165743573
-0.141422752432
-1.06436350123
0.0945996148196
-0.102462684684
-0.233801915403
1.29457007246
1.1865905776
-0.67325137064
-0.126193723556
-1.74407752357
1.76300077347
0.79225266365
-0.215956675985
0.382982840467
1.55812582428
-0.209178118798
0.194607362591
0.938410360879
0.697862645331
0.532952505432
1.44962257606
-0.288037113205
-0.352404487812
0.104167709649
1.1640100259
0.557091051093
0.943880109848
0.780967840102
2.918518439
-0.488510938714
-0.801879627709
0.204913002761
-1.41954807692
0.164202185041
0.900750341591
0.31602123249
-0.75710555199
-1.58910061554
-0.496359568663
-1.87501027471
2.62464123473
-1.53896178969
-0.752982948453
0.834690220006
-2.06405856838
-1.69287874308
0.313616554847
-1.19151641895
0.128959474012
-0.827821202158
-0.503336335218
-0.693305498857
-0.595254812007
-0.0638621790754
-0.167949107014
-1.04483053691
-0.132031908613
-1.32331657339
0.385308626761
-0.570144478528
0.989512705841
0.385660890623
0.245800274649
0.994454348847
0.109709308968
0.247817221332
-0.422039129333
0.191198440127
1.72872996042
-0.860134190071
0.768478606999
1.48508445471
0.786506768279
1.11621544222
0.677480453112
0.182942550186
0.679624593415
0.73432830314
-0.236056993243
-1.15867324719
1.10363445514
-0.850351048827
-0.568100113903
1.20051714288
1.2989473931
0.167641674394
1.61099809201
0.868258834719
-0.529101667457
1.14890695412
1.31659262914
-0.746101846188
-1.51551952872
0.316648082483
-0.897245704867
-0.238916045809
1.04714996144
-1.22902626442
0.0643543999154
-1.160891754
-1.00942460528
0.818694031589
-0.0682022509328
-1.0552834862
-0.797552879995
-0.405391295877
1.83170878907
0.764397283215
-0.102723466322
-0.230377546025
-0.015110858036
-0.418942675255
0.939097857273
-0.122445665658
-0.6544730756
0.239701301409
0.47167121535
-0.257700542233
-0.171662231139
0.0019057185364
0.258182422851
1.06078667295
-0.577362434392
-0.16821940009
2.0207202318
1.3393005493
-0.268876029165
1.0981665309
-0.260288595205
0.481574367583
0.555237311069
-1.67841889464
-0.26362952754
-0.724444895381
-0.833732075025
-0.0137438764142
-1.19804305722
0.0939166014796
-1.13070869399
-0.644290451009
1.34082675744
-0.783516322595
0.739857319106
-0.144598825243
-1.60618329057
1.13890942894
0.317248328002
0.52087296657
-0.132922125636
-0.366274928681
0.348525487921
-0.159409478587
-1.62002346491
-1.38978372858
0.236747353581
0.356021006324
-0.466842389163
-1.44802250393
2.57953624639
-0.014725328091
-0.653892528358
1.14257809983
0.4602493128
2.90875692128
-0.797286952879
-0.488899422851
0.217214231228
2.64373189568
0.172905956229
1.59803557687
-0.346651201096
0.324444246498
0.0321706426567
-0.0321553974089
1.46512459102
1.32360043841
-0.609010457432
0.343490560163
-0.138259618256
-1.49363800183
0.304447969791
1.1057792857
-0.413235754101
0.997368077076
-0.527759409406
-0.51808997866
1.18548446306
0.416293672506
-0.0194065863727
-0.300915682984
-1.69308274842
-1.63201120735
0.370331675088
-0.646771285952
-0.949730649826
0.987586715954
0.18420936972
0.7050402644
0.167738143225
0.448585909453
-0.585186308618
-1.0166064599
-1.41532225173
-0.523290925714
0.339400582607
-2.51539506065
0.610643961222
-0.252529479745
0.457463141871
0.733924734922
1.74266466916
-0.607634565845
-1.02008951871
-1.66403472895
0.392937266909
0.645077823198
1.3503824982
-0.555037705903
-0.394953082335
0.11424893596
-0.0133278182265
-1.66791738584
0.914899357848
-1.37335032377
1.13251525611
-1.63551070398
1.23219652792
1.05296328623
-0.738826108247
0.238485542414
-0.562726173241
-0.598110855637
0.771228674568
-2.00483617586
1.14918884512
-1.02206663831
1.19099039854
-1.17194482207
1.07403827443
-0.129176994613
0.407226936138
-0.0850664116576
0.223954300356
-0.829477787796
-0.0537552306714
-1.01484844086
0.868821517959
2.23438870585
1.28676380092
-0.429317716708
-0.736526176303
1.34174126801
-0.745069979156
1.11713224443
-0.811743424494
-0.211748776022
-0.267713514319
-0.0153822247909
-0.763108380896
-0.769229175179
-0.92364580884
-0.559543270448
-0.166851509624
1.13422315274
-0.573730092021
-1.68902625921
0.240804014856
0.555086641118
-0.317120691157
-0.153026148011
0.698730667785
0.457723407912
-2.19902939128
-0.194773937156
0.404664458054
-0.297212128342
-0.455050457634
-1.30042841503
-0.192341954274
0.447342241751
0.0182644387229
-0.400365198484
0.771943136776
-0.781680355431
0.83671200233
1.88695860111
-0.80845416991
-0.51373318181
2.39016636336
-1.91819947909
1.22932577839
1.03183063802
2.34959009207
0.741203041866
-2.30933742987
-2.00132919968
-0.143296085334
-0.69448642458
0.172769036344
-0.888474855862
-0.154445481085
-1.28010899659
-0.943828370736
-0.00742852182287
-0.522259272933
Score: 1