3
44
10
3
-0.870088775721
-0.549914512428
-1.38082741828
-0.642512830562
-1.27562594261
-0.764945236201
0.860228691084
0.650666021821
-0.384430695517
0.79127300555
0.390824201866
-0.00545593459552
0.939067593905
-0.184415563025
-1.09501947066
1.48955000412
-0.982369020384
1.98300840367
-0.677815356827
-0.610593962927
-1.13713005383
-0.985176054003
0.36994768932
1.66122279842
0.319865960725
0.0398400771966
1.30700939146
-0.926904074056
0.645865538863
1.40123747996
-0.158214783555
-0.102968457859
0.806722842305
-0.834973715323
-1.40510345242
-0.399346036
-0.686723335716
-0.311269344094
-0.385864131524
-0.596295731117
-2.1349335013
0.147902537038
-0.733080043089
-0.611362222981
-0.291295787378
1.27986619724
-0.938426097649
-0.202403260402
0.947204277018
0.288100085937
-0.467603208446
0.258207088577
-0.326997450123
-0.651148509353
0.483034999467
0.119380080259
1.66206966324
-0.101264150057
-0.336554113286
-0.424796969669
-0.581243952892
-0.996946141266
-0.9517481046
-0.303909170669
0.315914046811
0.764976976214
-0.0416084576707
2.24478680279
1.88954081427
1.74481625701
0.418337869145
-0.277606921276
-0.132487416043
-1.51598916955
1.020881627
-1.30916331115
-0.737081079145
1.05205391906
0.142896009473
-1.16309027205
0.350422771844
0.446528835176
1.1932828478
0.797847601653
0.361940213446
-0.528638918038
-0.373247873483
0.0810160647239
-0.876985949336
-0.55480730786
0.996894961496
0.619941445765
1.36415906704
-0.0887713866452
-0.945546874898
0.227739841526
0.31444351622
-0.849829829727
-0.742565841224
1.73277905491
-0.611682928843
0.707880885176
-1.40538523536
-0.301425420629
-0.397207250724
0.14909045306
-0.802591115651
0.784550486751
-0.738432159217
-1.2432216663
2.04583973945
0.0919217766167
0.461411427663
0.972263976074
0.283390872661
0.262482748494
0.157960698321
-2.36579994417
0.294616051677
0.420182721102
-1.76743147069
1.07888728372
0.950806277676
0.257499825987
-1.52982326769
1.66153336911
-1.28801422904
1.66155511549
-0.871359314073
-1.27086525366
0.436895671886
-0.384662858398
-0.709862890073
0.545400034738
-0.409807000796
-0.146323928157
-0.123634826172
0.724709914015
-1.13933460352
-0.651486299152
0.443255797634
-0.192463365569
-0.306566457132
0.113717003616
2.19953935429
0.527765377476
-1.01816795259
0.624769307484
-0.0430362857889
-1.180467363
-0.734515918279
0.270364003791
-1.33604671954
1.24180163103
0.419970770631
-0.855424288269
-1.56650476093
-0.278829230021
0.325361306891
-0.886715742057
-2.0274480945
0.290634028852
-0.698893415542
0.00664048961718
-0.767977922311
-0.457654877459
1.33615378966
0.261319488695
2.76095798475
1.39514662306
-0.225890452017
-1.77309371133
2.16654375029
-1.40977093182
0.90211263436
0.0708390893107
-0.0603327354939
0.711161474682
2.40882750127
1.53403242151
0.13846004104
-0.254495495549
-0.949976582817
0.226355897569
-0.38316343719
-0.80926015446
-1.29751788004
-0.289189558819
-2.46450783973
-1.01905865655
1.18244604528
0.643051032704
-0.25765954341
-0.232941992707
-1.29007327612
1.11745149818
0.701550503994
-2.0367410655
-1.98156400536
0.00898934896953
-0.359980773084
-1.31822282281
-0.648612012025
1.15247619656
0.79087524356
-0.357203234311
1.3828206846
0.134376422167
-0.333549598437
0.667355207762
0.404006119981
-0.420150992854
0.0173996836714
1.44877795685
1.6514689443
-0.241468350362
-0.903512297074
-0.994871251037
0.537273091263
-0.0556914952867
0.297138550566
-0.043904214724
0.784581063054
1.08878896212
-1.85797578424
0.282325915472
0.415354542521
-1.61111801916
0.307128056376
-2.1901117648
0.162671588067
-1.31104564587
-0.890213776423
-2.33683863476
-0.810434881421
0.272680186548
2.33340175069
0.304546360347
-0.673561002483
-1.69379603063
-0.50289769275
0.790419869543
-0.740646364098
-0.777588827162
-0.578025995952
0.967009572993
0.800833909669
-0.997411065448
0.458371829974
0.863767671758
-0.717978855689
0.420424499724
0.930480778407
0.792721154514
-0.793418362394
0.920420931775
-0.517928626587
-0.620111501708
1.02933412066
0.752773325362
-0.515352324727
0.12834836848
0.636738528754
0.097046943653
0.642779492215
1.3085143538
1.33805204457
0.781053481711
-0.408353207294
0.137534446789
-0.341815432181
-0.990491165626
1.39976284736
-0.696770291364
-0.266327897707
-0.0362099119503
0.115824136011
0.259271339464
-0.562267541085
-0.295400352546
1.08308717624
1.71444207917
-0.281401492952
1.6570419929
-0.616418165469
0.400555150093
1.37894340836
-2.33898791812
-0.754430938844
-0.365420249605
0.0877388078577
1.03243259897
-0.296377442513
-0.171380089241
0.0179298319393
-0.635497747295
0.62710220703
-0.698107710837
0.0618558869606
1.42297982512
-1.57034574251
-0.624441075807
2.1286515658
2.19669851663
-0.900573109798
0.0414428235354
0.795945676437
1.38317922147
0.124372987961
-0.0769650798761
0.239200692393
0.961774406069
0.574518564039
2.28717667451
-0.610321034182
1.39714235862
0.30013676956
-0.688798332515
2.21023150766
-0.037512843108
-1.53021863722
-1.00412151366
-0.0964187434907
-0.219300022775
-0.893545707312
-0.595042697509
-0.640103653949
-1.56302523536
-1.24613249123
0.374176581229
0.021340597793
-1.39139769956
-0.770173634341
-0.36185339225
0.402745048043
-0.21802875365
-1.34006391632
0.94341416823
1.06106439495
-1.00618884429
0.329835013572
-1.20694087925
-0.0683872912402
1.02351236618
-1.25216296549
-0.537917645863
-1.4193687401
-1.145981437
0.0597791820238
1.49592486408
-0.0210172164859
0.112038023376
1.39453574398
0.687327689238
0.309764130456
0.729264782929
0.0433766128429
-0.170650434912
-0.352881286193
-1.47276734388
2.09442688641
-0.26862194523
-1.0777962807
-0.581269154924
0.163834227587
-0.489462992223
-0.244801035806
1.45053560627
-0.12500284213
-1.45403495722
0.618636669678
2.22503685224
-1.73635706772
2.00571109142
1.51715794907
0.0752510441979
0.35974870988
-1.65636528412
-1.78230047091
-0.69713160102
-1.73151464215
0.825133740594
0.357005792415
0.491957967093
-0.664088038478
-0.477691984959
-1.3227968226
-1.37510750613
0.528883973699
1.50873025992
-0.611776267574
1.11055478635
-0.0303062653668
-1.23767474611
-0.261705850705
-1.20740151459
-0.0337715620243
-0.992272299499
2.10956486036
0.683369932831
0.60523538972
-2.01152063761
0.713159335064
-0.360219473985
0.0802341343435
0.579254861553
-0.0266424635233
0.384561903209
0.155966061989
-0.86771193899
-0.393379850691
-0.759528894935
1.01666569928
-1.22038663109
0.214465506863
0.0326097487818
1.0469361398
0.491429914284
-2.24338835272
-0.81052145158
0.26939401482
0.0165392730817
-0.509963868885
0.645216977328
-0.726149023901
-0.989485955877
0.650302255939
1.42566643608
0.386827342066
-1.81966220526
-0.373125916918
0.583648455381
-1.54782210089
0.634373929442
-1.1687434839
0.253812260051
0.0719459417034
-2.09837033707
-1.49113243382
-0.366258385476
-1.34919934268
0.771032118148
1.18223009689
-0.255994272942
-0.737906350822
0.864823627767
1.71817389845
-0.0238655442338
-0.329514197557
1.2270496538
0.0688896411474
2.27057404399
2.30361778129
-1.6240876736
0.837760096445
-1.64354870223
1.00072843935
0.983476010068
-0.213697640459
-0.175500872643
0.428359244765
0.584618125292
0.614636984768
0.0508512748543
-2.14657368181
2.11054872328
-0.244165720312
-0.521023715639
-0.487873945066
0.732364080206
-0.755729717505
-0.360546739111
-0.00751243262514
-0.0483395257522
-1.71080729111
1.86653322212
-1.69249270347
1.07197099476
0.0464151536168
0.472989306816
0.300330560997
-0.632172913976
-0.763211030559
Score: 13