3
44
10
3
-0.538007543094
0.734562193931
0.450157424777
1.36976865107
-0.395693981975
-0.93002448114
-2.08906869107
0.893572103444
-0.126039973867
-0.981801993889
0.150739325941
0.929122823914
-0.413080176175
0.371540815269
-1.36501983441
0.45468320245
0.991309805277
1.00769618533
-0.576744383564
-0.797539908995
-0.589187264962
-0.830532611834
1.00109096915
0.887660371957
-0.163740869728
0.296871067368
-1.42146379288
1.39593654676
0.555959379214
0.148349563693
-1.71296355452
0.471251623892
0.849286043873
-0.409811448387
0.034650487693
-0.996212039914
0.000360569948659
-0.324532614874
-0.205011885138
-0.654494840585
0.775260863706
-0.364518748723
-0.0643144141046
-1.02228500503
-1.38604713864
0.514959405371
1.47304988268
-0.28056504058
-0.247453780533
0.557434426417
-0.901048445057
1.1548476805
-0.333606085251
0.983335735645
-0.971141688871
-0.138208985196
-1.43364367276
0.314623983953
0.356634020626
-1.04908134175
-0.900143847784
-1.31808202162
-0.715817363387
0.64773089606
-0.901183542931
-0.257724927678
0.604775273599
0.603361327932
0.90934615559
-0.755858663168
-0.704241573061
0.990381774147
0.19110009172
-0.181369481543
-0.809975663646
-0.854519929569
0.217257658143
-0.238817404221
-0.36885767536
0.641037145016
1.57920226508
-0.346456377878
1.25236807797
1.16501912625
1.51428759097
0.862482712725
1.64463174465
-2.03611739858
-0.000159631345062
-0.183141677233
-0.945733366786
-1.01987264538
-0.00673724898612
0.0668941388878
-0.499770221342
0.445224258724
-0.854483679736
-0.350689491697
-0.647154539061
-0.10771935635
-0.169226289824
-0.516656959456
-0.237518229182
-0.939825169837
-0.15686682942
1.12753290045
-0.448041618369
0.426439497785
0.622879655809
0.229117777969
-0.692752531728
1.52094530096
-1.26993427179
-1.43226404574
-0.77953967314
-1.4015702177
0.00671338583622
0.113687368943
-1.55041582111
-0.599794510634
1.88901514176
1.16009953281
0.0201664362651
-0.0693376828964
1.15357404868
-0.424035602863
0.528608790269
-2.01529793173
-0.588412042986
-0.682779994226
-0.824565222745
-0.525267903406
-1.34573940355
0.898454307946
0.590581283259
-0.445057504544
-1.56529121334
1.32780054737
0.691660303671
0.0618092086278
-0.216819670502
0.34086801817
1.09662855324
-0.768854250065
-0.490428296203
-0.598506597812
0.207419676643
0.12108632504
0.205149681837
1.53160442839
0.00652939657319
0.107635520463
-0.149688092335
-1.42982953244
0.101141655328
-1.2472576364
0.696840438124
-0.163054502833
0.819981461689
0.779470942565
-0.190472183549
-1.25872897183
-2.08726326059
0.192445819116
-0.416576302804
0.671911730197
-0.463942243071
-1.8680351443
-2.24712048764
0.178883667476
-0.437418145643
0.490004133961
-0.196301612132
1.43675881005
-0.769473687689
-1.06773782026
0.275193053724
-0.341741557681
-0.796486544424
0.892611228316
0.608221411347
-0.0905565632318
-0.766994693901
1.45323041886
0.649203359337
0.540230303127
-1.0582585666
-0.201858710099
-0.302671668323
-0.198992283381
-0.0933939060405
0.338421468734
1.9438872448
-0.338463424072
0.921844805286
-0.0115610078814
-0.416756865219
0.384634082431
-0.349108582055
1.94074128315
-1.0564426683
-0.0153909860403
-0.863430223084
0.477073241759
-1.06284038936
-0.196016428876
-0.64792556681
0.064047588911
0.138684000768
1.68927157484
0.638756640269
-3.25816947992
-2.17823895346
1.18637288372
-1.52900729048
-0.59715383062
1.69652888427
0.201784287964
0.984081063507
-0.0288672980255
1.14267716309
-0.0687136124477
-0.257678943461
0.308575262387
1.00904314029
-0.405395643276
-0.563021745135
-0.273023755542
0.553276815256
-0.0309572353803
1.18261037148
0.0824207153989
0.667450323351
1.12478997437
1.41122239521
0.435695899511
0.396613739828
0.00708604724903
-0.256620546456
-2.12221184159
-0.226909538006
0.702080161669
2.40195829279
-0.847381918954
-0.821591776033
0.0489673248615
0.715642942071
1.20163383262
-0.813826581005
-2.0005778057
-2.55520028247
-0.229969917297
-0.0162368276041
0.530333269512
1.84078866542
-0.0771228026974
0.762145452424
0.283663789424
-0.207178907917
-0.302874588113
0.460438208336
-0.388544137959
1.74795110158
-0.257057945908
0.331077659145
-0.357370335316
0.250782138757
1.46821270748
0.923720785622
-0.229912396682
0.540218291216
0.0030480328987
-0.0914127374764
0.964024468383
1.33702811405
-0.25133672839
0.591198205474
1.51150337352
0.213566357517
-0.0991871251245
-1.16725695279
0.421009857708
0.418824622381
1.49678691017
0.436555716176
-0.833104079568
-0.379277894394
-0.125934386745
0.0108114686479
-0.859209206444
-0.989957290813
-0.876234622217
1.65393485509
1.21912783009
-0.234441507453
0.995915797898
-0.893080151008
-0.572027135678
2.08008459087
0.215222074904
0.346568684664
1.08790617398
-0.191957416315
-1.68600258532
-0.223183360889
0.431122562826
-0.138600837541
0.168256531094
1.0933241336
-0.259553468953
-0.0912769688334
0.960578787422
1.48496205787
-0.127707038483
0.793893986521
1.02252101055
0.0756183064857
-0.196269670745
0.937780619421
-0.295356641506
-0.140305602642
-0.536747915763
0.0921762851658
1.13521570196
-1.06693561038
1.51097543044
-0.595147798085
1.59620948209
-0.701608885033
0.309180640146
-1.9383967936
0.366854814534
0.793552738388
1.08921223458
-1.47835628099
1.04860196993
-0.452623560192
0.108549044641
1.59666831597
-0.961297434845
1.43465427609
0.497248743773
-1.30489736636
0.814180545896
-0.039652738739
1.08613568738
1.71961988278
1.33049919151
-1.68677375961
0.0601332188314
0.0901017044947
0.767336373409
-0.247224328891
0.364692279626
0.242442711936
1.66522849835
0.411660899102
-0.661322116245
-1.72139300342
-1.16959188692
-0.570399812694
-0.416395390905
-0.0376365354905
1.60123033075
1.17299750588
-1.96528639549
0.488835981708
-0.223133672936
-0.223327364196
-0.824955119039
0.206394434873
-0.787911559099
0.155132533926
-0.422781746057
-0.618387648787
1.0516098048
-0.262683244833
-0.0229513905334
-0.0510284694275
0.962392193178
0.89605334928
-0.49283757523
1.11462538222
-0.0737482358039
-0.543515505298
-0.0464226997626
-0.291953235507
-0.574506581489
1.14416147798
-0.456784188582
0.27864984865
0.0452118958037
1.42595766693
0.364204446636
0.241466022016
-1.16073019357
0.629341786352
-1.45920405372
-0.428212941817
-0.131256455266
0.834044948641
-0.0711390594965
-0.540197785436
-2.20837239247
-0.0494510179128
0.79816385017
0.711522691214
0.0355572002106
-1.07052201213
-2.22525301011
0.335059580133
-0.68025796289
0.236223877904
0.0327061390986
0.61650134025
-1.43963498162
0.320577139709
0.91365808531
1.43278411507
-0.493964552037
-1.4888771529
1.27630624824
1.21681650335
-0.07395419756
-1.54737014667
-0.237181433329
0.531230005737
0.982482217244
-0.147053830267
0.0539053631534
-0.0460580929245
0.424656202146
0.484283503858
-0.0699089608753
0.0979989346778
-0.275239779604
0.784136419746
-0.0101937458823
-0.314423797449
-0.337069264669
-0.0918457873589
-0.190038641012
1.12205355131
2.01814454346
0.805649253534
0.05782460814
1.02956445694
0.835870366589
1.14510636343
-0.850182846714
-0.417683907403
0.374508645029
-1.77078514995
0.409800761605
-0.38310639094
0.314278168867
-0.906681005913
1.15913719539
1.01089658759
-0.671219028076
0.861310610727
0.825744329174
0.522040994147
2.43806140134
-0.381707567798
-1.08378096732
0.516986800512
-0.681740563749
0.111692445611
-0.845194156667
0.464741566506
1.17817209556
0.555406107431
-1.32781889291
1.21400534022
-0.600328098657
0.405984235951
-0.599291050927
1.44457001783
0.0216440058307
-1.08421973081
0.0273685093466
-0.0352953805407
Score: 10