3
44
10
3
-0.530981926657
0.795885918025
0.415882238999
1.4378438065
-0.382696338769
-0.888947331569
-2.2652530501
0.991441971558
0.0273072389552
-0.922027676559
-0.0896086123665
1.07844324959
-0.537206318259
0.311179512917
-1.42020485957
0.327262184759
0.92708392871
0.96987493675
-0.71604582242
-0.945862026393
-0.636877255976
-0.83652765608
1.02939734899
0.809306645241
-0.371884420453
0.269219643875
-1.55801967842
1.39103742164
0.489958184731
0.142989128666
-1.76870291505
0.557798265129
0.864245685028
-0.391943609742
0.0644184854877
-1.0718022084
-0.0420366589868
-0.510702657722
-0.301309148615
-0.605418156645
0.597156862338
-0.457741286016
-0.004207211333
-0.982229961164
-1.38288748043
0.589084941745
1.51802493581
-0.182299125857
-0.149445540036
0.478770042412
-0.811692797011
1.16335566587
-0.312422081334
0.981904645242
-1.04150412143
-0.182233654441
-1.4844191993
0.341067757652
0.382323126259
-1.13270611483
-1.02504839783
-1.38973679602
-0.698648180799
0.591974746808
-0.85490712852
-0.111173842472
0.443294802857
0.577403417551
0.851698686071
-0.832960780697
-0.659200426705
1.22033216517
0.138315916446
-0.226899093047
-0.742659110496
-0.756354291126
0.460912513774
-0.257364080689
-0.341916226913
0.612378142928
1.54326934315
-0.414880732074
1.41658801452
1.25278599467
1.65676596405
0.838964172786
1.77371821673
-2.06863191259
0.170371950063
-0.364601270886
-1.01475101852
-1.07798558471
0.0517098232627
0.216252606397
-0.491205868029
0.588535554146
-0.657795323933
-0.325106893752
-0.799710935315
-0.0346182979031
-0.119057833455
-0.820749295944
-0.099575540881
-0.989903010233
-0.0679238172614
1.14861887691
-0.264302745034
0.381015354399
0.592231779838
0.230810909304
-0.791365083041
1.51913078622
-1.1706278336
-1.48320845276
-0.856324127312
-1.31569057052
-0.0166738891943
0.0990674827179
-1.53213134241
-0.57004385395
1.83810154064
1.27049683794
0.0174381481498
-0.00472888986195
1.1613526028
-0.326602018332
0.585583923426
-2.03677247627
-0.560340893473
-0.633517999198
-0.807238409036
-0.572924669608
-1.2690115122
0.962023852133
0.471194246943
-0.380744365369
-1.59945652387
1.47623614019
0.783828393428
-0.0950670858944
-0.127129154236
0.412079126745
1.13149322473
-0.989293491659
-0.536785388342
-0.518006039456
0.389408693492
0.33376143579
0.270880785509
1.57332816412
-0.0416021300258
0.231945154538
-0.0153758688848
-1.3338548759
0.10815755201
-1.05855752622
0.711353606982
-0.294339079184
0.837216563668
0.766090128958
-0.192880507113
-1.29977600276
-2.05074261544
0.236967939537
-0.284087613498
0.754589936236
-0.294640609395
-1.88015091034
-2.3382626449
0.117574374365
-0.481566181369
0.555580222714
-0.335229068242
1.38911231643
-0.817614883761
-1.07395863526
0.114554444186
-0.324705974988
-0.862945734895
0.700783615609
0.669525089554
-0.186086196391
-0.750212663943
1.21908175283
0.626785194008
0.464578704383
-0.980253402356
-0.265821906806
-0.133760366934
-0.2640892873
-0.0155602905313
0.0723822687498
1.99413257704
-0.435385650533
0.939848577252
0.157796871846
-0.488858215003
0.439907772924
-0.243706283599
2.04738031323
-0.857520487531
-0.126009715682
-0.756302095992
0.34217377319
-0.975699785955
0.042384192982
-0.615647272377
0.132468526703
0.145438590051
1.66457785082
0.682598282344
-3.24208114614
-2.11120608014
1.24490443799
-1.61151096039
-0.548353675931
1.61198186569
0.267650681347
0.851822608501
-0.115033732112
1.2081180629
-0.255090309316
-0.322270015702
0.316447128525
0.972794706208
-0.497280044433
-0.561275735886
-0.344508779651
0.495190359851
-0.0277265475406
1.20951678407
0.0396267152428
0.710535768863
1.18044238246
1.65958436213
0.449920197523
0.406313820508
-0.115639206788
-0.126590083552
-2.17166705262
-0.215066991528
0.794350485137
2.33788172884
-0.717193718499
-0.815265369604
-0.0585151283443
0.712329920318
1.3601617221
-0.720443452905
-2.04993553984
-2.47051782298
-0.270816318144
-0.115049531193
0.484596299206
1.94709457515
-0.204236751519
0.737557465592
0.224680336931
-0.303989998937
-0.317774509091
0.588856351778
-0.517368040987
1.69885007817
-0.230007274316
0.50089801199
-0.415665356467
0.277146485427
1.34432869875
0.745484884618
-0.232678475226
0.673500041097
0.185906814857
-0.133727850516
0.927227037964
1.3435049687
-0.254773004523
0.605864674381
1.65774914356
0.146855401965
-0.151772891395
-1.10746439805
0.496951133942
0.396844117463
1.57120552883
0.352133109167
-0.931840262336
-0.436345822723
-0.0301057411057
-0.081976255241
-0.701248004982
-0.916881007115
-0.813312181186
1.44686283682
1.19398303527
-0.386945871467
0.944157548374
-0.792940960258
-0.68557733314
2.23321846017
0.0197371860521
0.154063200017
1.14335135014
-0.151754845902
-1.58693236188
-0.214238778692
0.406714105316
-0.051651734923
0.237780810969
1.29832654553
-0.313678878746
-0.163523149123
0.761305698321
1.27055211467
-0.216554423912
0.659124562001
1.0284631121
-0.0195755234165
-0.288105332314
0.982408497624
-0.316742121634
-0.117962986908
-0.800017856203
0.13073711881
1.01876507665
-0.94054483653
1.53983324571
-0.520385007465
1.59439825052
-0.435062617765
0.464690143439
-1.88944962041
0.198900683306
0.882789032391
1.05880162348
-1.53213471373
0.849362504342
-0.428708749446
0.167802165901
1.60824869091
-1.06906775649
1.17925554297
0.425007490487
-1.27193752784
0.88729001681
-0.162508305646
0.881222678317
1.88022967389
1.2366780287
-1.79508972608
0.105661397771
0.0877662291036
0.602824142626
-0.295776869467
0.532050451868
0.176736296092
1.68582215091
0.527000404788
-0.543363549739
-1.6184582187
-1.19924702278
-0.49868919767
-0.432013145958
0.0356598331553
1.66259280179
1.13634186203
-2.18836933517
0.58284762709
-0.273315361616
-0.204817974098
-0.860975268576
0.333711231657
-0.819578261192
0.190235698622
-0.463219241573
-0.590109789632
0.885976660034
-0.196937161088
0.0221901533479
0.0867842430986
0.883005530461
0.839532578097
-0.33467885297
1.19739036109
-0.0713996005831
-0.517552754803
-0.148589787364
-0.511503186551
-0.486474193914
1.17857018716
-0.570751137009
0.11254138196
0.018424102694
1.51308067224
0.479961295619
0.136552802471
-1.26418711729
0.61072344431
-1.4526340204
-0.558810618362
-0.12530134984
0.799279001716
-0.11264800451
-0.433460518722
-2.11246145676
-0.00816973667452
0.739346306562
0.609954845686
-0.0580797531462
-0.954547942687
-2.25588199192
0.238634397024
-0.675685342464
0.193929076293
0.0755832299152
0.667239717156
-1.36634922622
0.309475951739
0.923493439273
1.31566376475
-0.461299346927
-1.58478712463
1.430391336
1.16266700973
0.187052347739
-1.60341751625
-0.247984857251
0.495476729965
1.14183411214
-0.12325457146
-0.0965470517688
-0.197210750864
0.401534056292
0.492111694757
-0.101456374327
0.0881651611848
-0.242395067295
0.906708204732
0.0215386704214
-0.443954923412
-0.303006791625
-0.00807985692554
-0.235754789522
1.09598127029
2.09513516126
0.724641488998
0.105777472664
0.936591551606
0.814913879111
0.994372218983
-0.915759019923
-0.326334059112
0.404748289381
-1.75061449553
0.302699637938
-0.433567868142
0.395815443867
-0.879752536936
1.19803804228
1.06591112639
-0.536147989761
0.842764531308
0.74642718286
0.415340559656
2.30354223607
-0.447970880118
-1.0786235957
0.645748470434
-0.663374857398
0.011496120578
-0.945737448316
0.385458834205
1.18421490893
0.629738872797
-1.27076018186
1.24000135009
-0.460335909473
0.374690393297
-0.494536194802
1.48998324852
0.0873335294775
-1.12020672135
-0.100099862218
-0.160579352146
Score: 10