3
44
10
3
-0.0328201043722
1.56370062066
-0.566940681703
-0.880113632133
-0.668012332819
-1.62136475954
-0.0626774381235
0.657681738028
1.42824441275
1.57478824773
-0.827775784047
0.576131977584
-0.269530101909
-0.751835122625
-2.109110275
0.118236493031
-0.480356839962
-0.110934282043
-0.765844694206
1.04978205593
-0.232915452358
0.848437609832
0.326904267337
-1.20044248315
0.557153786131
-0.219933043481
0.428846266009
1.30639776554
1.14147848828
1.22764288678
-1.56982560392
0.454845232884
-0.508645160657
-1.9373507452
1.333984357
-0.421035485798
0.186636815903
0.600887694006
-1.34192336419
-2.38605747332
-0.852444856156
-1.47598503051
0.0691680187422
0.0365071398237
-1.35485113285
0.572992982367
-0.814011613249
-0.833130152879
2.49385819918
-0.861972154719
0.726000122078
0.196683679269
0.29493886772
0.776269313461
-1.04198428774
0.108946435956
0.924620704823
0.0667042663853
1.48073989498
0.662642879336
0.919000457644
-0.846450309956
0.474719099854
-1.28709509471
1.13990987142
0.49487152789
-0.318358262657
-0.766120483043
0.355147813442
-0.4269324517
1.0494427229
-1.66171107581
-1.66461784959
-1.20536889826
-0.407753089722
1.93547443829
-0.521657136468
0.171961365513
0.401909795109
-0.316620416524
-0.599311435179
-0.299220739403
0.790516040399
-0.205740472649
0.0601639624201
0.390609925642
-0.873040847964
0.727287585546
-1.16906517251
-1.5490847675
-0.306424303688
-0.537830550805
0.208475117269
2.07021130906
0.299788689697
-1.00785398808
0.394446245013
1.46798700627
-0.0990377120347
-0.24665442366
-0.365345021387
1.43975820252
-0.350080076938
-1.31676793496
-0.890748786946
0.0367105253452
-0.0520360448005
-0.260269651451
0.967141914595
1.37751639576
-1.35338882299
-2.69021819163
0.225941357486
-0.915401695562
1.82060932591
0.661979234391
-1.69794797457
-0.74476103539
1.19064779741
-0.123918995769
0.325542198475
-0.954795537979
-1.71155913193
1.20338842332
0.341000153619
0.00634909940688
0.602698460772
-0.751131442607
-0.942014065042
1.49560271471
1.78983612966
-1.14873808638
1.86345016086
-0.76844501477
-0.583107819503
1.30287815373
1.41288194505
-0.806154554166
-1.68544489995
1.16860729606
-0.851258765073
-0.0906078582548
0.931314243498
-0.143111359162
-1.51881021571
-0.979698593469
1.05827130161
-1.56480330387
0.659318920287
1.32743508913
0.818657342022
-0.698277480678
-0.900521838252
2.83649714465
-0.0440483677579
1.04245115438
-1.4778088311
-2.34379927595
-1.29490611502
0.187794100743
0.731811819143
0.712587154734
-0.990486260028
-0.408126250686
0.806500267509
0.0515619457285
0.877185718553
-1.16112164317
-0.239791547975
-2.1801202196
-1.81511458508
-0.810585309073
-0.454741493405
-0.072630225346
-1.03633435398
-0.0872961270545
-1.08797780335
-0.0512792800496
1.91077103787
-2.77389690475
-0.619401050358
-0.131226207993
-0.523226567155
0.759925177801
-0.30929099926
1.51754516439
-0.538348209357
0.676566924084
1.34312279566
-0.793497041498
0.366263318507
0.257046083283
1.21900778438
-1.23397193814
-0.58562595525
1.36732362777
1.24972674531
-0.709785866947
-2.01839149414
1.38180576867
-0.924489617903
-0.21074359687
0.0539368142243
-0.657796537881
0.224953621017
-0.504998919766
0.627257906195
1.10763727992
0.0398078637842
0.684312583158
0.763663601896
-0.608469416164
0.138163287716
-1.14672299029
-1.43347176712
1.50266769932
-0.793890743471
1.01925389465
0.251602364985
-1.19489105164
0.279499654467
1.04215224887
0.120546248412
0.631176719102
0.932162162909
0.36726289264
-0.324241080416
-1.2647552443
0.119905146704
0.420384591675
-0.775498481923
-0.472361003601
-0.605430348703
2.29677899507
1.70540051092
-0.874814671595
-0.846419823791
0.517642025482
0.0669764993041
-0.563054618207
1.5638535315
-2.99982958774
0.438711645928
1.27645433937
-1.61784358538
0.753549192253
-1.01095722755
0.0217261039984
-1.82873709732
-1.01580201837
0.281560385165
-0.331410244406
0.80082077534
0.0713810223559
0.339836114724
0.789892811735
0.53966204593
-0.586228631014
-0.855716870778
-2.08422167048
1.17863566528
-0.5214006772
0.568292668072
2.43626574388
1.16666060138
-0.0699024054142
-0.402405909854
-0.0213968214911
0.30794233929
-1.58440606628
0.0488830976507
0.891051224686
-0.60631546328
0.292826653678
-1.1844791063
0.751975492644
0.358038404635
-0.628226869727
0.742774254446
0.303869764721
1.40362407292
0.418750598789
0.432887955621
1.38557815342
1.05593022476
0.0859505070115
0.521236480636
0.127170662939
-2.04306542417
0.113397290956
0.849713734757
2.18614854688
0.479548889537
-1.33842331614
-2.36713128605
-0.420270756763
-0.873363872606
-0.393184923974
-0.708798088461
1.29853880498
-2.177911691
1.07873816509
0.652039243175
0.759869906918
0.269717050679
0.719060871669
-0.336349030658
-1.00323088273
0.249460222551
1.0644838621
1.50724700318
1.03687919367
1.14286410705
-0.00429886926084
-0.0946722984617
-1.06187288192
0.0321719740897
-0.606687031603
0.579949473664
1.35108703231
0.563546487745
-0.436376922109
-0.0433320718295
-1.18565647733
0.941204966104
0.467368274367
0.148534500872
-0.000785967617133
1.19113161885
0.730481279917
1.47466295099
0.332712590282
-1.407315641
-1.42932761886
-1.20862591146
-0.0246418666417
-1.29340945671
-0.223996061615
0.886459903674
-0.837712823021
0.105056697383
1.35943848141
-0.786967616839
-0.916030744909
-0.785008316532
0.252975019236
-0.613588895729
0.0580097118736
-0.127431241624
0.167851945815
0.843309018607
-0.332740430291
0.719070811967
-0.54552750619
-0.239784428434
-1.25976593956
-0.0552280571627
0.403582694555
-0.475374777733
0.486966499206
0.941676780156
-0.411023610294
-1.68804160912
-1.72640266376
-0.352447694166
2.0091814051
0.187689460328
0.393584501614
-0.622084492543
-0.347044422075
1.07646993914
0.567222427522
0.134633167105
0.0768632777868
2.42429073306
0.499819652328
0.0741251582168
2.1331701721
2.66601152644
2.72445995181
-1.51476276059
-0.23337962843
-1.59937383561
0.540160940577
0.0770870035381
-0.443971717883
-0.174414653167
-1.1600664959
-0.0732023407842
-0.290418965479
-0.421687309437
-1.02792361561
-1.54947484405
2.06140508957
0.339597227482
0.581585918865
0.726470090857
1.34777856467
0.125435946164
0.309674017168
-0.362720495816
0.691303176943
0.594694205766
-0.288289175888
-0.55237127458
-0.934001847649
-0.0416314004579
0.692237536236
-0.0147122875427
1.32278043234
-1.49995286371
1.41856648836
-0.637057745701
1.45440925936
0.230155743786
-0.40926716171
1.31065652289
0.887543694311
1.22610159602
-2.03591312109
0.750070757144
-0.803437871859
1.33737050421
-0.314645952056
-0.121641367585
-1.89503396266
-0.796294938821
0.768607003804
0.0796624640597
-0.0779387781177
-1.43353307227
0.421632528617
-0.602012099127
-1.18501215217
-0.235683009587
-0.0290769965868
-0.589351457211
0.289984963582
-0.30805098517
0.0307229487041
-0.0533303159933
2.28380671115
-1.05315719836
-0.0174275789813
-0.329257394622
0.47804964823
0.0342448152964
-1.09770683734
-0.255942413256
-1.88192621862
-1.15961248743
-2.79389442695
-0.868721954671
-0.673332259585
0.820173286923
0.125025368686
-0.0885248178474
0.673915687825
0.342953359993
0.686368549601
1.29817297436
-0.102969415721
-1.35543638892
-0.199564193648
0.0816951537459
-0.038805792887
0.27881151676
0.235456112621
-0.105744754866
-0.967613736598
-0.481185342901
0.739523771473
-1.02250338646
1.45876742339
2.47424670584
1.93193140092
-0.0530548661946
-0.729387104112
-0.481357645407
-0.919811537581
0.160406840062
-0.136605711543
-1.52682582002
Score: 225