3
44
10
3
0.22352358563
1.21837753006
0.49467034783
0.947322666293
-0.170202257449
-0.550040349232
-1.04972430283
-0.690082157256
-1.08239507644
-1.58256703331
0.177152737971
0.78085135408
-1.91582830615
-0.843727184799
0.907550529929
-0.448946527241
0.232239504614
-0.734585720704
-0.422185115896
-1.3902785032
0.237776642036
0.206681257162
-1.06014477389
0.930353987325
0.578289957211
-0.451850050537
1.19029438746
1.41481645532
0.401240484475
-0.892456012658
-0.18577683094
-2.0096335023
-1.43327523808
0.781954169703
0.042132894648
0.186237259594
-2.22881560354
-0.212415431224
0.809808125967
0.294218908539
0.846754646216
-0.415536181154
-0.639799607293
0.266285890211
-1.44416005783
-0.564487431734
0.686198673542
-1.12395312624
-0.255820314639
-0.112262801033
0.533601421306
-1.2637222175
1.09072170828
-0.432363119652
-0.841649153861
-0.614406592035
1.93760319223
-0.758923484506
-1.39466258439
-0.84498979679
0.912005926842
1.3131841225
-0.545920961928
-0.328300415694
1.10419830404
-2.77454491625
0.757577471717
-1.19607165915
0.281826238551
0.202699189819
0.348474368898
-0.710770544738
-0.823785643766
-1.84396876081
1.62913011889
-0.949498789247
-1.1592967844
-0.42136752631
-0.0119817315203
0.544245961393
1.22099754054
0.184799004137
-2.65834759366
-1.24097370356
0.368978206499
1.92009757251
1.62555452439
-0.889494729706
0.810293403826
1.46208144358
0.124589159742
-0.078147204524
1.47794427584
-1.54992213139
-1.31850851602
0.222908677366
-0.954715977634
1.76629940733
0.17372794563
0.179159285593
0.285214099635
-0.0817927858568
-1.11812285332
-0.783083615686
0.800368522339
1.0571561195
-1.01395987596
-1.07497118412
-0.973410217212
0.556243962704
-0.853830066897
-0.795402919097
-0.0798670240824
1.07087275161
1.49645751378
-1.74868947893
1.40828462855
-1.16946430948
-0.199306264329
0.477472503027
-0.0171371209375
-0.714855726086
-0.423279025774
-2.04557742584
0.980476156948
0.142918752109
-0.652817073555
1.76025799516
-0.352541007998
1.82444848637
-1.35274101366
0.438811815144
-0.686574897248
-0.811940154843
2.18953119087
-0.415107300466
1.26184529104
-2.13243925294
1.49241934389
0.440453592811
3.14330754024
1.02455436831
-0.702357731737
-0.428839408347
0.260775688191
0.909456555895
0.474876926203
-0.463250381258
0.341180574855
-1.28045190806
-0.8409934546
0.0661633754348
-0.841544542086
-0.725821445984
-1.33352991895
0.663633625108
-0.0685209130768
0.523243296481
-0.402736524845
1.15979179014
-1.52627105622
-0.805115704004
-0.448242747554
0.443449644053
2.5390786121
-0.36490403477
-0.883033393864
-1.2037817641
-0.361977614847
-0.352704241233
0.212283192942
-0.47061665247
0.562471424219
0.912177133079
-0.938391741932
0.626566806565
0.0519991090691
0.363179016095
-1.54472793604
1.1170257369
-0.587911538722
-2.22761591658
2.28495059971
-0.0154178718503
0.915003591511
1.64187224866
0.609375104048
0.759780914806
0.372761799297
-0.0969345871536
0.485015666508
0.301824298694
1.64938051926
-0.604612247866
1.32522653823
0.55566243159
1.06413436564
-0.789532794492
-1.05983041052
-0.409662337286
-1.73985119714
2.19706498027
0.33574020217
-2.11198590567
-0.0575242262992
-0.644972401388
1.26615788582
-0.855038812648
-0.933516855104
-0.312383175445
1.45737056984
0.240706347826
-1.75367319308
-0.613247113844
0.651497854212
0.891309386533
0.961954943085
1.15731805588
1.65000467672
0.258104891367
-0.142129700122
-1.18385142949
1.14647844044
-1.64778612349
-1.03347753462
-0.758203987101
-0.801107758738
0.245846372029
0.239133004951
1.00254178235
-0.252993774746
0.756491171794
-1.67227622159
-0.531675564677
0.0115817314251
-1.62355234064
0.578762597976
-0.827505930444
-0.497098746173
1.23700400288
-0.110110977682
1.02938429245
1.35635063327
-0.445017919239
-1.05588505718
0.484608397548
-0.311726113905
-0.781536199514
-0.285390440608
-0.989864575387
-0.744438596542
-0.254363539033
-0.51074859013
-0.869466628854
1.4773900157
0.559870401508
-0.173306845795
-0.487462349185
0.280750758669
1.00306763219
0.81333110842
0.0154385746604
-0.269622942266
2.42972437134
-0.333032945954
0.305180986915
-1.64143921219
2.53452816773
0.223415040708
-0.11614097422
1.05459216838
-0.496289900515
1.13196037457
-0.231059994111
-0.666768635374
0.18382339159
-1.41812255556
-1.37094623834
0.529356157348
-1.48726000028
-0.757579080429
0.477268179287
-0.368901420226
0.133621824749
-0.284541214766
-0.316037072739
0.897747745152
-1.37346558958
-1.29955497683
-0.87918240222
0.290443336453
0.175341739543
0.524497245399
-0.589388760819
1.68709511755
-0.0697077894641
-0.608876924455
-0.365059297901
-1.45089548365
0.401189824666
1.30727026997
-0.667396056418
-0.323198338306
-0.373611972616
-0.173963554049
-0.937065189851
-1.01777473239
0.690202073454
-0.229312705675
-1.31445367753
1.3197638103
0.333254372219
1.1895003219
-1.17257717584
1.09944304713
0.221219597035
-0.202605055175
1.57872402951
1.2467089978
0.377357056935
0.621599580233
-1.61743691652
-0.834648413509
-0.704212427688
0.881401689479
1.45817267288
0.440844664399
0.640338372594
-1.16159760271
-0.677083889984
-0.393181005319
2.95942185203
0.53727770938
-1.06278972285
1.13165563854
-0.232165001384
-1.1919947369
0.144495941526
-1.40025354569
0.07941654224
-0.669384695583
-0.543490467882
0.892213070359
-0.315314232671
-1.78524399178
-0.657889543502
0.152384209329
1.06694206758
0.223108651276
-0.706837348451
-1.31458496508
-1.09269157617
-0.264162249387
-1.76371571804
1.11369666711
-2.07137929822
1.28320009766
-0.837222368793
1.39041742086
-1.74748569517
0.709177721772
-0.463184130887
0.457089282975
-0.425583753664
-1.27703914356
-1.33301366141
0.342406118538
-1.1208929242
0.710305622927
-0.342052655557
-1.70653663569
-0.456431751181
0.41730096523
1.12548851482
-1.45039549163
0.410270607981
-2.48009112136
-0.749070696403
-0.264872599326
-0.250648904146
-0.116284362873
-0.82519917645
-0.23832780402
-1.26509149674
0.61098401061
-0.816635577725
-0.22593268756
-0.497391784013
-1.13820789183
-0.444547563871
0.481802707713
-0.402421661964
-1.69455548293
0.26347330406
0.0557741729917
0.5522556781
1.28735976312
-1.55449188384
-0.2183955239
-0.573421058078
0.817692111878
-0.26225040908
0.887931803692
-0.206753686117
0.619714549107
-0.37575681547
0.753950701263
-0.196460942812
-0.464398735064
-0.598433112448
-2.18179345774
2.23275554594
-0.860258298605
0.0605665076267
-1.40545571108
-0.847007762761
-0.197716445339
-0.375422742064
-0.531994163183
1.42825504412
0.53384854739
-1.60045195007
-0.139064438874
-0.948805779579
-1.2377564321
0.0618135448677
0.221440453186
-0.364511148871
-0.862769284273
0.876139907603
-0.561464186027
2.10218685265
-0.714166492283
0.767561986263
1.03969703945
1.54196332516
1.07484626949
1.23766468717
-0.130556561751
1.94561840838
-0.181249426105
0.725374560687
0.335134346282
-1.04291223592
1.561907397
-0.641143870307
1.92722245235
-0.802569481482
-0.0292257431347
-0.390109951555
0.942509664912
-0.256903179854
1.44332137618
0.315432722185
0.757781441859
0.45889715922
1.54987048329
0.0369765820609
-1.73766356496
-0.363640768773
-1.31888541978
0.523674980069
-0.414035237289
-0.00673357827803
-1.14549703772
-0.705616606288
0.234598048375
-1.33089468545
-0.90486272598
0.786888314838
-0.14541962553
-2.4524132135
1.22730635155
-2.00701193775
1.27941897282
-1.89869792478
0.411532280215
1.5410054124
1.05654692885
0.458275491664
0.905279524232
-0.696266705082
-0.65193885319
Score: 1