3
44
10
3
-0.671267179296
0.682754472434
0.479761355212
1.40035137958
-0.516964699382
-0.981621979059
-2.1729650462
0.952831837185
0.0301033811319
-0.819494316345
0.182652817333
0.938768992632
-0.444895000123
0.282768536358
-1.43092687859
0.642685981919
0.924602450785
0.818474119154
-0.58914382371
-0.975961556899
-0.550577563614
-0.97433659079
1.15841160645
0.849747050208
-0.157081129643
0.385776316275
-1.55471757094
1.35283423272
0.483961503383
0.362975253733
-1.799366591
0.344531601636
0.862462344216
-0.367553506548
0.0394314955342
-1.05514531361
0.117386629774
-0.367301709231
-0.340791073792
-0.584447280934
0.744874021587
-0.317918277699
-0.0773710851645
-1.24272957081
-1.26258731594
0.603606541239
1.13084085154
-0.0489221516082
-0.217534482616
0.628312530527
-0.969407191972
1.18112021517
-0.389930164148
1.02554153784
-1.15626249206
-0.201815546498
-1.37346827575
0.224731384434
0.388775173528
-1.04054966767
-0.84913965419
-1.37884732794
-0.746933826994
0.453304159404
-1.02786440174
-0.229290030293
0.504839543594
0.694657864691
0.809980658366
-0.802134156747
-0.585919451441
1.15987105041
0.0674616326012
0.0219142905608
-0.932092423285
-0.836358621495
0.387641337795
-0.144059281723
-0.248772095797
0.710330104065
1.52464550287
-0.252335357145
1.34181873827
1.15054870844
1.67118401654
0.833564006516
1.84745585683
-2.11707242195
-0.01833175805
-0.289799019389
-1.009260058
-1.05981284406
0.0209269773093
0.105116350501
-0.448223389884
0.508716507004
-0.749329954698
-0.211201365814
-0.853040938987
-0.214264334668
-0.0344965915892
-0.745704146282
-0.160369916363
-1.06061869377
-0.209506183664
1.26862789577
-0.408595660164
0.507641216436
0.587646008841
0.251351935712
-0.669965256578
1.67862368107
-1.30958627752
-1.32029643004
-0.609272941832
-1.15549218896
-0.000784509341028
0.160628985095
-1.52266333841
-0.585835068357
1.69345469064
1.21270630722
-0.0944358543034
0.0461553839748
1.14248930504
-0.402925977237
0.354186358943
-2.08809724265
-0.538356983295
-0.687921847356
-0.981703017848
-0.563589138742
-1.28056897649
0.81786107114
0.342420117522
-0.51596162929
-1.7411698735
1.27811608129
0.538807896134
0.0912768809453
-0.175684319874
0.198074796318
1.02966836102
-1.00331326223
-0.542583042011
-0.58578731794
0.355340223076
0.276489762123
0.397745967571
1.41918657495
0.07552165022
0.175484683337
0.00215973819411
-1.29696474955
0.0232492645493
-1.06715314372
0.802515845597
-0.311732961897
0.858296997808
0.70860671797
-0.136056761795
-1.22019743635
-1.95900499939
0.327389418469
-0.430683977702
0.777708547256
-0.285066584635
-1.9245066073
-2.25055633412
0.0556143975112
-0.591323735219
0.604472684529
-0.202987321314
1.27333919385
-0.7887234021
-1.08255120176
0.217079615233
-0.342368142256
-0.934982394943
0.67111504846
0.675778604741
0.00532215929421
-0.665988571138
1.25496181095
0.714106246014
0.477261517766
-1.18604422448
-0.191094084951
-0.253301465768
-0.226837615615
0.165354285679
-0.10335300448
1.84912237417
-0.481322961151
0.91371101501
0.0206051539729
-0.617081514852
0.436251776889
-0.27083855807
1.98718260846
-0.855656525117
-0.154183254497
-0.7453161926
0.762247856493
-1.05065144025
0.043440703166
-0.598276930132
0.00211889158714
0.236896414681
1.51610047125
0.721219202067
-3.16061193577
-2.1155381921
1.11274647746
-1.62623060543
-0.498566670777
1.6370177337
0.137464371782
0.928034309265
0.0276965382137
1.12463819832
0.144573572741
-0.280189174688
0.294404518321
0.959413163359
-0.432355014262
-0.577891457261
-0.195023497135
0.455627360764
-0.0976588471428
1.19330159151
0.0748514247266
0.748384212382
1.02737556538
1.34686317467
0.593895289543
0.334376775559
-0.033520527936
-0.129094675942
-2.20742396149
-0.269572507022
0.75607086799
2.44133457051
-0.840407785106
-0.723061795353
-0.0193550472195
0.634015506303
1.21966504836
-0.915181771141
-2.03899746447
-2.41287208297
-0.361247619699
-0.109681335314
0.393754836959
1.88727488522
-0.219173463407
0.714903739794
0.233835064286
-0.291734577559
-0.365533134189
0.297837021105
-0.306313230117
1.86550279809
-0.0838220571987
0.381200564093
-0.274648507831
0.171392965849
1.32686640729
0.911083766824
-0.503005716392
0.680355190675
0.224956050869
0.0564091573926
1.0072804103
1.32244315052
-0.309933113455
0.558924348453
1.43076117762
0.154708194398
-0.229637985743
-0.993197631387
0.463768722333
0.407947383367
1.54483353921
0.246594838411
-1.04288493643
-0.500999843422
0.0477359621767
-0.0919828087195
-0.974607822246
-0.807763549853
-0.651602708742
1.48333434208
1.2485965739
-0.390391284852
0.804684204604
-0.715195630582
-0.658980341616
2.33452722259
0.238316683986
0.155180385619
1.12756955478
-0.36648547764
-1.68777515537
-0.309603609015
0.271492670927
-0.0649825037383
0.152709769578
1.19713996046
-0.229778185893
-0.281556435025
0.914421238959
1.32911987638
-0.239924806505
0.804688624186
0.943092658486
-0.0757870038866
-0.112982869058
1.04403334831
-0.472592724012
-0.208335230565
-0.828040406836
0.0353202574556
1.23264738653
-1.07101062608
1.61376027364
-0.609251632362
1.60528061727
-0.535745915464
0.318680287807
-1.7527815025
0.142012979011
0.807659252054
1.22079102123
-1.46754991591
0.908999741198
-0.642132280711
-0.0230118988953
1.65844286973
-0.895936485279
1.18007399167
0.371939662465
-1.43001003125
0.80503619507
-0.132916319982
1.00428045096
1.85794590396
1.24291088724
-1.71435691313
-0.119190982023
0.117943122665
0.543940897153
-0.153326296244
0.556512755403
0.210163898246
1.51066105181
0.573232632824
-0.629002204978
-1.71209578618
-1.13159098424
-0.626970170841
-0.483495692963
0.177509597232
1.73473430804
1.06958848594
-2.22948764262
0.55282653629
-0.269335195423
-0.35397613986
-0.85104575323
0.233964032971
-0.723050921892
0.357554307936
-0.474536909576
-0.37839689225
0.837258131681
-0.143614149053
0.0987802359398
0.0016097982522
0.952206605065
0.773256300191
-0.384133951321
0.949215569569
-0.0132753756521
-0.359672982053
-0.0818435570646
-0.219913500408
-0.559410232
1.01942068664
-0.604355891406
0.346124675322
-0.142766023661
1.63693583178
0.471186184704
0.309599940587
-1.27921930229
0.634594429331
-1.53116018625
-0.469609408918
-0.19322135582
0.875956148492
-0.0245326093954
-0.457724657642
-2.29477940762
-0.000666475471556
0.674841863029
0.844046790301
-0.0337400167981
-0.966226949413
-2.20357635847
0.109403476554
-0.662954100199
0.252943525377
0.142096669458
0.560642265495
-1.36560033055
0.237655499314
0.852266730018
1.35069436268
-0.381918436576
-1.48868951305
1.32119335258
1.02976798626
-0.0644942526981
-1.62252392949
-0.216250476627
0.373324962933
0.846678923141
0.0100903397634
-0.0739132604439
-0.174598781651
0.354400999084
0.511077636737
-0.00819335584968
0.307576748296
-0.264690663196
0.971651089797
-0.00863398305101
-0.419056321554
-0.358124087166
-0.123220745627
-0.323512423171
0.941752116344
1.93353887895
0.82414901804
-0.0560450555573
1.063240924
0.885453579879
1.16563811504
-0.991696363742
-0.360768860756
0.477162129381
-1.81820315052
0.246840750557
-0.491633517305
0.52727294606
-0.78318037341
1.12634431319
1.13584899794
-0.260423664853
0.922359120433
0.848404408123
0.547914071871
2.52716016494
-0.317863390301
-1.14590561644
0.398168782384
-0.74233284411
-0.0157091679837
-0.783415546644
0.496739955482
1.18968973617
0.515853473598
-1.38113256724
0.931041391159
-0.701844508348
0.399530923706
-0.73099672418
1.42905992491
0.13076515034
-0.88105744521
-0.202484534142
-0.0349487526161
Score: 13