3
44
10
3
-0.407309264945
-0.783879253217
-1.19122979688
-0.901666342027
-0.00185392360137
-0.609240442275
0.894211136447
-0.0670174717981
-0.952442017579
-0.156087423374
0.941421814402
0.507448094764
0.403448424464
-0.394520206752
-0.0156917509657
-0.871356054012
-0.329789672808
0.131744969161
-0.730521545642
-0.135764302939
-1.27911496287
-0.22792580745
-0.125976372822
0.760808859782
-0.0621085097401
-1.78844922764
0.545133439417
-1.10533861724
1.51082025784
0.750944465182
1.51339171116
-2.60122617784
-0.930815399151
-0.667731353453
-0.165500999593
-1.20100671652
2.14573703372
-0.562739262643
-0.295623354976
1.71107593793
1.43349282458
-1.67146188628
-0.771488913489
0.671648299069
-0.0778255589906
1.27220129175
-0.871434885966
-2.12939897354
0.207993577265
1.00811889443
1.14091474668
0.5062271824
-0.148556179134
1.14929800581
1.828968771
-1.05866286016
-2.81786104317
-2.4930930114
-0.527645234999
-0.405192576206
0.096355354724
-0.615462588882
-0.932908521927
-1.27790920221
-0.983739383399
-0.500905431345
-1.63362380735
0.00424843581382
0.0521670993805
-0.500233723387
-1.40551182417
1.41005869207
1.54112445097
-0.484110964715
-0.473491281559
0.173568004257
-0.673754095179
-0.517949429036
0.176365914648
-0.399826749572
1.66475266704
-0.346646586469
-0.596111378737
0.264680158002
-1.17127539737
-0.764656217688
-0.72939011483
-0.0336486682462
-0.318564527779
-0.787854441454
0.750651651095
-0.30088735673
0.93534318232
0.56826775789
0.622227368181
-0.825774439285
0.969057213753
-0.0614015426481
-2.04222178527
-0.833423288403
1.07290084987
-0.576459419917
-1.88240025412
-1.29024167945
1.44692062221
-0.18551177874
1.83532393472
0.312037734178
1.36936617158
-1.22835171173
0.146810373846
0.155841153037
1.40039039444
-0.30437627306
0.201776749018
-0.540257552408
0.908897644336
-0.859625349326
1.556426065
-1.03373193616
-0.76358806634
-0.355236815942
-0.20383596412
0.464402120066
1.07168797571
-0.4023606721
2.18829740461
0.655514967309
-1.27322345411
0.552602232204
-0.0582504019258
-0.480797384517
0.34202275196
-0.0953137668487
-0.239706065844
-0.563888717381
-1.31343020793
0.417208975754
0.686659555192
1.15849246482
-0.652855367004
0.804716278696
-1.56804224667
0.662491145929
-0.286075814643
-0.954885292359
0.284458023246
0.889695523762
-0.104175180462
0.462059274535
-1.43327204819
0.629712736545
-1.76306808305
0.687551843343
-0.351656662091
1.58175182936
-1.22673252498
-0.259012453509
0.325542406404
1.61770097241
1.1460611998
0.147709955841
0.120930956969
0.16517765308
-0.699718522274
-1.10544108672
-2.1279290604
0.176241569705
0.468155302355
1.23864169225
0.931191373148
1.12728624332
-0.0766059593969
-0.25018794283
2.73175920155
-0.343263957587
0.14679768186
0.601894503673
1.91093327063
1.47348548739
-0.112824512895
1.95375681429
-0.393321275722
-0.002681940961
-1.99657954302
1.32100504469
-0.373498094214
2.18163777698
-0.357263324265
0.62466128407
-1.44763405534
0.983012257112
-1.56310573139
-0.451533961486
1.37620685535
-0.0477269069198
-0.073098794116
-0.0518763679154
-1.10450437104
-0.594381302673
-1.10757731344
-0.760688997291
0.891571263088
-1.58988698789
-0.990999531191
0.964756375842
0.658482264604
0.598400453691
-0.807091692327
0.327326235264
-0.872324154279
-2.15289430973
0.320833831458
0.673755007575
-0.384977419175
-0.514648643344
-1.25205517356
-2.42585682211
0.524894468925
0.652985500554
-1.37699751539
-2.54277265635
-0.306215233674
1.70878591656
-0.471572146562
-1.1759182131
-0.227914908509
-0.994249402577
0.370588389258
-0.992749307364
-0.85470162494
-0.228601768877
-0.695884283882
0.817099930905
0.121735220945
-2.00060889625
1.0746025799
-0.00777233145401
-0.912087764082
-0.45289930686
0.525345887625
-0.61756855582
-2.79151873102
0.741222294897
-0.148962268052
0.304674431837
0.626866852496
0.30799807966
0.85248242347
-0.0618514928271
-1.32627527668
-0.632196400951
0.566685400478
-1.15284251671
-0.0151599247836
1.57811085408
0.741568169065
-0.186499902027
0.103369406808
0.417711075069
-0.50005118822
0.261458664829
1.11121884631
-0.0877957708252
1.1898857715
-0.957524236374
-2.25455738692
-1.77474091726
-1.46397436767
-0.195333006594
-0.426305957959
-0.13377203171
-0.119503099757
-0.618511814937
0.302354255637
-0.229015197078
1.14982607016
0.0771727623852
-1.60190868273
1.68873126848
-0.448479120682
-0.213652946641
-2.03850161322
-1.17203162982
0.650876565495
-0.426681526821
0.898678587418
-0.112673570554
0.592252722729
-0.764268523225
1.35764973047
0.947090448796
-1.2893317581
-0.659344467195
-0.877018179364
0.554717978499
-1.14640388221
-0.26759112191
0.452372783379
0.610017314388
-0.486525567983
0.0537156599742
-0.145488523427
-1.301335853
0.202740786619
-0.316649921061
0.203471317279
0.334008718137
-1.18570482206
1.39057158179
-0.867011609359
2.76267593602
-0.608479890621
-1.59785253046
0.377041296195
-0.113747794056
-0.0532484033125
0.818854815197
-0.343020771283
0.789470601736
-0.215925145648
0.499003515523
-0.0298703822394
0.625641786677
-0.448769147757
-0.529910989521
0.678301377914
1.9360321172
2.10432636002
1.19310618184
-0.418290033993
0.14875422998
-0.0554255713597
0.227014274351
-1.05927212925
-0.934712106473
0.473547663687
0.0800693709503
0.809745166549
-0.400988165417
0.216776368735
-0.630071880354
-0.157036336915
2.05029579939
-1.04659000815
0.125606077976
-0.336140180124
1.02988759247
-1.42572319869
1.39232868614
0.415835029464
-0.857617582634
-1.48425098838
1.33174957005
-2.15704088927
0.42282098254
-0.531530811695
-0.266757476228
-0.331920750002
-1.61758198322
0.647793293539
-0.0982848172773
-0.0721636417983
2.11140639668
-1.42986700538
-0.313722954885
-0.380190720475
0.6846856256
0.87756228808
-2.27716487916
1.2713245398
0.023366294309
-0.391518614212
-0.362624095127
0.500513554604
-1.41580624355
-0.528009907162
-0.797010059112
-0.278193002902
-0.410326669366
-0.603595718997
-1.76405360735
-0.612831759304
1.33018990258
0.543070542137
-0.736509290879
-1.23572408005
0.460782093766
-0.67823799759
0.366169248801
0.802444287022
-1.67881158343
0.00676245653566
-0.493161227665
0.702000401278
1.26950394083
0.751787066139
2.00865098197
-0.408827108892
0.91757546234
-0.0248921669518
1.77786560125
1.08310562944
-0.92824770695
-0.888568029137
-0.371560937895
-1.08354740739
0.809237250097
-0.756159216946
-0.276324500523
-0.103130106153
0.549030200648
-1.73540340821
1.08813330048
0.139456185143
1.29836546804
-0.195078593139
1.15674174955
-0.81374120886
2.19183300929
-0.483050192972
-1.23204283111
1.08650307496
0.380195302378
-0.857596063716
1.02527667232
0.890684035905
-0.0313813981786
-0.857629790575
1.20284994129
0.119339195329
-1.6628174184
-0.402288694576
-0.0522922503258
-0.881904802518
0.0786905170491
-0.127969830524
0.131132038092
-1.09811143599
-0.22254385153
1.12821833971
0.085945916842
-0.175694748697
-0.156471443604
-1.15256415084
0.232985879226
-0.470060234089
-0.503781043297
1.24307897406
-0.0735839687289
-2.14486596767
-1.31942524775
2.25747883843
-0.620990066711
1.02392733447
-2.57803410057
0.110083131536
-0.987620458642
-0.0579163438063
1.54089472284
-0.242763677613
0.383424728177
-1.00717678929
0.940236390782
1.7362750652
-1.51998723881
1.87411134794
-0.698585867604
0.445651802209
0.627775904519
-0.73418518079
0.533925367422
-1.44705245825
-0.985471587635
-0.107642393893
-1.11400558921
-1.03714671754
1.20689792954
0.878877538011
0.00403849620336
1.05809034049
-0.588780489937
-0.829741359615
Score: 32