3
44
10
3
0.599619078898
-0.261310623106
-0.176708589439
0.361995300435
-1.35841082798
0.0462944411263
1.02318752766
-1.01429294956
-0.0913919089552
-0.135358039315
-0.228580284418
-0.52344895551
-0.0397032311903
0.446769497652
2.07207899269
-0.805063169538
-0.138617482407
-1.78563615158
-1.68785875564
-1.00703083304
1.95416577801
0.942425262378
-0.544105837314
1.99569632556
1.18312724429
-0.928646675315
-0.943003945337
0.0355926090786
-1.69878619765
-0.335525806627
0.143756167405
0.702641309894
1.46749909746
-0.641312352569
0.00187836072953
-0.211074413122
0.128696176729
-1.13495049055
-1.98161363252
1.90879711578
1.24035475051
-2.034349053
0.800315172573
0.494371826199
0.00387067185221
-0.0681204735516
-0.214966632418
0.133089399975
1.9714504356
0.505023094375
0.0437009503445
-0.866160212991
2.05185494617
-0.622051849116
-2.70051281653
-0.13341788235
-1.29550412662
-0.258026549417
0.308591762619
-1.9123990218
0.391372115912
-0.592604581319
1.14565915849
0.423786273031
0.60989764718
0.941479541044
0.0834231875701
-0.000782154497741
-1.19381364458
-1.10423340765
1.03092910847
-0.638921356054
-0.687092223365
0.0251032437386
-0.41752472782
0.99464858991
-0.553188927334
-0.0560793598306
-1.16478782451
1.37189287142
-1.05865440286
0.683988806112
0.194617291019
0.0383043620017
-0.27027731396
-1.2445193788
-0.0591223550354
-0.0250082592413
-0.825858783669
0.228359185102
-0.0196174985082
-1.10568469386
-0.558307293081
-0.582571132248
2.72561990001
-0.576322147401
-0.347613407155
-0.712617761397
-0.975724027703
-0.0193323255503
1.2776837486
-1.74573128204
0.767791966397
-0.169701205112
-2.58828315433
0.584296155436
1.29834646148
-0.896675872363
-0.407687260679
-0.241703601083
0.392308468209
0.65670009803
-0.703913849043
-1.69228732561
0.317837429789
0.432586869961
-0.338667052776
0.785797670287
-1.3441871719
0.67405499605
0.294524477821
-0.644222168279
0.21016610263
-1.99160974707
0.0591777406205
1.39100223862
-1.4634806182
-1.23629557911
-0.829553735891
-1.34887833994
0.424669633758
-1.45316072033
-1.5351614263
0.864919558468
-0.147610287991
-0.593487107925
-0.0243357473125
0.861772026902
-0.188780774745
-0.698203365996
-0.87779501992
-1.09948821203
-1.75228791896
2.88509902538
0.514648576229
0.875010383093
0.63234346945
-0.4492782472
-1.21776518762
-2.12757948911
0.378969554293
-0.489827515016
-0.162243423601
-0.839128902517
0.596538866508
-0.220229466313
1.92925995772
0.569133410551
0.626836880837
-0.00551130875913
-0.914895672559
-0.363475862768
0.13749917026
0.890928522449
-0.244783364498
-1.47364768834
0.476337567242
-1.09145582634
0.228803539731
-0.544515149511
-1.14504219333
0.584568123304
-0.884361431968
0.363661772137
0.729994092315
-0.332555828995
-0.695782136163
0.16757210684
0.196993864285
1.24928497833
-0.88135534475
1.76456145121
0.516260242808
0.105315175757
2.74138537485
-0.204083152592
0.264909612336
-1.06410206704
-0.399303197552
1.34387393404
0.0706616372648
-0.18379204794
-0.0319745028517
-0.241003848119
0.227542738108
0.229958275754
0.877532397945
-0.3965824593
0.318374338979
0.90791154387
0.162689139871
-1.18361286139
0.370136942358
-0.247765871057
0.212629011783
0.000772543096342
-0.209824798714
-0.293084429408
-1.49725281649
-0.00604984139798
-0.201580823919
0.79218159504
-0.0472661469334
0.150289767056
-0.587880534225
-1.65085650809
0.188961279241
1.63439642181
0.40927264292
0.839812942873
-0.315531076278
-0.49659648972
0.371209206581
-0.587077920868
-0.607998867072
-0.499125094586
-1.71140781081
-2.00578469187
-0.854278077178
-0.655957627199
-1.29182441247
1.79299580641
0.127311211173
0.637284382288
0.668116880391
-1.14929699193
0.261862910912
0.439960855183
-0.236753019681
-0.491329313413
-0.726882603352
-0.294731481447
1.2079627801
1.72891926212
-0.34738520099
-0.604849761982
-0.569316097489
0.0214815543248
-0.221819709096
0.325024238523
-0.902906667758
-1.63377962197
0.653625568221
-0.303048144011
0.91866441124
0.528085640314
0.877431379135
0.910959103789
-1.29048416683
0.461764364138
0.186674996579
1.57091746769
2.06128052845
-1.47312276872
-0.758503491132
0.516312429322
-0.0114234429848
-1.21108656303
0.79944357909
-1.19625224174
-2.35068063303
0.269121515576
-0.104756642786
-0.581961725271
0.58602963487
1.04684802847
-0.6629303647
-2.12976521886
-0.74427639364
0.875631813167
-0.713188989064
-2.23495237827
0.000721799066268
-0.109873520297
0.102057093912
-0.925590111739
0.362366717146
-1.49285391271
0.172396047446
-0.454541169262
0.60522496639
0.44074846747
1.01741522163
-1.12422873949
-0.156636075544
1.12088345009
-0.908094122637
0.972573191879
0.213792607541
0.558392194315
-0.503115780036
-0.226709682581
0.0931353867554
-0.214783353775
-2.52482294326
-1.73741814248
0.358570965845
-1.58356274408
-0.668849289558
1.11458138498
0.502603597322
0.395989633727
2.03253317673
0.120745420084
0.820131184666
-1.22900070339
0.0705238781972
2.69731770968
-1.24481589345
0.650861513017
0.0496012434627
-0.635951673855
-0.71958735441
-1.24681240149
1.40672913277
0.854606443694
1.0996402043
0.644619093975
1.7901106053
0.0930182304583
1.03225515339
0.344025850018
0.752522644799
1.34054655996
-0.353320963571
2.22389265212
-1.20638448157
-0.372985430167
-1.33100721125
-0.863583774891
0.844707907252
-0.736065755182
-1.24654848392
0.103416311023
-0.230920430192
-1.1700504919
0.749428942723
0.394004899194
0.585584376364
-0.84490390943
0.498215089597
-2.14992251071
0.110239663155
0.0825769764661
-1.08723063398
1.64671487092
-1.36711055108
1.87324865232
0.853942028178
0.135720335436
-2.05612248843
0.23476664515
-0.327498715397
2.58343221385
-1.45851885902
-0.478337053188
1.28999926364
-1.95725291494
-0.498090210355
-0.44783492247
-0.205534343248
-1.96829199259
-0.0145544411119
-1.80040095359
-0.308002713741
0.385098458029
-1.2284829643
-0.359758021635
-2.50661821482
0.410897008338
-0.0761480955276
0.133995438358
1.04030481115
-0.542507151167
1.64777295524
-0.193506864023
0.292669196339
0.104301132509
-1.22810180751
-1.58012193524
1.01469290207
-0.116117356705
0.83460928985
1.14719727488
-1.00333337823
-0.474400237438
0.354643771286
-0.520709729753
2.04542124006
0.760183730819
-0.675195007472
1.42246882364
-0.544572470602
-0.751137888544
-0.648070515585
-0.700942717984
3.02626802105
-0.867843092902
-2.35033906114
0.371696222105
-1.04480621896
0.687034570111
-1.16477857516
-0.986872606064
-0.712088675403
-1.11874020701
0.915841732726
-0.252492416278
0.918241196784
2.16697041301
1.18561874837
0.169779069848
-2.34475618048
0.576347060203
-0.566594590182
0.409614160796
0.0594638656235
0.152050183345
0.14875503562
0.936644927653
-0.340225774049
0.711015909762
0.0175283363409
-0.684437534721
-1.91797531291
0.691058422514
-0.589837051237
0.915114269162
0.503531534639
0.697938780095
-1.26048878489
-1.46525324597
0.162371517978
-2.50252099469
0.876128300586
-1.88799348749
-0.159920223539
0.124654915278
-1.69960006874
-1.55478058561
-0.463525226361
-0.607283590871
0.8188349397
1.18120990902
0.388293778579
-0.893463095944
-0.3617996395
-0.500938639762
0.237869174848
-1.07845017663
-0.718833031901
-0.762927943339
0.0658588668695
1.07303136832
0.281478130139
0.179211814284
-0.824235626295
-0.64912814873
-0.814693817177
-1.82709122683
1.44984480217
-0.97473531992
0.449598202924
-0.290687333811
-0.110350976569
-0.126125126892
-0.569556029881
1.2716799119
-0.28636312199
0.0982563396443
-0.573842642714
0.33379634609
0.919564706486
Score: 10