3
44
10
3
-0.0256894548457
2.49190665179
0.266245608652
-0.588283310815
-0.119688450692
-0.1556052215
1.36003264596
-0.653350519661
0.382148529257
0.813442647943
0.172078127105
0.838315830983
0.423567206975
-0.350765563217
-0.109076590304
-0.502143859039
0.352414295314
-1.04323246314
0.766240684171
1.44576915178
1.42405475936
-0.211450631169
0.218128977821
1.43852321896
2.26423661904
0.321126087719
-1.71871931383
-0.742558244692
-2.9185619397
0.81333928339
-0.535908401349
0.611011699328
-0.11263304649
-1.32745130713
-0.0700485379079
-0.00732154830327
-0.729473577928
0.162562485593
-0.256586909967
-0.940724076439
-0.0780360432512
0.407050285424
-1.31547307636
0.794789058873
0.683123489691
0.598384139339
1.04428471104
-0.864948331523
0.267654731662
-0.237779501274
0.619334158737
-0.676456235012
1.53474744947
-1.36350887295
-0.595317098817
1.22562420774
0.0548105011466
-2.36096964934
-0.699535713457
-0.0298817106002
0.281847337496
0.290169563427
0.75323366966
0.0782630361198
1.35270486635
-0.313415376456
0.000323862268772
1.19029716724
-1.14707827012
0.684232395681
-0.238315799978
0.0102705698077
1.27733799277
-1.29573874336
-0.542963481882
0.393805736469
-0.123658071614
0.648751149984
0.595938951614
0.753853761812
1.31244969593
-1.56801500927
-0.229902318285
0.0984783890167
0.376051747595
-0.476723776377
0.289325979541
1.21013877672
-1.49490408013
-1.90061135489
-0.776992161497
-1.43244799455
-0.64127179019
1.02622697914
-1.40108324195
2.31041078467
0.109688036973
-0.357881178103
-1.34564389541
0.87971473496
-0.989893952178
-1.41040548755
0.228416527265
1.55058390729
-1.19766607231
-1.81130514859
-0.0507820881739
0.61805285539
-0.995087657178
0.0836074659713
-1.67790079025
1.65730907674
-0.168608357183
0.232677902945
0.214319555864
-0.544856102727
1.7124744121
0.911945823579
0.817042065918
0.898475325298
0.171598899223
0.342049647784
0.743461075334
0.942386552268
1.45620105322
0.0428134146273
2.1368653723
0.147563083668
0.226996597169
-0.947053172325
0.365156680763
-0.453809005372
-1.72891131908
0.734781851197
-0.134772160623
-0.449104212854
0.0580221348746
-1.01071053678
-0.914990030365
1.36253509955
-0.635902924091
-0.192125497683
-0.570546005129
0.744450065695
1.96395736054
1.22219763399
-0.214212282667
-1.24724481563
0.267474863759
-2.07194112123
1.18761777819
0.633451376671
0.924565609246
0.847666062229
-0.343305492405
-0.122382808005
1.03548968568
-1.27395914973
2.52982757822
1.43561517952
0.176032796545
0.0300687597487
-0.825629986058
-0.758329628001
-0.863609689569
-0.466969515184
2.13106415021
-0.124188675819
-1.28726801824
0.285595279113
-2.55409817081
-1.77546589772
0.85699958059
0.40140736074
-1.14685432959
0.496660195427
-0.831559327895
-1.6475379927
0.194470305968
-1.16543457389
-0.680057263974
2.74380393557
0.536358679181
0.387867746419
-0.472996700401
-0.560814189202
-0.299464637996
-1.44012579209
-0.927132581287
0.623987800754
-1.39108641122
0.884667600878
-0.72769114725
1.92230508087
0.379508554819
1.16061915825
-0.0806649546709
0.500895385299
1.22898510645
-0.721294672745
-0.115223683528
1.65901773735
-1.65049658187
1.6371132504
-0.719952039661
0.811876731862
-0.758844270318
0.458950869889
1.82938996858
-0.223753198693
1.31087438933
-0.252235434362
-1.21916220787
-0.186029917722
0.663647881833
0.148165294435
1.50562526535
0.237672928711
-0.811384919569
0.457979487658
0.00771451159042
-0.0735603235424
0.890041236404
-1.22927398468
-1.19768676225
1.69950083937
-0.739371693283
-0.165898740287
2.13478211871
-1.22465874388
-0.552056352994
-0.1013371259
0.180852494731
-0.370094130426
0.225619717279
0.69528898262
-0.96957085372
0.705831607105
-0.146665173546
-0.582057440632
1.32326653264
-0.352458788633
0.519558826816
-2.39730071326
0.866923351846
0.412517854436
-1.61693129873
-0.711740944224
-1.46632255805
1.92806448672
-0.112380716015
-1.53168884557
-0.540519551926
1.70253471752
-1.88723670906
-0.0562397338617
1.08407474737
0.595262785748
-0.164367723166
-0.792002135955
0.395613238593
0.143045082819
-0.00265293322638
-0.630165495386
1.46352791958
0.933762304075
0.0211527851366
-1.18575428314
1.29450659286
1.42793357034
0.25894643052
0.0339036844113
0.710459580401
-1.73597532819
0.509339465231
1.60119285409
1.37676009934
0.0380157923627
-1.62107446128
0.707978428468
0.0110815552362
-0.632476227032
0.598739945753
1.19192722026
0.557328692758
1.01719186892
-0.497525722012
0.850842748588
0.809021356057
-0.66096682472
1.21695094279
0.208607189196
-1.55851278672
1.7730509549
-0.987798422642
1.24434035023
1.26613963341
1.0454671363
-0.281603140496
1.05298899029
0.943162318637
0.28773242001
0.0995338631678
0.11036461155
-0.66686608561
0.89560364983
-0.77108894972
0.00834648564845
0.139574375395
0.693102658325
0.833471150018
-1.65849366936
-0.632514621296
0.716530182313
0.543638959384
-1.72496759337
0.511111795895
-1.00183587629
-0.226419334044
-0.0380161232234
1.06334357186
-0.227155515257
0.585991150047
0.672365841728
-0.480436378152
-0.176661143346
-0.108739971031
0.0532819714113
0.553988914934
-0.937746736151
-0.468476880897
0.731581393901
0.668685226329
-1.18922433657
0.295230864891
0.253122079823
-0.785728567664
1.63813535736
1.74158325634
0.784024137638
-0.597733369239
1.40021233541
0.0808270939711
-0.767273702998
0.526026750611
-0.234746877639
-0.136387237666
1.64966649472
-0.840821596747
-0.546744739026
-1.21423994256
0.0608793379598
0.81383910656
2.99587502823
1.22453292801
1.44422830234
-0.826989343516
0.0552481016662
-0.274282091621
-0.0553444608319
0.699640756178
0.165341142133
1.06798534406
-0.0526268963533
1.13379232961
0.896599835083
-1.11034021042
0.581036195773
-0.0776732516521
1.17865366752
0.532907989585
0.817124765244
0.944912821717
-0.234565648932
0.769453679406
0.269060838883
1.1323239364
-1.28447609329
-0.507948772352
-0.75473819598
-1.42016195258
0.625655019915
1.25168467878
-0.367230422425
-1.03573542478
-1.6238007015
-0.229843600019
1.00165718923
-1.8482803473
-0.0419500674522
-1.02437937023
0.75344903456
-0.288714524943
-0.614212851724
-2.19610628205
0.388843870037
0.812134486237
-0.300473217066
-0.921181182906
-1.4723391349
0.63370850163
1.0561188698
-1.50846923014
0.700547236015
-0.0459966593773
1.54876716225
0.149682803835
-0.105960318478
0.465805343989
-1.28550902289
-0.0699528395616
0.109961645459
0.442234733512
-0.92990315562
-1.78912098103
0.106687125472
1.5432997797
-0.358070943333
0.722147505193
-0.39185651199
1.15480016985
1.04094385757
1.47536200206
-1.17119673955
0.123954623677
-0.271599650072
-0.22619190101
1.44068383308
0.800871033318
-1.44354588062
2.23717443275
0.626348492377
0.207521837907
0.708111806066
-0.449801022883
1.9594903008
-1.72379276205
-0.718344176833
-2.81458946047
-1.70684574852
-1.65185650356
-0.775302742802
-2.54502390641
-0.117761849248
0.00816496426981
-1.408624975
-0.27787011217
-0.254662616083
0.427202720037
-0.237213710922
2.29127037405
-1.57387487134
-0.714673127356
-1.11831733861
0.589932730294
-1.21647602587
0.968224453391
0.180188389499
1.08778798428
0.174174560379
-2.35443750403
0.262216989629
-0.999620556069
1.78186649571
0.189375996389
1.177195657
-1.17681828493
0.642506961423
-0.812164279858
0.444007830037
-1.32244647244
0.455674273649
0.697205832974
0.366225765152
1.65837550857
-0.267957918263
0.759819902798
-1.27777445326
-1.08206509165
0.848587631377
0.111017653553
-2.30478868742
0.114072133769
Score: 13