3
44
10
3
-0.60000908467
-0.680350100999
-1.34739540874
-0.85445060133
-0.0779959288225
-0.633394295521
0.80501063177
-0.133528546034
-0.854322330667
-0.00479650241506
1.08482896114
0.462605736708
0.276166610796
-0.317074485998
0.238654640224
-1.04625887042
-0.417799146924
0.467110247536
-0.851590523069
0.0350170083495
-1.49271250787
-0.0521418092815
-0.10555942324
0.632375993123
-0.19615093353
-1.72279819057
0.596254357733
-1.18739614571
1.45660287689
0.774411971547
1.45357615103
-2.53156536414
-0.999964783647
-0.729069516521
-0.174237018003
-1.32084359479
2.0591593367
-0.618688537974
-0.265283755319
1.56917864547
1.50875267752
-1.19666611671
-0.925454401618
0.711664237486
0.0186025409413
1.14166907006
-1.00549417395
-2.19666329386
0.281208762675
1.03798749232
1.29706032424
0.301905247397
0.00821242369161
1.34593890958
1.7640356416
-1.00586470548
-2.79127208585
-2.49106652186
-0.475321368251
-0.266448609195
-0.172660218587
-0.548858639888
-0.773191103698
-1.29283772833
-0.919737023853
-0.534434771
-1.77585850404
0.198585019798
0.173114270383
-0.770191645882
-1.49188828966
1.46196121238
1.5599401094
-0.591161274798
-0.306744149436
0.177710235058
-0.769180180427
-0.493184566672
0.114350592009
-0.607691944101
1.81528228397
-0.507823328008
-0.477975177885
0.259099841048
-1.07748891563
-0.625364953099
-0.884562783727
-0.0226022080098
-0.372239849088
-0.871211253644
0.526774099109
-0.581783640379
0.873928802229
0.550888438164
0.658787784983
-0.632982156019
0.913533540797
0.00254224965054
-2.16580671565
-1.21470723738
0.975584354485
-0.479218760958
-1.80618927997
-1.72296078535
1.61248482457
-0.0332701721679
1.81790018507
0.432639806978
1.28527860965
-1.10882828709
0.0882321360141
-0.0702208231532
1.52926342378
-0.368025994088
0.292137230469
-0.447670549211
1.03225660835
-0.91140617029
1.70558333511
-1.07386268229
-0.702604480546
-0.48369355515
-0.435895054632
0.682816660882
0.820771618274
-0.588476531498
2.27075883352
0.352721436793
-1.31916362033
0.487593415561
-0.148247407994
-0.58839680841
0.37475093389
-0.466824215874
-0.140124505675
-0.506310991274
-1.05872976386
0.455794854019
0.898829315998
1.27547058542
-0.636216537816
0.738689037133
-1.53333085402
0.604207961676
-0.709674336851
-1.3113955262
0.436037767868
0.870293422824
-0.187704171142
0.201010650028
-1.39417257628
0.807979156323
-1.8401519489
0.850900190394
-0.198043639062
1.77359228428
-1.1744711189
-0.237365399494
0.540351094893
2.00642327138
1.25978749171
0.322866479121
0.143719916642
0.162596891073
-0.818852798998
-1.33063852508
-2.08022041688
0.177139976377
0.575889607641
1.48608837676
0.737600628851
1.10126210578
0.198857724594
-0.343847129681
2.57313582925
-0.184205013856
0.274676411359
0.770050957455
2.00923809167
1.56589998099
0.131948779281
2.00030324487
-0.222396288257
0.0777023883271
-1.95530848876
1.13574131243
-0.399314918216
2.03978593023
-0.396968791696
0.509946681104
-1.72052469705
0.976851390708
-1.85333016998
-0.514648795904
1.55063369198
-0.099241010391
0.274812360372
0.0742178802405
-1.22813696091
-0.213937341604
-1.02633618256
-0.89501151354
0.775364715423
-1.43433664494
-1.18598254869
0.955708083374
0.486294533157
0.666561219184
-0.689775592494
0.360095059714
-1.04738345759
-2.09445312064
0.477399694396
0.540637406979
-0.240367059105
-0.723687823008
-1.26470628642
-2.23176426331
0.415171802793
0.68440413092
-1.42072336673
-2.6501749951
-0.347930386358
1.60211232811
-0.358754882633
-1.22858891189
-0.327879297733
-0.80481882008
0.112117052773
-1.05124012582
-0.575124827717
-0.353492698959
-0.840050502556
0.590294608039
0.222932645238
-1.63240011877
1.29078486429
0.0982399679308
-0.855281531165
-0.54158756905
0.301499345225
-0.289225557771
-2.78031087053
0.780423917582
-0.188803315179
0.089197414337
0.511906193401
0.125867541465
0.764034882939
-0.227885877107
-1.50157173573
-0.734360723051
0.597247692397
-1.01651747892
-0.0328804369562
1.43582802745
0.679885021906
-0.527285472658
0.117858294331
0.2250846392
-0.56577573341
0.215846187108
1.05230913983
-0.0146484025779
1.10343858213
-0.820763029163
-2.05288048824
-1.9467392057
-1.35328973919
-0.047482513505
-0.444700752847
0.0576579326034
0.0697201915409
-0.469563375912
0.166958155053
-0.155025225421
1.3241385506
-0.146338156509
-1.43724617634
1.54707924815
-0.170432546129
-0.216025829659
-2.2229793065
-0.945601804199
0.592896413226
-0.221418415399
1.08677933662
-0.316703853517
0.404176659251
-0.795233494724
1.47063838315
0.783023748813
-1.53257789073
-0.401315465584
-1.01843729423
0.612291878899
-1.02241024812
-0.050287852073
0.47710249093
0.918777787289
-0.123299717212
0.124550238374
0.32741865913
-1.41100834411
0.144685303055
-0.0405527822997
0.23445138356
0.422227711761
-1.19828154571
1.37883357195
-1.09507194126
2.73961496864
-0.598735804535
-1.54803768904
0.164419250143
-0.195093235279
0.0343529770577
0.540095206651
-0.420833466993
0.997696697639
-0.30624984852
0.334681030386
-0.19039336421
0.283751987149
-0.299582272591
-0.316865843726
0.433093001653
1.92793493851
2.19356233579
1.02404286986
-0.507133959854
0.382234085035
0.168705193585
-0.00745119112295
-1.32939836423
-0.800707159224
0.502148160554
0.269198974654
0.735362399218
-0.511334747847
0.179214456574
-0.458685069072
-0.408830731387
1.82284960225
-1.05774709725
0.462134960456
-0.401093060353
1.08223956153
-1.37390909964
1.36758626398
0.128215898764
-0.891331383611
-1.35493808581
1.21156331895
-2.01983626823
0.312603082807
-0.535542063586
-0.241190589413
-0.323980206024
-1.54996102835
0.794006861351
-0.227390227504
-0.119701436504
1.87945502853
-1.40715691891
-0.223075732005
-0.354408459822
0.938885377985
0.945744134479
-2.54192868055
0.922738337376
0.113609121422
-0.575409576157
-0.597646290947
0.733910331896
-1.51256553759
-0.440627691353
-0.719707948446
-0.37428369076
-0.37159722017
-0.683936057283
-1.8439045187
-0.720122411008
1.26581423331
0.32350252139
-0.553864784523
-1.28203723265
0.409959952684
-0.701309935549
0.284002144558
0.45839966518
-1.62456711426
0.0630672168844
-0.279818564548
0.80513923488
1.03702038578
1.05796589664
1.64816201151
-0.535701079999
0.711198843249
0.429702450246
1.65584733326
0.875896686555
-0.874069718805
-0.816681284359
-0.243933956547
-1.11976101343
0.68175099409
-0.805696599877
-0.283390631756
0.0670003210578
0.610911911967
-1.56827305305
1.02784800587
-0.0767825803686
1.21560978212
0.0867854509633
1.0065697577
-0.700978175305
2.22043703044
-0.569546513068
-1.21913619409
1.25755309542
0.332920440967
-1.18426848833
1.0298555652
0.990217432422
-0.0185718507421
-0.889821472316
1.36091048729
-0.10661487577
-1.75259956984
-0.5411848731
-0.113747918252
-0.764606360641
0.128359248941
0.0740477698058
0.0455552008489
-1.16810298039
-0.338796746461
1.17233015175
-0.0973194475427
-0.124562688263
-0.132007456487
-1.29104940957
0.229458989895
-0.59568071739
-0.357294651666
1.15120554957
-0.328505313567
-2.03373136514
-1.36741206139
2.14259798732
-0.7888568317
1.09071627466
-2.44165283561
0.0747290962121
-0.893917028263
0.0280047713111
1.54974552078
-0.272593164186
0.420406883544
-0.737541838361
0.778122922569
1.68497062599
-1.43795495057
2.14697692096
-0.590459838974
0.552680885609
0.367303683989
-0.618004492889
0.820289181896
-1.21033234161
-1.06028751177
0.0325755671449
-0.995920505421
-1.19161760439
1.32212321621
0.93602022697
0.0281243480195
1.0389051808
-0.384635232601
-0.742613378671
Score: 10