3
44
10
3
0.10915227129
1.6038476483
-0.361756738729
-1.14032644491
-0.359440122873
-1.7597137424
-0.0849427149365
0.76688925152
1.44484328354
1.4462987712
-0.7981456538
0.585003073685
0.0407466159636
-0.766837377781
-1.99425674068
0.215900424776
-0.32853198866
-0.0544366861825
-1.03867029963
0.739250108648
-0.301972798832
0.711095092157
0.634206366939
-1.10620798828
0.558295409192
-0.220237694247
0.384921076907
1.29581560042
0.943759900516
0.927085203377
-1.82072871645
0.27315017534
-0.411275531718
-1.92987349116
1.11566345395
-0.19322290761
0.268676940701
0.532991874014
-1.13303191357
-2.42839576514
-0.757321275981
-1.49735582493
0.0901535775229
-0.0534349566667
-1.17798413968
0.357682493696
-0.998450728769
-0.85806747384
2.43839052207
-0.772067388484
0.523645180596
0.240716807645
0.505423575596
0.571033701968
-0.916244064046
-0.141193837215
0.993576610632
0.0648611496799
1.37148135205
0.383398556758
0.951517360822
-0.827574611959
0.941243209056
-1.12939430539
1.16584900567
0.370725997107
0.0653596647125
-0.850810156577
0.208315505029
-0.532249703198
1.19456916116
-1.81859653343
-1.18896205977
-1.25954873199
-0.299825744242
2.20741055984
-0.552717990716
0.203887870745
0.447102837161
-0.412300380199
-0.605683432784
-0.268859802433
0.856996955732
-0.204825650643
0.162031334626
0.30407973636
-0.942321228115
0.607923726384
-0.982800430013
-1.77013277782
-0.242643997001
-0.747737561585
-0.0679107025094
2.10512632285
0.189618929779
-0.909197049861
0.502873142192
1.5053220801
-0.263492418224
-0.372921965814
-0.405232531594
1.5834933622
-0.427639867671
-1.37301002073
-0.819842284241
-0.0626710482812
-0.26885064142
-0.183016960007
0.820343322964
1.31233265354
-1.30649006841
-2.70742046228
0.3008671283
-1.04011886992
1.57505815621
0.883459577726
-1.66789239007
-0.840680750678
0.924858775166
0.165495852121
0.523232312036
-0.795333232865
-1.73848608187
1.08561243486
0.282268092629
-0.142499327637
0.73802613597
-0.704477641951
-0.870798399741
1.48316303517
1.43672374032
-0.984233296882
1.99959684474
-0.724295742797
-0.609371551956
1.46326854158
1.39792662983
-0.653734002839
-1.55805617824
1.1872976349
-0.801699197618
-0.279244848096
0.81538014445
-0.448714037249
-1.40980402032
-0.968538369986
0.967057229284
-1.81237823148
0.614648240823
1.50550635146
0.763235131655
-0.462530382229
-1.01646723257
2.90963214445
-0.0508341804803
0.852248878491
-1.62239926043
-2.19306500033
-1.28707428492
0.185590048528
0.80650024885
0.525753770525
-0.928876650706
-0.205946147814
0.499869176564
0.293177573371
0.768045577635
-0.984661704183
-0.377985009003
-2.29297034395
-2.0590757314
-1.05181668298
-0.183648151662
-0.19408633865
-1.1913091914
0.0684700149863
-0.941183409026
0.292026409001
1.92631006405
-2.73308260419
-0.755079777402
-0.026955979798
-0.364840297014
0.797039531961
-0.188391539191
1.49883478337
-0.197341953519
0.332958431471
1.328326374
-0.69375330888
0.540885951793
-0.211783095514
1.33294758877
-0.949053344725
-0.264033514464
1.33269959637
1.20985472355
-0.643518900549
-1.86869203661
1.31660508122
-1.0349426743
-0.191818379442
0.0719034518431
-0.905608915562
0.292067720915
-0.518475219031
0.609431400103
1.08930179733
-0.10715297122
0.796527094324
0.670655252313
-0.551935005623
0.0506269345571
-1.04152962189
-1.35214288778
1.55203728994
-0.773153620612
0.698457653734
0.359590940347
-1.0321403434
0.0364133820085
0.895444140837
0.604153939439
0.643207285588
0.744581612033
0.406204260677
-0.566196950839
-0.797927474156
0.0613237231894
0.620456116367
-0.656386910405
-0.11897686402
-0.427904059362
2.16582982029
1.46439296085
-1.04287087853
-0.95923138787
0.499844002137
0.240046896018
-0.580684416615
1.31880959177
-2.91283918726
0.595554528585
1.31938248879
-1.59765637326
0.40505071521
-1.06837893779
-0.233677434446
-1.96645262801
-1.04223704523
0.230527088424
-0.279178962182
0.62894151121
0.141053810549
0.397584837785
0.990855046489
0.323859184044
-0.346671012852
-0.683186306999
-2.27963690337
1.23355345488
-0.498483229797
0.635889593361
2.38681792069
1.12985367537
0.141718661548
-0.382765294717
0.0901638694463
0.189628764436
-1.45054681356
-0.088617440446
0.799934910249
-0.756095524697
0.0641504272149
-1.18292911057
0.886087418488
0.39912158642
-0.442543111762
0.69109768524
0.351078251572
0.969194438291
0.665999970036
0.334328362739
1.41795891421
1.02288636176
0.0371538402592
0.413651901256
0.123457344521
-2.08864751269
0.333837252529
1.01176767992
2.25938268316
0.802130361426
-1.27749008241
-2.34480323653
-0.376765778512
-0.826227960514
-0.484218605378
-0.617913775686
1.07600809895
-2.02128141305
1.09704320369
0.552323734928
0.708381269181
0.310494452401
0.584632774421
-0.312022640396
-1.07474677094
0.0852370328822
0.986274463785
1.35030646734
0.927856349003
1.45186855909
-0.471002586047
0.0841170162246
-0.826444788545
-0.0292800541607
-0.280769190741
0.965983479759
1.1470215358
0.566676310727
-0.509950039358
-0.36436292477
-1.37091295765
1.02948010079
0.619910147075
0.523891431336
-0.242679038729
1.19958322253
1.02829427206
1.28399612861
0.0116309176627
-1.42078903375
-1.54808769011
-1.15979123132
-0.106694673935
-1.31089741198
-0.34018404382
0.796494521315
-0.933021153224
-0.0654957102401
1.24040432226
-0.869154080327
-0.849307110695
-0.545352240006
0.531542230987
-0.620914064841
-0.00598054855374
-0.392701990142
0.333066771978
0.437299773424
-0.364025838601
0.608595081855
-0.368120491996
-0.0775044256632
-1.32498113788
0.109724303619
0.729878614136
-0.405066131376
0.591421766248
1.04380854448
-0.173868131004
-1.50320836406
-1.54202541231
-0.307551178018
2.24205289508
-0.0510249993199
0.628880866506
-0.67264580516
-0.755108705338
0.936435673103
0.766175345532
-0.0657917398031
0.167846538674
2.46683439745
0.143450826087
-0.0187155226908
2.02463508264
2.59060124849
2.97363525282
-1.11006502927
-0.281484284765
-1.92643726704
0.40360494704
0.342393608554
-0.717268513152
0.037253894565
-1.14212578097
0.11056676395
-0.181523671275
-0.451531648652
-0.911808997306
-1.48225211592
2.03159442835
0.514645314449
0.418916291872
0.530453736706
1.00244205012
-0.0915687389554
0.244880629219
-0.18392408141
0.771845280002
0.493011719059
0.0630828441744
-0.506404173851
-0.804967202358
-0.247397150486
0.580525612695
-0.141203346224
1.19173168123
-1.34146038224
1.62026210059
-0.847394893342
1.27291512797
0.3482429669
-0.5123478242
1.44448720958
0.705713103535
1.09875983556
-1.76074603957
0.662362580639
-1.11718693733
1.0398347366
-0.616442918246
0.0176718970428
-1.64295415134
-0.60807003393
0.917073177083
-0.00377604024824
-0.0919795559864
-1.42909232006
0.60554169469
-0.878335438956
-0.953149123361
-0.142031768376
-0.428458199039
-0.456420001045
0.255935624158
-0.385905255947
-0.00921045275662
-0.0987769356959
2.33703546978
-0.905060749652
0.264474322839
-0.0349209213631
0.459634986993
0.126067353129
-1.35831972346
-0.0672786767527
-1.70752705012
-1.07666964259
-2.79298210631
-0.835195389944
-0.550634126347
0.958105115616
0.0396079528583
-0.148989705972
0.753679173111
0.494555133898
1.06741091366
1.56114219658
-0.204019119558
-1.59775182029
-0.358633258959
0.104415245633
-0.181396979093
0.205835445484
0.249532291728
-0.333406566282
-0.788303374357
-0.479426014929
0.954723947276
-1.01732507521
1.32282479271
2.5141256344
2.06403843803
-0.095379738833
-0.486400745878
-0.37716291848
-1.00634715426
0.450797454172
-0.382936922282
-1.54329165204
Score: 39