3
44
10
3
0.451992657673
1.54580660362
0.529200912353
0.61912315119
0.720064562086
-1.03679722836
0.744310599195
-1.51673964056
-0.527693583265
-1.05551641342
-0.210928502859
0.606458761029
-0.579050333306
-0.333912802033
1.95650695291
-0.380201089207
-0.7308625938
-1.86647067989
-1.43454713041
-1.88434428553
1.05026569997
0.215836416432
-0.410232973889
-0.607021580318
1.24263951351
-0.398372866105
0.390260368402
1.13843592658
0.55825567568
1.1412124703
-0.48474244178
0.911447678242
0.471450278046
-0.373425153152
1.41433460795
-0.238548171087
0.421861083522
0.973148066069
-0.763001547127
0.0643593562247
-0.446770278467
1.23826005264
-1.33559778412
0.0172606511318
0.758339928988
1.15458984322
1.96793944191
-0.794696832017
0.529062380083
-0.435711840552
-0.12129879038
1.38053448119
-1.39478617818
0.451832704454
0.428336752988
-1.8742698463
-1.52688869137
-0.589029960371
0.297623156562
0.961832105534
-0.78457438105
-0.35392482954
-0.0849566227094
0.508927689636
-0.937823776521
0.684193366442
-0.204852820666
1.18397185315
0.574887453836
-0.708203450686
0.220336281431
-0.157639062075
2.36111321526
0.662438206648
-2.0500765759
0.257224897674
-0.365080701707
-2.0611571706
1.70036263716
0.437213279781
0.422519838131
0.552941245762
1.03455998837
-0.0481322150031
0.10381681363
0.185935189321
0.991707892463
2.18573514233
-0.856200594383
0.234833367777
-0.297321894124
0.577366486019
1.09647994017
-0.540544480674
0.682416549958
0.20086553831
0.093133711503
-0.293307133337
-0.70353633212
1.02309377227
-0.629288674368
1.14365285172
-0.619341506559
-0.604627570085
0.102853558036
0.532668802852
1.56848385218
-0.474407204686
0.347847907455
-0.63742166162
2.04670001673
0.917433200246
0.250606135395
1.26538661613
-0.664350704215
0.442328339766
-0.346640214803
0.451824020076
-1.14879551499
-1.48271117023
-0.317419543804
-1.06210200613
0.0372704979092
2.18102106927
0.243640942955
-0.370683864301
-1.28721781688
0.0412318376148
0.0483934030015
-0.454384467958
0.639809902773
-0.759694103956
-0.645613222417
-1.13257541801
-2.28957122335
0.409671305721
-0.706695169808
1.12104398509
1.67034919112
0.322199296268
-0.548057248082
-0.609156606451
0.10319327958
2.67407496083
-1.06107140472
0.736697919874
-0.851299698161
0.147441458308
0.521007709642
1.26241246538
-0.124831370912
-0.150943483416
-0.168095160236
-1.71182189707
0.689258037671
-0.640809273941
-0.771700396086
0.465947515981
-0.854547318582
0.387036576419
1.2392963925
0.362469344308
-0.0360166703512
-0.453787783752
1.33871692028
0.935804748183
0.81422474935
-0.673934613289
1.08739153161
0.277530630024
-0.199494011663
-1.82634155526
0.939210510419
2.84382630138
-0.520609139714
0.801913524977
0.816211844364
-0.746044467135
1.74981125876
-0.772024050709
-1.28668376729
-0.388968669292
0.566640167615
1.04288265499
0.886565521531
0.830749073443
0.876085264692
-1.62331182069
-0.593829227252
0.205400678619
-0.0785263230272
0.703031677629
-0.966448055912
-0.212191125131
0.0380033516933
0.564429015419
0.329730728229
1.04110278992
0.695674799414
1.2143630317
0.0140291890706
0.652057875849
0.960820431412
-0.747985092914
-0.631197550821
0.477256351266
0.428944523725
0.228759253512
-0.238020692864
-0.0464329982123
-1.40448701351
1.79445039003
0.115164135891
-1.2971635593
-0.455521909441
-0.620062620896
0.972281705223
1.32413925718
-0.333369134151
0.0836252995166
-1.57034342968
-0.0708370669315
-0.497524274573
0.806967304872
-0.615625267804
-0.512797791365
0.110804364201
0.700485398534
-0.895100192008
0.00171760807525
-0.429985804149
-0.861280503132
1.89255152975
1.01442235975
1.37337038613
1.6221266586
-1.25396405677
0.95688484518
1.88698503997
-1.31316634573
0.057037847085
0.483497176438
0.226256549472
-0.738923334004
1.02784851134
1.57298613043
0.360601485744
1.14294582145
1.9010818795
-1.13997909323
0.0647005543041
-1.7378591315
-1.19082586642
0.907824211449
0.527915237399
-0.602073842175
-0.381089888265
-2.28334359592
-0.27271624121
0.132860974279
0.457233009594
-0.67519181544
0.314009390468
0.757761963544
-1.28167410724
0.561661037543
-1.31886713855
-0.949646852267
2.01922882621
1.64761694449
1.3902223189
1.70147680871
-0.545279454812
-0.513894244778
-2.15556974505
-0.647137015778
2.78215187418
-0.486981537719
0.234712342895
-1.47959833482
-0.385733030292
0.389476334485
-0.0410613473346
0.843793923014
-1.01391391395
-1.70374819708
-1.27967455917
0.807334041998
0.180156163973
1.27574325444
-0.107337214835
-1.13162563188
-0.157695475117
-0.37202087506
-1.07369363138
-0.214099875577
0.0642152652538
0.713851824671
-0.524160784113
-0.667813100509
-1.83003128414
0.0672318539849
-0.413850493515
0.721212249183
-0.25789514864
0.526641493508
-1.43701508394
-0.0342394469087
1.34919992881
-0.301514567816
-1.68887589004
-1.47783658283
-0.85799930832
0.44182503247
-1.2147870512
2.23743356405
-0.764051732323
-1.6659292481
1.21084002714
-1.07980466719
-1.65953058002
0.254346088534
1.5236505418
-1.71511662755
-1.19706408197
-0.159524823367
0.633447449267
0.100186095038
0.0102424474247
1.94893065814
0.417227127917
-0.680741509027
-0.240645172498
-1.37331516499
0.361773176162
-0.91859718174
-0.150503020829
1.029849342
1.41909857638
-1.67188791779
-0.171008989728
0.675518688103
0.9253963049
-0.890208692148
1.23052740881
0.0791686803487
0.862032400013
0.134153137298
0.936000600339
1.1683036857
-0.548833896797
-0.431694294942
0.0940504520612
-0.911277958258
0.375398925611
0.0788817922187
-0.936622498367
-0.999258405114
0.474659603813
1.2315063687
-0.0625380330719
-0.248877289522
0.702997955858
-1.23607892627
-0.84135508106
0.196863192338
0.548656951866
-0.529936869744
-1.46836992371
0.587448559528
-0.674055621414
0.175354214329
1.28977470105
-0.0512676743336
0.728341876815
-0.460050066486
1.61264327029
0.860662133386
-0.157331044364
2.39733883288
-1.05671192241
-2.62571903769
1.17262592336
-1.65081976906
0.899304097596
-1.09295501242
-1.24691817059
0.613176173286
0.540415463692
0.284523358514
0.625130099602
1.44238383512
-1.87199411688
-1.94898606234
-1.3297663059
0.627361468841
0.120560783789
-0.658875342963
0.411171526593
-0.183023208303
-0.451957014544
-0.669034157392
-0.0137144740813
0.715667961887
0.601360748461
-0.785208758836
0.409856017636
-0.769007730383
-0.26001179686
0.58022547375
1.44796300003
0.947437828111
-0.957122804968
-0.313217274754
-0.667134727188
-1.98805760966
-0.584120945321
1.33980038148
-0.873222252664
-1.50811140728
-1.36057652492
-0.183443016523
0.351866683847
1.35342012324
-0.581494386154
-1.09400128171
-0.257493712061
0.282986227465
-1.48775425397
-1.14348912411
-0.838302400403
-0.531165639317
-0.320644025105
-0.403598737646
0.350557749654
-0.620199597467
-1.56128122455
0.453794238469
-1.10857583846
0.631797383554
0.130096406784
-0.00101177760945
0.0270359195803
-0.73378736793
-0.780042011149
0.270255401789
0.819158307187
-1.47502781606
-0.166292248267
0.387616682844
-0.303129913445
-0.142043630691
1.61818236049
0.836984955401
-0.453093756043
0.823588807528
-0.527336056309
1.37495561058
-1.22408249672
-0.943964077307
0.352259589651
0.879240747284
-0.443077069698
-0.959360231112
0.00153615476736
-0.587480841453
-0.555010288832
0.17461179029
0.845553107867
0.934321496657
-0.366025656662
0.940408456421
-0.865454621363
0.97000414421
-1.04378434122
0.114931085383
1.40718706041
0.64802575382
-0.59224102127
-0.715464198032
2.56152594715
-1.51279561873
0.417431510429
Score: 1