3
44
10
3
-2.2817637417
0.470569583249
1.41321166725
-0.358686081609
1.14825666169
0.16715525278
-0.935296285257
-1.15452374112
-0.378051953988
0.146575023068
0.192140459369
1.49796123752
1.00775031946
0.621146508607
-0.0786943612541
1.37827835626
-0.933176416264
0.875408950161
-0.100345090749
-1.24777151028
-0.349744829089
0.197440482137
0.250117878265
-1.06964859765
-1.83123373739
1.66242724896
0.37904964851
-0.454121279446
-2.97111463596
-0.409685053452
0.256162063449
-2.13702434545
-1.16288232107
-1.73229063601
0.322951233776
0.334184468003
3.08286903589
0.458989329572
-0.669747747373
-0.0187957322785
0.111139125604
0.0315157095182
-0.70596688851
-0.14491943987
-0.550849323649
1.07366000615
-0.350929337227
0.055771127423
-0.559137362337
1.67327393641
0.276065986828
1.6564627365
0.132076367424
0.843897745663
-1.64080046009
-0.14079450819
-0.397464649683
-1.08349242213
-1.05931096204
-0.283908720781
-1.4987691357
-1.81844476213
0.57998049558
1.21391466613
0.691359907914
-0.420373692335
-0.530966510365
0.595203533239
1.0763477037
0.439857200097
0.194376190122
0.285581539023
2.21759680699
1.21891604044
-1.08741808375
-0.0502910662641
-0.189637393379
1.27197297141
0.512619953054
-1.70386719287
-0.936010803044
0.9990676513
-0.517843036974
0.916071935887
-1.81535031024
-0.560937027375
-0.412603305199
-0.0960691496862
1.39215529042
1.17620139567
-0.0259244266388
0.0844380927185
-0.907962430646
-0.67016042737
2.56392975849
1.00523254252
0.878045674085
-2.2508002
1.78359902383
0.746147077321
1.00523739457
-0.17335609621
0.0141010276078
0.102723112881
0.0590723483246
-0.435873137803
-0.206494705476
0.101501271459
-0.97524688767
-0.685804261228
-0.0243173950723
0.614239613285
-0.0875424850672
-0.0480965742003
-0.55055888689
-0.781318886023
-0.24878478703
0.713810455626
1.40650373444
2.70707284053
0.706472279833
1.16107411623
0.529538857408
0.239378069182
0.0637310987587
-0.731586201688
0.869482946978
0.654464632567
-1.95314848577
0.36941356077
-0.503122295675
1.93992818
-0.546218491009
-0.558414113299
1.32558769048
1.1117606375
0.3362172349
-0.451225413674
-0.880494137989
-0.662143133929
0.298167228494
1.11984707443
1.34367879191
-0.826885882818
-1.42614561483
-1.19075698717
2.0130228732
0.540780089041
-0.171994746839
0.844421644479
0.381196040515
-0.562818657002
-0.12961677429
1.11217831926
0.207742482603
1.18567773696
-1.79415536353
-0.424340027868
-0.111541681103
0.428721626034
-2.30925552099
1.41693575296
-0.237996589532
0.496090072311
0.492663207739
-2.06208226065
-0.304688965355
0.553009793026
0.749216996594
0.42583413085
1.34552096328
-0.68167195677
1.07697642396
-0.843359492749
2.50196467434
1.02542845794
0.165728138566
1.52474490703
0.329503318885
-0.913522453099
0.725222322304
-0.50472892105
-1.2526140602
0.942845424877
1.07847243873
0.832413684808
-0.92577183439
0.114952548779
0.0360764078869
0.539460656992
-1.64632384183
-0.97223139545
-0.2003245523
-0.261197978409
-0.192726151405
1.43579393271
1.71535419143
-0.971501567642
-1.38009103246
0.459778110121
0.367028374916
0.70445927242
-0.395076757508
0.984935512345
0.569067219896
0.10470839039
-0.80007146871
-0.680868126784
0.536611417529
1.13522343023
-0.0469333938102
-0.631691682223
0.697472067513
-1.50053658984
0.499171975153
0.311764870038
-1.17310394004
-1.39741548993
-0.814057170749
0.650828171678
0.573749471847
0.254519117905
-1.42854685544
-0.476423274503
0.448977495332
-0.454983000451
-0.448858338969
-1.11918336983
0.629935241629
-1.01802500925
0.258401042024
-0.375181507177
-0.181473090029
0.791053361723
-0.603740047018
-1.02188442521
0.162783086909
0.46989477119
-1.48501130945
-1.68671853913
-0.571939826139
-0.957353680039
-1.30167539354
0.810625277108
-1.20260771381
-0.435427949922
-0.542422394728
1.19134372536
0.970510364991
0.726195058311
0.638244423604
1.0720102428
1.37178789591
-0.424405651306
0.228813450192
-0.580547328388
-0.123595686362
1.21274616442
1.32889310639
-1.33355728865
-1.77663366461
0.668564740145
-0.291679042904
-0.284957121556
1.63798596662
-1.05686705272
1.723376203
0.243889667445
-0.94218722244
1.35421793201
-1.00653740967
-0.164615976462
0.110734710305
1.07768604819
2.50223338029
1.36987558181
1.86697517769
0.17524202673
-0.262875883617
0.264950447156
1.25576778634
-0.0566856028951
0.649648941708
0.147051416416
-0.310159648426
-1.24952720987
0.771996575338
1.00762964245
0.274203037511
1.03227009461
0.860254379708
-0.198204306126
1.87104455823
2.30251132716
-2.04968268067
1.06288525347
0.222649419707
-0.115005829666
-0.728894298588
-1.56674217403
0.0932870200699
2.27980678236
0.939403129086
-0.268645191085
0.378035882171
-0.433777217154
1.73258453516
-0.331375145539
1.47677959079
-0.425929280447
-0.019901685891
1.07039206513
-0.134424781602
0.563237747635
0.0628050641171
-1.36100643398
-0.0371503792371
-0.0752303108011
0.800536773036
-0.829744018496
0.606100098824
-0.459600279388
-1.67452858456
0.686824122192
0.58237479024
2.24562114707
0.319521386463
0.976956751095
-0.426213740542
-0.433866266162
0.127560241883
-0.419220269971
0.68718290523
-0.337163648821
0.0533344671353
-0.934818511701
1.00751090159
0.578781694177
-0.0741990319542
-1.50458241517
-0.287864706047
0.317021234448
-0.328961457746
0.933866533739
-0.51731064855
0.517807911411
-0.361489985863
-0.338470527614
1.27462665806
-0.388914512208
0.444873971514
-0.373804948264
0.212056676142
-1.36345604798
1.01770446159
0.444100203063
-0.00841510545334
0.563198229761
0.254859747217
0.657926428875
-0.2999342185
-0.204674280274
2.18240071431
-0.205033288403
-1.40737216855
1.11413585724
0.49130677711
-0.598374705001
0.65707002592
0.41337261468
-0.304395638499
0.557681874225
-0.513733249732
-1.82864537466
-0.623729674984
0.12226495989
-0.890022940052
0.131572852624
0.191245810947
-1.10171054579
0.347017508858
-0.692872916666
0.380814863557
-0.901589180325
0.368267142387
0.55837820323
-0.669471355545
-0.786276214346
0.576502906734
0.844986401218
-0.754127374146
-1.57897835581
-0.158781697719
-1.26038106319
-0.802239293121
2.12431962026
0.283956687265
-0.296940877345
-1.0840026845
-1.15350157695
-0.28839210342
-0.0934822573975
-0.688615995306
-0.286444787338
0.594378607701
0.250301217568
0.889058160893
-1.70974251938
1.78010271244
-0.00205864779008
-1.21049321874
-0.448874038835
0.0880766152285
0.259562727581
-0.227497264871
-1.78620997476
-0.309341820939
0.162837431901
-0.765220159663
1.27512668245
0.427520863179
-0.279692431713
0.52466629343
0.624658817791
-1.05914632102
1.35454401074
-0.0783233760872
-0.868842559565
0.845398702439
0.729993464978
1.03078629306
-0.31082147014
-2.08139872139
-0.531806172042
-1.18184544039
-1.22522060104
-1.47287490685
-1.27880413841
0.733257597799
-2.67821056115
0.106320286073
-0.883459375823
0.497000109355
1.19315235152
2.02172175636
-1.5583765053
0.389790726086
-0.0401150592138
-0.54517941559
2.55543984346
1.68286059596
-0.222621687445
-0.234957541229
0.939218655224
0.0524936962039
3.0220327337
0.723545272989
-0.81870337559
-0.264528367704
0.60393758125
0.93103402879
1.18424487451
-1.53695545296
-1.4012029102
-1.5869960153
1.10405025397
-0.408935198472
2.02424251786
0.128137047046
-0.823204896881
-0.664473336395
-0.921140026246
0.775483737573
-0.721249638229
-0.387915536298
0.187492600094
1.08727925095
-0.0881856686594
-0.0601136586352
-0.391600205162
1.91969769085
2.10945858196
-0.0921286220882
Score: 11