3
44
10
3
0.197160188601
1.64150048693
-0.446235090233
-0.915358244876
-0.570253067084
-1.55238744967
-0.0768407629122
0.550337121499
1.40413253417
1.48659200961
-0.57050617616
0.800743253861
-0.0529326827778
-0.892050107593
-1.91077976187
0.269774010355
-0.231861649347
-0.0225424803112
-0.717797051537
0.893064575141
-0.240710754604
0.628729091989
0.336105298326
-1.03679732291
0.519005406842
-0.408004863107
0.445855333099
1.32595001659
1.13351926147
1.1227063728
-1.42662389266
0.624029482176
-0.39478248752
-2.07480852772
1.41628285595
-0.409894283087
0.180738917984
0.593693876781
-1.39413641556
-2.18600858267
-0.764972143596
-1.565346426
0.113800639628
-0.0607271991909
-1.42174925944
0.455685579456
-0.800613248429
-0.93440671371
2.56640411819
-0.631897573035
0.625290423461
0.181185149393
0.312318046872
0.741474676858
-0.981712766338
-0.0708575689806
0.868950286804
0.116923224379
1.66564414826
0.389800932607
0.814774678788
-0.699640988701
0.697297967044
-1.21062676858
1.52548434301
0.604801400685
-0.203335597774
-0.644470053022
0.392974707066
-0.353729684704
1.10970276154
-1.82713297858
-1.42290661191
-1.24752442683
-0.477486551518
1.98440449161
-0.473758886582
0.155494426082
0.258903407239
-0.372034020003
-0.487361610901
-0.439766162144
0.662117424306
-0.283579466087
0.295814072723
0.277533431992
-1.05666086516
0.775398719883
-1.21185528976
-1.84612641831
-0.173679677609
-0.656381171678
0.0640184344258
2.03909749477
0.194788817001
-0.900345177055
0.457475611721
1.5526519358
-0.116494972177
-0.10283725999
-0.431038074717
1.41993478381
-0.481382731012
-1.24118281136
-0.814690571414
0.286756950086
0.0718497369776
-0.422955337082
0.892211638442
1.27165335167
-1.38177205329
-2.57451499173
0.549160458071
-0.923368060777
1.61492493107
0.716613801186
-1.56319033784
-0.789965583998
1.22643372729
0.264594586651
0.246311134438
-0.963524559053
-1.61846324821
1.31179159571
0.543738312309
-0.299259705639
0.723184819061
-0.751933652361
-1.01142495398
1.53330931483
1.65975804298
-1.12393176371
1.94853808446
-0.908199360833
-0.657637992113
1.32494456799
1.51961526839
-0.670657193746
-1.83372108384
1.22687650191
-0.723313403771
-0.133153081592
0.983080757008
-0.285920797005
-1.39300741086
-0.951417957013
1.14976172215
-1.57901008198
0.696326126105
1.53350107566
0.8407033963
-0.610788141588
-0.941540852504
3.03899156935
0.0747544005845
1.1544047266
-1.52348529977
-2.36161790435
-1.2222802897
0.355597454481
0.625910702735
0.335723817649
-1.12321338877
-0.341007998261
0.65985174735
0.169793095566
0.802805002586
-1.02906968706
-0.177834423868
-2.13509197873
-1.93426082049
-1.00371526225
-0.360393893148
-0.215035988775
-1.3158655915
0.116206982262
-1.10881724158
0.0144909583673
1.76601068107
-2.64942367538
-0.66339661835
0.12735099261
-0.352812673657
0.599618007212
-0.156320242587
1.30167798099
-0.454160194188
0.520320467964
1.22335384213
-0.775375381062
0.270701417499
0.226698520918
1.24736923151
-1.16356273909
-0.385114453136
1.38619638633
1.20500668802
-0.623469073136
-1.93201987816
0.95803008644
-0.959749481309
-0.247900419552
-0.0639781339881
-0.640352247818
0.270650493555
-0.586515856623
0.6219654388
1.1449164672
0.0435451516741
0.803629685871
0.59028946624
-0.735192997491
0.0897986263473
-1.27987586848
-1.21048240093
1.51619337963
-0.737880401488
0.811140713932
0.254603091358
-1.14603847981
0.206251674634
0.964135400756
0.193106787772
0.505293507514
0.813957537662
0.18092256953
-0.424013425186
-0.842155858619
-0.012661968862
0.469311101951
-0.821037570987
-0.396957140986
-0.520140381931
2.04124888781
1.53511213175
-0.8834018693
-1.03301992802
0.51661089182
0.315847803093
-0.547409791427
1.42092276125
-3.06536104101
0.56786571205
1.29630431941
-1.70554220595
0.64145190135
-1.08963450888
-0.130236904192
-1.62994688797
-1.1628033885
0.192348923395
-0.3375598545
0.808601061463
0.166089316553
0.555529696728
0.995300033142
0.356331401208
-0.64240645028
-0.510704931495
-2.02140349869
1.30450932375
-0.376947619269
0.567717178859
2.39769721168
1.21191665292
0.0753861762348
-0.529640440429
-0.145227926357
0.209215753047
-1.59825819647
0.0937097287547
0.818924222031
-0.805979587441
0.360527876326
-0.957875296146
1.04453845692
0.416854564187
-0.709583157578
0.797702381366
0.0182215999273
1.35528481389
0.414898174801
0.178137031371
1.41866209315
1.09997153845
0.246630764901
0.335349444572
0.167632355858
-2.09279489849
0.322116744682
0.929822171773
2.11145252733
0.33450009251
-1.28508908821
-2.08226649728
-0.485464088026
-0.733313832244
-0.348130423947
-0.479821062257
1.00069725156
-2.29598936274
1.15787155116
0.712014200794
0.690709124228
0.187894017404
0.588156157626
-0.277107818352
-0.942119343256
0.0369855030232
0.834275965097
1.53488457694
0.927890370792
1.29495856237
-0.246823169156
0.189173406811
-0.993970731886
0.179670016343
-0.539646110773
0.668662221908
1.17131880399
0.491934138889
-0.412387572612
-0.018856177752
-1.1885353341
0.996676259213
0.4831824016
0.337498097187
-0.108164798793
1.39609717733
0.81213037401
1.39475894799
0.365384148563
-1.29270935541
-1.57211495923
-1.09610294217
0.198504611045
-1.38112963611
-0.554130556218
0.822738942034
-0.698601229126
-0.0586895186851
1.48902866568
-0.902256372233
-0.823170994441
-0.6547319589
0.358973688631
-0.626463899197
0.024334266945
-0.0621766568017
0.475448988303
0.628210110549
-0.575238994328
0.7690889407
-0.613138222182
0.000172922111746
-1.19886504885
-0.0674793717561
0.724824735709
-0.44597234024
0.465896670258
1.07788980313
-0.302062717962
-1.58283438338
-1.72523524768
-0.448696510818
2.23438013077
0.166238690935
0.566167516161
-0.758022423542
-0.675653980847
0.791453065092
0.619357278241
0.170160710617
0.125036839347
2.40220308018
0.0364714001902
0.199995658806
2.02647028062
2.30705901741
2.92650208881
-1.36965228522
-0.0553306993744
-1.57544010449
0.394047372973
0.151869421803
-0.592551706904
-0.0393016889417
-1.12596869814
0.0472441380098
0.0289756696469
-0.36033389078
-0.954301557008
-1.35116230636
1.80599391514
0.60358557851
0.392931639303
0.589148625104
1.1436915892
0.107564861992
0.193387778432
-0.389314253378
0.826715805647
0.481314022403
-0.240010642692
-0.500365219069
-0.907188735415
-0.260156818087
0.44745074218
-0.0161687719434
1.3798335904
-1.54044124105
1.59138325827
-0.616147681833
1.50713417562
0.3268540721
-0.568631866722
1.38743335413
0.642704097016
1.4079130646
-1.7781227407
0.771538328565
-0.910836131296
1.08844350622
-0.741370920421
0.061775368862
-1.61987571626
-0.800337159956
0.823014646414
-0.0498646107884
0.19142792575
-1.33526810327
0.615497565132
-0.789876578751
-1.37574626102
-0.144303756159
-0.299786706048
-0.498496855521
0.345269519384
-0.478485339615
0.117456788682
-0.183630813619
2.10726194649
-0.8600102676
0.195661147996
-0.16864397822
0.298303635001
-0.0483267140928
-1.36912481078
-0.209058069533
-1.75938407156
-1.08349483547
-2.64402694105
-0.821507863094
-0.676842327616
0.770006395896
0.059787625885
-0.242856889846
0.772477846276
0.287302597294
0.633636852259
1.5173101899
-0.160063219204
-1.30835517835
-0.508736076064
0.0807425076359
0.226146552275
0.147184712454
0.311957639441
-0.164529316769
-1.01837726902
-0.332265550081
0.779767025947
-1.13900576658
1.41132188112
2.4763771425
1.97122697178
-0.158931288424
-0.597204407421
-0.330719467732
-1.08969708198
0.334782325909
-0.133509978856
-1.42549208555
Score: 1