3
44
10
3
0.183826206972
1.55164240196
-0.380316806203
-0.978078103367
-0.396749331653
-1.73272890316
-0.0201635422521
0.268193451396
1.45569895937
1.38704523431
-0.665171316481
0.754935815124
-0.0713545242605
-0.772615870307
-1.96363514475
-0.130095484121
-0.237353899011
-0.0516270869932
-1.0620193265
0.685695522661
-0.220658303263
0.770085209223
0.483670409945
-1.2162924555
0.453192373129
-0.413833544806
0.353484581852
1.52943446227
1.07828366357
1.02061368316
-1.88731608382
0.33780188818
-0.542012335541
-1.8702471845
1.38669125282
-0.374797172278
0.0670047698341
0.595861819947
-1.0393343468
-2.13174147006
-0.622832446736
-1.72560111925
0.104088850643
-0.00894738636642
-1.20606190243
0.442753370113
-0.805612350095
-0.770529840284
2.54017944569
-0.732602921719
0.512606503762
0.16685951258
0.150099934612
0.960981594996
-0.941956316685
0.0414262196685
0.982437630681
-6.14690029093e-05
1.55761548887
0.554172399634
0.552304518901
-0.83545921783
0.5597248989
-1.28606739291
1.54001875497
0.345192788532
-0.160831219427
-0.755944015727
0.239891005145
-0.399123208696
1.18173536706
-1.38933654476
-1.5738436791
-1.32480572379
-0.50046439587
2.16854846495
-0.597856505836
0.13954107062
0.119912849926
-0.257792282376
-0.662116066136
-0.519021491324
0.750546704914
-0.223232866294
0.00361557412745
0.277274384212
-1.06380800519
0.745283120576
-1.29615851993
-1.79120032051
-0.00750236959593
-0.820005375464
0.0569961779294
2.16693069616
0.136652450503
-0.626739858452
0.336098368181
1.60555694545
-0.0727509856508
-0.313885644918
-0.349542763151
1.41946710295
-0.246290607696
-1.10487608522
-0.892263458181
0.0485667495639
-0.11795417074
-0.40215336942
0.833395831591
1.44786638818
-1.50767858508
-2.5184255197
0.391683459083
-0.932452784984
1.8525696082
0.642742226966
-1.25395548959
-0.763885863153
0.864187933433
0.0812787647442
0.420669047923
-1.00049998649
-1.62907879765
1.20889574052
0.396178059607
-0.25855999328
0.776336449483
-0.810755866568
-0.995968505074
1.39067411849
1.52155269499
-1.16203962962
1.85400434232
-0.974234177702
-0.496930444277
1.25862962
1.45344901415
-0.47722642874
-1.55072473061
1.31215076771
-0.675484453552
-0.163480335379
0.925025153389
-0.42633004244
-1.26534899545
-0.729859143465
0.850388685247
-1.93506732543
0.719449297489
1.44854359725
0.62284664008
-0.443553928722
-0.890055978959
2.72117726676
-0.136030065824
1.12834774674
-1.54136701883
-2.47233168125
-1.25744849004
0.0804843973033
0.613352072474
0.652864503015
-1.10885284849
-0.287608723088
0.723585174259
0.0717084247049
0.917778270842
-1.04954758733
-0.467085302667
-2.30236943991
-1.93766940548
-1.00162546707
-0.457565270655
0.0943940809457
-1.16066076618
0.339991358807
-1.06600670402
-0.127778069233
1.75198655451
-2.42334158655
-0.450215774379
0.0195583670391
-0.476628137769
0.767352843834
-0.247932775697
1.45113620361
-0.425212324638
0.332227780462
1.36977223481
-0.713467057939
0.561914423893
0.199263753944
1.3300603897
-1.23239237806
-0.0281923489575
1.26363216844
1.06374937106
-0.646119711562
-1.86388996697
1.21843588462
-1.04070311738
0.0720316582818
-0.00746609812181
-0.845939826155
0.382749193027
-0.54263960328
0.406638874494
1.03049326967
-0.124275634118
0.495786815022
0.52999475905
-0.563261621983
0.382028006231
-1.03804980212
-1.35910191386
1.46572762388
-0.690385391064
0.790053933068
0.303056204826
-0.920054324887
0.106835606414
0.858235108537
0.202083950822
0.670681772677
0.668778763537
0.316256128635
-0.547647069048
-0.909637879538
0.13147167803
0.447996031705
-0.9244932528
-0.414147033705
-0.461312722144
2.06567071101
1.5139068518
-0.747767927877
-1.05531049302
0.262219168211
0.213581010799
-0.368688960741
1.47010135547
-3.14244854776
0.703827432401
1.41017440801
-1.73622815164
0.485114194631
-0.76291389097
-0.200014471409
-2.0105121153
-1.14952728133
-0.0985505714694
-0.421397666805
0.806012144062
0.124765703796
0.464379146514
1.17802542033
0.493130864381
-0.571010419026
-0.631603819883
-2.28484418924
1.25353589001
-0.232811292093
0.628842938642
2.37141495006
1.42955476156
0.215160323609
-0.636541131978
-0.0150364198872
0.0225878326454
-1.42058136194
-0.109268238733
0.943888226057
-0.802296198201
0.219434178593
-1.28180105025
0.920482806485
0.489224529674
-0.475384143427
0.677938572362
0.199759853573
1.19884595438
0.25170896135
0.384308961362
1.35762496347
1.11164995339
0.0709100607392
0.314974710932
0.034870931255
-1.84466471698
0.392435109643
0.769230407201
2.53903361066
0.308155425757
-0.949926160588
-2.08478120849
-0.343031926458
-0.761059256366
-0.509429892542
-0.481926914214
0.996908940878
-2.10530083395
1.06332264186
0.589908363627
0.747844571393
0.223976926751
0.685927526928
-0.4608282821
-1.1200127708
-0.0290878055876
0.839477364014
1.91420477948
1.07627022314
1.20799176717
-0.300326550051
0.134032473285
-1.06888633879
0.147894455062
-0.519601597756
0.791704691004
1.17300782851
0.597451635803
-0.595861503226
-0.216659572557
-1.34423826411
1.0858850194
0.370641890002
0.344650303182
-0.224990052446
1.196063394
0.791551342371
1.29807351328
0.263802955203
-1.26761471749
-1.4542537477
-1.29403403062
-0.0182519507396
-1.33924419546
-0.535460213118
0.802253190479
-0.781729209492
-0.130968686359
1.35509190167
-1.03083722211
-0.986691537826
-0.557206694979
0.389560839251
-0.676666964245
-0.0168836546006
-0.229910526881
0.384370653781
0.804982693167
-0.331545720191
0.691600428566
-0.665066550121
-0.0926991825362
-1.70982741428
0.139244755787
0.705043728841
-0.392738825953
0.259934005594
0.989421472258
-0.144372226506
-1.47878535807
-1.44091467052
-0.57162995508
2.28318999272
0.248122710111
0.609757674185
-0.731754374219
-0.441200083527
0.76703707316
0.681996805836
0.0296953066492
0.230349325144
2.13640701256
0.192600683356
0.245596308805
1.8677724042
2.653574506
2.87066077556
-1.1559016083
-0.287638870648
-1.91227111585
0.503775837037
0.303360203724
-0.660268579019
-0.184353278251
-1.35039138253
0.0415273864302
-0.0916762174849
-0.321269851109
-0.96249791001
-1.39169612745
1.87792292581
0.536167182633
0.566787439572
0.535424885045
1.17012578348
0.0888869564006
0.311016061104
-0.480002042032
1.0278898595
0.569535012912
-0.158491835094
-0.349674214785
-0.735544035302
-0.158988464751
0.526596740565
-0.0661036667294
1.38283706981
-1.45259888907
1.31542675771
-0.584971850115
1.31001358868
0.376423592612
-0.398217807568
1.27670005244
0.560495970114
1.26485317367
-1.61917565673
0.778924010731
-0.761559494023
1.05646292863
-0.780773756627
-0.0224542044662
-1.4344170708
-0.581361614216
0.768706913202
-0.0264087394549
-0.218430156572
-1.31248266822
0.401257692354
-0.722971415067
-1.22757418842
0.0268656663728
-0.305402119817
-0.506886461666
0.5735989186
-0.668683928706
-0.0626012186132
0.0824812399955
2.10674899978
-0.727963434695
0.11026980176
-0.0447080601686
0.318246069946
0.00830807171422
-1.22624729903
-0.188370018579
-1.76911821566
-1.18472642021
-2.75224287248
-0.688575590478
-0.729103786487
1.0221756977
0.0989807227266
-0.0813488888773
0.515429102034
0.281576241636
0.925412094002
1.46713664381
-0.27523030738
-1.4206995108
-0.452643163661
0.299597446215
-0.060962531379
0.295245284292
0.0519704310107
-0.303261750249
-1.02873214303
-0.670793856588
0.578067978628
-1.17136880486
1.37525997026
2.38939060844
2.01294670806
-0.103789440419
-0.800899012534
-0.452338797178
-0.965702386219
0.166813905223
-0.124399908209
-1.46913165406
Score: 13