3
44
10
3
-0.0715758428326
1.61655866458
-0.473232190154
-1.04994865984
-0.480971739828
-1.73028979859
-0.130675751838
0.509082824079
1.49380532142
1.42680099853
-0.803146007663
0.817878063053
-0.273871121069
-0.872385760071
-1.60791883621
-0.00977982991017
-0.455272921786
-0.0798888553311
-0.812516995592
0.749539292657
-0.170715143337
0.742261668097
0.570726988799
-1.22339072225
0.385422144581
-0.232650589407
0.292954315815
1.22122261499
1.05709968349
1.0923231498
-1.70761743588
0.352920309533
-0.392584524093
-2.02660884822
1.54957269067
-0.370805803447
0.0741463178158
0.504743563096
-1.41281420738
-2.34690534187
-0.623043421162
-1.70590695312
0.0614354104675
0.0544705458113
-1.31477805097
0.482264913512
-0.895587637127
-0.787449636498
2.58017006285
-0.91511543359
0.517987375965
0.122050153531
0.390235096376
0.736933731952
-1.01496816393
-0.0309078092865
0.896292776105
-0.0113060630869
1.66390475107
0.526726437497
0.783789064946
-0.861276920886
0.70560766281
-1.07487311145
1.40706397276
0.522573710852
-0.0182565016663
-0.712812396281
0.231344118449
-0.272232895507
1.05251511076
-1.56649708241
-1.39785229743
-1.39755767646
-0.322837687506
1.98044482412
-0.537283864124
-0.0385344164944
0.424892472446
-0.210152025948
-0.618801153646
-0.429362314369
0.876470304647
-0.0679397606313
0.0183059945768
0.233049121937
-0.922178125692
0.708196369595
-0.986218513643
-1.70165813313
-0.138693320117
-0.602833980008
-0.023633436659
2.16056336623
0.349234698069
-0.674292142271
0.363091619569
1.59750494696
-0.222050960617
-0.203823184512
-0.510228989058
1.55698149582
-0.392783964792
-1.20676689119
-0.911609749068
0.117447684861
-0.124604654664
-0.362623180518
0.850082876595
1.45728767519
-1.3587635454
-2.77363864899
0.562832123277
-0.964669748094
1.63628464245
0.506971971685
-1.50310125354
-0.884594245982
1.17526790976
0.0686022428227
0.419081486014
-0.836669871423
-1.65976144585
1.25284702629
0.387438944842
-0.408791455989
0.628658065552
-0.489345250073
-0.933508373874
1.49273443922
1.38720422556
-1.27198204526
2.06745808965
-0.829715207725
-0.338864945897
1.27630374597
1.35836212522
-0.730002795948
-1.53879735005
0.99321413961
-0.755657086493
-0.133456518439
0.971261017005
-0.484354311748
-1.3562281997
-0.945217873966
0.759681125944
-1.87654665809
0.783668049048
1.41751035358
0.657241900662
-0.635483233215
-0.997132146333
2.69822043922
-0.133728641502
0.918551140308
-1.70233847659
-2.22870868052
-1.21551100894
0.0730501631279
0.662870059907
0.591120419185
-1.04981911923
-0.301648576765
0.663990799289
0.129095447079
0.645556874028
-1.21655076633
-0.265452374538
-1.9858894582
-1.89716924958
-1.21354885891
-0.529001163607
0.00654067040384
-1.11563083936
0.0272758668668
-1.10968558909
0.157355996671
1.88057789242
-2.66009719895
-0.71040876662
-0.0606806123636
-0.21424855738
0.825676177436
-0.205087011671
1.67968429005
-0.385936149234
0.252867212212
1.42146881658
-0.821664625586
0.514532686111
0.0651977713989
1.2664842069
-1.27879569762
-0.179091687107
1.39877373657
0.983215872924
-0.48772508017
-2.08877812721
1.23865527953
-1.09320384498
-0.116197276134
-0.0376084694614
-0.7237724835
0.0496143318462
-0.657925774383
0.458885473179
1.18005905427
-0.118458079998
0.578058032907
0.686894196981
-0.527563428147
0.175535954556
-1.23726750353
-1.35359395711
1.41974998108
-0.810813964121
0.94962440065
0.21360051435
-1.06299232366
0.251208653852
0.792994991186
0.403391837167
0.561892723616
0.94503703907
0.320373853672
-0.374908470544
-1.03127036099
0.16263577302
0.489583168168
-0.897021400187
-0.230188015993
-0.627530935302
2.08201070903
1.48091438004
-1.09059218305
-0.913105408965
0.318997065606
0.25651732614
-0.482448943448
1.33525688348
-3.07392724547
0.868565689876
1.36146322578
-1.8444335407
0.665357590764
-1.2130496969
-0.347579779792
-1.59771845836
-1.22360066504
-0.0150858090424
-0.293495104987
0.75284217681
0.108556944545
0.279602348004
1.06872559048
0.473021266737
-0.456773223022
-0.70197255397
-2.20668599496
1.41749540468
-0.339296491156
0.618561206579
2.68258042937
1.14705071051
0.381552661361
-0.452573094739
0.0270286961067
0.094714981411
-1.4741692787
-0.0187868856739
0.806854213429
-0.814675713986
0.0755456588955
-1.04998590069
0.979647385837
0.509884174227
-0.646167027253
0.840504523847
0.162107296885
1.1625278715
0.299529394556
0.286004199998
1.20624913641
0.902592867867
0.191681777493
0.26443286017
0.171363269442
-2.16301684941
0.525872949221
0.801909570473
2.06383412665
0.586895089076
-1.15872364518
-2.19224513
-0.396324424669
-0.554551016001
-0.236288294852
-0.546590359814
1.09612813697
-2.23535848972
1.01805663605
0.532922889673
0.802343006587
0.290523904913
0.319463074308
-0.3910997905
-1.07936463991
0.359057849271
0.926484883196
1.49290539425
0.936191778812
1.10460952515
-0.26021528589
0.168587745734
-0.904927023321
0.115993708495
-0.432592517072
0.951249579541
1.26173254346
0.395653686323
-0.400562951105
-0.409174083715
-1.20162706868
1.02675461225
0.623643073965
0.347717620243
-0.138916819259
1.20857567637
0.906498960821
1.39618835756
0.309883170479
-1.5755626338
-1.42066608367
-1.31601795674
-0.121364561652
-1.36110305356
-0.468076240174
0.758497266846
-0.915279514298
-0.0737100462155
1.37867231261
-0.883019168933
-0.821193189047
-0.649308190415
0.383943767269
-0.682701418847
-0.0693134467529
-0.0229606592323
0.27222782992
0.692867343787
-0.46116718481
0.632245795694
-0.60472294842
-0.261354178076
-1.36098339572
-0.132591992913
0.699531121486
-0.435978856478
0.397508495989
1.01282123682
-0.198988636811
-1.51970141418
-1.45268904737
-0.308654933899
2.12241309465
0.026421143428
0.444457226661
-0.870060060497
-0.484570285345
1.06281143649
0.436520897409
-0.01738278494
0.166418545189
2.58814324479
0.0499584676877
0.146820431092
1.86554257622
2.58746804037
2.69366332311
-1.07090787085
-0.148756661364
-1.75458939219
0.468856883536
0.127442530022
-0.683598680663
-0.0194421858412
-1.24103888044
0.218375134531
-0.160951949734
-0.228844802439
-0.873212497523
-1.25458915094
1.86520473846
0.454918941695
0.596057009968
0.316836607037
1.14687422625
0.0554296752419
0.2645022649
-0.187162129558
0.911856831102
0.563905866448
-0.391133378416
-0.250713252423
-1.01181266488
-0.148368299338
0.433038486125
0.0131334925692
1.16532329546
-1.59496598327
1.65032083926
-0.869544753938
1.47264258252
0.435467880222
-0.575659622194
1.30237677936
0.710422109309
1.44786300235
-1.8641020757
0.559029563573
-0.780148321933
1.11351152486
-0.529138478574
-0.0232669803403
-1.45896673854
-0.959085932766
0.915687399844
0.140733073487
-0.106049042792
-1.43351516738
0.658482533236
-0.725178915809
-1.04381508459
-0.052900602053
-0.189994007995
-0.392970457521
0.392630729068
-0.379687696811
0.0659588192502
0.0225853769909
2.26534774732
-0.968219844048
0.161312128171
-0.158009275809
0.173051880922
-0.0388688392631
-1.21937115601
-0.178583507893
-1.73907527854
-1.14028348453
-2.69029829216
-0.568206867364
-0.781132946218
1.0123408642
0.0716196399328
-0.1433241887
0.742231382036
0.179127885897
0.899841358844
1.31761851409
-0.256269846486
-1.4297909578
-0.443254274604
0.271691190184
0.0507399385246
0.0391298295439
0.281666809297
-0.417990148794
-0.885522742804
-0.58075397402
0.739235657901
-1.11191505194
1.45538310272
2.49643468224
1.98136807246
-0.101159197692
-0.645956309051
-0.364207159701
-1.12663570842
0.352408423389
-0.168477927106
-1.44531969329
Score: 13