3
44
10
3
-0.683901283756
-0.577826173138
-1.43425581579
-0.881352741833
-0.116822566453
-0.568173306122
0.672890508
-0.078758095196
-0.922068948361
0.0810940581163
0.959388096192
0.481009381981
0.293835939687
-0.377432682997
0.235647419487
-0.845699349788
-0.376793553169
0.468440968936
-0.871243718887
0.236368930473
-1.51837787019
0.0607015367365
-0.137372587887
0.640220619433
-0.153548850577
-1.88642388527
0.579269131718
-1.18407235916
1.64622298773
0.833589987974
1.35878090786
-2.37752265007
-0.863802773242
-0.82526488528
-0.14896385216
-1.12747349191
1.91398963859
-0.63527642805
-0.420586854901
1.56759508849
1.58429788299
-1.43513781572
-0.912464154572
0.688301523104
0.0531123227246
1.04610565701
-0.928964654027
-2.04501033573
0.267731291858
1.16007821057
1.31997242624
0.335338540838
-0.136999894487
1.29650265389
1.8238711591
-1.0646187481
-2.90124841377
-2.53494686421
-0.40568022413
-0.280093858931
-0.29005933351
-0.490578336622
-0.888295175753
-1.25432527257
-1.13285654416
-0.517843652265
-1.71301229181
-0.0899735458291
0.278538367702
-0.596302990863
-1.523188046
1.2828460433
1.36357559526
-0.636488225069
-0.375793243118
0.257100222065
-0.690889911325
-0.491471244917
0.0995962768385
-0.526353509444
1.8298628409
-0.23565972638
-0.696259023437
0.431215035917
-1.27709050365
-0.548030661335
-0.854340245531
-0.21382486354
-0.44977256041
-0.773718640964
0.754195624352
-0.436909379432
0.9161906969
0.250113676644
0.907554157091
-0.698907933871
1.0790501984
-0.010021439341
-2.25240105805
-0.935455167977
0.914239312304
-0.345727388037
-1.63021121001
-1.2873557613
1.57291741749
-0.114203278193
1.8433563893
0.49112298729
1.34034446175
-1.25708954873
0.151217324336
0.235656705979
1.53651071286
-0.236410013118
0.274083546121
-0.479496105925
1.04098451438
-0.56852708507
1.57365254282
-1.01835233426
-0.643246600105
-0.429674215121
-0.453080788306
0.387969858827
0.731811984109
-0.395633869153
2.29122825254
0.543144626721
-1.4301982623
0.689132765706
-0.118254235316
-0.792303032389
0.45900963894
-0.349935875418
-0.238802337426
-0.625496350202
-1.27335591831
0.621592833064
1.09919777234
1.28539870552
-0.664360110358
0.483420606218
-1.73752699699
0.675817081493
-0.535402347577
-0.965817406373
0.313164255822
0.604163789312
-0.157120014106
0.270494570138
-1.45833706874
0.690989872771
-1.78468289447
0.772729544976
-0.35040442762
1.79266854837
-1.28410773599
-0.489502901832
0.347645558434
1.66555372867
1.16560835893
0.292758126072
0.0707898395667
0.18352817598
-0.786349430205
-1.06618821538
-2.27624224568
0.122863855013
0.50476187148
1.34870270899
0.632609014676
1.19606404043
0.143564051075
0.0437516077393
2.63085215545
-0.468904053169
0.268026325505
0.677778796505
2.02536087415
1.58696482394
0.0214003193855
1.89210308234
-0.459360819958
0.0404912918921
-2.24479206177
1.28288664066
-0.415725970322
1.96272263097
-0.311730763947
0.470825431197
-1.63711355511
0.86581784686
-1.56874303553
-0.54565544896
1.47027740925
-0.117880935187
0.151468029449
-0.0825192540203
-1.25020900098
-0.31738339886
-0.997870602845
-0.815754331006
0.686104993524
-1.46460199147
-0.887023157533
0.990378240615
0.533191437275
0.715783603247
-0.736308052938
0.1345990622
-1.03786421371
-2.16430401512
0.273159847603
0.805013965029
-0.382593447749
-0.51293941963
-1.3632322099
-2.27737722663
0.758365946813
0.622371044582
-1.49910621267
-2.95584823127
-0.352568496922
1.40407566034
-0.388896978811
-1.15483157026
-0.169954934865
-0.676165019473
0.132001091718
-0.86434469747
-0.498062530091
-0.498265356465
-0.719340304415
0.403786664518
0.321715038208
-1.52309523306
1.34599217529
0.21962163888
-1.02988595442
-0.307574708281
0.375661642107
-0.646917784291
-2.78753301932
0.731993648249
0.00359816285729
0.325694155126
0.264693783363
0.236276947132
1.12009507836
-0.0314519797357
-1.28956153495
-0.642271076445
0.55763954179
-1.22803861585
-0.0682996440493
1.46223437243
0.67079595985
-0.451061723798
0.163753029433
0.45267738359
-0.492188491442
0.00567457938621
1.23583762891
-0.220233255432
1.28244990399
-1.05615829701
-2.3214990798
-1.87782419071
-1.2524792466
0.0449206775167
-0.378090186456
-0.243341640092
-0.0845090505005
-0.403647985513
0.0749727188719
-0.42735543
1.04645989393
-0.193934431015
-1.42675189111
1.71223680955
-0.310132297826
-0.328306429593
-2.25409072904
-1.0165939397
0.41270505638
-0.32460309195
1.04903616623
-0.152193633743
0.668348376744
-0.933154400187
1.29904484427
0.98890647312
-1.50030734662
-0.694229515586
-0.979357129763
0.389755876724
-1.08688689018
-0.184297047051
0.463440165413
1.02757959757
-0.189894798243
0.135110331664
0.120980346097
-1.53389931896
0.0935166825189
-0.135984154102
0.132838502636
0.537791726379
-1.27893776034
1.70974698277
-0.782461728853
2.58035176953
-0.549820899075
-1.49839433719
0.152124048168
-0.166536038993
0.0043235402574
0.724759050695
-0.30543245193
0.965346116317
-0.203641722987
0.314864793114
-0.115889210935
0.506902975011
-0.309374368547
-0.271008845237
0.562824070295
1.98459074256
2.42093466602
1.02095569365
-0.280476862813
0.367876073551
0.250995439284
0.093032491718
-1.29436426219
-1.07978740479
0.541892249064
0.194325725747
0.861639810432
-0.587318313232
0.258332415698
-0.456865619943
-0.484541547376
1.95018825363
-1.0071032756
0.23609456388
-0.373345654421
1.18977685102
-1.27116152296
1.5150942717
0.192952796847
-0.890031907851
-1.36539371888
1.41856056442
-2.31245317129
0.448262602282
-0.420955547792
-0.38595074385
-0.242816764537
-1.48221223538
0.605678721964
-0.23843176918
-0.135492843247
2.10004040639
-1.33782272796
-0.34939556329
-0.233517266203
1.08915279627
0.904785375065
-2.49887277527
1.04407950891
0.1606803308
-0.450214747134
-0.579150383266
0.558453935014
-1.55529242599
-0.489033243461
-0.923838500737
-0.104399327428
-0.442033146858
-0.728211171019
-1.79976636726
-0.662188589938
1.2004734339
0.365924260391
-0.494440237218
-1.32765851908
0.349326482523
-0.564148069344
0.283047311344
0.369032419552
-1.81683588644
0.130869290559
-0.306682006595
0.928160656007
1.25374077838
0.864294410789
1.81598109836
-0.547114797244
0.834883559116
0.236959074071
1.51326183077
1.0542471711
-0.781520758582
-0.686718751369
-0.578761862715
-1.22751568244
0.766089302013
-0.884569984478
-0.204117122564
-0.123785046243
0.42912868589
-1.61000112341
0.953469667108
0.154686146414
0.991552896812
0.0894298101606
0.984983842067
-0.898301564439
2.20704903232
-0.361250754074
-1.14280029418
1.33412615188
0.445634007629
-0.897670544084
1.12359545216
0.861818597284
0.113017115794
-0.571635252906
1.28807963424
-0.0378128691413
-1.80484962209
-0.12105287555
-0.203014889847
-0.667185291986
0.340534437984
0.103737523192
0.299939648543
-1.18281127881
-0.182805344967
1.10004698914
0.0943521288341
-0.130930781364
-0.16832251511
-1.20532500516
0.336678376298
-0.68250777883
-0.408848971765
1.32189521844
-0.214121165898
-2.10750840693
-1.16214284118
1.99248365454
-0.602979811135
1.08798292819
-2.46731140544
0.0213331246461
-0.714070104899
0.124185440775
1.49433496358
0.165719858994
0.211412904913
-0.927813179826
0.838582899439
1.78315827271
-1.55495467855
2.06078468255
-0.584528333355
0.566886103904
0.401058691128
-0.819554643422
0.534377773716
-1.31714906905
-1.11506227805
-0.0353622270738
-1.13768039166
-0.937672097934
1.14752061137
0.867344530626
-0.0749990074134
0.874032505515
-0.323787091534
-0.793633259094
Score: 13