3
44
10
3
0.720136432082
-0.327563598025
-0.195930893812
0.372063144405
-1.42930951931
0.0444973726311
0.870608295336
-0.934149169661
-0.160167617985
-0.063126374899
-0.406949384426
-0.560313246727
-0.0477013224356
0.404752602014
2.09601620308
-0.831211728732
-0.217754354795
-1.75295110135
-1.5361845403
-0.829707458523
1.92259986242
0.954465350657
-0.497321339445
2.00238667413
1.13337136105
-0.976782558016
-0.876082455002
0.0222370074421
-1.74249347699
-0.328778903675
0.197069889759
0.685291217606
1.53483948055
-0.791886901927
0.041442125903
-0.197868349252
0.142873261992
-1.19331654297
-2.06853939533
1.83327815831
1.21435019116
-2.04186191392
0.79069252829
0.524899064048
0.088545195188
-0.00296465180302
-0.0883104207155
0.129573177668
1.94498763305
0.480077931446
0.0174689207368
-0.919607870001
2.06415672836
-0.714853842606
-2.71655491512
-0.147584947193
-1.27640164895
-0.245969345807
0.268778723948
-1.97721583236
0.388559406134
-0.688014340153
1.12503481593
0.395862292324
0.579653889832
0.942866373764
-0.00340240679624
-0.0517439473853
-1.23261539327
-1.15149178288
0.940641194928
-0.627025581304
-0.732013133257
0.00155766785037
-0.438938087193
1.08114034818
-0.613293847494
0.172143629468
-1.08198071259
1.32704854179
-1.10030983869
0.733575923042
0.183390725793
0.0537628102567
-0.338532525509
-1.12201013706
-0.0655603511002
-0.106262006285
-0.802288596616
0.243535709505
0.00149559923412
-1.04728812635
-0.579203496226
-0.693632611196
2.58886536362
-0.518938373595
-0.464923586309
-0.667376845877
-0.97851169945
-0.025125514434
1.30308200665
-1.65748197337
0.76964205492
-0.272886401178
-2.52333579207
0.631233846686
1.19549844919
-0.794790135333
-0.392365972751
-0.284032887202
0.4622763227
0.555917569921
-0.636731816152
-1.74925435075
0.35341903264
0.504872856034
-0.300528501482
0.825895382657
-1.25638914084
0.605716493353
0.316742569857
-0.5326598076
0.342635339899
-2.11654366272
-0.0297259768776
1.41630829068
-1.46321289296
-1.23723005913
-0.815455484448
-1.44179755042
0.517630811443
-1.42679660378
-1.49411813009
0.9040982095
-0.10138700556
-0.584807032026
-0.0909320419314
0.894750360673
-0.0985628822709
-0.695592692476
-0.721217188815
-1.07368233073
-1.72759632933
2.94957094728
0.456695276953
0.858210719814
0.588375359222
-0.421631796433
-1.3480425707
-2.08120533941
0.265303727367
-0.437640438834
-0.140033180079
-0.860112369398
0.591190682335
-0.228334536655
1.96169093204
0.486441722462
0.692505879162
-0.0802295296062
-0.921536024321
-0.329773141071
0.124083990696
0.905706264029
-0.266322200297
-1.39849723825
0.46398979456
-1.06202085346
0.262179599398
-0.488848165609
-1.17934497294
0.412329524761
-0.848412216137
0.384053697473
0.644928617693
-0.340864720985
-0.672612129004
0.227002197485
0.107058473341
1.395251208
-0.805918047858
1.74447238303
0.536558939175
0.0325608509116
2.72191653954
-0.248250652448
0.143808227915
-1.00175251328
-0.231600990275
1.39350100891
-0.0851036332995
-0.22775354661
0.0613993653209
-0.211743809161
0.275329026731
0.239294710967
0.886246847701
-0.429625679128
0.309539958504
0.887885669243
0.109676645357
-1.22702168535
0.374975957486
-0.167083726013
0.267581914927
0.0191188308044
-0.207255204098
-0.306019749692
-1.44143285634
-0.127810717491
-0.0521975096578
0.785730444967
-0.0272856333303
0.0888650447621
-0.525669776084
-1.55128501652
0.114401791888
1.77893256719
0.288630724831
0.913485564597
-0.289516784616
-0.454510749661
0.347547215205
-0.432146385191
-0.670990770237
-0.521957912886
-1.67925405905
-1.93917878098
-0.809031721047
-0.579959546176
-1.30681255075
1.65404508576
0.0596250064136
0.722943913645
0.604059497813
-1.02317887036
0.278687554671
0.45423115662
-0.231805538904
-0.599019170881
-0.672371732031
-0.249241217232
1.1898018134
1.71102958942
-0.422610178679
-0.585455713466
-0.644256212877
0.0983404881222
-0.257482801211
0.298236914762
-0.976046920181
-1.65340299263
0.59864792888
-0.348194571817
0.864834062764
0.54560738888
0.818015616017
0.745673611106
-1.27553895084
0.596402693123
0.151727450283
1.66460616207
2.04144310441
-1.51515643519
-0.734673860142
0.572844591811
0.0355291124557
-1.21214822535
0.772159314589
-1.14803225157
-2.31604893323
0.215944109814
-0.143286832815
-0.627373966964
0.530637969714
1.02701163035
-0.641041087851
-2.08174704217
-0.710321881238
0.959101562421
-0.780385787015
-2.23947068532
-0.0146957489463
-0.158295875201
0.124633193941
-0.954256210606
0.320669903391
-1.39214986402
0.261382856455
-0.440033189459
0.63514631699
0.536320031785
0.865031420712
-1.06339694301
-0.143938226505
1.11201197021
-0.743886967273
1.09780015571
0.266623026069
0.521395948572
-0.413349506955
-0.34842556222
-0.0322325798864
-0.248122220824
-2.63588830016
-1.63379255585
0.333193692442
-1.60670344938
-0.730554754506
1.12552671756
0.59145250719
0.297787618413
1.98282806032
0.0366198445273
0.884382232948
-1.25295341254
0.130036830173
2.80798557264
-1.37479985208
0.592834414999
0.047990912436
-0.55306250776
-0.694240230011
-1.1672988232
1.43525134187
0.889673943912
1.09361030481
0.647330673885
1.71634068534
-0.0631548671419
1.11383214969
0.28165067564
0.71502231257
1.33897152538
-0.293194294074
2.29296137059
-1.10410340239
-0.553527376866
-1.34057739041
-0.860625892379
0.761687045481
-0.750113350889
-1.25111108045
0.208229807464
-0.233361297846
-1.20005912168
0.724673774814
0.28392164151
0.617107212281
-0.825582945175
0.529848749825
-2.0882099923
0.195143702282
0.0924406981432
-1.17559781612
1.67475460264
-1.27834751068
1.94930880898
0.700403893807
0.1538370572
-2.04860105453
0.129005369525
-0.323017550754
2.67720074881
-1.41714942477
-0.482873553202
1.36137056839
-1.87160364809
-0.488082687009
-0.523122196633
-0.191547571032
-2.01680381793
0.0307892927675
-1.80265179513
-0.326281147736
0.415605709061
-1.15951911419
-0.296569789593
-2.39473633327
0.419884345861
-0.121324566482
0.201986154474
1.09031884551
-0.552330071259
1.67355145662
-0.2049144646
0.33246965996
0.118440447007
-1.12411283832
-1.58698930686
0.952761438135
-0.0402220232809
0.767834135033
1.10898779509
-0.969733995054
-0.529539666687
0.364726076314
-0.422086542844
1.95601981049
0.680943524251
-0.744455336942
1.48808256201
-0.516905232326
-0.731866774721
-0.606025201651
-0.702307216481
3.10351042051
-0.769967780292
-2.27785857285
0.41512668687
-1.0751710902
0.61191744212
-1.3083320395
-1.07865413503
-0.621446395241
-1.18665345378
0.880050169473
-0.224975889059
0.84915664734
2.19527117937
1.32650843408
0.179030062284
-2.43976400267
0.659295835441
-0.570512998482
0.441957055527
0.0173385836062
0.16635522478
0.200767510683
0.995436304415
-0.347107840095
0.632659558365
-0.0161015960278
-0.684459507703
-1.94963108614
0.750855296052
-0.468623463415
0.973649530263
0.512946537707
0.68181404172
-1.33393908049
-1.57533048489
0.210933669253
-2.52950196309
0.922079761499
-1.83967217436
-0.15836665219
0.23017063146
-1.73607488961
-1.56012974448
-0.541241313869
-0.64454155683
0.862776697499
1.17853885378
0.215102284927
-0.862356321805
-0.337130899337
-0.458619868204
0.101765745736
-1.04332777862
-0.735960216881
-0.802452330745
0.0533183920127
1.02827787388
0.347962477086
0.188406270053
-0.846942449904
-0.49019135678
-0.82303514882
-1.79782627837
1.39513951508
-0.96185076138
0.459092899755
-0.249533807986
-0.131163397099
-0.0568692160645
-0.700300922154
1.19638910403
-0.165534298448
0.0503469175819
-0.570598386192
0.438999960137
0.940354482718
Score: 10