3
44
10
3
-0.725356013944
-0.876018851172
-1.46124655395
-0.805129665816
-0.235056580089
-0.627024079904
0.704225365354
0.081877322269
-0.886920457266
-0.25375467823
0.964095977037
0.51132517557
0.261552991669
-0.050238393115
0.131323885716
-1.17099726118
-0.387634237081
0.188545517565
-0.759889536057
0.277889932673
-1.55089833324
0.00227828284307
-0.219149771425
0.707961723147
-0.0656238932013
-1.72804821907
0.468711292277
-1.14191141293
1.5161334448
0.877945866395
1.41662284353
-2.7359575469
-0.935641565572
-0.734391446449
-0.0789283635351
-1.27998266634
2.14659576654
-0.742479170686
-0.173258764932
1.5494291474
1.44369422678
-1.47339919293
-0.886511240493
0.857502171279
0.0925758246398
0.873403131409
-0.934800150035
-1.92791129472
0.267912906143
1.08730373704
1.3100852781
0.399821065502
-0.021698044671
1.62101295379
1.61763321663
-0.871549492332
-2.74155769175
-2.41638516009
-0.745153030164
-0.20728178303
-0.232988170051
-0.401454750145
-0.808840275924
-1.13776711529
-0.907235683855
-0.657694682006
-1.82089986913
-0.128863501959
0.242016147438
-0.430105477495
-1.50546784131
1.3266082051
1.45335298019
-0.393292419282
-0.554167991808
0.27433827558
-0.898903943675
-0.609693049636
0.0900599171106
-0.284980566566
1.72788399268
-0.268284085686
-0.60379107567
0.542524862482
-1.05154030407
-0.547318034
-0.676537645649
-0.149432337093
-0.41289484791
-0.905055403097
0.896646306397
-0.52333188076
0.950304660665
0.250410067065
0.709332844784
-0.731011466575
1.07039339869
0.0958398938146
-2.07360619698
-1.16781941167
1.20575571057
-0.541064524426
-1.74163569399
-1.4285150247
1.30135851997
-0.115892198505
1.80160399411
0.34943060666
1.35950869667
-1.00043750375
0.135962146724
0.0136433169184
1.2926030782
-0.335009462733
0.235780534834
-0.599649081922
0.973524898667
-0.693968125267
1.76136208057
-0.960718478446
-0.675538882659
-0.308106721417
-0.424380480075
0.490170255954
0.805046060919
-0.431539057262
2.16988150974
0.339565889532
-1.256034203
0.54440525339
-0.211202516711
-0.515781166843
0.244493792092
-0.280287613606
-0.288207393208
-0.729762175908
-1.12714796749
0.7374065948
1.08774355416
1.33101511081
-0.5971495286
0.481205990418
-1.75481634158
0.684637111803
-0.427085728867
-1.13066039736
0.382350922073
0.923210499567
-0.0683570955936
0.400097992804
-1.28736997626
0.678977755306
-1.89143950578
0.931189089413
-0.41275631835
1.8327338787
-1.10636069045
-0.422370775862
0.297896337932
1.93111914769
1.2181514875
0.0168922465748
0.230976641137
0.33925566194
-0.804025402252
-1.14194486914
-1.85738902907
0.0595945267529
0.668036794749
1.00355739809
0.7833446405
1.15112990579
-0.170960985184
-0.179628390978
2.44576891473
-0.267721831836
0.358897086032
0.525772963914
2.11914348623
1.41787581216
-0.0217019589067
1.92978296682
-0.104616945964
-0.250832671964
-2.01599704449
1.05870309542
-0.275752699698
2.10620156198
-0.534456231354
0.481839824955
-1.48654863804
0.626987924199
-1.66947186076
-0.38715641981
1.75139546871
-0.145953828025
-0.0682263846632
0.00250056685476
-1.35686821376
-0.316320306881
-1.36042094598
-0.799531188544
0.746416720075
-1.43017930399
-0.953326610315
1.18339817087
0.675783583566
0.54643879343
-0.69505659125
0.483965162991
-0.787314843265
-2.38382049344
0.474560982001
0.766015424365
-0.532574306387
-0.517284681887
-1.25208373261
-2.35599042725
0.792339481481
0.642244091669
-1.21877482292
-2.45904963545
-0.286037099055
1.66579781975
-0.629453970382
-1.18560323709
-0.42752949942
-0.723661044887
0.536305735851
-0.849949433154
-0.66922028435
-0.189157135232
-0.810426352304
0.643340995035
0.150946162506
-1.44407332076
1.17117011728
0.186093647881
-0.936666912323
-0.595514946767
0.171110020324
-0.754537303214
-2.88718092713
0.536964126747
-0.0524823002329
0.500684506283
0.511842371991
0.132677564335
0.847180594206
-0.116103048523
-1.49965718133
-0.768523811903
0.510138801531
-1.19856717961
0.252964066916
1.46786193025
0.680076274303
-0.149427304238
0.200164141193
0.505287318751
-0.684541210952
0.362744878925
1.35121352721
-0.0389719308312
1.28110434968
-0.98429048112
-2.06804436375
-1.99171305819
-1.15264003049
0.0822669525927
-0.569229358043
-0.54490272879
0.0998525099234
-0.377830059901
0.1154920741
-0.207815435516
1.07322867533
0.252835225981
-1.54686832211
1.85484504035
-0.40063318105
-0.110873136389
-2.18807620662
-1.21273654365
0.487150589769
-0.467588085386
1.13681681891
-0.0472020385129
0.396814872246
-0.621443007819
1.66061737921
0.935756072665
-1.43974161758
-0.519807526902
-0.700695313762
0.508616762528
-1.12042525811
-0.216138425985
0.719623478852
0.726073461994
-0.159991199918
0.167303422176
0.290293579999
-1.42319582528
0.356489539971
-0.15507914352
0.0917602888765
0.474630003749
-1.50442894226
1.73181160216
-0.841459040457
2.63779926145
-0.631619158113
-1.58455878238
-0.0343413833553
-0.305429238835
-0.267947125287
0.768099472484
-0.246739587377
1.02400770355
-0.283632143394
0.196088841974
-0.000691437021927
0.318197887349
-0.264648107923
-0.333063510226
0.373000143625
1.75992529364
2.41441604527
1.09033824529
-0.510655808251
0.402118099816
0.212736780033
0.132428537973
-1.24361010371
-0.94044519491
0.421249831045
0.2304809958
0.865433832196
-0.49333350103
0.155626837727
-0.614083948327
-0.225850127108
1.82398796359
-0.929318795999
0.473274893322
-0.323281100542
1.10773767666
-1.3435571368
1.56302133338
0.0725188865091
-0.726349346306
-1.34313894527
1.23948913701
-2.30543810959
0.276982898274
-0.468007485088
-0.285058500587
-0.699518109063
-1.50228796167
0.768218002077
-0.326325314704
-0.119910033579
1.9463145412
-1.41650718377
-0.197194241943
-0.362596601441
0.835156409643
0.819941020686
-2.297070147
1.02970669955
0.287984971678
-0.362082731124
-0.600776568571
0.697289055131
-1.59868185202
-0.659196144296
-0.854422374334
-0.386253583216
-0.401128087201
-0.70284976326
-1.75445823277
-0.514472249176
1.22233862832
0.274181854881
-0.830420143077
-1.42714110003
0.313081381343
-0.865571784206
-0.102201952917
0.581599711583
-1.79532249399
0.246257329372
-0.167473419892
0.512576088033
1.30936667711
0.726190638726
1.70429354967
-0.554739039536
0.871655065142
0.316918972122
1.45322587331
0.904689109747
-0.973972171643
-0.974862144141
-0.395042657484
-1.16566522134
0.864624042723
-0.887311898994
-0.323879490324
0.0702609778646
0.476166609292
-1.65101861673
0.959721076223
-0.183927629607
1.13610321119
0.0653503176621
1.03160657233
-0.599376365012
2.2350348864
-0.360737972595
-1.21161188729
1.29932333137
0.158133127413
-1.18452327297
1.09344225939
1.04919029494
0.242028897219
-0.892394353358
1.31345124941
-0.119271304276
-1.69796590188
-0.24917408672
0.0454636142132
-0.689256925737
0.303802708817
-0.146729792499
0.34171222782
-1.1494689858
-0.320683321917
1.09771301992
0.0790301865116
-0.230167251985
-0.262633654581
-1.14853152553
0.232896558286
-0.560287128356
-0.294449756874
1.08453836406
-0.101879083802
-2.26509747802
-1.29648194451
2.05610945391
-0.421343394595
1.02521981531
-2.68238324164
-0.00661668406862
-0.829031410116
0.114688049517
1.51344753843
0.0709385226732
0.200721238935
-0.860535834017
0.953624714266
1.69029444574
-1.46899872688
2.1492668503
-0.748328747606
0.183086931359
0.518293811539
-0.986184948654
0.46174904555
-1.3952700705
-0.930359211208
-0.0739892709955
-1.13569358662
-1.10699876383
1.17065558265
0.837209693279
0.0289371208953
1.17471048994
-0.219776736645
-0.734972191913
Score: 13