3
44
10
3
0.515789208581
-1.84391827633
0.210502504737
0.461677421977
-0.0374176635315
0.806112252016
0.283826491603
-0.443427775299
0.347874136033
-0.0624109222893
-0.992319357891
-0.65357879734
-0.851786075488
0.69615756087
-0.975926341667
0.0831801538801
0.71654934417
2.3431823094
0.757146816566
0.28330648162
-0.564324116429
-0.0848878163423
-0.0504190136658
-0.743188402947
-0.664348856556
1.39973645707
-1.774006673
0.584753605107
1.64636283354
0.825751758817
0.204733242029
0.25941947683
-1.07732971809
0.401401722678
0.187391916137
1.85955678694
-0.335145994797
0.248438305389
-0.821722267632
0.00375404463713
-0.362293729761
-2.96404405794
1.42046751641
1.03314135205
1.07271916858
1.18607076515
-0.912244306919
-0.224778022678
0.36728565609
-1.242821548
0.319689126282
0.759772861267
1.27623865246
0.615417923396
-0.681968754172
-1.46094334137
-0.389536279849
0.107066247855
-0.544601953232
-1.75781349005
0.93601241361
2.17031815791
-0.139094444297
0.662171880318
-0.363565422323
-1.09093051928
0.143396586859
-1.16369983693
0.0950088076682
1.73363384135
-1.78259731913
1.70169375362
1.22932197927
-0.195496456046
-0.420462177649
0.232752795864
0.274582893883
-2.08440559953
-2.06563011913
-0.620957828701
-1.42544565172
0.0289085807952
0.689798599162
-1.48165379211
-0.427213859915
-1.20826209425
-0.131599703408
0.764040586573
-0.696543047944
-0.0722734821091
0.411496523047
-0.360921026711
0.283323324134
-1.67359958957
-0.461206736126
0.0453389856569
-0.820548999408
0.10646753299
-0.0997075539125
1.93820473236
-0.163266862029
1.95382816908
-2.04101830124
0.638108903403
-1.17332559706
0.527916451809
0.989499205592
0.640424092329
0.25023753982
-0.587602871212
0.387800899088
-0.325835129109
-1.63387713434
0.338536559351
-0.526198527305
-0.813576122259
-0.658368957639
0.324885944027
-1.53839469392
1.3294943271
-0.302348291499
0.760858610765
-0.245459895922
0.0330686646554
-0.914045559569
0.256692123435
-1.7247372517
-1.1784157351
-0.938225686676
0.116316825433
0.557694514815
-1.94756165502
0.326717369774
0.179801635347
-0.638166600965
0.312598580816
-0.389403700457
0.672549056079
1.67849469897
1.19976199851
-0.0481255220618
0.801657248649
1.49321740631
0.327213521587
-0.193814150351
1.03585693543
-0.0300155856627
-0.116588220284
0.954418892521
-0.168824205399
-1.12810808176
-0.491152759611
-0.738725886252
1.79004792959
1.96419426593
-0.571354525804
-0.401964036713
-0.098700802494
-1.45434522697
0.293971586364
-0.170417912398
-0.843736066258
0.425918702772
-0.68427519951
-0.333047638429
-1.29849181577
1.74074308108
-0.725281893694
1.46381199321
-0.251759028959
0.244492728659
0.396661890356
-0.417992778354
1.18791448376
0.160708849317
-0.39090869473
1.06039517242
-1.19567150564
-0.224758046162
0.320249158685
0.0951396349923
-0.369283280586
0.662665348217
-0.754403378742
-1.29654310476
1.21339207059
-1.86827797263
1.00197340578
-0.658743335669
-0.47410973976
-0.602101036846
-1.19827195685
-0.024400314226
-1.59198162849
0.244634936657
-0.525526647355
-0.21738864938
-0.184359160722
0.0229183816778
-1.24467687085
1.19329255826
-0.998394859084
-1.54524902793
1.46941110132
2.5897056373
-0.0245662500465
-1.10776044214
0.878319424504
-0.747476147337
0.752155968659
0.104134826644
0.246598070598
1.087847811
0.497621151661
1.19207796335
-0.628761595967
1.09382582254
-0.89006571501
-0.932238287864
-0.195368044686
-0.898866261063
1.1294325704
0.899208890557
-0.167537467543
0.433001950833
-1.45722825918
0.377296571947
1.38449593219
2.04544432606
0.0488207413522
0.840810807213
-1.61100879433
2.50578977106
1.62040106052
0.0946432846029
0.235307523177
1.36618135877
0.0939764536148
0.359562189976
-1.16329298713
-0.778479184146
-0.350250075372
0.676185618577
-0.439146077082
0.899097280109
-0.319538361384
-1.66270140182
0.424598096866
-0.037458916132
0.317043778779
-0.643481905846
0.400508532831
-2.37378166225
0.578999184078
0.566428130933
1.39804332499
-0.343364787873
-0.906200657647
1.14190258354
-0.0603470860898
-1.31104890433
-1.26068695286
-0.0455900453348
-0.436398596483
-0.528103153392
-0.0520855193901
-2.20827126069
-1.40396020113
-0.505807838549
0.423640612032
-0.348131033155
-0.221795106543
-2.77402819803
-0.792913386282
-0.535092374566
0.0950610103092
-1.13764826184
-1.33140238959
-0.315643194435
0.577622859104
0.342037793627
0.295812486611
-0.222018697357
-0.496488754272
0.269625625182
-0.350081064338
-1.78709036937
-1.18967390903
0.0954763835505
-0.389616600238
1.23084507683
0.255760366289
-0.0910935569864
-0.16718807165
-0.439084390955
-0.162378991311
-0.0569845194194
-0.332766259208
0.612541451329
0.777906144425
0.736729636485
1.47284927544
-0.351979766405
0.134015810987
-0.417276901201
1.28436871288
1.22852099822
-0.61871947827
-0.166774957094
0.398478866525
-1.35021748603
0.0544586613042
-1.28297309924
0.119650235233
1.35241909429
-0.832760196894
-1.16020044549
-0.810558520513
1.1626518539
0.995320514126
-0.468867772142
0.342033722059
0.120502601953
-1.1780753479
-1.57456027527
0.708421858843
-1.05342427964
0.401475179429
0.642069776036
-0.449388478738
-1.20043873589
-0.28017553356
-0.292960015772
0.746575506115
-0.626713301226
1.10678800918
-0.92527165295
1.38956660051
2.01541089648
-1.78708644182
-0.909298601778
-0.535111583098
0.183926441673
-0.13452455761
0.0460557613621
1.72451594275
-0.0602573912822
0.974171766761
2.0615671357
0.0401829030799
1.01394081576
1.78741896109
0.518544180238
-0.0566633883953
0.391678928869
-1.03704436349
0.302729813544
-1.43776950375
0.48084082672
0.420418854536
-0.823810417223
-0.273235424587
0.48294584472
-0.987620254942
0.441630198803
0.847733419289
0.491232477911
0.616447730562
1.12287021879
1.40453166452
-0.578368005734
-0.543564653303
-0.851290844895
-1.38633777152
-0.293676162147
0.171609731654
-0.702435646608
-1.25685403879
-0.268288049293
-1.11380982634
-0.487136414142
0.277492985418
-0.96315564168
1.93969541444
-1.11921663945
1.15111572527
-0.647302441354
0.011280893196
2.61838096855
-0.204442731881
0.493334831921
-1.14811355465
0.00578448988719
-0.321889528863
-0.924602618446
-1.72090572634
-0.366900185938
1.21680582501
-0.378348177311
-0.7096598715
-2.00926635519
1.41085097364
-1.0192503515
0.427045950337
1.5913607569
-1.05205354457
-1.08094594025
0.0708332067164
0.898112307479
-0.85594775917
0.347914265392
1.14497070127
-0.405727914664
-0.894474615545
0.108581460691
0.595940841522
-0.576072168118
-1.7678096491
0.0461970853588
-0.0572715879347
0.3897430539
-0.425608663014
2.21916310657
0.125738522254
0.520723107144
-1.03043813418
0.515230222407
-0.149091068403
-0.312649110112
-0.296990572954
-1.13565210297
-1.99612578697
-0.284066199078
0.724134526033
0.0879926223096
0.921141876497
-0.62957067181
-0.0529679487743
-1.20752454069
0.538836682535
0.601545274456
-0.218837051844
-1.07156843936
-0.141794351414
-0.790842198436
0.744725720786
-0.453400277072
-0.335643659013
0.166702562878
-1.63012924339
1.29795537993
0.189315427461
-1.04303254217
0.382830977658
-0.0783629911129
-0.244939204416
-0.213900893411
0.856316938548
-0.277152505657
0.00427228813406
0.103972160342
-0.617517770355
-0.400503563454
-0.0548757326629
0.0470112451002
0.0935546751405
0.254258150051
-0.945781062355
-0.321885501638
-1.70105017487
0.920560378327
-0.00562239418461
0.319194057596
-0.297024266899
0.0615398408379
0.186603902288
0.974393151739
0.158137176035
0.536918340452
1.39698115934
0.773508567099
-0.950292344941
-0.850084068492
Score: 1