3
44
10
3
0.804386986873
-1.73431898465
-1.40855809371
-0.782103627611
0.850024302338
-0.202374326594
0.934705310608
-1.8082897532
-0.773536334029
0.487489578803
0.513302758304
-1.53399436769
0.284090800815
0.36581605393
-0.343373302919
-0.81292961372
-0.0719175164223
-0.675220649561
0.173909777345
1.59904393506
2.40589153859
-0.0780723989532
-0.951795126795
-0.370788059774
0.837165108843
-0.644131665032
-0.187221512865
-0.0604417999472
-1.77952390203
1.19500647635
-0.587321876746
0.911715545513
-1.39292977833
-1.44185231057
-0.0916787746971
1.3534069915
1.0920514606
-0.448404996412
-0.378851863368
0.293049861586
1.32466473575
-1.31277145162
0.934527881009
1.00341297266
0.0599141252542
0.0531757045926
-0.946326048193
-0.685242532539
0.17823256325
2.11550890164
-1.65604883723
1.12105743758
-1.58812875935
-1.05617564814
-1.15524463007
0.618132948444
-3.31293047256
0.686821650844
0.805993934306
1.11740719625
1.41204044615
0.00496943957304
-1.1991616415
-0.351915442197
0.424926722086
-0.0941012710496
-1.06805492316
-2.07849538442
-1.42698029586
0.462924234965
-1.23382888755
-0.0856198969296
1.95618068606
-0.227984638924
-0.922924769573
1.64900504984
0.818194158046
-0.694249101337
-0.413499008027
0.737657674188
1.76820510193
-1.31159364378
1.01157046918
-0.182730057504
-0.306890947905
-1.11175556751
-1.6397178246
-0.189687267061
1.01933746315
-0.418215716423
-0.928871851007
0.241476418762
1.64872934364
-1.37636920781
-0.569194147575
0.301865448083
0.458076529132
1.07512660668
0.450717932348
-0.156851533606
-1.38269558484
-1.97405780483
-0.142330661113
0.925099484828
1.96248670573
-0.841363054415
-0.418496400317
-0.810861029096
-0.231405010994
2.87964080552
1.07242910286
-0.183058239822
0.200089586943
0.0804617797827
-0.00913997493665
-0.202709010876
-0.502296752845
-0.823797105213
0.597024667497
0.725512711525
-2.57354390702
-0.825521205991
-1.05755687286
1.53879223353
-1.23013193347
-0.740212153434
1.56279119489
0.0168947217129
-1.32218940995
0.378844475127
0.569469325061
0.70059636045
0.778148171266
2.01047997624
-0.130572437622
-1.05638962341
-1.66426279345
0.753267891437
-0.519522132488
0.896187752654
0.404947891141
0.201100254267
-1.0421114992
0.907875357961
0.334780759804
-1.21801544306
0.863454642286
-0.379496494792
-2.51138241309
0.716042101814
-0.182610699188
0.309281768857
-0.794660834478
0.468673658603
2.79506625232
-1.50922124707
-0.198958137765
1.66360603625
-1.01218786037
-0.202917520883
-1.27372943113
0.249524991802
-1.01852327855
-0.927694871002
-0.56452063979
-0.818122884443
-0.281875659568
0.221137914151
0.211652407576
-0.165765127329
1.30795086299
-0.973787425819
-1.03877996731
1.440442383
-1.382718898
0.379575744718
0.888972974267
-0.499217760527
1.06801695486
-0.027153826005
1.04017147888
-0.985881207039
0.371378702735
0.398657659056
-1.07460820583
-0.313656492927
0.693898314548
-0.208762377842
0.277465760692
1.6673577996
0.585007994069
-1.61272696383
0.366227786464
-0.435172031278
0.603501643483
0.502689681459
-0.0767914077759
0.264927462513
-0.47373119787
0.24367386305
0.202374943624
-0.693989712478
0.268573130115
1.24261240775
1.50140070801
-0.636059877491
-1.65228830924
-0.0158415434992
0.330690857831
-1.33794281571
-0.104609026209
0.474289491497
-0.740235854524
-2.2779885788
0.340666879583
-0.290684447001
0.789268643837
-0.12628644095
0.701792214893
-0.365366469475
-0.0983441160511
-0.348628503287
0.0438038036716
1.51123595704
0.147242096275
-1.18706657466
0.347557072214
0.690978851304
0.946778381316
-1.51350258006
-1.25708419185
0.9773197338
2.31541738162
-0.0103446264877
-0.378322068484
-0.888293581445
1.47992986803
-0.265810335781
-1.71127281095
0.75558785931
1.23183190195
-0.0580793066696
-0.910094075616
0.818863922751
0.149792741709
-0.242008557755
-0.019177583818
-1.24283234925
-0.42362096051
-0.445307348173
0.794524436748
0.073328073098
-0.368110323675
2.53855563268
0.836842753482
-0.157094706676
-1.50662222683
0.15803908602
0.530530777991
0.654668024028
1.72335435531
0.784244091329
0.132268869876
0.243958318415
0.94128698078
0.0998984133408
0.693100980274
-0.464587339224
0.151925631511
1.2514673504
0.691188251576
-1.15553964419
0.476894585383
-2.27211705247
-1.22009557305
-2.83316573936
0.234503228723
-0.847993331695
-0.0599831240089
0.957550288894
0.592233247404
-0.67276267734
-0.813832147359
0.716851794471
-0.720710839932
0.645101028666
1.48850192157
-0.961522221766
2.6727782578
0.918929188209
-1.48659825131
0.100116707533
-0.777309015124
0.489936325269
-1.75017881465
0.268630673422
-2.42596632239
-1.4635370328
0.571077133407
-0.0991763606793
0.511212099076
-0.798187580487
0.723707235968
0.0584081125954
0.138726852509
-1.2230411069
0.856294564118
1.33000438742
0.40054177265
-1.22694414411
-1.95658624644
1.8149073516
-0.635352076238
-1.43657323038
1.42891229977
0.619888591283
-0.786997368745
-0.676157225968
-0.275425353931
1.50590339173
-0.505584697241
0.631792000354
-0.73647847877
0.253845269274
0.570033869689
-1.3863862013
0.218000439286
-0.386058346687
0.634777651037
-1.51835573923
1.47918231718
-1.66687578297
-0.133784829149
-0.306594553959
0.644346238553
-0.20095991156
-0.184340116578
-0.396279934317
-1.71053621977
-0.366847262203
-0.565521963844
0.700362404157
-0.734054451185
0.244054683269
0.825349473922
-0.373000426522
-0.506478915109
-0.598936423931
0.689233101628
0.202275404285
-0.861564364891
1.58855755409
0.665754850465
-1.24861938583
-1.24857227895
1.06431658544
-0.924261797948
-0.634492399624
0.67629194856
-0.275320451905
-0.628132688938
0.148106050193
-1.84358544169
-0.710135946386
-0.558864048255
0.000321116601525
0.508522185753
0.436317636506
0.310399572649
-0.201040373194
0.894576576298
-0.400029719874
-2.12096441247
0.968235919754
-0.5827927129
-0.734006506105
0.950238951676
-0.830504599236
0.578490329295
0.63508100009
0.497439167171
0.806247574421
0.903684663097
-0.819747670058
-1.33812880778
0.154866775481
-1.40028866281
0.298547327698
-1.74349678767
0.948750534267
-1.73337197068
0.0899896961109
1.14272100489
-1.38467407661
0.785988560296
-2.35963994969
0.450617096872
1.23496597674
-1.07698899193
0.393292790322
0.030641639763
-0.980862706773
0.916178138892
-0.890521986691
0.185197337057
1.78672903163
-0.579155498137
0.508347727119
-0.476128681052
-0.437736569611
-1.94570655311
-0.262498262163
0.331143533312
0.815526921043
0.753221019878
0.261315070389
-0.215434643933
0.090434795181
0.00437113246645
1.11146901936
-0.0888464012385
1.16666000342
0.417826854336
0.442015938217
1.49839097315
0.961780955638
0.658294184668
-0.0670752694112
-0.111957070632
1.61061746775
-1.78006096801
0.263721875549
-2.28668772048
0.539338747623
0.794619714957
-0.0691507417977
-0.389923747604
0.268377931435
-1.87390010298
2.40908617291
-1.06112154604
0.0826767470108
0.314656290211
-0.583053036098
-0.985800446326
-0.33902714083
-2.11453255582
1.09922937598
-0.76465292173
-0.0401063048229
-0.117669871419
-1.56235041836
-1.11662562923
1.52281077983
-0.599629730447
0.510874669058
0.856252589369
-0.098536918729
0.452643155293
0.598055650541
0.195639023258
-0.7013151597
1.12945567646
-1.50096997646
-0.222516806725
-0.273379803721
-0.23240800333
0.164298021619
0.733761485286
1.0269818751
-0.854994080678
-1.18129270729
-0.868920591126
-0.784672917214
-1.76087233864
1.09018208948
-1.31069972662
-0.201716501456
1.69845112659
-1.06039115933
1.13539424233
-0.558876477812
1.21312703492
Score: 1