3
44
10
3
-0.0578444908031
1.58708227344
-0.54112947219
-0.759993971655
-0.732477768319
-1.6439570614
-0.0140449524977
0.626480790153
1.36024152983
1.49366556472
-0.782165732777
0.640617423485
-0.221180811016
-0.759987534602
-2.11569272087
0.0993263980538
-0.355345834628
-0.058676152831
-0.75618657601
1.10897824187
-0.182861622121
0.884824780266
0.355655173683
-1.16601761702
0.583776615335
-0.25586992464
0.377964332258
1.24282378097
1.08834614161
1.23517203475
-1.54742748079
0.44260176692
-0.510336140705
-1.92923143242
1.19642561204
-0.494698853124
0.166848380293
0.544208030458
-1.28012589217
-2.36987682404
-0.826665331446
-1.39169802657
0.0645528561584
0.128752089369
-1.32062838744
0.596656281549
-0.758110458349
-0.866518333901
2.46162095319
-0.77579083587
0.614998244211
0.172284279395
0.196564554337
0.768888578156
-0.985390196852
0.0969335914121
0.851799608407
-0.0103011564649
1.54053525286
0.680600848537
0.898647129132
-0.871798610328
0.449930572437
-1.39153734715
1.11406630847
0.572460942282
-0.296277958092
-0.725212520249
0.372293475778
-0.46469291629
1.0823200866
-1.74582653582
-1.6479136272
-1.25266693981
-0.548425212643
2.10819163896
-0.504344695415
0.112338529268
0.414751542897
-0.325054384262
-0.555703838615
-0.255569172678
0.847719880962
-0.0874561963245
-0.0665719305574
0.394333910788
-0.903809719018
0.686324363922
-1.11735189972
-1.60171548541
-0.30091959811
-0.589050261874
0.223274039827
1.91399463564
0.231999532718
-0.96474195171
0.337023990854
1.39088243357
-0.290054177451
-0.273543185033
-0.230844977521
1.5571356076
-0.340052189355
-1.36719476427
-0.8770377835
0.064655647559
0.0157639533024
-0.315923809051
0.941468208392
1.34506658633
-1.24032801469
-2.63531225244
0.286325393315
-0.912897820288
1.75860524744
0.667970986307
-1.6699595696
-0.792911705677
1.17424435182
-0.11235191784
0.380896100405
-0.980136186999
-1.71087959141
1.22623446456
0.495875496609
-0.0538826822315
0.642073767027
-0.774116340593
-0.868752246249
1.45593559953
1.67037028241
-1.067213476
1.82747551123
-0.868863553318
-0.656001907937
1.3077767494
1.3856014564
-0.687680064229
-1.63938455819
1.14275179739
-1.01256562014
-0.0528370190995
1.00354040701
-0.24517101211
-1.52439778516
-0.934040049744
0.987277013134
-1.61018541876
0.73317415115
1.38839131098
0.841008993204
-0.750339227546
-0.93861458196
2.80699076429
-0.0407668092978
0.944810256009
-1.54235475855
-2.30752584092
-1.30086533222
0.111247213061
0.676045565851
0.809149150066
-0.988124104547
-0.36114702833
0.649775439915
0.19647512739
0.880443677275
-1.17102382948
-0.112251668165
-2.1791960759
-1.81296788724
-0.933316447342
-0.4993732389
-0.0915470876363
-0.990283881001
-0.0465569755454
-1.09793215398
-0.0396647386792
1.98511580724
-2.7551509972
-0.485622965722
-0.204137135192
-0.407167494186
0.811414890185
-0.318986606868
1.56054713256
-0.381151910076
0.526926322004
1.38327107949
-0.751240840547
0.293231234034
0.276265090103
1.31554051944
-1.13172825426
-0.381243126694
1.37995858887
1.22031142989
-0.62389503265
-2.11284946312
1.32323544371
-0.962138694275
-0.316939876553
-0.0461667222107
-0.787919984205
0.106690408312
-0.49904459005
0.589644435082
1.11037997719
-0.0323973502822
0.61982138891
0.835097083204
-0.602097852714
0.161457396022
-1.20388513302
-1.47406144148
1.51856651242
-0.681985686225
0.945556465046
0.242042530913
-1.20331825329
0.214411555466
1.01106864522
0.193768497579
0.618294889799
0.857741850035
0.357856839341
-0.341355572759
-1.23115441871
0.122744296884
0.445725064886
-0.799311498297
-0.276057586605
-0.605046051579
2.23027583788
1.59568304681
-0.86244400089
-0.706044515519
0.399396190287
0.193066528069
-0.546890228001
1.57196176936
-3.09021234096
0.48268061044
1.30706499961
-1.64781072137
0.590780399567
-0.98888016335
0.0149316705347
-1.81194605107
-1.07615077319
0.284643566243
-0.387126463938
0.850763881577
0.0977314667529
0.357958339814
0.860327711262
0.487337216625
-0.612440648639
-0.848004972419
-2.02217708685
1.21853086427
-0.449097494295
0.516756440563
2.38561756077
1.24324360124
0.00934169528104
-0.538402516391
0.0185738175998
0.267317096093
-1.53472577677
0.0805416137072
0.861030876823
-0.586825818545
0.0943790493631
-1.14238054761
0.727177160421
0.46025590361
-0.585188489865
0.762008579873
0.200430698013
1.4065266693
0.362769523404
0.34586503407
1.43022209269
1.0533685635
0.203787487792
0.499169065691
0.166986793786
-2.16842594785
0.242300351673
0.948286603984
2.16434908234
0.363422675104
-1.29453727237
-2.33153100737
-0.533419333885
-0.792499977616
-0.426398243099
-0.552626228826
1.20693524948
-2.19915527548
1.01747840138
0.50049542084
0.735444987848
0.228867896427
0.734627175614
-0.198195516589
-0.982903777503
0.298146474148
1.05439659477
1.48242081773
1.02790605683
1.15415211839
0.00668904134304
0.0113597859449
-1.01795359522
-0.0389581051866
-0.60591864839
0.595734411912
1.16136541182
0.639435871925
-0.402578720343
-0.143164407228
-1.22775274689
0.990144927452
0.342226766693
0.160972128764
-0.0254911406131
1.20294997982
0.855013818523
1.56000098221
0.176303696587
-1.49898119457
-1.44814726399
-1.23378703998
0.0508132398997
-1.2054917404
-0.22549602145
0.870198122076
-0.893938779213
0.0212123254232
1.35563944265
-0.74337588526
-0.866746602575
-0.848862968718
0.238437053637
-0.637111876784
-0.0604377122873
-0.180135222882
0.278218054567
0.821740445188
-0.390420173512
0.703632923238
-0.51557734923
-0.305543863293
-1.24535591335
0.0191093458259
0.495918020929
-0.491552992839
0.457067099251
0.84952412191
-0.355367670456
-1.61800654708
-1.74856842971
-0.317381268664
2.06180245993
0.339444314975
0.352837778411
-0.66308624486
-0.353544651334
1.08846178844
0.512991160377
0.0899817915509
0.0318885210456
2.4466717168
0.452930711047
-0.0137078096207
2.12597244956
2.62244584496
2.75381039887
-1.44246565018
-0.288811629964
-1.59661310896
0.489193294013
0.0860364268189
-0.533487043581
-0.197370569889
-1.22984692105
0.00738186217003
-0.342912875029
-0.367071525716
-0.968872944777
-1.58400715265
2.13376772289
0.359388633697
0.614851139822
0.730621604086
1.32255541162
0.195133497245
0.353632667674
-0.298173050085
0.782589390047
0.617202525339
-0.135807837638
-0.409120017952
-1.0549810277
-0.0859621038632
0.694695762839
-0.128913858956
1.24837600949
-1.64110219365
1.40950083194
-0.713320024978
1.36186612631
0.312873777851
-0.447521740803
1.30079846154
0.811869161726
1.27273013925
-1.96526331315
0.681197773276
-0.941176629247
1.34125074998
-0.31249531441
-0.080568874563
-1.70728792324
-0.864861178755
0.79732566329
0.0725950443646
-0.0940292217289
-1.41239604577
0.504756045658
-0.784029670798
-1.30506836627
-0.0950983810425
-0.125698285374
-0.51293959587
0.354451250435
-0.361860111729
0.00335373905725
0.0508477386555
2.30526270022
-0.952658654642
0.0811584725444
-0.31217740664
0.359399910451
0.0216657597829
-1.05346761335
-0.269941355782
-1.76097816205
-1.1178710241
-2.79698264465
-0.925286010854
-0.737756744505
0.87140760151
0.0369365757378
-0.0927286483415
0.758483601869
0.430280847881
0.658616135268
1.41663812613
-0.151733299451
-1.42477817386
-0.204071861205
0.0775633057494
-0.0145250926083
0.303365496977
0.14939411487
-0.00867017107644
-1.04589256637
-0.422838258835
0.758947878003
-1.04835647054
1.4047180028
2.49173652777
1.99376318438
0.0326060932965
-0.712485741628
-0.385880520186
-0.918202151359
0.243536843749
-0.173003824751
-1.50195031141
Score: 33