3
44
10
3
-0.028639828234
1.56513217576
-0.363878881932
-0.963251903057
-0.56845711519
-1.61813373421
0.165481784683
0.568613802457
1.50864396035
1.53158508189
-0.850954649413
0.82320410612
-0.207843118595
-0.630434577101
-1.74585912942
-0.022758043211
-0.435059402691
0.042438935532
-0.832908683147
0.838261045995
-0.437484652268
0.842097581167
0.488833328809
-1.24705379348
0.378673616857
-0.479725142566
0.358381052049
1.21268827015
1.02798491256
1.07983560786
-1.72224933945
0.460874909615
-0.487300294243
-1.84333606706
1.35702020786
-0.290756272878
0.0749947722317
0.519862203243
-1.19649621107
-2.22744864803
-0.82302099981
-1.4752921891
0.0448323721337
0.171025331832
-1.42490045429
0.254742290475
-1.08233463135
-0.752693281153
2.55991524069
-0.896389453832
0.566341654278
0.3213657335
0.448988111576
0.793904545462
-0.906399888505
0.0367868119078
0.894621043709
0.0996515677938
1.57372909392
0.493902113609
0.963001690675
-0.857167688344
0.689613670761
-1.19790854977
1.36268973534
0.495518486011
-0.0425629633087
-0.744929114917
0.342152809648
-0.317199592675
1.2982383269
-1.68276808735
-1.62024043296
-1.21309322822
-0.430329673816
2.01961697815
-0.542571456612
0.0771381029847
0.481595654892
-0.256091612128
-0.647623181112
-0.52555134974
0.730994995836
-0.0437601819976
-0.0175389404922
0.235557028867
-0.818625410348
0.824124904796
-0.979818793119
-1.70591684418
-0.110121731201
-0.57992738049
0.190591159638
1.98126214305
0.120714008772
-0.742248909861
0.325024112145
1.53632959818
-0.367778735696
-0.207945021943
-0.558435973997
1.48885324873
-0.406511023017
-1.09927942867
-0.896116020674
0.0588475252846
-0.274082283279
-0.315925419869
0.812887815715
1.27000910814
-1.42581382568
-2.62121104148
0.468409712559
-0.963635445287
1.7814407697
0.729755643067
-1.62325910999
-0.822443731291
1.02141051985
-0.0167343235066
0.337794478745
-0.800398900895
-1.75703765297
1.35132166461
0.437483473431
-0.363763418505
0.700313265294
-0.626079556535
-0.896202565816
1.38047541984
1.38552236702
-1.35237029917
1.8756715409
-0.740603406315
-0.449877176644
1.22840012379
1.32553599578
-0.611051992244
-1.56087518119
1.03928200853
-0.858653313079
-0.0967184824115
1.01827251596
-0.275427494697
-1.26654551203
-0.833335485262
0.973394751395
-1.82804422313
0.728919012262
1.50331531902
0.751371977607
-0.648189121582
-0.935837239824
2.79332898351
-0.0842071365329
1.06608729453
-1.59596757665
-2.39351306299
-1.44809086698
0.250922682508
0.75588926174
0.486895825483
-1.0512749421
-0.118452494501
0.70938461219
0.0894376758049
0.866711309654
-1.20590016416
-0.134583783435
-2.01509530007
-2.06137597691
-0.721369026685
-0.523556980173
-0.118208962114
-1.13964927486
-0.0225026408701
-1.05652445138
-0.00841794696061
1.8825684343
-2.37894256529
-0.629296826319
-0.135576237854
-0.314065671568
0.848300388367
-0.11289325323
1.50931840562
-0.407968676714
0.350001471829
1.3608369553
-0.654015168138
0.560480309107
0.206658055459
1.19143938774
-1.31496373967
-0.422172536875
1.32274878927
1.06683953247
-0.531688791259
-1.92878079696
1.18370411315
-1.06821157696
0.0295020473507
-0.0178852493933
-0.913705926366
0.119374369799
-0.614302621279
0.529338333033
1.13616497922
-0.0466568029463
0.554302961115
0.627893998214
-0.482409665542
0.0501501614374
-1.18759416498
-1.28853202664
1.46710369313
-0.59097712391
0.888263343399
0.338634256877
-1.0467513695
0.215090428311
0.853824147953
0.501084653747
0.544517349772
0.994391534426
0.487546609107
-0.404900518514
-1.00801122029
0.173273962763
0.446816107292
-0.845549384488
-0.292900107111
-0.528515915518
2.21720402287
1.51017285303
-0.957354816761
-0.911195754464
0.458846007128
0.257992418367
-0.46780464471
1.5250769585
-3.07748813587
0.778703319893
1.39414715173
-1.7334930098
0.622191475698
-1.01350869577
-0.118011765999
-1.63018239398
-1.14727122852
0.121992800429
-0.281443594176
0.739115776184
0.157321475779
0.626949634803
0.951461215786
0.54440429927
-0.356332262549
-0.761892991112
-2.14127035932
1.35866095635
-0.35181027273
0.358733306723
2.70782331701
1.29306523057
0.246356766973
-0.528419589837
0.0279032845624
0.251683891066
-1.51055522861
-0.0437468303374
0.766909230066
-0.699807479902
0.122300147432
-0.947549631104
0.892732520388
0.368218086415
-0.582992252779
0.76262636175
0.220912881633
1.2785995576
0.495034008474
0.330801822295
1.19380623421
1.01927675221
-0.0312059232682
0.204224432169
0.068874115996
-2.23023930581
0.356161030513
0.83165280102
2.21740697982
0.545583568132
-1.14418561703
-2.38933594956
-0.45601008557
-0.536641851201
-0.215296069599
-0.443239012423
1.09217536636
-2.3998237165
1.00335860815
0.566633247303
0.845113510786
0.208154386085
0.501394912846
-0.197832603945
-0.957433803983
0.256909992003
0.862090576504
1.46009675665
0.782926342096
1.16923622673
-0.184599012153
0.212586129319
-0.897986935192
0.154534638928
-0.441480311335
0.907913612212
1.24367282882
0.416171988574
-0.477817581324
-0.35454369953
-1.37295377814
1.04664061766
0.500242646914
0.520121704898
-0.235691315692
1.30073754132
0.92621562866
1.47222969921
0.234931787304
-1.52532908892
-1.39084348089
-1.30447214462
-0.0397690294123
-1.31548860334
-0.476492764168
0.914432034601
-0.978581308452
-0.0743295133739
1.61732586273
-0.860862352329
-0.824180131595
-0.587209818427
0.469532650195
-0.689289037389
-0.119978247026
-0.0828741491588
0.122084780271
0.465615327864
-0.638192691294
0.661612155661
-0.478357512294
-0.150496142046
-1.36300336256
-0.00428291231727
0.745204435581
-0.364164733988
0.243328358919
0.948151364476
-0.179786893625
-1.53373210417
-1.39936947797
-0.471306025049
2.26509683688
0.173197461721
0.557603554319
-0.767837095229
-0.542122062376
0.920693703418
0.491688625266
0.127376622619
0.219267209436
2.34006604771
0.191656092953
0.153821919057
2.02621905411
2.52113767665
2.83819294605
-1.21177348793
-0.288996404746
-1.7879634203
0.423604201308
0.0556042518918
-0.708260633655
-0.131764207894
-1.30382690797
0.258296992652
0.042965732466
-0.474550276587
-0.835639351048
-1.45043287233
1.88087629648
0.409260744292
0.52124678676
0.335145835409
1.23629706756
0.00397857812905
0.325959806134
-0.258869804551
0.911276055509
0.57702931599
-0.337081872685
-0.440091239405
-0.999205220741
-0.138957254837
0.534167025971
0.0251354842145
1.23771270728
-1.44637523878
1.73892302667
-0.899280795443
1.41133608618
0.362036602539
-0.450548701654
1.23873044209
0.76651333664
1.33166585703
-1.84798487984
0.760593812748
-0.900925282012
1.17239625185
-0.622284025442
-0.00448776492494
-1.56111244973
-0.791518899958
0.774554612999
0.10442373213
-0.0319216789029
-1.34981918896
0.647820543145
-0.64387319179
-0.991158438523
-0.181305449696
-0.243418824145
-0.359975175956
0.164606443243
-0.492881623155
-0.0379937493403
-0.00901667277404
2.22390573635
-0.823606014187
0.0877926803169
-0.156527614262
0.38703821031
0.0641477287016
-1.19340124306
-0.157739313501
-1.62640301962
-1.20867708615
-2.59918554709
-0.657340000189
-0.627169344338
0.91579288415
0.247500278668
-0.0874780966367
0.670738836542
0.419881380268
0.751711892484
1.38482111597
-0.227103836451
-1.42147262715
-0.381250150927
0.128528962872
0.219751936744
0.124078700262
0.444683078659
-0.375629994283
-0.858313187907
-0.351047013017
0.698375185228
-1.21797889838
1.3129348608
2.56827854994
1.98676047226
-0.126233071214
-0.62631184813
-0.2588533574
-0.948157152057
0.383057806351
-0.280168717442
-1.46301899172
Score: 10