3
44
10
3
-0.390078923223
0.665893498631
0.0266520135857
0.150634711622
-0.25732789697
-0.877198428726
-0.0918495551876
0.35004774759
1.41952776558
-0.783186525069
-1.03733382415
1.04512977058
1.65426902873
0.168415516702
0.392540262241
-1.0968562736
-1.70647905302
0.220777186153
-2.54375992735
-0.545662939203
0.443405657976
0.216947567959
-2.74411394423
0.145467889238
-0.322895614507
-1.96118482338
1.04936042281
1.65862158718
-0.971731225355
-1.74130909027
-1.26820949313
0.563866939127
-1.02460822452
1.05210052804
0.604517186117
0.0278413995674
-0.0685873646294
0.0480109804855
-1.87447143413
1.62427799821
1.86094687203
1.88967329203
0.290149452014
-1.58505344301
0.268006938708
1.42592428121
-0.341308594107
-0.312394172213
2.12276272037
-1.00741609608
0.0551608928776
-1.09350256478
-0.382991330028
-0.37417592914
1.04981434707
0.107067644398
-0.144699912233
-1.62506354332
-0.16738244653
-0.134960089157
-0.429002328381
1.59079447911
0.670458809126
0.554274806192
-0.538390706458
-0.084651043585
-0.312142172029
-1.09642766338
0.703052655205
0.683130654732
-0.592974642077
0.00476760873907
-0.211051190179
0.414346657422
-0.805633173876
1.33601639918
1.38803540274
1.26407638544
0.595746082295
-0.758403725819
-0.237413739238
0.000436612374447
0.886730325496
-2.43798453543
-0.681421213626
0.0299240038793
0.586020892661
0.861679393086
-1.72848922175
-1.37834084671
0.379075468017
-0.550295007468
-1.83525709219
0.392702222843
0.916498585168
-0.923695664237
0.695479277152
3.26564183638
-0.721318708829
0.0440405070766
0.212597548619
-0.561555463783
-0.0328251294556
-0.576202619921
-0.567449202325
-0.539156574235
0.333004947676
-1.03806724992
-0.813260844466
1.49623826892
0.68735243524
-0.442725908223
0.0699578822849
-0.200919251371
-2.59062231675
0.462798836153
-1.08444639062
1.27186466549
-0.547351570291
-1.35238779123
0.998692496181
-0.169055455526
0.230314784495
-0.246342918486
-0.472188180864
-0.872206566751
1.92867113854
-0.75515668971
-1.37416135834
0.774095815147
-0.653838900174
0.91732628166
1.58267313851
1.3051447612
0.278688715565
-0.197917436917
-1.25418504719
2.2206924294
-0.79856658208
-0.799503184049
0.545830946618
-1.21786032535
0.779759056715
-0.175492474268
0.500382553481
1.97537958709
-1.46963727042
1.96646896496
0.615894255655
-0.265035877861
-0.439223548815
0.416076053103
-0.917724642569
0.117767055982
-0.27973380801
-0.555621494853
-0.301859187185
1.74762408294
0.195709747524
-0.447862783679
0.0972358530932
-0.238849316306
0.764783512521
-0.350722291742
-0.0259341891204
-0.475605822001
1.6074842502
0.310463810789
-1.22878771971
-0.471135946901
-1.22258345369
-0.0082052871491
-0.0895739557973
-0.851980506971
0.827104679399
-2.03768073647
-0.534112647474
0.703679018194
-1.20697281342
-0.110361394519
-1.21204246188
-0.165472680533
0.863532021406
0.606197746811
-1.10371473326
-0.0365961155115
1.62460493427
-1.56157427145
-0.636390204575
-0.365167977487
1.01865710865
-1.73337302717
1.00174339744
-0.695501645639
2.01538460265
0.619534817755
0.00820377321124
-0.783456092707
0.304717854522
0.703577721316
-0.961940191559
1.72429865168
1.37049695127
0.174168150889
1.60685616812
0.793821937989
2.40618722652
0.322500913291
1.71000387323
-0.446764243537
1.33473364143
0.391422275076
-1.42213781237
1.17961192547
-0.636953671836
1.37588225344
0.579471217848
-1.19010622649
-0.301413867875
-2.21621883993
0.815857721343
-0.121127301332
0.158893829891
0.585488943659
0.490737482152
1.63649903232
0.0672485715118
0.135355283957
-1.78750417547
0.782754390339
-0.46693396709
0.166927956563
0.974023442329
-0.378871960169
-0.279345338353
1.49038968199
0.878709413753
-1.90557185704
0.168933927116
0.394965761353
-0.372715857245
-0.554790149604
0.467797822996
-0.759541959563
-0.489930763365
-1.70251185027
-0.887172066486
1.88248421899
-1.8713765679
-0.2956538057
-2.11110577745
-1.88825278248
1.41261545373
1.46521204128
-0.853166715744
0.132596091388
0.242274350776
0.473152445977
-0.531716843348
-0.517189649555
-1.77265535774
0.61512193494
0.805827704489
0.524047585792
1.16326964616
0.0828762856403
1.8420980925
0.74073153196
0.536988460461
-1.63517054412
-0.866714306075
1.35769154477
0.689387091897
-0.75095735188
-0.698314032446
0.849893787676
-1.11989158791
1.1340235869
-0.642459750913
-0.95315508286
-0.867318287399
1.03177088037
-0.651168337509
-0.188952505888
-0.0495567745034
-0.789920126749
0.018392349662
2.47757616947
-0.296547560907
-2.21783167863
-0.430616647664
1.2726193828
0.261834165443
0.397338193482
-0.203263244016
-1.79562121866
1.80929770342
-0.591198274269
0.363051231857
0.0939245188373
0.114163072529
1.6478686443
-0.0339910603431
-0.918458815421
-1.46799332248
-2.07486236183
0.13532695439
0.327863774458
-0.395313022127
0.243287166476
-1.23990908747
0.768071222027
-0.530454484131
-0.397758267192
-0.663245680707
0.544594001025
1.11129052763
-1.11384330257
1.02705084448
-0.875432810677
-1.57900014085
-0.102875407229
-0.987777580676
0.332040948105
-1.42478686309
0.372874281349
0.748697195371
-0.623574678128
0.484903809193
-1.28197624167
0.302740668657
-0.0342730206442
1.75549870685
-0.253766555542
-0.766562516336
-1.66769681178
0.568004979326
-0.109344374588
1.45219981653
0.616834857283
-0.0337603761649
-1.80891324313
-0.418874793441
0.539750977597
-1.69822289261
0.976979895599
0.651263889464
0.681780555017
-1.05845446748
-0.0947598059808
-1.99399627261
0.402910440988
-0.830365665271
-1.06429996689
-2.00281172012
-1.80795439902
2.04314170968
0.513037994347
0.712471700906
0.249439178018
0.150205161115
0.0800393455544
-0.571626746831
1.93776489868
0.00349989291914
0.123075788049
1.00283845048
-1.17512546988
1.12888824355
-0.371316430847
-0.196720648485
-0.00846559902422
-1.57018585778
-0.594969654248
-0.450266356844
-1.64173279668
1.06398162335
1.69358314632
2.01617433185
-0.590271166272
-1.34608156927
-3.26184794194
0.111951305823
0.205383572257
-1.00395204129
0.370648873799
-1.37963959278
1.26073254005
-0.851191786456
-1.99830018698
0.698534720201
-1.93875676297
0.49206715881
0.388243163844
0.416002443718
0.114536418163
-0.20994928092
1.52199636672
0.998762248016
-1.35749316412
0.252362583399
1.69843406255
1.64984967737
-2.15961885618
-0.624298734357
-0.460718307614
2.7738561131
-1.25013349321
0.0191035141283
1.58602611526
-1.19143459626
-0.378177019557
-0.08374699971
-0.535162559971
0.906777281133
-1.18308353035
-1.02197905869
-0.446763346915
-0.511270023766
-2.399962403
-0.966891016731
0.984797212342
1.44691587227
0.455288973317
0.725379079719
-0.460652300747
0.708225345494
-0.8591738637
0.726267356117
1.15324857319
-0.62215765609
-0.765353353105
0.442330223714
-0.851426917155
1.10239289872
-0.489859525654
-0.332688304489
1.67982640691
-0.486096822861
1.16378660909
1.73518825153
-1.98694616555
-0.952430009209
0.374573933825
1.64540280287
-0.53278787907
-0.270625110914
0.0902202904722
1.51051575369
-1.56290928166
0.561829931728
0.618978049565
0.287397733426
0.0293305730786
1.60173172439
-1.57999664736
-1.02954963652
1.52023756126
-0.378422835852
0.996498083912
1.42452136799
0.0222429535126
-0.939669653632
-0.34069290595
-1.81061130508
-1.4395454325
-1.94823477747
0.616517212659
0.96942882068
-0.389978076732
0.907574330299
1.56030873776
-0.492321624987
-1.28153322152
0.437889630115
-1.27907743327
2.09141824183
-0.814856159464
-0.444583541865
0.863682851211
2.11148397924
-0.67186319267
0.53651581354
Score: 10