3
44
10
3
-0.664783542691
-0.597022890821
-1.60583213994
-0.798537077094
-1.37318059998
-0.715326877325
0.888739046007
0.802960571491
-0.501367798228
0.800394969592
0.317528165046
0.130373890461
0.825836471508
-0.267764634224
-1.22329801373
1.38216008441
-1.06521750575
1.90748745817
-0.80834847091
-0.658270918532
-1.13759043721
-1.12274631609
0.315757701473
1.68598491321
0.274030583913
0.0055772110072
1.34113342246
-0.811924669988
0.594499209665
1.40040983042
-0.204107745072
-0.0207204345206
0.853048322557
-0.83483459693
-1.39253216834
-0.293902202088
-0.627061672014
-0.359215650999
-0.357533366987
-0.786478875042
-2.17938869711
0.0401377084174
-0.85014971234
-0.649686380994
-0.247715472597
1.12826531997
-0.899189422312
-0.249425756542
0.892924397397
0.176544173704
-0.414963146515
0.27702687509
-0.356935376071
-0.462485682888
0.574555130447
0.0417732877368
1.49400029401
-0.201417108124
-0.197292501916
-0.186940837193
-0.690005689187
-0.837517687014
-0.991379303265
-0.136191830541
0.280751579303
0.897761350348
0.0698439964863
2.0932859461
1.81932634328
1.68248851053
0.55110607581
-0.145900626061
-0.211010615991
-1.65358749058
0.956158379615
-1.36230737007
-0.741458587214
1.16456791263
0.212573509874
-1.2582404647
0.457044006054
0.478908420531
1.17721971019
0.742063848602
0.345133133555
-0.532337192085
-0.34107832048
0.0434840544187
-0.820461219358
-0.647123515638
0.835949212949
0.898665839951
1.28094691826
-0.220514406246
-0.992064642656
0.101689608454
0.196889681351
-0.698528953499
-0.773101968315
1.69845598009
-0.706810443288
0.833073624638
-1.42496231759
-0.353617607181
-0.397651401695
0.173182372518
-0.773850214149
0.931234959602
-0.784316293493
-1.25282544186
2.00151266765
0.113863175073
0.436691286994
1.00836882653
0.220272250002
0.285162600947
0.0671049314955
-2.37228827998
0.275721662669
0.547626482755
-1.77938574704
1.04503208955
0.742851716914
0.308573217856
-1.60363489852
1.63772793097
-1.33840099947
1.69343157378
-0.943847713505
-1.19575901105
0.474640791536
-0.301459056034
-0.72956380525
0.443122576494
-0.481593099758
-0.370618145395
-0.0173515462796
0.999835197914
-1.19586049898
-0.673109145296
0.323984204986
-0.152650191497
-0.321613819988
-0.0698744774376
2.0660143856
0.577067031519
-1.01597317863
0.729603835903
-0.0678202045046
-1.06031529439
-0.667495972975
0.339480976455
-1.33940565245
1.24665666601
0.306887559922
-0.940904001081
-1.45034906573
-0.306661930807
0.174127236503
-0.917438449891
-1.94318457134
0.277508514578
-0.716795135965
-0.299130397864
-0.637695978679
-0.459719162052
1.39688538241
0.354160683301
2.5512444345
1.21845469617
-0.1399824425
-1.81017363654
2.00376102288
-1.42249921393
0.868145396819
0.13057650025
-0.0390260646035
0.7360158453
2.45697484947
1.58219097223
0.117642095752
-0.134358938613
-0.874979962691
0.302463745532
-0.684985552755
-0.78324597515
-1.17362800825
-0.013542360307
-2.29063298686
-1.03509434926
1.06031482796
0.613180057398
-0.30480028199
-0.163864850936
-1.33919471727
1.0391481136
0.651770621772
-2.18015057468
-1.8413667966
-0.0467467998125
-0.37157994962
-1.31692409476
-0.450368189152
1.16399931071
0.932561025352
-0.11112219228
1.28072549796
-0.0300031856388
-0.438655295968
0.476406331062
0.266538772097
-0.359628244394
0.0588150378875
1.28941827197
1.63132580809
-0.212394926513
-0.836626532502
-1.1163970691
0.782213347828
-0.183811409802
0.389831180111
-0.0966203762284
0.860238952227
1.11549573927
-1.83353048188
0.381450834079
0.42369834561
-1.81301775938
0.620992451315
-2.50052960283
0.308212612553
-1.30568672364
-0.940277903554
-2.46803943076
-0.63948722862
0.315366015362
2.29301000076
0.380096700328
-0.617331375684
-1.84651794472
-0.0970649288824
0.612479546123
-0.541505162744
-0.598551275834
-0.34889981487
1.04338981045
0.797764924877
-0.919617753548
0.363963778865
0.69848282289
-0.762917460625
0.545247400269
0.810714906618
0.743354309434
-0.956506748578
0.950121587212
-0.623755925812
-0.686552011486
0.848936860719
0.758023943944
-0.427392611087
0.0747059140147
0.506085234526
0.154747344049
0.618613512569
1.36546436666
1.33842184346
0.712427163653
-0.319149067367
0.1973966925
-0.242247564353
-0.950436605653
1.48644417292
-0.783441634051
-0.167445431035
0.220415153164
0.121214951037
0.274447668862
-0.496293901395
-0.270143303343
1.00129214087
1.87185318685
-0.313898023568
1.56816282816
-0.56260251472
0.523320541678
1.26855621496
-2.36053847502
-0.768736697237
-0.310003703608
0.0774935410461
1.17336557251
-0.305573696045
-0.191300342879
-0.0417088867832
-0.398787036974
0.596517423588
-0.684637230605
0.109589968982
1.46896995648
-1.53435006447
-0.930176964559
2.01653087219
2.07618804276
-1.09178320303
-0.0200203273756
0.945229745955
1.55715197432
0.265350724672
-0.0795345435932
0.0535120575319
0.800004012772
0.383493647025
2.20425949719
-0.667207944805
1.2978381408
0.346745314583
-0.674905695699
2.12886391507
-0.0425757262412
-1.71310127839
-1.07077958994
-0.167241180952
-0.0737432525311
-0.837535911817
-0.477605865279
-0.80083609216
-1.63522641591
-1.37214534274
0.551137493413
-0.17843600869
-1.5754495981
-0.806225448441
-0.305802963824
0.378617188398
-0.0292444180953
-1.40771756914
0.696290728157
1.08647044977
-1.15413168819
0.426412793291
-1.09829157705
-0.0898970793949
0.886505529054
-1.34719055576
-0.558004373639
-1.25932912029
-1.0776072055
0.0667769644366
1.51016356591
0.118316254416
0.00492993601349
1.34459782451
0.752879138098
0.430709667317
0.815858229638
-0.0321741546375
-0.324400944546
-0.495394810647
-1.55838133787
2.07129032484
-0.228106672408
-0.998414243181
-0.797998483949
0.1808129899
-0.446101501941
-0.358808404364
1.4692076597
0.0367740832877
-1.50177166498
0.631129982718
2.23813362287
-1.52963668254
1.85729335343
1.65852297044
-0.0534077211901
0.303387671765
-1.69279752196
-1.72778573648
-0.698499137635
-1.87908603512
0.926409743119
0.584894891833
0.360293370382
-0.620060254507
-0.710785742598
-1.24386370389
-1.429065245
0.372135506499
1.51896413812
-0.683884288205
1.1203383466
-0.239334906116
-1.22666550144
-0.21816598118
-1.27883121331
-0.061835655264
-0.89672854547
1.91152984903
0.701047489856
0.381874458579
-2.08734677608
0.731925496913
-0.135755619608
0.233400441404
0.606707604813
-0.0726973205792
0.344902324531
0.214054418571
-0.771604899578
-0.420463916068
-0.682734890423
0.988834680711
-1.43550638649
0.238661008395
0.117203262435
1.18235401595
0.445992107485
-2.31201212382
-0.646356211494
0.238803106322
0.174794154718
-0.6972580042
0.70280557233
-0.80202748464
-0.944255367419
0.639619962788
1.24261087221
0.103039150406
-1.87877931287
-0.0750085426041
0.404315535491
-1.58263897845
0.635414090563
-1.30902751063
0.227565973977
0.0133740151738
-2.12370906688
-1.52548234798
-0.373169399788
-1.41808382663
1.00924271616
1.14667934325
-0.325970531511
-0.475333328911
0.983821243721
1.82704414326
0.104677539781
-0.232290612842
1.17088822143
0.107452258397
2.22316285565
2.53960029461
-1.62939056606
0.832064591722
-1.58167732796
1.21945642241
1.15863136753
-0.0869773531992
-0.0993928163153
0.389837225964
0.687904717274
0.507250769488
0.325848683183
-2.07142819856
2.15178323203
-0.339256136121
-0.332951598755
-0.377809953727
0.672269144994
-0.608945035693
-0.304913026754
0.0647658289637
-0.174819894854
-1.78285887935
1.8673236123
-1.49721951638
0.996350467193
0.216143251577
0.537659926132
0.370274808244
-0.705910924362
-0.776851062904
Score: 10