3
44
10
3
-0.903508819653
-0.70222109842
-1.5608434595
-0.741287543809
-1.35840872807
-0.653868551062
0.834560530329
0.684227219644
-0.503183971297
0.645667794164
0.263640027126
-0.0741472421815
0.899797719196
-0.0933828541115
-1.14352355356
1.40448546067
-1.07648439964
1.82758709509
-0.715435860807
-0.525317855823
-1.13466012929
-0.99988383787
0.367488895955
1.82605245421
0.41386948431
0.367024870318
1.47086484752
-0.782867647937
0.477489051535
1.2968362562
-0.253697232474
-0.102818401727
0.719410370348
-0.664480489744
-1.49313002692
-0.432457533615
-0.729635198568
-0.297852961165
-0.355857665483
-0.877462687803
-2.16382243516
0.0682863624536
-0.842806247128
-0.662757677761
-0.247136321271
1.22221880461
-0.883449069334
-0.182173787754
1.06400815925
0.116197406247
-0.596472693265
0.408668362055
-0.285514646293
-0.489864930805
0.350101178779
0.0433109315392
1.50535452145
0.0655262896605
-0.322043282771
-0.54675351543
-0.500373272479
-0.794054947187
-0.9495476203
-0.131175128399
0.242886049158
0.872994950994
-0.33923775913
2.02555277735
1.89309700165
1.78777150795
0.447621503448
-0.279451174978
-0.169184273628
-1.81967137004
1.04593563166
-1.28058887328
-0.801402907157
0.856726603899
0.0510913976483
-1.16026138786
0.520987951037
0.424246203166
1.17760147121
0.676100104772
0.258983995737
-0.608760578162
-0.3352268264
0.0614537154086
-0.499662695831
-0.615773186133
0.918692168007
0.723458589723
1.51140091085
-0.197518545796
-0.985684689645
0.219638148562
0.361080344022
-0.794817720439
-0.93676641782
1.85428998483
-0.647489327319
0.941566780197
-1.53597252173
-0.285959645284
-0.565125428707
0.128060657805
-0.881926534821
0.972963177811
-0.849390237919
-1.24357279558
2.03410554417
0.127041473099
0.516083265491
1.13517888857
0.217961569067
0.284100239751
0.186002443013
-2.3645204703
0.247461013058
0.494422758252
-1.96380202689
1.13244714011
0.753776506645
0.353984449995
-1.64420079664
1.61409929912
-1.26452646743
1.68566974067
-0.870257218064
-1.12042771187
0.466721534406
-0.225530239772
-0.804833216975
0.418975002996
-0.437940070139
-0.234653818936
-0.130565056429
0.700283234451
-1.12816268737
-0.658275863953
0.478102597545
-0.347339395205
-0.285649107062
0.0868944518254
2.06946160468
0.385503649117
-1.05408304383
0.76966192637
-0.0509101785238
-1.27828049052
-0.611986822095
0.297578156382
-1.37701908131
1.26952958221
0.569102795478
-0.827132989166
-1.52193891343
-0.314436233083
0.206847311994
-0.976381546751
-2.03553829924
0.357035983961
-0.623097862119
0.0583701018897
-0.872348934559
-0.367976658498
1.36515373835
0.262737366649
2.74848627435
1.24050344719
-0.343611599694
-1.56187243574
1.98506967307
-1.44378446527
0.815641954492
0.0513768053604
-0.0549762462599
0.812720202742
2.36081422325
1.5367918235
0.159835605024
-0.241391982867
-0.897675561628
0.375340470855
-0.539327356524
-0.763918971805
-1.24652627616
-0.238130842153
-2.15787612348
-1.09331789096
0.930518322894
0.590237684036
-0.285339109807
-0.251989414579
-1.30860472579
1.01209312074
0.765135989417
-1.97006616101
-2.02896491664
0.0745405919354
-0.0890589602461
-1.31758711868
-0.564904794448
1.05985763173
1.04437914239
-0.253196251055
1.08996272862
-0.0392522985899
-0.489758934684
0.595518307041
0.261014469941
-0.381644855485
0.0883449088249
1.32537048445
1.73253465637
-0.234811644989
-0.88286639352
-0.907834300868
0.902320674491
-0.080859545215
0.430206441897
-0.0661062419166
0.81597916657
1.25019058477
-1.83221457635
0.268453621221
0.440701725771
-1.7075114326
0.422525548389
-2.25211109713
0.241655160045
-1.33452002878
-0.881833345574
-2.46723740799
-0.672564518985
0.402449234614
2.24896627368
0.449529527005
-0.376937173486
-1.76374029979
-0.22264519768
0.770381723002
-0.773185331819
-0.748066651912
-0.456664396266
1.01843194392
0.6932637857
-1.08618401242
0.516918325982
0.902037475203
-0.596136142362
0.481910765125
1.08308677952
0.961101387557
-0.842079087583
1.07062966253
-0.52347185498
-0.777095002906
1.15183505427
0.851456861804
-0.553713957522
-0.0305425696367
0.386599163516
0.113043436369
0.606178635693
1.47856384241
1.07912115909
0.722003602933
-0.305903894578
0.162494132071
-0.329257857561
-1.1280674586
1.3709156772
-0.558055054859
-0.222213912126
-0.0723652004104
0.172330858542
0.197115669201
-0.682092420657
-0.19263848397
1.21871418632
1.81185066586
-0.208466801643
1.63116465515
-0.600139127989
0.585161704658
1.18130153695
-2.28610968592
-0.693183409789
-0.40258768687
0.149267243456
1.18396963067
-0.282747285405
-0.131797203463
-0.171031787477
-0.608705569143
0.723274798236
-0.838005507851
0.00189751138494
1.43934828537
-1.54636162992
-0.675794658891
2.0260266925
2.15551702781
-0.917939676736
-0.14937450348
0.857306620401
1.38989302656
0.170503244066
-0.114296368867
0.179839953338
0.91010303807
0.480455051366
2.42559776242
-0.746919452446
1.23543475634
0.390944276507
-0.889217828568
2.26826671949
-0.223610379286
-1.48950425438
-1.30648326741
-0.156312397168
-0.14580448339
-0.844509152479
-0.518752139499
-0.841595427419
-1.39035429128
-1.32253765858
0.341680316851
0.207167870649
-1.40349673136
-0.559648402821
-0.409269733024
0.282452216038
-0.0742985764878
-1.30781876286
0.832744033053
0.962400567377
-1.17785833672
0.383321164429
-1.04301708934
-0.0751509989094
0.832232062614
-1.05237473943
-0.695244682005
-1.51056943925
-1.06796201118
0.0410624182461
1.33413775577
-0.0638151659497
0.0151218139075
1.38924272524
0.814379326257
0.216934248086
0.735259448913
-0.066443055582
-0.116623461516
-0.318525796969
-1.43910891561
1.80798529947
-0.382036799293
-0.922269604241
-0.455563307636
0.0285731319696
-0.634077809844
-0.248211719237
1.48999947898
-0.0820728701768
-1.49637953142
0.780419731366
2.18532713578
-1.63718978305
1.93168831949
1.74652398521
0.179284786814
0.354451743688
-1.65375538417
-1.83697542738
-0.805260119242
-1.93251979956
0.888155321117
0.541644480275
0.557693209876
-0.533642000182
-0.857702579566
-1.21027576288
-1.16818883793
0.420979371348
1.5122771187
-0.48091401411
1.01058677236
-0.0109146889229
-1.04346329838
-0.330172008403
-1.23149766526
-0.0190898837413
-0.89406171935
2.03281454129
0.606676547388
0.70946828307
-2.01643028448
0.829484550727
-0.162119048026
0.240993837321
0.686069882972
0.05004172171
0.317765735639
0.267288660461
-0.95375058764
-0.316075141116
-0.786273990915
0.881674986619
-1.21980461016
0.300724252961
0.14843885991
0.887389238184
0.562926600309
-2.19528184664
-0.62689698016
0.222029275096
0.163660777777
-0.573423664742
0.621109474026
-0.701647609842
-0.95949540313
0.749397968807
1.21422314775
0.44318768632
-1.574370902
-0.263232892041
0.339010986867
-1.50279844493
0.685383999229
-1.07308033494
0.242791345657
0.00479196988627
-2.03419475628
-1.67392978066
-0.249700349299
-1.45369403736
0.639356721646
1.12727641101
-0.238822109491
-0.773169708092
0.793977615758
1.69491460207
-0.0659094271118
-0.358957152173
1.07779117973
0.226673003593
2.36165785556
2.56241247579
-1.62637432037
0.84480674465
-1.5128856419
1.15018656175
0.955403576171
-0.234087257386
0.146607773042
0.568045560708
0.618007870331
0.443731431802
0.119967711481
-2.10866055285
2.14235469482
-0.159692699531
-0.316286526517
-0.409994867761
0.690415290008
-0.674271260681
-0.0877950437999
0.190841530434
-0.124910980621
-1.83809185465
1.93964809464
-1.44680619022
1.03085810028
0.074302958937
0.485121229905
0.337058906222
-0.557186996914
-0.776229749393
Score: 13