3
44
10
3
-0.132182014146
-1.02111608074
-0.622711327043
1.53576781928
-1.80971766008
-0.964935466937
-1.13059673805
-0.224370506494
1.02141552801
-0.224816280848
-0.486405672042
0.729946319937
0.297275572662
0.194271681408
-0.139915741888
-0.131364553967
-0.721989579802
-0.667451394048
0.84222135055
-1.57303376754
0.227279966663
-1.27474817002
-0.520510938101
1.53611564692
-0.900056911507
0.826937585346
-0.02692009852
-0.00875845749811
-0.0141446250166
0.124167101142
-0.3287145624
-0.416653519202
0.710438129682
0.750041851526
0.721078722451
-2.28470942764
1.16500262697
0.147194507146
0.99867855054
1.93047986152
0.467184212342
-0.211407205125
-0.843389017945
0.0468602430647
1.81221477175
-1.21321251839
0.97390118321
1.06290658742
1.36056850301
-0.318898064452
1.10759957828
-1.05449291311
1.07932472145
1.03897583063
0.173751239048
0.89766004444
0.720287020968
-1.19836008111
-0.761157891462
-1.53499674499
-1.26734374559
1.03872742014
-1.47772331457
-0.102667230115
0.90102117784
-0.0918358119047
-0.0202655616903
0.428451937462
-0.105548970421
-0.997610288027
-0.409846005246
1.22774207894
-0.592242346334
-0.840294726121
-0.918011612673
0.392718622921
-1.61466252785
0.397408473555
1.3786153161
0.362495517776
-0.312218505772
1.33171998591
0.0529306862375
-1.41454498704
0.221529090539
-0.462435535457
0.0466079731902
-0.323661056313
-0.58510341575
1.60593894772
0.62084478558
-1.31641092632
1.42880585786
0.321337627769
0.270457329182
-0.748901262591
-0.186248731488
-1.12061867413
-0.107676029457
1.15026980763
0.0210650296209
0.034377712021
0.0214852463477
0.721200411805
2.07592284855
0.506595234777
0.356200684443
0.694922645028
0.196668099404
0.611535441252
0.374492964313
0.962398830696
0.55732300839
-0.313533821933
0.755415443713
0.51244154372
1.05713203741
0.350637486005
0.307841607558
2.44590750082
-0.0116149970683
-1.26857633625
-1.07610054623
-0.507398066384
-1.37470755422
-1.12001211343
1.1873803689
1.14858945535
0.464097993103
1.17149835068
-1.15975990139
2.13968130943
0.504560467423
0.532726793376
-0.787953887399
-0.024683163983
0.0572501587246
0.869483124204
-0.670539208427
1.06300941967
0.455930961022
-1.43799873512
-1.1196855439
0.184037828301
-1.43679507749
0.828444888315
-2.32541109982
0.142176656436
0.837049432866
0.294692371275
0.0951192931239
1.21679262927
-0.0874081596363
-1.86764620354
1.36489412035
0.426211770943
0.212915209183
-1.04758320815
-0.743092998942
-0.417100735977
-1.58576263948
1.90788193957
0.203030749147
1.65694601129
0.456277190054
-0.148356930345
-2.00372369777
-0.453939598268
-0.480083010557
-0.575985078623
-0.96695541937
0.671099246918
0.441326432896
0.668142185141
1.11090348373
-2.54150190301
-0.614696771841
1.0861131225
1.0863176698
0.28396877725
0.275205933668
-0.554301518574
1.09435237977
0.823387683651
0.783534581926
1.07755358977
-0.491987400889
0.0832194821267
1.21356600547
-0.647863874821
1.66353745824
-0.440768243339
-0.156022464612
2.25745906115
-0.187802474872
-0.154823825766
-1.43720106067
0.0453416240098
-0.925324184132
-0.166204030573
0.0734291423126
-0.236370176743
-0.0507467667449
1.55400856128
0.156515835167
0.522115709719
-0.0854981323891
0.126770551525
-1.77456487438
-2.02576847174
-0.477838055263
0.327818479833
-1.8095091427
0.231611937215
0.781529211412
-0.122128466591
0.657186629392
0.594071125507
2.34928964196
0.962267412259
2.1367169176
-0.0698421889943
0.00153474265927
0.205554675215
-0.74832489524
-0.543299005381
-0.0332767038916
0.559422478661
-0.600216234312
-0.119152084174
0.957673603903
-0.0483149945491
0.0803098403255
-0.429268073765
-0.129125397801
0.898728613437
-0.110692888616
-1.10737136167
-1.08121390757
-0.136126495309
-0.574521261857
-0.151726381749
1.04015774983
-1.64164223553
-1.83519818111
-0.196003433511
-0.282241237364
0.403057843722
0.144561303901
0.479171551714
-0.326065317232
-0.214975543283
0.81452243217
-0.501157348213
2.44649932107
-0.667093580882
0.833875440891
1.87475514973
-0.109070439224
-1.46825256593
-0.675182138848
-0.157285505451
0.23347222859
0.228317590049
0.802905433843
-0.58231494045
0.333837757293
-0.855630733637
-0.95257678069
-0.113608587837
-0.293643081959
-1.63863689603
0.339872201534
-0.509974882292
-0.844036584705
0.251935205153
1.14175266274
0.840997366069
-0.648742966798
1.21448491598
-1.39847479346
-1.23424319276
-0.131042659923
-1.24166072688
-0.80316633593
0.501793117246
-1.63437492474
0.0366339165737
0.656859609151
-1.52205001138
1.5351207043
-3.48705191477
-0.461777033958
-0.316827080977
-1.56721315075
-0.451218449119
0.770417606769
0.27366770466
0.985029869339
0.337365973067
0.368085889082
-0.271371680783
-1.14812860541
-0.0300944591149
0.553864924624
-0.535884018306
-0.430955400735
-0.0864560204763
-0.368881027574
-1.16406065242
-1.40979486764
0.551741897759
-0.814670384876
0.443874141905
-0.454918259552
-1.1730809639
-1.48245367008
-0.487030056057
0.067075527833
0.0862334700331
-1.47166181209
-0.152840845569
1.62439254484
0.388468360801
0.365832538737
0.942411754548
-0.0936077800745
0.0948934070664
-1.03502002188
-0.0992255855907
-2.01255881798
1.4597633276
0.0172561327692
0.986707090179
0.69638580495
-0.522594338454
0.785717104181
-0.344781947098
0.34153181158
-1.35272659705
-1.07997590281
1.28501904522
0.58054344015
0.00254063666342
0.403190124847
-0.273234441776
-0.445349573494
-0.698926868897
0.95916056015
-0.218946280539
2.16094964696
-1.29119785732
-0.317866679908
1.51857538445
-0.98890809995
0.337877446329
2.07439772032
0.368991126775
0.559875287011
-0.0323727036979
-0.408393583321
-1.31694450565
0.0191845137436
0.0402144840787
0.676572715883
0.949264045635
-0.768385622022
-1.08628030608
0.635028766986
-0.0772957948452
0.889199054274
0.0187861480853
-0.302897387589
0.203087234912
-0.608051611465
-1.32457911573
2.47893605487
0.0514912175623
-0.628258281917
-0.856949972942
0.221024767833
1.62310332958
1.22797622998
0.407948595345
0.310293800262
-0.278415120836
-0.627358805902
-0.612605922206
0.862627078363
-1.00246007526
-1.64830351083
-0.848374834862
1.65667598723
0.400414785524
0.249047342374
0.898129661312
-0.248503486821
1.02831321316
0.760481204158
-1.50278626811
0.807817285282
-2.70551165642
-0.666218639989
-0.0539511591837
-1.01087154155
0.409343176218
-0.64631574278
0.302283761635
0.0251772629646
1.40275880222
-0.391649093692
0.825649441108
0.537987380666
1.61776218219
-0.519380910234
-0.31719141932
-0.125752699604
0.566513876088
0.170492890881
0.18068576297
-0.586146261566
-0.505659875646
0.23333705429
0.405129620025
0.0141431664169
0.370401166097
0.444216584327
-1.27474656274
0.258888469812
2.61493773112
0.143523581005
-1.83222265443
-0.0325703566919
-0.0690197584078
3.16506106179
0.0233612871624
-0.508730748429
0.479753332962
0.676210018982
0.236638657999
1.95654803389
-0.653194539283
0.532693907489
0.794073694103
-1.03198373011
0.943375529293
1.14383107737
0.316290804762
0.124121775284
-1.05245186123
0.524202965854
-0.778073769627
-2.02599772952
0.109173985516
-0.784866330114
0.350659698056
1.38652064946
-1.90700239836
1.59854562242
-0.187855508298
1.27853623909
-0.192432440829
-0.262082369893
0.18105366916
0.0439236345671
1.10408256296
0.864918883954
2.90171732558
0.304297648807
0.794130520232
-0.40840338464
-0.313505315654
0.81246491136
0.699476093723
-2.37850137978
-1.1707566355
-1.54845460192
1.01260730009
0.654698338272
-0.953772293463
-0.858391090668
0.140934857306
0.805390920364
Score: 1