3
44
10
3
-0.552118183338
1.29992606634
0.63411043178
0.571928259888
-0.261087333791
-0.721883696779
-1.16012183749
-1.12628116192
-0.594241987732
-0.288097717208
-0.483399165482
-1.67079532266
0.259775678668
0.366424030906
1.14858670957
-2.63509892069
-0.255320396828
0.0997593131959
-0.215066664266
0.0535129507001
0.236058324003
1.16641154244
-2.39279586852
-0.0680583166186
0.461500079075
0.545688913863
0.487963725236
-0.0708617398988
-0.798117186441
-0.32711394042
1.10844954617
-1.62123042082
-0.490619191481
0.976237257306
0.321248678816
-0.89690287227
-0.217744895791
-0.966456462978
-0.16659250643
0.259989485977
0.470062229581
1.05023540772
-1.52389978525
1.08850268436
0.819440513486
0.618383374705
-1.85542510924
0.0330512945649
2.52026738296
0.52051236415
-1.49754717861
-0.198631246495
-1.57392970895
0.0536643761114
0.665389290091
0.041469756474
2.2168268489
-0.0560549683246
-0.803647906533
0.220792535964
1.58592514744
0.636688833224
0.350795620368
-0.0421708523708
-0.591434843865
-1.02419363871
-0.535267105225
0.0202364553276
0.605030469026
2.24018648161
1.58169043097
-2.17711981523
-0.257532828803
-0.683781373368
-1.23908366387
-1.47560096937
-0.326156172498
0.783492301726
-0.355200233343
-1.37320006648
-0.365167695748
-0.91247797154
-0.254800731993
0.175967543151
-0.559947145583
-1.69345903015
0.727224073037
-0.178311413452
0.0308992197943
0.483599071969
1.03842181108
-0.288013698653
0.0570347870528
-1.78449988466
-0.384676427786
-1.24745247046
-2.35746950849
2.12088705706
0.897078737199
-0.23724568799
0.0761981761793
1.2305832636
0.862409857251
-1.14703766406
-0.181296103348
-0.570311507401
0.554527848142
-0.366533445453
1.11652682787
0.186021167286
0.804857171185
-1.46060363103
1.28174136468
-0.285637140534
0.607107490981
-1.6353667931
-1.16182607833
0.650407362012
1.15042988962
0.596448959194
0.564246046917
-1.10730459654
1.63880102136
0.941140371492
0.177171470509
-1.19044293368
-1.0822806206
0.790860659984
2.08600552642
-1.11678892093
-1.5093442349
-0.218094545568
-0.492539889651
1.57598929096
-1.25752086261
1.50510141937
0.36753057714
2.78494113594
-0.592599859526
0.291764081997
-1.33887395064
-0.602416104017
-1.44425865127
0.3867777816
-0.503682374546
-0.883508879754
-1.04120721056
-0.0494649820271
0.529748156712
1.06406674191
-0.784425149675
-0.476494872523
-0.811355246008
0.746375755882
-0.571820461054
0.0186583607926
-0.224664537482
-0.507634174438
-0.456434052666
-1.43756865882
-0.94205455946
1.72102525958
-0.630913064589
0.14067142949
0.501761712399
0.513850619657
-0.721941814485
-0.130056297095
-0.650932516796
0.361480390709
-0.713048994865
-0.760716294924
0.235449246001
0.876395073101
-1.00874061376
0.063920621619
1.571130491
0.730997890205
-0.201189273263
-1.27904777195
-1.76055700956
1.61013797087
0.235579684711
-0.891819608412
0.49735662115
-0.539495106665
0.0956170906852
0.368254064522
0.818914481777
1.22108181377
-0.660115648852
0.174476299669
-2.05185605465
0.189124319743
-0.806632462419
0.371399007903
0.818999992322
-0.624050390678
-1.6377751799
-1.16573939196
0.990809118787
-1.6636869315
-0.0163174000755
0.270294818768
0.0188255373665
1.8911168792
-0.194404649707
-0.450413842869
0.719513976847
0.0408862413702
-0.10941552609
0.290704412991
0.230288435897
-0.271097917819
-0.906126756548
1.71866814946
-0.520225529071
0.210612582034
0.255931527103
1.61705043341
0.540887229881
-0.86142324873
-1.60730470207
-0.205582019313
-1.02756423557
0.193767161211
0.40007288686
0.920683273184
0.849054212816
-0.0740549469009
1.57572820111
-2.28998135734
0.0806712727814
1.04336173044
-0.161547605519
0.0308225767125
0.328360958009
0.0152032332852
0.201051794599
2.58990663453
0.965191365486
0.185576033317
0.768694044627
0.950901635592
-0.243692648834
-1.77488408642
0.441972327684
-0.125680812846
-1.32178684696
0.510094299336
1.1472640695
1.81510457356
0.336499218553
0.365714273673
0.0571008844248
0.660213807363
1.32596136264
0.824616706651
1.67630695249
-0.806973168498
0.4653053105
-1.34209091854
-0.422770205214
1.40768870616
-0.925291696859
-2.32877261507
-0.727338961334
-1.72412230099
-0.0412938815844
-1.36687333521
0.503759968632
0.734287454805
2.78600816582
1.19112251216
0.957303584554
-0.49964160284
-1.42139929791
0.670850925566
-0.874604426561
0.60096232904
0.413778309365
1.12310770323
-1.09773161064
-0.324711374544
-0.0743599932413
-0.466321193033
-0.340887127984
-0.345812226358
-0.335982038225
-0.395986622401
1.65242327536
-0.425464349482
0.510340264906
-0.606087541133
-1.64625305484
-1.50131189034
1.09016833362
1.37176709996
1.06335442753
-1.98481619978
0.227189776905
-0.379906084323
-0.49555847018
0.332876584894
0.822647421191
0.849636598441
-1.15467970799
0.575484493215
0.927501140033
0.287992787803
0.0277133866778
0.355168107804
-0.82236922178
-0.648816454574
-0.28538950672
-0.400941349066
-0.483875317297
0.346132680352
0.206307718771
1.43740778529
-0.667232767146
-0.621625684177
-0.814194740817
0.0377727503671
-0.341924998318
-2.74332057922
0.0124886512499
-1.2398302101
0.269542791953
-0.846368720072
-1.39662310472
1.47175912038
0.208674184802
0.46328398017
-0.501066783979
-1.12768610837
0.359239680929
1.84552529273
-0.149056137713
1.44274875885
-0.562275980685
2.32621870246
0.197006975118
0.359462021677
0.918065392729
1.52623917037
-0.563124406162
0.968772030595
-0.300828212089
0.351996042125
0.891178739261
-0.999078973131
-0.524300952706
-0.364767688999
0.161518193481
-0.962962800561
-1.20052015721
-0.112506999062
-0.645578461158
0.567344077035
-0.0229978260236
0.906412582073
-0.711209277213
0.913790817294
0.747612646816
-0.718744971995
-2.24425434563
0.75468299784
-0.129304033905
-0.857299866034
-1.04325131742
-1.33726891143
-0.127701219297
-1.2218122598
-1.39126143807
-0.52818064216
0.185150175745
0.116407106416
0.787725578248
-0.560129081051
-1.74961424817
0.0472147824339
-0.666554704563
-0.466122833515
-0.546423070168
0.457685513451
-0.72146583888
0.224978709458
-1.24443846049
-1.46862035281
-0.393823216175
0.206689276483
-0.221811207552
-0.0717540672972
-0.950221359324
-0.55443387357
0.147165566744
0.484481883216
-0.355086485095
0.829198802029
-0.958177768282
-1.25738302416
1.36533197156
0.242337650549
-0.543317876635
-0.890815146867
0.824210830369
-0.15359232039
0.50920491129
-1.16098914241
0.471531513426
-0.490446663951
-0.67749257002
0.828912405198
0.502029529704
1.5386069649
0.211960690382
0.0650276683754
-0.895380730715
-2.53092534177
-0.461608972764
2.38205152815
0.320749095257
-1.31574252896
-1.92464561227
-0.813593593623
0.432825976892
-0.842245666688
0.257367465214
0.879337104741
-0.879721988202
-0.517431669778
1.12322649858
0.680695276832
0.344140606064
-0.0559484134557
0.768885286768
-1.17038193786
-0.148522300461
0.288504135213
2.0082473186
-1.42495745409
-0.77838659694
-0.412741660995
-0.693601466198
0.82989858777
0.402605841907
-0.103297885767
1.47631710345
0.232214285095
0.666686475478
-0.214730261604
0.391946778689
0.0507461817375
-0.955792912457
0.511926196821
-1.89524607023
-0.312730023364
-0.986040880469
-0.330658136581
1.18640497909
0.0186906958282
0.33359226542
-0.507012249831
0.479975509322
0.692062761283
0.565386122926
0.790250851858
0.0170704004556
0.941824812015
-0.525250951374
0.895186965053
-2.15373608115
1.53165045673
0.818522496883
-1.21428508391
-0.137361266648
1.30596196509
-1.59362910472
-2.18331919102
-0.311840253466
-0.0815611918372
0.59614159979
Score: 10