3
44
10
3
1.66333220436
0.485822954718
-0.183167398611
0.844314302326
-0.247746453157
1.31522975211
1.89617469993
1.30567011251
-1.29647786692
0.813114847582
-0.97141832041
-0.374533654662
-0.440793456445
-0.0906132280811
-0.762623679497
-0.2381606625
0.972278935878
0.233512464582
-0.52811512669
-0.0819025093573
1.25045805253
-0.833580652896
-0.717680735224
-0.502396912288
0.118388472222
0.245507434585
-0.0717333789716
0.684453235112
-1.12193350174
-2.03763206874
-1.0482732691
-0.0719460224996
0.684768313224
1.51304800493
0.5093074334
-1.42432690228
-1.35475761095
0.0211462764902
-0.0865192346048
-1.62034461227e-05
0.832993200614
0.613060992994
-0.747134910838
-0.973161660304
0.914258185476
-1.95452025465
-0.169445665452
-0.278898954045
-0.700996516984
0.551878693292
0.747328885137
1.23892298331
-0.240012153023
-0.290649755645
-0.0801147709919
0.453219293212
-0.346477004288
0.866118116977
-0.743620951515
-1.23625052232
-0.913395120745
0.771194724231
-0.146598966385
0.649105577476
0.266367534576
0.065623378471
1.53377339267
1.76733400234
0.167625661906
-0.221189166698
0.158854591557
1.02448590504
-0.210428244668
-0.920201301702
-0.531464132397
-0.479846844709
-0.448266135901
-0.191945277538
1.33205146877
-0.218040734757
-1.27492080764
0.910824859632
0.286434319856
-0.0179130113757
-0.956147708675
0.90870685492
0.192382642767
-1.88885132703
-0.57810047224
0.526245952895
0.325369907371
0.973739277846
0.571284335273
0.181189884115
-0.99251987049
0.312500360268
-1.03380836975
-0.48700625647
-0.413566504795
0.436548703533
-1.37751605289
0.577469100915
1.40388943141
1.96147404054
0.47395063377
-0.00761764276819
0.0578333510261
-2.39878650478
0.456267380373
-0.235820716259
0.0755567215975
-0.388539538936
2.09194625184
1.42166408986
0.26675410369
-2.3157148276
-1.02503970026
1.21816127835
1.2100461731
-0.148097531363
0.078113762316
-0.627849622873
-0.53705625036
1.12368819455
0.397420728937
0.0820787702018
0.488649245837
-1.78472142706
-0.17133874981
0.0911701854788
0.848367225051
-1.48422547063
-1.16787989019
-1.31450290515
-1.4609103708
-0.0421502322983
-0.970089246881
1.21776655838
-1.75076381433
2.46437244178
1.03231593357
0.687056073544
-0.311236537807
0.251311600562
-1.31831734324
-1.01281862436
-1.90111744904
0.686798119391
0.369657240527
0.0947458591789
-0.228823896027
-0.494989027354
-0.0989487689289
-1.75238784231
2.07186107934
0.604593641258
0.28860209376
0.368798709792
-2.5485808148
-1.54412110672
1.38930711664
-0.753451590822
-0.311092604884
0.195837257769
0.287975208916
0.109047049116
1.51748996324
-0.94120116127
1.00472754985
0.11985782978
-0.205338334941
-0.901711959247
0.676932701308
-1.03618763417
-0.741379067292
-1.40098393583
-1.24350014418
-0.962301334577
-0.433116678058
1.75756115757
-0.00192518448407
-0.317128653568
-0.0690105581679
0.273826907926
1.74377182992
-0.530888564699
1.15294965323
-0.285176801313
0.848833273265
1.7991627361
-0.265666019908
-0.106455384219
-0.610591692631
-0.403718656156
0.483466090948
-0.0893952704338
-1.29393705864
0.106914913932
-0.671382232276
1.95786267206
0.836852203768
1.24089216194
-1.36587075609
-1.04829107477
-0.881645256454
0.274203686165
-0.730168339153
-0.800423995701
1.79127410915
0.174727697025
-1.12025446497
0.7729206685
-1.25721568913
-0.746811380321
0.47929122972
0.443116171873
0.084600043538
-0.284585578711
-0.140823990224
0.765691943109
2.12515069182
-0.637294815289
-1.79187586648
0.337816757184
-0.527340712645
0.169663017354
-0.583127457059
-0.686678588457
0.96621400396
-0.896459992851
0.36395009612
-0.269351037064
0.018787160629
-2.58173112851
-0.0245455430496
-0.213759364308
0.438615343891
-0.341041805495
0.302966921987
1.20666476868
-0.434598568831
-0.990709734049
-1.6037938057
-0.757296860011
0.391874050408
-0.861962592009
1.88725954738
-0.295794578262
0.492796834925
-1.32171328536
-1.1608871754
0.72282044499
-0.143525392176
0.365045131068
-1.88403399378
-0.245416042187
1.06619513272
0.959693209507
0.149800705066
-0.946818839751
0.131248171829
-0.608466268316
-0.0164039672706
-0.314099350615
-0.137203708146
1.19907839122
0.0383557400006
-0.698428994328
0.438678502079
0.920650772421
0.335437399011
-0.878385407694
0.42554034613
0.675816656313
0.734717800829
-0.284691808657
-0.680448491359
-0.0393568460278
-0.538949516294
1.34423194672
0.976813759357
-0.681514961693
-0.781244716327
-2.00862200349
-0.57166157524
-0.953605261341
-1.36120014031
0.558546870728
0.990376057693
-0.454017346044
0.246528138293
2.24676000927
-0.021164637359
0.0233943761162
1.19296768285
0.214039784549
-0.540899584641
-1.40049492239
0.94140974569
0.50390950427
-0.0460107779178
-0.826439333421
2.45620904748
0.766221416516
1.68101067676
-0.809448032114
0.676770303612
-0.249092010297
0.776589996325
0.107711781079
-0.305871490097
-1.00166684238
-0.129294446194
0.691523497176
-0.00508756609572
0.560439756076
-1.83830518791
0.0119895110919
0.230309495076
1.25276736702
-0.564817707098
0.799041543477
-0.336100255708
1.62775409678
-1.47499954855
-0.963661832012
0.121048053794
-1.51294916356
-1.94343021002
-0.208273666957
-0.841209952172
1.11670570978
-0.949403229374
0.713592146069
0.187932282114
1.02820572308
-1.14812715422
0.376630512045
0.103365612198
0.511264548106
0.449740639603
-0.538406035485
-0.489905466005
-0.510295387488
1.54048126079
1.21740988419
0.195733837097
0.483346891733
-1.21125773664
-0.790850021437
0.484723874401
0.267832929801
-1.09389122868
-0.0278146391138
-0.83637840202
-0.920995287954
1.40246146508
-0.528460881999
-0.321475476371
-1.34082197485
-0.0237471309685
2.54411577787
-1.14570555205
0.227104122507
0.249094594271
-1.29162056294
-0.251067247635
0.717022189215
-0.228924170201
1.7241877557
1.05438397035
0.756841207144
1.26858291587
0.394901506234
0.443693024042
0.894956614317
0.700278840067
0.0287561407202
-0.889309109522
0.901429800487
1.34667525334
-0.0803515452694
1.45584254025
1.11965631395
0.660217675481
0.352112662531
-1.21287356956
-0.16274684274
-0.472221361166
0.690797287381
0.350028011743
0.166794108926
-1.14711405958
-0.224041912015
-0.0229877806124
0.0620267463124
1.86225218308
-0.13336426915
-0.0783843611489
1.03867918637
-1.11937669846
0.108245570157
-0.206817703327
-0.617132681832
-1.95771152004
-0.116045925294
1.86152542693
0.138739011975
-0.668410786803
0.646328350768
-1.08978127578
0.962574354855
0.0705308578311
-0.201938107273
0.544834682333
0.297751891323
0.00654796808554
0.494989998601
0.545497779953
0.313360317283
-0.935591668979
-1.68016900765
0.550434316954
-0.738884996628
0.432338770517
-1.15267437408
-0.598928116851
0.164811358136
-1.45524159045
1.21309056989
-0.99319726192
0.167948151157
-0.3002824728
-1.23113276259
0.00119653352068
-1.68034905483
-0.748802258989
0.251524700105
0.861710693435
-1.02930851997
-0.498828413409
-1.05458368219
-0.32205066513
-0.635958252189
-0.487324717963
-0.274361151591
-0.653950636173
1.53429937396
-0.656151315384
0.492654649823
0.778593913307
-0.323974588787
1.43416200594
-0.0588265715226
1.05476323457
0.500158107306
-0.614894207513
0.524680538336
0.240934147943
-0.15525409341
-0.119316331796
-0.372586997031
0.376838156197
-0.916232092939
1.19838546624
0.266749106598
0.975059139644
-0.416052849822
1.61312804626
1.78870602547
0.386108668642
0.331426482204
0.98372965585
0.613093505103
-0.208119608779
0.780055136876
1.29897263482
0.63065124478
-0.505293313427
-0.712296797584
0.0515407895473
-1.72039183383
0.887180621041
Score: 10