3
44
10
3
1.33784005202
0.727140508759
-0.176317878071
-0.808027982401
-1.44180144357
-0.641639050277
0.0957961560953
-1.06781011953
0.166865577455
0.757534333724
-0.811214532944
0.388801776335
-0.0476130473248
-1.67112555927
-1.4287334621
-0.0126635951428
-1.08633553396
0.500026225575
1.26645074481
-1.06987339894
-1.79995135629
-0.341747498242
-0.927036125288
-0.332278080785
1.10793145569
1.59149350863
0.121340602551
-1.42738793974
0.203554564504
0.635041630482
0.30456980347
0.552814424025
-1.35491570405
-0.642401217494
2.21666641379
2.47781086941
-1.41318387056
1.4900486273
-0.296215316335
-0.273811077244
-1.82901961807
-0.895147804977
-0.385292415986
-1.54453901831
-0.588043208706
0.150319349286
-2.95646257122
0.298957084782
0.0468024604957
0.722755962341
-0.093883946184
-0.892061193813
1.44198367195
0.563933011639
0.398376826114
0.79233846159
0.778969917196
-0.593699446515
-1.19603556739
-0.486038340699
-0.479081211611
1.05417757096
0.138118375401
-0.9533250102
2.67170359666
0.359838025424
1.41784473926
1.17313333568
1.29485577279
-0.492764011253
0.22243494929
-0.422535538889
-0.697166841708
-0.204172617695
0.353638487838
-1.32840170021
0.170056513391
-0.869765119497
0.607146734633
-1.80369528773
0.0219348493733
0.0645384529699
-0.471265447416
-0.555716550243
-1.63450794664
0.360079235416
-0.00903554091847
1.05491953316
0.517354113859
1.93099030149
-0.519620619867
-0.233616370574
1.80721637048
1.22586954794
-1.00870556994
0.478093220796
-0.311979234306
-1.14739683609
-0.900063540789
-1.21632895525
0.919608918452
0.786174922435
-0.334228131365
0.293231951888
0.613559219363
0.476521649151
-0.0402424563033
-1.45573121868
2.23095866541
0.0691093884822
0.0321127326243
-0.166817014979
0.629658001717
-0.233763238664
0.346106997414
-0.640421012783
-0.107882108021
0.180543741653
1.13148613752
0.691179412153
0.540362311059
0.969903003587
-0.998070049219
-1.43026380974
1.32729023163
-0.90323108608
2.16207331859
-1.35243601172
-0.55444895338
0.0482462895564
1.56448925941
0.67177358771
1.98410103335
0.510650652047
-0.737659964402
-2.54010410513
-0.00689409870446
0.978440398006
-1.40663754444
1.02443055637
0.921683114241
-1.87303033506
0.212321887382
-1.04697667657
-0.0882274005295
1.97613566907
-0.43198490392
-0.198034221752
1.01054475228
0.789119614449
-0.19372439699
1.68123798538
-1.9386863187
0.698399715768
0.51710502987
-0.0871674723446
0.512205164675
1.21197528149
-0.0160191855399
-0.00924419594755
1.16105928016
-0.867737405826
1.28324707975
-1.49091509502
-0.23690765234
-0.35323165686
1.24699649427
-0.259515479488
0.40840063941
0.166049110463
1.74007893447
-1.22441354891
-0.499685618118
1.83378600541
-1.13638601248
0.989175095179
-0.521720838789
0.00486751348623
-0.907342204413
-1.0809041621
-0.493872231055
-0.620275782161
-0.277192421563
0.656563071801
0.172912265169
-0.397545585403
1.20761963133
0.845906737463
1.493837552
0.900170615557
-0.168376230967
-0.230855063802
-1.62198388067
0.48606338409
-0.874324222381
1.15556821936
-0.614225281379
-1.18862206124
-0.288077406622
0.60140653927
0.236182944594
0.0578971570673
0.628092719095
0.336889728379
0.493112942411
1.13267906985
1.29623815216
0.107268542943
-0.771975919421
0.0471716712911
-0.0537935375941
1.04023300315
0.596472861877
0.373903740115
-0.468561122979
-0.285039754745
0.946351657527
-0.87104620926
-0.374287429406
0.924334958381
0.538565121584
0.659242404343
1.34744128552
0.978659909975
0.416873701885
0.331374625625
-1.25704250508
-1.98580951757
-0.910509329421
-1.66628925758
-0.238963259297
0.496575832368
-0.710492505848
0.641478688866
-1.24752621273
1.28170731951
0.543590185268
-0.0998822624399
-0.764010735493
-1.71987720683
-1.59089232662
-1.63188666642
-0.630052045357
-1.750275493
-0.280083427908
-0.916135735493
-1.69737796915
-0.680897758693
-0.713758788257
1.13918867702
0.519981548978
-1.39448820641
0.916088431294
-0.678463333968
0.182690914329
-1.0976338561
0.0438825930199
-0.357667798938
-0.516214154919
-0.930958627966
-1.28901139804
-1.07042784126
-0.446313623312
-0.215687644081
-0.871939023667
-0.679996714406
0.347617235928
-0.850905193372
-1.10733690062
-0.922503269458
1.24422587797
-0.873010329889
1.51496928642
-0.941681858897
0.594206655174
0.169038723463
-0.477935343035
0.712773472921
-0.843701626408
1.09825456394
-0.45258108921
0.163893956736
-0.485669215316
0.414250447468
0.220772682304
0.121758188461
0.328185939298
0.0252354485487
2.44926673792
1.00356630951
-0.558470471315
-0.107976378086
0.385447061234
0.688928609088
0.378008747404
-0.980918642685
-1.93132161767
-0.729741447278
1.30768926295
-1.13141734118
0.439029202073
1.00102285421
0.298831628831
-0.247787577906
-1.25906109951
-0.937732292378
-0.46305847901
-0.8913514176
0.98114864147
1.33550631367
-0.295404983588
-2.56488518236
-2.0079844098
-0.543885810184
0.439179729435
-0.291812489532
0.284902083011
-1.64034476812
0.159225556605
1.31769431899
-0.610553180827
-0.465236747255
-1.18782426872
0.279173890442
-1.7406370328
-0.519278729825
-0.656093773543
-1.08611930555
-0.532315316444
-0.384462349329
2.30258566539
-0.580897956602
0.674847128019
-0.446557141114
-1.50497908662
-0.750869427308
-1.98389761255
1.19853065221
-0.83714462578
0.0261797703117
0.930316015419
1.40763841991
2.23487924331
-0.0230705302309
1.42274824802
-0.717606071728
-2.2933621576
-1.20183853764
-0.813692327896
0.37352601774
0.884212639069
-1.23458924029
-0.0065365542039
0.189809471686
1.10942998674
2.59003740607
-1.33438224782
-0.179133458422
-0.81436811628
0.359869474908
0.264369646264
-0.928247805995
-0.690208836902
-0.544387872245
-1.50459776824
-1.83820863296
-0.177391214104
1.15719151514
-0.622000573541
0.609976591454
-0.960452535296
0.615186408667
0.530977554709
0.0665333600024
-1.44935488839
1.44196365014
-0.718651991975
1.38839475003
1.01445328051
1.84582359801
0.867521760998
0.473799381858
1.17303026469
-0.169694426752
-0.50990756757
-0.59069265856
-0.376032616053
0.74266497529
-0.8528337187
0.0538075242449
0.533569273935
0.630295247153
-1.34930864921
-0.461016800144
1.3291368269
-1.60077319619
-0.141308102635
-0.512046179914
0.594924320276
-0.704404669862
-1.76844061582
-2.19541288929
0.842778149833
0.346905273464
0.676643139988
1.34410130767
-0.37215765748
0.273663391703
-0.557917085937
-0.849931937987
1.73928850839
-1.87114879373
-0.420455934647
0.205883370246
0.0749289437797
-0.74859360874
-0.455543611946
1.45614756164
-1.1010819858
-0.937430646587
0.0631226377437
-2.29313879674
-0.90782344284
-1.40423881977
-1.63305053338
-0.113434675627
-1.03393130222
3.50802840301
1.59640899131
-0.474726232138
0.405041384239
0.544514222425
0.413821541195
-0.442385215735
0.509550589867
1.02992949031
1.60010911079
0.408687877991
-0.428189507306
-1.01162018481
-0.453840113121
0.278872403092
-0.44923647198
0.232636530404
-1.83482906907
-0.0433134734358
1.2720108574
-1.53752385403
1.05270368066
1.02744947792
0.665907665147
0.0343032087343
-0.862921125213
-1.12489133636
-1.02297027354
0.27022308848
-1.1123813319
1.05638601705
0.864928671597
0.28159373985
-0.675140921165
-1.01442612796
0.313022886733
-0.668145518344
-0.10664644565
-0.811211622826
-0.252347012513
-0.2659328991
1.90310506023
-2.01033139338
0.132299141762
0.940468248987
-0.332070963038
-1.20338319567
-0.61891572566
-1.01811442346
1.64550990717
-1.42208660415
0.425749246401
-0.725388366327
0.131911297856
-1.12309585073
-0.349097900858
Score: 1