3
44
10
3
0.902161048959
0.428273512285
-0.863232268569
-0.494776994067
-1.39331123826
0.776993573148
-0.0362132463689
-0.182048731
-0.704951696713
-0.790079484892
0.0721217189785
-0.582360519606
-0.105847172764
0.234571357179
-1.65533871253
-0.439819147741
-0.596763160795
-0.370199150064
2.47036284438
-0.559126653298
0.0894797448175
0.229243999777
0.385405975923
-0.847403899291
-0.184771586487
1.2256796721
0.0243371438753
0.468840943248
0.483661725657
0.48999332141
0.339844705447
0.668128798207
1.17209176661
1.16989404731
-0.0169318028727
0.126069215569
0.535600266946
-0.739104423859
0.627103776841
1.03520979589
-1.06614111689
-0.580084129127
0.490218394755
-0.317563458656
0.914873651436
-0.739752539206
1.05194757111
-0.229936859927
-1.00104765838
-0.337590154487
-0.434643499112
0.605103745477
0.96570720859
-0.976419386644
-0.127987113827
1.70665924698
0.28485779277
0.0850522378913
-0.460184579442
-0.615709167869
-0.57100190458
0.398431949825
0.966695141916
-0.979180820728
0.770282786276
0.539095946055
0.0645643199888
-0.743824021919
0.238487561535
0.43048542299
0.84618402678
-0.050919978182
-0.929707916577
0.147733113529
1.16765918722
1.83954642915
0.321537580204
1.61682780503
0.340385020379
1.96794994151
0.333915113641
0.178534296262
1.07317764836
0.815007338773
-1.82862732538
-0.513965029845
0.646535003682
-0.860161796731
-0.661629770968
-0.393757274488
0.0754283534568
-1.31706134209
0.479569605327
0.970378538538
0.834328596385
-0.0859815487034
-1.29830756747
1.77294312489
0.321155108002
-0.0119111350956
0.0537017246792
-1.28070303247
0.813682675198
0.522682373389
1.18256361413
0.287479472898
-1.80610642224
0.088330110757
-1.12401601487
0.60452583584
0.0502628916618
-0.807022770818
-1.1213287671
-0.646886550212
-0.03087990934
0.653997624516
-0.835411483226
1.08980270293
-0.373238935469
0.51565107262
-1.22941055485
0.0766652341051
-1.35899799204
-0.228858076195
-0.493619823265
-1.81818891245
1.13160749998
-0.966484927932
0.0934861142888
-0.428459197929
-1.13809768201
0.203412313002
0.390890053636
-1.00616408994
-1.72429871185
-0.991255278479
0.170162082207
-0.539827178375
0.391253704285
-1.56247597804
0.189795497493
-1.82083496687
0.684970591973
1.35044917291
-0.165022498702
-0.0137891268147
-0.548569257456
0.654238846525
-1.01091014439
0.120187001983
0.333553382256
-2.70908843615
-1.2731044203
1.9112401792
-0.570551878753
-0.237675152899
-1.32462421201
-0.863609781174
0.621468415879
-0.160997149906
-0.851818140703
0.986978644303
2.22683910228
-0.582961344459
-1.30334838977
-1.53736619204
0.258480592506
0.591386355277
-0.9281357613
-1.22739057624
0.947208069155
-0.0128663028065
-0.474842502652
1.69814109581
0.948521782337
-0.338011237298
1.45969822224
-0.106575235066
0.245084477808
1.01113949378
-0.791710789486
0.710319156259
0.286093844103
0.701725440309
0.210619323527
-0.3477685856
0.938422339385
0.97666242811
1.88030417169
-0.534021414556
-0.194342126434
1.54595423737
-0.623407471124
0.644808573428
-2.29015544641
1.27037400728
-0.614636879283
-0.344079943073
-2.1285868514
-1.96418763049
0.727450253453
-1.67568657033
1.64782758516
0.198717631816
-0.254512763003
-0.507491232461
0.643909482587
0.110431518626
0.0621273341824
0.0191062046575
-0.0325345089801
0.101259102795
0.459212423087
-0.0804131290187
-0.193936041609
-0.706793912596
-0.446709986434
-0.284547160078
-0.59901924574
0.0904616906424
-1.12896610765
2.28656148202
1.36247645341
0.494021961223
1.27987620274
1.06691225502
0.862563524573
-0.579215562606
0.111102305428
0.712029949919
-0.610236348724
0.670794410589
-1.0370552141
-0.915061544097
-0.497352315622
0.66855284997
-0.858865997021
-0.933161497485
0.921696144827
0.0797758458418
-0.161325567794
0.182377614588
1.50600145762
-0.310874489807
0.812021705118
-1.13854348677
0.17037248992
0.295960453127
1.99546940178
-1.13234014394
-0.303167516778
0.204988781861
-1.19565738592
-0.626916041947
1.5208521312
0.0190762600611
-0.527649899838
-0.0385272631557
0.314032798438
0.382742504174
-0.934637023808
-1.14039671018
-0.286691681939
-1.05926942946
0.0850435457813
0.830253939583
0.881793975522
-0.757396823575
-0.132888974669
-0.000689349348049
0.424869673237
1.44784203988
-1.21478665554
0.456489061236
0.99363205343
-0.0137503980163
0.306472847605
-0.316903472918
0.393712020589
1.58605332885
-0.336201976594
-0.451002416697
0.64141272775
-0.733187208337
-0.411655063653
-0.0590402601697
0.36470987084
-0.887268716453
1.63375731157
-0.427967621189
0.794288680619
-0.811595640564
-1.27151831894
-0.182696672488
-1.52942192125
1.3863915241
1.21081271396
-0.360420729863
-0.189380886328
-1.60871268154
-2.10525600951
-0.391953185857
0.274950221635
-0.608197542047
-0.268356358623
2.42022295824
0.660482559597
-0.289304029664
0.380742215467
2.49103451273
0.0896203092897
2.91064208132
0.246340427998
0.568869184204
-1.37310292958
-0.324134169871
-0.296524690314
1.54015471198
0.451640719778
2.2999209854
-0.0621275921722
-0.901592925488
0.320841168314
1.74098313892
-0.383189352973
-2.02361012928
2.31357482551
0.436265902552
-0.148512180917
0.400732048275
-1.50264891258
-1.19623910046
0.473887174589
-0.401903671674
-0.784219932046
0.052251372947
-1.06908383607
-1.33287631
1.77420945657
-0.567288333172
-0.79544310888
0.929180755333
-0.477841960233
0.508799006928
-0.321349989298
-0.270026611874
-0.512886398507
-0.689193685714
-0.0858523270577
0.171925014668
1.41750496851
-0.602431244473
1.04129155853
-0.759068297485
0.905240290737
-0.326920769004
0.878206604342
-1.11083401325
0.0802122045687
1.40890225522
-0.4793848617
-0.433725358138
0.755720986495
1.08575937126
0.622359437709
0.115374540632
-0.678443976037
1.87895036529
0.524342056316
0.00112044882884
-0.452832571258
1.00426969661
0.454562600068
-2.04822294989
1.1306674096
-0.339699553323
-0.859080272397
0.0124069493773
-0.736615192814
0.829792596995
0.332022632007
-0.65683157548
-0.546515916403
-1.65017882194
-1.00914508704
-1.17943351824
-0.887854825407
-0.924090469885
1.05271867552
0.627858788074
-0.353123414885
-0.835452220209
-0.132439018989
-0.291619984709
-0.770511503192
-1.34806456601
0.489352578478
-1.64109409968
0.0228812127448
0.329301240108
-1.770324717
-1.94952666515
-0.306843760596
-1.92309891393
1.65563463944
0.154550087451
0.906276280608
-1.19309161425
0.521290383515
-0.226734892808
0.483162900144
1.43965239501
-0.605953244503
-0.52942000922
-1.3515159677
-0.444982608364
-0.422457957722
0.530128169694
-0.655653887697
-0.396115568464
-0.363215019139
1.50704454184
-1.13583511932
0.412164273604
-0.448492922971
1.48380573724
1.95400524834
1.37437967638
1.36611897305
1.16499838496
-2.14225471525
1.85672811984
-1.14084160508
0.318028172174
-0.999417336931
-0.0855953261925
0.605749674928
0.849055927224
0.527170735365
0.478796598255
1.55070240816
-0.125870535634
0.468445664165
-2.25178188352
0.449037071168
0.994157817112
1.4560034066
1.1922580642
0.299486806161
3.1941552839
0.424820134193
-0.0204454747046
-0.682266993205
0.152166948605
-1.74581461295
0.0296768328791
0.465751724471
0.0514774352601
-1.58692456195
0.310345536802
1.57454381715
1.05559198984
1.00032655731
1.40783928191
-0.195112456872
-0.220435497619
0.640026596661
-1.07419688037
0.163392347275
-0.765285628602
0.570037085964
0.707796783747
0.59958674088
1.11897462501
-0.641942873685
1.99820788642
-0.735396699126
-0.692052637835
0.600498456616
1.97253037614
0.599689012649
-0.0409601729702
0.0995910276959
Score: 10