3
44
10
3
-0.53972316208
-0.648927808526
-1.36432307133
-0.845095527973
-0.171958962314
-0.58112059351
0.808112189464
-0.0358648946673
-0.718821875167
-0.147851475861
0.998636276851
0.464259012459
0.379470231981
-0.241259609374
0.065172287402
-0.915733990193
-0.47929795192
0.330716899492
-0.59946262563
-0.0461099186005
-1.28809246153
-0.129409593949
-0.229925043591
0.859746438586
-0.135655913565
-1.76550920585
0.654356495076
-1.10815778302
1.27347841396
0.713725730647
1.59296175363
-2.66817337782
-0.823615656956
-0.587804878614
-0.144886331548
-1.35996505159
2.20369738177
-0.573688493223
-0.125028774098
1.65982300915
1.41795232308
-1.41382924079
-0.958499574727
0.626055903211
-0.110684388751
1.2234219502
-0.846643499536
-1.95055991795
0.29648540671
1.20147753082
1.19895763221
0.541666339215
-0.106352853899
1.33603557632
1.77346848144
-0.967866266148
-2.79302244281
-2.59078539433
-0.496988275981
-0.246195618962
-0.0862192777956
-0.683579759644
-0.894740332005
-1.27016664752
-0.939938584159
-0.530559135061
-1.71744819002
-0.0725466293917
0.111672447769
-0.524904604322
-1.47683469956
1.23439520448
1.4935135742
-0.42159085155
-0.366210792974
0.254938048569
-0.676936784653
-0.672977335721
0.134940370146
-0.47750296895
1.82135943213
-0.49259045404
-0.582286463013
0.386623546851
-1.08960060012
-0.88831588821
-0.513037757457
-0.0177256264724
-0.107583894435
-0.772101456336
0.824291062917
-0.57116118709
0.848364120473
0.398038921362
0.601526590439
-0.70886369027
0.936348875042
-0.006908747864
-2.13293554537
-0.914187043825
0.942854128123
-0.422426183836
-1.6354855332
-1.5036352165
1.67032406028
0.109888264873
1.79736798982
0.396335921017
1.35053150188
-1.19055941244
0.0853516617619
0.316464873848
1.46031239945
-0.365916349124
0.321195196658
-0.569704461335
1.1335073005
-0.879507504329
1.58823529682
-1.09994109935
-0.77819023355
-0.391051426493
-0.413865866325
0.576452953188
1.03549508806
-0.414934774215
2.07847035791
0.403889710944
-1.25848377046
0.650756562339
-0.260771116965
-0.290785934323
0.387619889213
-0.314093344254
-0.147573450273
-0.617370926034
-1.26883900438
0.661588909202
0.95039859319
1.30125481264
-0.894348997713
0.821377881347
-1.51365522098
0.545386130071
-0.266303981917
-0.999601431232
0.29865771764
0.676533609685
0.0354843048625
0.418405665638
-1.45316597737
0.825029916683
-1.9476320945
0.867297857542
-0.502200358514
1.59867404972
-1.17743793389
-0.411876232894
0.150394720976
1.76275144036
1.11941401987
0.227543355929
0.0239151432102
0.308212610188
-0.8524317976
-1.08559647233
-2.3606664961
0.243612774535
0.621694757854
1.21711424436
0.793128044528
1.01027634545
-0.137494951497
-0.134135208556
2.82686420207
-0.428383439805
0.279548539424
0.662388576795
2.04318673294
1.35676676872
0.249508413117
1.89582960079
-0.168767795255
0.0226725569289
-2.21137225399
1.21335815662
-0.471726464824
2.05869880596
-0.346826179236
0.467772451289
-1.52277647469
0.86453184529
-1.74983125046
-0.495601223319
1.37607185287
-0.14277690878
0.237902390699
0.0284256712191
-1.14646197998
-0.425089958294
-1.1212902432
-0.819378397906
0.95312304208
-1.67063405467
-1.02721049247
0.904796295158
0.622519986207
0.653733924977
-0.999721080189
0.279977573016
-1.22410697034
-1.95550660864
0.455494817579
0.77684169717
-0.36083074456
-0.536493016493
-1.33754836199
-2.35622497438
0.369768973669
0.810455621478
-1.36995744514
-2.57358216354
-0.197472332286
1.46797087803
-0.292330192243
-1.27105166551
-0.25037508503
-1.05823877493
0.130248297631
-1.21467561418
-0.524334332666
-0.465848013195
-0.553632836069
0.520652616733
0.184861005113
-1.79539930344
1.21736842996
0.0262319305131
-0.733635028314
-0.330246104397
0.591156968166
-0.586706304413
-2.92642564309
0.736236507019
-0.0438215838258
0.014700435932
0.595317219172
0.306284346558
0.777653517038
-0.256827207153
-1.50926675595
-0.826797438194
0.594466013161
-1.157746855
-0.0118958555943
1.31940964915
0.561501119874
-0.160751775812
-0.0671256612125
0.285446680191
-0.668067461481
0.0511252515491
1.17165371027
-0.273337306522
1.29419986055
-1.06369324381
-2.2558040169
-1.80255996509
-1.43576486527
-0.0646464697514
-0.403617992178
-0.224224118959
0.0432911186531
-0.560341616898
0.185343011679
-0.349433371712
1.04057551882
-0.0598635362239
-1.52867798718
1.70137130135
-0.212065534985
-0.303577246129
-2.23643198905
-1.22685555005
0.558188282573
-0.244956712714
0.749971999975
-0.22608758786
0.598271298455
-0.897715118127
1.27187991852
0.995406865799
-1.40195354642
-0.544288139548
-0.82358068971
0.851901812393
-1.1203061337
-0.202768837767
0.531421671792
0.536742332971
-0.370456883147
0.042234706762
0.0299953742381
-1.26094692562
0.140479884106
-0.399437271711
0.154037295698
0.370023597101
-1.30758726473
1.36519579098
-0.855978387406
2.71076669882
-0.696095509768
-1.64127427769
0.198714066138
-0.0915498953755
-0.123912912918
0.936400777838
-0.0955754024482
0.889385024509
-0.344557566775
0.288808567804
-0.244066523851
0.539390380977
-0.125889734735
-0.513578336818
0.361103330503
2.01259796661
2.23324394051
1.23520681539
-0.353438313648
0.0876696883842
0.154214323817
0.122170038195
-1.26096130572
-0.927071174895
0.741369843309
0.209429852859
0.776700330777
-0.414135152807
0.247362727876
-0.346067975866
-0.350834691947
1.85784388051
-1.33002709316
0.384303210369
-0.232826492676
1.03853839223
-1.18782843373
1.42133228795
0.286960059308
-0.845753728108
-1.15575714634
1.33566464809
-2.06510299771
0.329517173696
-0.479972429392
-0.261138024641
-0.412548777253
-1.77784259787
0.644248281725
-0.253375533868
0.0907078605795
2.05884660833
-1.4111125874
-0.337981146194
-0.580634715141
0.840946957884
1.02278250699
-2.24886739923
1.00293059919
0.283492084354
-0.361222269956
-0.583745719597
0.545329596642
-1.3775898155
-0.499249658804
-0.782660207005
-0.1597236594
-0.384680289746
-0.657758947317
-1.86970873788
-0.698991363135
1.24032792264
0.293207764162
-0.750857947739
-1.30425431251
0.569144120279
-0.60723458611
0.277196783929
0.643517066235
-1.7189105466
0.313208335345
-0.299475107444
0.739005674948
1.37579044941
0.782338116354
2.15884306827
-0.398988601383
0.763283518021
0.406994848798
1.78020541256
0.906114661331
-0.78834438946
-0.778262931801
-0.278774903301
-1.14611715326
0.860354184351
-0.882299502949
-0.42575664382
0.0147816399949
0.458620001697
-1.52678439142
1.21698460835
0.00426884111796
1.12932701871
-0.0370893297195
0.957646167293
-0.740863756482
2.36092181597
-0.513739081944
-1.20085611809
1.01899036849
0.147132692251
-0.705752482184
1.1718451439
0.965977429446
0.0897847714329
-0.916284706454
1.18053325662
-0.171871845378
-1.706428015
-0.476372165926
-0.123128929163
-0.617953664609
0.278435426881
-0.0355661995018
0.0735585479952
-1.17706880375
-0.248991675651
1.06726922336
0.123108503921
-0.177278931498
-0.0556484301359
-1.27084457891
0.199747827705
-0.657797210812
-0.531328234303
1.15503729749
-0.215702784918
-2.10932460519
-1.35542816061
2.2007312199
-0.804808707587
0.973053435892
-2.43124283249
-0.0705153355324
-1.00538396855
0.202646662811
1.65406968609
-0.222692213413
0.304389589843
-0.970050482047
0.931698171223
1.69867961398
-1.51595835439
2.12489002056
-0.73925962226
0.510876721231
0.44151725805
-0.759605449506
0.660324360201
-1.41576169058
-1.00488525275
-0.077114753322
-1.21435292527
-1.12201850743
0.967430522791
0.835582584063
-0.0398334010523
0.958176754422
-0.430814589838
-0.829946385492
Score: 10