3
44
10
3
-1.78383847891
0.292798284632
-0.203074408172
0.241590548164
-0.897242487407
-1.39916183075
-0.561853371622
-0.135802477798
-1.81959256919
0.0215314375123
-0.923170547693
-0.232342371811
0.716272420709
-0.269562603218
0.308175198451
-0.291855536377
0.384601084951
-0.796342589386
0.0260806351894
0.0316587619749
0.24737903597
0.984740460766
-0.339788388555
-0.40988059731
-2.57351794981
0.200758762743
0.224410782711
-0.319318711799
-0.145196366993
-0.441229979484
1.44517372059
-1.8337696861
2.12457758358
0.805958027153
1.82814841326
0.831951068418
1.0058188039
0.401764304465
-1.64526676241
1.54736638274
1.21766663094
1.15373078776
-0.707894312135
1.73846271721
1.9217520947
-0.532916585542
0.945079664572
-0.693937945863
-0.390959056842
-0.484927885936
-0.0701871003302
0.0610617109959
0.872347584328
-0.422705573529
-0.427443806816
0.792838721382
-1.30666711203
-1.18718479015
1.05832283307
-0.995739171832
-0.368195265812
0.368637021194
0.154622807055
-0.525547592451
0.887935473825
1.3518044737
-0.136958291177
0.72372814719
1.34084404277
1.01393754687
0.537610966257
2.5754392554
1.57899065945
-1.19768256577
0.276039396544
-0.657979799493
1.35549982568
0.464385714984
-0.0158141043995
0.364619937816
-0.274340103118
0.915880632471
2.14034579639
-0.616925807191
-0.467210732771
0.45441870277
-1.03605702298
-0.254979845819
0.493690671188
-1.0429273724
-1.14947389265
2.37382936874
-0.704844690185
-0.403219990121
0.605943709688
0.365978557434
-0.776334299826
-0.543126200329
-0.99963447377
2.12171203883
-0.548494829331
0.739280447966
2.01405598134
-0.418310271495
-0.681920015589
-1.31734539718
0.414237082136
1.92328473597
-1.97291970934
0.217809560114
1.69680305303
-0.866174910986
0.772421357867
-0.503260005909
0.108292257282
0.126061293865
-0.492411477813
-0.600906083456
-1.1975001588
0.397321911903
1.00224966622
0.425255832327
2.06818886395
2.09186953605
0.0300879514431
-0.564341956678
-0.349568451443
0.391225986722
0.96739240045
1.36442435468
-0.110449144585
0.209423073419
1.20076006846
0.743488806545
-0.0176006441083
1.4266336894
-0.349685148345
0.144969680492
-0.316545422603
-0.63164280367
1.67631766017
0.785425871262
1.78941268509
0.578620695588
0.689847003677
-0.127506483853
1.54060511294
-0.0303183072944
-1.52624528243
-1.08835775605
-0.549842268061
-1.23510631759
-0.981682879098
0.275298745502
0.0830733522595
0.857326996617
-0.583366172738
-0.187819604449
1.53738470016
0.616326418346
-1.9624021385
-0.536705480431
-0.71653641469
-1.34847562796
1.69154224835
0.563089731611
-0.842146427558
-0.181011192742
-1.33961617007
-0.127995944794
0.486105328093
0.328922160149
-0.93473152649
-0.132400142161
-0.84358173001
-0.384819218135
0.438723796483
-1.9547909136
-0.31484836032
-0.246489146368
-0.835941249493
1.05893008166
0.611954716027
-0.179521834998
-0.207787946159
0.733546235035
0.114011667314
0.110422703422
1.11178731094
0.474995526081
-1.24970918366
-1.76584592524
1.17595992384
0.0752471575851
0.627741868489
1.02705420296
-1.59736300855
1.78523372828
-1.58947067088
0.415854320649
1.05924235349
0.0186235525761
0.601474952443
0.847799550697
-0.207765999122
2.13621369983
-0.429231213907
-0.669696772238
0.313910810141
0.395606726181
0.00374362567436
1.14982064748
0.0522165653779
1.54773993483
2.68240278011
-0.234365915591
-0.439185074345
0.745536288882
1.27157933139
0.599418030332
0.293717358544
-1.00830850229
-0.412973000943
-2.72261212878
-0.940245778522
0.660969078484
1.401351761
0.0575805592009
1.64630693484
0.869036991665
-1.01336144946
-0.0959965014263
-0.1578053959
-0.229635500035
-0.811597739152
0.322951259727
-0.370386329153
0.838807778324
1.74033600906
1.03943721668
-1.53236944317
-1.33760408556
-0.625245119593
0.397739164537
-1.20312819677
-1.27584003659
-2.60104297653
-0.220446435875
0.0431663711589
0.275466400765
-0.668260003032
-0.0729097601041
1.38357632437
0.970876365001
-0.354185906042
0.507392590086
0.885521106934
0.303054951862
-0.0857933007352
1.64590584861
-0.669289376594
-0.733065172051
0.983714213705
0.533385277721
-0.508687193221
-0.398641600446
0.729858519204
0.198650461444
0.538555815941
-1.50391312349
-1.30100568687
-0.683316205065
-1.56212275455
-1.73749875227
-0.619237106832
0.31528521428
-0.703763028699
-0.657349891627
0.626320690346
-0.0432215511638
-0.350073512761
-0.212677119618
-0.00318830359698
0.0463328714194
-0.803068902228
-0.383263359954
1.24647826757
-1.06809235381
0.115365533392
0.961468594088
0.293273075993
0.626813243453
-0.41207371094
-0.430168895056
0.952497080683
0.221321545393
1.00980917144
0.706326524785
-0.343602235843
-0.347701539897
0.217221584662
-1.49372604454
-1.29690161958
-0.94818936241
0.25239417908
-0.252456933534
-1.27354765048
-0.699233117721
-0.286465470087
0.834658049514
-0.29206638965
1.52646663293
0.823893159503
-0.799390242514
-1.28894192993
-0.695768024376
0.483219263372
-0.436882659926
-1.12209205791
-0.150675066548
1.13410849913
-2.02601598735
0.370957942191
-0.536081062708
-0.544131686322
0.303586553211
-0.349574222662
1.89053873582
1.42055122169
-1.32334457196
2.00761846059
-1.0029971812
-1.10437121305
0.983614308108
0.694712460371
-1.1961116476
0.412558312336
-0.235074040244
-0.218961543985
-1.7935779987
-0.0110797377141
-1.68535593519
-0.493330866279
-1.39564751605
-0.470525688085
0.237640882032
-0.349638441924
0.432929042562
-1.63857207779
1.3055230275
0.681202531403
3.11968019662
-1.52230572674
0.108055459863
1.79500740832
0.0427874885542
0.834346231226
0.0897684465283
1.12888787318
0.724043033679
-0.622700764679
0.581197218935
-1.77375644022
-1.20140818051
-1.29160579147
0.107165680956
0.715424591012
-1.16864442734
-1.8588872094
0.137494894786
0.00102394205983
0.660064734723
0.940282198623
0.527926799291
-0.115785608616
1.22989928214
-0.680758458995
0.898096393921
0.594828720051
0.136213848508
0.636209902272
-0.349943216902
-0.953464102279
-0.323536625838
0.81748828624
0.576160946195
-0.703063343805
0.408206139626
0.105012727213
-0.910099684889
-0.608152989874
-0.556730309036
0.309825874914
-0.612966949714
1.20347279111
-1.27816238897
-0.356300754403
-0.104365851307
0.735194671871
-0.264315867313
1.16258867584
-0.533483251048
-0.35976071395
-1.27455965919
0.385168494565
0.790259134646
-1.96483148878
-0.844870110037
0.745069545088
-0.291433105986
-0.771678749593
0.507679056406
0.434016537326
-1.31481460726
1.24499487958
-0.8876322641
-0.633772171362
-0.871933924609
0.913023964909
1.49432490049
1.15502472375
-1.63716643387
0.0307048452067
-1.17417041206
-0.353587089046
-0.453367256257
0.429675898614
0.560479822194
1.30872578672
1.00821865389
2.14713351428
2.18161352278
-0.0671160548036
-0.393671486387
-0.590463078406
-0.126825861548
-1.31652841883
1.09812781372
-1.58523665425
2.05244431397
1.64542532316
-0.332511120027
0.00528982643561
0.709717012154
-0.575941523751
0.786587002017
-0.646643749848
0.544401943304
0.405587080787
0.683314179936
0.517349471375
-0.434682061442
1.48121147956
0.0283990214859
0.0283527455503
-1.65891226921
0.328460723904
0.866663716219
0.434116743111
-0.460544499761
0.207886738393
-1.34995980373
-1.88842281223
0.251467438439
0.597273596779
-0.209178257589
1.13544513218
0.404233217568
-0.315270525902
-1.04044656988
1.63567340281
-0.176327576527
-0.453903993183
-1.02273448082
-0.359921106133
-0.501911025598
-0.910482267862
0.754123414243
-2.22755521764
0.741744966311
-0.191029198725
0.812719923141
0.169601894858
Score: 1