3
44
10
3
0.938361976875
0.422097747362
-0.869800937859
-0.27916553872
-1.38785307441
0.743453907863
0.107578918455
-0.233919753882
-0.729598724622
-0.884799741689
0.0523909091549
-0.576700178463
-0.176159525399
0.380417323391
-1.5230123512
-0.406439292471
-0.743001037656
-0.282251242798
2.39625497219
-0.686750705714
0.113144711109
0.210677088909
0.400463020525
-0.890349601119
-0.0816994240551
1.21939466727
0.114445919836
0.364250154158
0.54838075436
0.53936631834
0.314339764487
0.580821166604
1.38025013001
1.11345055463
-0.00272533292341
0.186506665997
0.635449347174
-0.785155798054
0.571472861961
0.830042871817
-1.11211894651
-0.557426734032
0.392567874596
-0.30121385578
0.849981516407
-0.736437716238
1.08862933454
-0.236998252078
-1.09376711217
-0.367950082843
-0.491916781099
0.687504842398
1.09087794221
-0.982578231197
-0.159731150757
1.6631035015
0.41396878435
0.169915669432
-0.436558768241
-0.615631461866
-0.625967031542
0.392512418371
0.871802058894
-0.842187348001
0.719588932211
0.591007214776
-0.153595716046
-0.891594826768
0.310285969083
0.45657446043
0.760745241414
-0.00324016416712
-0.902509284002
0.267529660641
1.22129706895
1.94602037877
0.400750645033
1.80381742565
0.248473681282
1.79500694736
0.393194145156
0.11167141589
0.978746040605
0.787021639977
-1.88087664644
-0.46244802164
0.509764880635
-0.953359935709
-0.745820865961
-0.360846342907
0.140089055177
-1.35452392125
0.417743734498
0.787536864261
0.694455062352
0.0930389336458
-1.48177232625
1.6726529298
0.332105329433
-0.0997930512966
0.143165130641
-1.18767790451
0.818009168312
0.464794204975
1.31886307143
0.310492849148
-1.83318297464
0.0161609727313
-1.13938989234
0.572566826397
0.0485274629823
-0.947785116631
-1.03020889444
-0.724011380186
0.0128531127844
0.625307144341
-0.725222196282
1.014739938
-0.240503879972
0.538226387262
-1.34767441522
0.0269244942361
-1.26369151668
-0.384107536297
-0.45737495191
-1.78758948149
1.11978103298
-0.689498395542
-0.135757657565
-0.495492839533
-1.17375749223
0.233204212396
0.358344137757
-0.919678773369
-1.63788924434
-0.846407653087
0.143232348803
-0.36593189946
0.462065523404
-1.58682933117
0.330014557798
-1.79422445719
0.728268285342
1.48241514588
-0.225843975527
0.0400966871659
-0.474511478602
0.872512748189
-1.07719853893
0.0892243886037
0.423735235316
-2.68508314585
-1.26561980979
2.15871648415
-0.594684336901
-0.174650868197
-1.31912782523
-0.864903019719
0.468317338594
-0.304415036752
-0.639126930137
1.11047512114
2.28328140237
-0.629777245187
-1.30966806438
-1.51100994387
0.332613461229
0.59115786651
-1.05050333376
-1.27107808267
0.79404072824
-0.0811588923983
-0.500734841133
1.62724753256
0.997846122304
-0.380145338681
1.45135624895
-0.0898978287652
0.396958887204
1.0249965037
-0.794994379285
0.819242584891
0.423234777073
0.560241163287
0.236022194766
-0.271595476891
0.904311330038
0.913829505104
1.65956319774
-0.407857282438
-0.267577919533
1.61476038985
-0.603320176772
0.540601388909
-2.30471541982
1.0875262879
-0.602549084012
-0.333293514245
-2.192415699
-1.74797977433
0.629422304424
-1.63566994088
1.51377772221
0.331849573678
-0.274905285723
-0.75031381574
0.5368640874
0.330193163539
-0.070681315297
-0.105917185574
-0.144016507084
0.246068669809
0.44915745479
-0.0553869959633
-0.13221417222
-0.531872522165
-0.394560678278
-0.344671345259
-0.506270533155
0.125133323816
-1.08248659938
2.30738660704
1.30569693304
0.358962583962
1.28407541614
1.18714331334
0.91153055624
-0.372179949977
0.208365262941
0.818476991112
-0.606732193328
0.857795795111
-1.14866062449
-0.864240513072
-0.542868588516
0.671696407505
-0.774499843676
-0.938731494753
0.864223989727
-0.00575810406833
-0.0606139508217
0.292098773594
1.58627418574
-0.475804301574
0.859945301598
-1.0072547582
0.214630981237
0.212989786586
2.14420713375
-1.07023200871
-0.418066148734
0.184619410784
-1.20172064786
-0.638409280613
1.63187796463
0.173709677064
-0.539822552702
0.0574432635638
0.308589889057
0.181787164806
-0.987459518313
-1.21084406154
-0.382644492565
-1.06723444532
0.194696583842
0.792310772269
0.799052449746
-0.772714380376
-0.216777482141
-0.0964113929018
0.400678573748
1.44921450722
-1.12450598896
0.482118030219
1.044690169
0.0393199167275
0.324235541118
-0.353759815088
0.489060421599
1.45218997999
-0.409150455335
-0.513826514326
0.787738110771
-0.848847206422
-0.45550368216
0.0204639293785
0.229772402541
-0.817622673565
1.54779984412
-0.319989272112
0.780968186076
-0.654739829956
-1.35202199938
-0.278436270846
-1.57084732971
1.31957109758
1.14124150625
-0.312966247508
-0.19648643985
-1.47313455014
-2.11741731008
-0.335122358543
0.226879315769
-0.501558015414
-0.0826174625116
2.41547452997
0.794494606352
-0.235974091291
0.474944993217
2.30866756225
0.0816612158805
2.95163269433
0.225895986772
0.435877036938
-1.37528074478
-0.314686990746
-0.0931313536414
1.70025064867
0.703146905199
2.48163630427
-0.194344090227
-1.12808850245
0.457084950245
1.6628999438
-0.420193894726
-1.98716624945
2.35944801349
0.526424876046
-0.131801274561
0.321905974247
-1.45262918026
-1.10900233382
0.426457130327
-0.559965778132
-0.953963726498
-0.0188855483417
-1.23569552601
-1.19211602602
1.82300362181
-0.601482697378
-0.85689525447
0.926677093396
-0.282453150338
0.545107840957
-0.252999417259
-0.437312698886
-0.495090101376
-0.678998976866
-0.170912512089
0.0679701441206
1.17444439322
-0.583802074322
1.04686630057
-0.622231534486
0.950705281066
-0.44272540938
0.879298420815
-1.18223823247
0.245260828399
1.37654552384
-0.340827611117
-0.435207676496
0.904140811651
1.10320653262
0.645119249287
0.119313555758
-0.619371694987
2.08111478562
0.581917962093
0.0678161225726
-0.440154239063
0.99726299976
0.412087929077
-1.83933845948
1.37562942734
-0.464423790915
-0.781884993383
-0.168052710748
-0.690849155348
0.795935685334
0.135397259545
-0.777570500827
-0.45981655808
-1.73036999224
-0.962371199838
-1.27093852352
-0.834869571321
-0.93546174261
1.02767117572
0.717288129014
-0.250843503351
-0.669715148027
-0.158865758002
-0.36464138192
-0.892410894864
-1.37019804311
0.378436191169
-1.68361747973
-0.0200123916218
0.358240541954
-1.84404800942
-1.92604878714
-0.384361865358
-1.7456146294
1.65040505289
0.0975682018146
1.00593775123
-1.30690305683
0.607394815284
-0.193546842023
0.464587426455
1.31410996597
-0.499515468269
-0.560418284312
-1.34338358251
-0.431624512012
-0.440933458672
0.449788995835
-0.600057040695
-0.379166871047
-0.246103043819
1.63552588232
-1.0349954847
0.341106895051
-0.335460971583
1.59026605921
1.95957285391
1.24823232176
1.27038539406
1.11333549762
-2.02123353098
1.85274958396
-1.33354993
0.338046094133
-1.01539112514
-0.186084343028
0.570550342948
0.962542802622
0.529217218596
0.362677887761
1.63695230742
0.0696953066935
0.652590029784
-2.41269294761
0.647531291077
1.05430073423
1.56992056377
1.13437035524
0.329993799699
3.18732748521
0.580118459039
-0.20635909675
-0.685015559018
-0.0213702847129
-1.72715958944
0.103251588879
0.469864721967
0.143507229779
-1.46258990768
0.219678548098
1.64421551321
1.05400665721
0.98169212303
1.57358128338
-0.0524603920622
-0.215803517077
0.691583751535
-0.896039412231
0.246836933309
-0.768984223069
0.547670716776
0.629879340724
0.786944783499
1.11749285899
-0.607417209668
1.96603918119
-0.560769071431
-0.747029178711
0.635375294636
1.83137829108
0.558169472123
-0.0477003223785
-0.0480304446374
Score: 13