3
44
10
3
0.483177802616
1.43020482528
0.0471981224117
0.282043027318
0.643950003691
-0.763372240343
0.871429217289
-0.690172264142
0.351821620756
1.55196437231
-0.153674094613
-0.293808311989
0.838019756887
0.0402376285865
-1.44229569313
0.550113330982
0.763134227649
1.17430156213
-1.48752732727
0.323467180539
1.61838852104
-1.04052072375
-0.32491582094
-0.447691630707
-0.495027226359
0.832751872413
0.826161792133
-0.263217626088
1.19233962878
-1.13067193436
0.132746895664
0.000313071509389
-0.716595541414
-1.34010665334
0.0268444303173
0.460049326086
0.687899473142
0.945297071379
2.3208953835
0.24194493182
0.387488263139
-0.646235817605
0.262692239139
-0.103902729529
0.225968150273
0.870995376367
-0.439208808231
0.318720811832
0.930071813123
1.68036326464
1.03912014621
1.27255419365
-0.641975795004
1.06611835155
-0.05028723063
-0.0520432809496
-2.28794976458
-0.577568093534
0.402663899252
-0.315602778343
0.915488009752
0.0657272935045
-1.39457147289
-0.772828059622
1.48478614696
-0.0664089560902
0.654982726422
-0.610423250824
-0.185143302254
-0.791305929288
0.835469158074
-0.399790616882
0.157945668128
-0.251389591108
0.120452963765
0.633125219225
0.482252170526
-0.269928102009
1.0219101405
-0.0922716421106
-0.69170849125
-0.8664630735
-0.0109814243302
-0.881992288948
0.756180194408
-1.23685267128
-1.59338900813
-1.33834813095
-1.05284901903
-0.0802896474025
-0.609237801777
1.777404913
0.440029143267
0.10397981695
0.0654958956836
0.838446461197
-1.05022412287
0.502413970583
-0.660424154979
-0.241022018467
0.886657131118
0.357892210865
-0.75580805445
0.869921899394
0.51875548918
-1.39854268483
0.416638820589
1.36399032746
-2.95264590634
-1.54886253765
1.15127740154
-1.32565808984
0.468502808873
0.157226585435
0.876068818682
2.5085175234
0.6354323068
-1.14644097606
-0.222774104056
-0.772882161351
-0.939419596891
-0.970153404518
1.20607822759
0.889760534137
1.3513913695
-0.10326923521
-0.637299216742
0.277199825909
-1.36389608749
0.73385482612
-0.00965728817973
-0.105371629913
0.978816807335
0.540426468573
0.0802188959482
0.396339701424
1.66690950569
-1.40917922943
-0.556207348563
-1.54683338958
1.71819461195
-1.41899741909
-1.52271480158
0.356175232666
1.08200275715
0.61614526304
-1.36037579207
0.218453447535
0.729820088124
0.496107351977
-0.83849037528
0.377336448982
-0.266065316141
0.22521846236
0.744730766521
1.52479836955
0.418781817413
-0.618351749138
1.20887003524
0.63519666327
0.550206948601
1.02476360505
-0.684322948252
-0.188340247571
0.972134533977
-0.949395502805
-1.14320455759
2.17015353397
0.391794048118
1.0014392048
-0.723497111091
-1.09413773385
-0.686057543377
-0.0537455317975
1.55937233368
-0.324135047648
-1.53901524213
-0.266867521867
0.248902218717
1.40179799267
0.676502193536
0.432437960538
-1.99383959691
0.735210152896
0.445983860431
-0.82991306239
0.840404530131
1.23419713027
1.0604609037
1.79557080697
-1.18294826514
-1.72816484454
1.48537410999
1.12315249871
0.961168498301
0.238127048053
-0.540597731656
0.874874852596
0.789991489802
1.33192733244
1.14174399865
1.04049791932
-0.0547698419191
-0.363013924129
-0.165132486551
-0.870903599909
-0.494766850614
-0.327847611381
-0.0238050576012
-0.234055829807
0.34020698234
-0.663541885408
-0.636646196188
-0.683188972015
0.552159293036
0.916687975313
1.62926608178
0.86316025151
-0.0736081739524
0.632535168194
-1.16318451355
-1.83511110586
0.0638274210936
0.886175130525
0.354341347126
-0.212866420081
0.595059671264
-0.251834321846
-0.695203618149
0.595557267926
-0.581684238627
0.240857565603
1.90834571382
-0.930111512976
-1.45148796
0.0929257008781
-1.06739742493
-0.456688632503
-0.453362549343
0.867310789801
-2.26600420229
0.76879582291
-1.04844379327
1.31147435459
-1.22961311505
1.16433541163
0.0735092678829
-0.487227534971
-1.57892437109
0.841154064061
2.95551368308
0.498734631727
-0.662053440216
-1.09111454661
-0.791490920947
-0.459119969417
0.886784760266
0.771762409994
-0.77797172315
2.22671306108
-0.403863244702
0.471959501729
0.203867784004
1.35134352115
0.973433266535
0.807353985272
0.411665871872
-0.830658037914
0.134426294216
-0.296317027618
0.212112239903
-0.0900766744667
0.106471864808
1.71942661216
0.461756332396
-1.7576483692
-0.077117700144
1.18150895592
-0.795859116772
0.07801287505
0.145391006787
0.842392656616
-2.22028009948
-0.760631114013
1.37776482091
-0.806118148772
1.51682612192
0.411177778112
0.550577377588
-0.578908414115
1.06469892294
-1.29159096953
-0.964181163076
-1.41714171477
-0.732935424969
0.784805596731
2.59514542499
0.722814602801
-0.840442828362
-0.669075826694
-0.800947839224
0.942410786523
0.183443047865
-0.318775229611
0.575689024096
0.0486055619499
-0.240934808117
-0.462154671715
2.07399840277
0.692756837709
1.94735493579
0.538709819002
-0.022715545914
1.36569565999
0.215487339905
-1.26003780671
-0.158113584182
-0.538301246165
0.375109552367
-0.608926457207
-1.55945360038
0.288141959449
0.243267478239
0.0197627391939
-0.158755133657
0.583602923405
-0.442425044389
0.058446372851
0.0993509132595
0.692129857112
0.630391857247
0.466082234861
-0.88867986405
0.47943564391
0.743855811007
0.556852487907
-0.284068127107
-0.203364184088
1.82909582557
-0.71336849314
-1.52278963541
-1.2926617629
0.583936850733
0.103343178472
0.565507181815
-0.997639607498
-0.794757163955
-0.192306097549
-0.379003573128
0.992981958755
0.987564783196
0.418305006416
-0.80415554541
-1.20866135528
-0.706525221967
-0.688758249145
0.487827116573
-1.70453363252
1.05415640573
0.177176639469
0.130678433645
0.610634812888
-0.310567627077
-0.353965748407
1.95612769118
-0.132159803766
-0.204886599063
0.478167277281
-0.446467659382
-0.563920491005
0.702599897252
-1.73884363663
0.781985883941
-1.594877003
-0.983312254053
-2.47315154089
0.724008286837
-0.215429174475
-0.949535019335
-0.711168797996
0.828013223464
0.0643568681894
0.793565301944
-0.13881311584
-0.284670368278
-0.863492132983
-0.870051633681
-1.20347230196
1.34402905104
-0.283019005758
0.814983109044
-0.425444135973
0.793037468524
1.03998262517
-0.31961594545
-0.336325275302
-0.665543921729
-0.468950452003
-1.10805929174
0.316602824999
0.148932698526
2.82095087993
-0.95796372686
-1.03384476667
-0.424490097112
0.818418370658
-1.16372604267
-1.91083931254
-0.549548572638
-0.753734132692
0.768735158112
1.46773383338
-1.38421798739
-0.954199485059
1.45809769529
-0.292281096575
0.437724281696
-0.934934935105
0.0606507180041
-0.308450072484
0.44172117833
1.68353728097
-0.2800605064
1.18331521936
0.468799848912
1.25892396076
-0.303137632118
-0.468041281845
-1.22735786544
0.423300047982
0.944852673487
0.181317881238
-0.588602078179
1.18952420003
-0.0279494169496
-0.391250866378
1.45182999582
1.09611746169
-1.40017309578
-0.707848253176
0.290854191422
-2.57176927541
-0.971608247232
-0.129931307398
-0.652547716276
-0.0786790161077
-1.20361999434
-1.17684096705
0.230037167376
0.474931454263
-0.261823856475
-1.11632636088
0.68296384776
-0.309291513449
0.693765422657
-0.095370721596
0.153838105783
0.385976238663
-0.336157562644
-1.78489254682
1.30298293488
-0.738949743429
0.0603872760352
-0.616048697065
1.05296524182
-0.393791212339
-0.100304807169
-0.217328131132
0.135860391009
-0.334593734151
-0.0489994515525
0.877129292301
-1.37253569692
0.131580483565
0.887066119399
-0.738335068147
1.2906161142
0.789797511984
0.0530141827148
-0.173105415121
0.145254517039
-2.92270460754
-0.200246474463
Score: 10