3
44
10
3
0.182484325662
1.56591474075
-0.54069656577
-1.06053540858
-0.456704600029
-1.65704197082
-0.038696086556
0.386146969727
1.34836139822
1.38928100515
-0.782286049708
0.877963159299
-0.282033085557
-0.774637980848
-1.6540061987
0.0807568365569
-0.230583608541
-0.252213912097
-1.09037051186
0.774558321968
-0.34226590206
1.16847354131
0.626893337386
-1.16740867394
0.342621068636
-0.352704409484
0.343303887739
1.20605965846
1.06993321067
1.1119081764
-1.68560680004
0.55711084323
-0.629622004212
-1.88686044774
1.3485137744
-0.500729440815
0.0154455926022
0.644718883039
-1.34859811586
-2.21819136322
-0.401681480621
-1.61666100844
0.0376596034776
0.0227296919058
-1.23606478799
0.683253339887
-0.999588023507
-0.759524517462
2.64791195164
-0.716532025488
0.612638219373
0.291749554842
0.403289233576
0.854404491451
-1.01804282165
0.0466979580604
0.972791174874
-0.0132980801375
1.58779434745
0.592050687419
0.889077063705
-0.84759206707
0.642482182566
-1.14465189546
1.29528031821
0.36042899704
0.024311841989
-0.722670564786
0.351557132533
-0.528112924555
1.43451651984
-1.5553103067
-1.20709034839
-1.35800232448
-0.585153314934
1.94779665242
-0.601277524671
0.0832518039481
0.103060033834
-0.0710781651586
-0.706687265918
-0.498330506953
0.781871506215
-0.304811809387
0.288327821722
0.323014748507
-1.0194326786
0.76685187656
-1.20836537633
-1.76401718888
-0.130098712987
-0.73544083278
0.173130555693
1.92829792653
0.0264416395536
-0.713113716716
0.36144132491
1.63719548315
-0.115968612508
-0.190394931205
-0.597554847761
1.4235055949
-0.479838873351
-0.985935451386
-0.896425687938
0.246870872678
-0.313802938539
-0.441947360084
1.09183433799
1.26466993727
-1.4226606898
-2.65848576809
0.508336268817
-1.02056436035
1.88059566857
0.490502944697
-1.55374422341
-0.736382156843
0.915447760396
0.0634826969661
0.486947356619
-0.939241129048
-1.60037823968
1.07237822716
0.484517122987
-0.322853181593
0.768062419706
-0.659830532002
-0.98265379585
1.65068359506
1.21834945895
-1.4414836383
2.04474177711
-1.00309374506
-0.709547271508
1.27024109657
1.65822922933
-0.548003781601
-1.5696530814
1.10018665922
-0.860635072828
-0.17882489637
1.02326210705
-0.393922855534
-1.50837367922
-1.09796425941
0.905283735416
-1.74484503502
0.602761025416
1.4396768836
0.683426500123
-0.370141985701
-0.727698487999
2.85175314999
0.0602412256258
1.12753854586
-1.42122631101
-2.28797614527
-1.13109411404
0.263656589963
0.626343377307
0.658455830264
-1.12565416632
-0.3182802944
0.637815155661
0.0920255984412
0.959378872851
-1.01083496281
-0.362871940524
-2.0552934161
-2.03761219542
-1.03215715765
-0.483917337831
-0.259737912454
-1.12288211611
0.220070934059
-1.24651294525
-0.164294640545
1.71465503785
-2.43688573592
-0.637071921949
-0.0702873583744
-0.198560159066
0.569630389956
-0.113659556892
1.63443005939
-0.37998786015
0.458145631191
1.38041323441
-0.599802814674
0.371349178203
0.127525261307
1.3576050581
-1.08046636916
-0.315082645719
1.40201705298
1.08199943723
-0.571078743401
-1.89495470861
1.10587322545
-1.12749078923
0.201368621449
-0.0860299039533
-0.768512811076
0.104066781541
-0.502997191534
0.49686758817
1.11805179886
-0.0303458208726
0.517363709303
0.737836165294
-0.38979045193
0.275777020688
-1.13852459825
-1.32201670359
1.50159692239
-0.672053565995
0.724545047678
0.334269930042
-1.10606475981
0.225705625373
0.902494949074
0.433695000337
0.750105199044
0.782773710487
0.452497173041
-0.673805660243
-0.99968753579
0.255324572385
0.487570966739
-0.859465568118
-0.378278968829
-0.424075042182
2.25777477273
1.54195392079
-0.752295540944
-0.757440573335
0.262472919962
0.276642294656
-0.359436753751
1.24065350916
-3.1527542815
0.58175029796
1.27447336949
-1.75495390045
0.395865815041
-0.949308007117
-0.0576455024043
-1.79864891529
-1.2591458183
-0.126036161994
-0.218363750698
0.854818721497
0.118879347365
0.540525744455
1.12120302625
0.443452668479
-0.81710697047
-0.720806005829
-2.26231826722
1.09475551583
-0.259573981244
0.674968305788
2.57260141546
1.29200026845
0.310009519829
-0.592808503648
-0.156576190514
0.236167445154
-1.42078983639
0.059346218852
0.844966518113
-0.705011593952
0.428317537777
-1.21807708784
0.887694818056
0.409536546027
-0.612458988622
0.898608376598
0.0876993249858
0.965977808858
0.504216995881
0.215752171542
1.40317223041
1.09781650408
0.12030892157
0.209407219812
-0.0748389873555
-1.96006318864
0.632471216323
0.918948058581
2.45925439113
0.411444229169
-1.04494001537
-2.08723071424
-0.185971988808
-0.930907264991
-0.306163541139
-0.422145054907
1.02914681803
-2.15084128517
0.934904769225
0.435270149524
0.650713402276
0.370630613166
1.04968218966
-0.483434897389
-0.933995814145
0.0109013340873
0.880137666122
1.57521349485
1.08099928488
1.23053295972
-0.134535145674
0.331243753183
-0.898194366199
0.05510596707
-0.598396431157
0.941045102143
1.21448866517
0.520184763369
-0.707427236067
-0.273135762715
-1.26211319051
1.03807205754
0.43842695784
0.153944140415
-0.0617877007062
1.24751038991
0.758609228388
1.43366286805
0.210373505788
-1.49127195439
-1.54823124404
-1.20352635735
0.0130282008738
-1.44641324682
-0.555141532847
0.713141936514
-0.819759924313
-0.205341143261
1.33134180735
-0.801831206776
-0.823264335376
-0.711588325088
0.516512566912
-0.653092568662
-0.0374342844436
-0.202840420909
0.235380934507
0.471863815224
-0.456748074718
0.738343268627
-0.42828422401
-0.167532850349
-1.43884488712
0.0978259785235
0.887424236563
-0.432629521283
0.421890596301
1.0670767307
-0.128484189199
-1.41132167654
-1.54282506111
-0.633024945359
2.23425189363
0.150345677106
0.633170802154
-0.757588501482
-0.570760647841
0.892373889716
0.782824273482
-0.0500113894627
-0.0926001020667
2.31973400456
0.193092116743
0.124820323991
2.13066556552
2.45618744666
2.93742120097
-1.11533271955
-0.243670888287
-1.97958027124
0.456837854365
0.170550260623
-0.659223312759
-0.396144381872
-1.370701677
0.145957566273
-0.139643145029
-0.212806232992
-0.932061480719
-1.42874467525
1.95796577941
0.549307776544
0.338466019084
0.381031027573
1.35524663843
0.0539560456769
0.320586174799
-0.36610910539
0.834495651688
0.610982819057
-0.0679305438298
-0.300636725199
-0.834863479829
-0.239241428366
0.602954671149
-0.112795078557
1.39650679296
-1.51904710276
1.40680130419
-0.765387277024
1.29601781129
0.49331622082
-0.457404356945
1.31008299346
0.750132505866
1.18225256386
-1.75173609587
0.899346487243
-0.824176372459
1.24485632208
-0.709665904343
-0.0224442772392
-1.44649165202
-0.412400199988
0.832023863668
-0.0565530169862
-0.135474854945
-1.46110235484
0.498232833236
-0.814189096079
-1.10417025844
-0.128830003855
-0.147994163837
-0.558474464209
0.293584369874
-0.527311813521
-0.213073442574
-0.0187659109159
2.28814196804
-0.865076163482
0.115707871777
-0.0432823279185
0.650632671125
-0.0735493797526
-1.14097058908
-0.0906881076626
-1.7520541438
-1.26756714339
-2.59310269834
-0.66236530183
-0.764422528659
0.813113722556
0.0304771612796
-0.0453744947401
0.588412197176
-0.0363198789464
0.873101323164
1.28935097285
-0.172276603309
-1.47317511452
-0.453877305721
0.118527791082
-0.00942526929532
0.24135444722
0.18992707482
-0.430900171759
-0.964974342162
-0.490187328866
0.639497275025
-1.11996300469
1.33985996943
2.43165291012
2.06120953591
-0.0722028285191
-0.47192555445
-0.390812187382
-1.07837043901
0.345492243212
-0.248455291299
-1.48446703539
Score: 10