3
44
10
3
-0.549480197553
-0.645005657345
-1.20869078958
-0.750540854556
-0.122754222357
-0.666974341369
0.932903289177
-0.110047605584
-0.797776240715
0.0958135544761
1.1146627825
0.439026230281
0.299201125462
-0.294885977241
0.280774198626
-0.969688628606
-0.254220545919
0.300031147073
-0.637276855033
-0.0714938642608
-1.28534691564
-0.119004657226
-0.00992358856889
0.824501509583
-0.0114985157041
-1.65870607257
0.480369313786
-1.12486099834
1.51809149502
0.814312492749
1.384917842
-2.62064717727
-1.01042727371
-0.675256317596
-0.228737444883
-1.36230617004
1.95528242752
-0.676604022178
-0.189197505897
1.66491401849
1.25498269455
-1.49625476781
-0.583568357417
0.623220897001
0.0323652502267
1.32685843552
-0.917869427097
-2.09628962933
0.289373989481
1.2013605432
1.25202302326
0.496238997576
-0.137787637248
1.26314680162
1.84730091438
-0.950020984795
-2.95913685134
-2.21989912068
-0.445586166329
-0.313633411117
-0.0373453037511
-0.441070996557
-0.945787647603
-1.16528996327
-0.912974203732
-0.568623471634
-1.67844889332
-0.00582270376569
0.151124706762
-0.539768392172
-1.60700837896
1.46083636153
1.53658793545
-0.535334762935
-0.401868663546
0.25148789265
-0.542429133269
-0.624332617688
0.0150481897267
-0.590291055134
1.67577704811
-0.274800610926
-0.676019782734
0.382717549829
-1.05577368617
-0.646607637118
-0.856731155646
0.0769870452603
-0.237948631983
-0.72021430459
0.782229320606
-0.380030490419
0.93956915173
0.436315651022
0.607084149042
-0.781576167197
0.883599768353
-0.0673256125982
-2.31562947999
-0.828668646442
0.731937481284
-0.531545770611
-1.66038548566
-1.26288391923
1.51532038833
0.0197855423701
1.62919955056
0.528616026085
1.11302606669
-1.25342495044
0.185492071473
0.336700437744
1.30863562897
-0.285432740736
-0.0119664948923
-0.517077297198
0.978838254575
-0.808660408106
1.69983768356
-0.983180794859
-0.963699413595
-0.531005935109
-0.0758824960918
0.666723689676
0.82056439969
-0.567622690058
2.1027506775
0.475026157109
-1.21994948404
0.465919382896
-0.250611348685
-0.577655150966
0.329859448189
-0.394481621171
-0.323448638404
-0.668096056955
-1.19824311076
0.580765925398
0.790093972118
1.18433289594
-0.62914809404
0.839629389231
-1.64344932407
0.715442601466
-0.321890619439
-0.995115401495
0.332409032264
0.738809640932
-0.225123073324
0.357881130746
-1.38923254671
0.742161083625
-1.74441150098
0.652247378648
-0.57923900651
1.74638118932
-1.24484103534
-0.240098034039
0.25007791032
1.68049803015
1.20648490929
0.18163386227
-0.0053372840828
0.272564592974
-0.862271373324
-1.08580238793
-2.24689639524
0.208442197487
0.440536113399
1.27042634669
0.91608927153
1.10980438326
0.0168876369619
-0.149988646916
2.72746028267
-0.35789229282
0.112551048579
0.74322587688
2.19762948468
1.53815127241
0.0343343420024
1.96134643654
-0.43646876003
0.104526026748
-1.89191814608
1.37773996516
-0.011152864212
1.96577936437
-0.453656621871
0.5303830336
-1.57127340085
0.908854253098
-1.68669177239
-0.559796917076
1.33631103593
-0.0121467403786
0.107931041408
-0.0432377197523
-1.07508339258
-0.636513999506
-1.17867278596
-0.624495085535
0.883132649253
-1.54642714876
-0.88976489286
0.764744609136
0.331394618064
0.568667852568
-0.955462085373
0.529090935536
-1.07424613494
-2.18411387072
0.350916425804
0.651246538802
-0.109767562387
-0.685336441268
-1.3155734957
-2.39935120537
0.453914947586
0.774137122836
-1.47521689234
-2.52581730804
-0.326779357439
1.62148828419
-0.362923060564
-1.1013886076
-0.413696545817
-1.14873921679
0.310844810944
-0.981926298131
-0.560794253204
-0.338352585509
-0.654958836865
0.586782670002
0.223991218972
-1.77594146287
1.3200483426
0.199907157348
-1.02416419081
-0.291040253233
0.584264413469
-0.653268310241
-2.94218797479
0.730819832661
-0.0632377105486
0.239156193889
0.513545186564
0.216698519617
1.00599018396
-0.0857230356854
-1.48347784186
-0.784835923745
0.58825861568
-1.01487922589
0.0426744271277
1.29439588631
0.802017210352
-0.242882896761
-0.124529711894
0.486692091478
-0.777636909609
0.052857882413
1.09125856877
-0.0770973721556
1.03715620504
-1.06636716459
-2.17339633238
-1.85766537635
-1.43909071125
-0.0134885491363
-0.570285784991
-0.212828216839
-0.220277431656
-0.595084334529
0.376630130332
-0.34036004863
1.38661685181
-0.156337346907
-1.53521493229
1.60448702896
-0.538879005105
-0.0721815260289
-2.07770229992
-1.19163400907
0.425506378748
-0.290474026217
0.833776313551
-0.0612148883147
0.493302315616
-0.876298107048
1.25581003884
0.917604645489
-1.3525687789
-0.645169700455
-1.06647120496
0.535980509199
-1.07606676355
-0.298822625364
0.472666438717
0.609691409461
-0.304502463334
0.0234745657433
0.101154949162
-1.34958196053
0.294766331499
-0.476905081434
0.163039015382
0.18514878905
-1.36486947979
1.39183163847
-0.870536225186
2.65181925942
-0.557330223269
-1.62624944163
0.199319506745
-0.0793130355309
-0.18259780077
0.828069969972
-0.411755718514
0.752084497385
-0.359552673369
0.390927365315
-0.12613967966
0.525991735863
-0.223049762938
-0.448074706872
0.58998683649
2.06307955079
2.21787455277
1.35146078702
-0.488737984399
0.158958759613
0.215958574189
0.229815033457
-1.04198190908
-1.00204960922
0.522650360447
0.24850260471
0.86987275623
-0.649765576159
0.262175440442
-0.503728996192
-0.133867387993
1.89079620353
-0.973901408224
0.206197469009
-0.376250580648
1.11625607077
-1.30190751853
1.51913401771
0.240718591673
-0.812934627617
-1.24681521926
1.3438591293
-2.07210667639
0.49402005564
-0.465022062322
-0.181398359891
-0.377385206193
-1.79307077596
0.497489216132
-0.188261114206
0.111166734774
2.04720768867
-1.39233293568
-0.607292957669
-0.543510117166
0.891142684814
0.790038960509
-2.36581861393
1.18951372072
0.09344606614
-0.440878824106
-0.400854655378
0.468008489977
-1.46336685672
-0.483876702983
-1.04535252485
-0.190542499282
-0.350816712225
-0.552613066244
-1.90141380311
-0.708607668445
1.3517645981
0.391088075239
-0.833444575398
-1.24846423689
0.44993055566
-0.487167615344
0.307975136749
0.570969165407
-1.53091497581
0.06960617017
-0.498582275597
0.828862002512
1.41335035964
0.907489172734
1.85532306177
-0.401203356999
0.803661200479
-0.0975986603164
1.76616904133
0.81361497585
-0.886184883471
-0.755221530686
-0.449822046882
-1.15509350747
0.580219890585
-0.707692783359
-0.220762679072
-0.0899562961647
0.512915952975
-1.50041898293
1.01485741773
0.1696987849
1.29039200569
0.0715007433686
1.01132579419
-0.914764841504
2.17450671165
-0.408842282232
-1.21339530748
1.19242171842
0.0851653826916
-0.905092607688
1.05015466876
0.964030169246
0.0292497538269
-0.932320175427
1.14477046921
0.0843497799858
-1.77850781433
-0.449993570192
0.0290552685893
-0.737522262228
-0.0612823750337
0.09420788147
-0.00746530663818
-1.07380206952
-0.333782649574
1.25222399907
-0.0273347109573
-0.0209349355711
-0.13038740981
-1.20510992876
0.0451471726248
-0.529478453681
-0.423171960701
1.26686222963
-0.160216439842
-2.14020805818
-1.4386803859
2.14168935551
-0.553611005204
0.949789967452
-2.47354389947
0.162516725581
-1.03890762869
0.0197788354877
1.30733509308
-0.264763177606
0.537022474773
-0.95162654932
0.929676516662
1.81043778092
-1.43701327517
1.90842663091
-0.735392126615
0.3447953534
0.617708783854
-0.863386225543
0.479257570232
-1.48760228895
-1.11472591173
-0.0420555656558
-1.09174079072
-0.92981214447
1.1463342198
0.766658260077
0.0210386604323
1.09128757604
-0.359976316904
-0.876828747691
Score: 11