3
44
10
3
-0.76542711198
-0.508688967525
-1.46999227091
-0.676009475277
-0.165423676041
-0.546232515726
0.831010700054
-0.327686908394
-1.00327447601
-0.0816227419829
0.937922994322
0.421551456993
0.197416039905
-0.206551768917
0.0474473415454
-1.07320921399
-0.572864325972
0.519561485578
-0.604657298862
0.0277435323087
-1.51910221029
-0.148329508723
-0.182055254962
0.580022593418
-0.120043801071
-1.93175541598
0.688938369355
-0.946660860487
1.27967422564
0.67022909637
1.1165523532
-2.69259929874
-0.413137366496
-0.770492267129
-0.14980581803
-1.18881743191
2.10254332555
-0.55254515274
-0.210333791866
1.62592433456
1.1850542966
-1.4226158185
-0.850724324923
0.62163671593
-0.118409559011
1.12749659131
-0.903473425513
-1.85240048707
0.245111446023
0.849467800243
1.31479955268
0.547159045631
-0.316053856501
1.36102591802
1.56601670742
-0.811308720983
-2.77891442722
-2.43522460214
-0.434037336578
-0.140718491345
-0.196752445934
-0.497608868022
-0.781876835582
-1.25649946566
-1.08529995283
-0.335971269834
-1.68707719728
-0.122083294336
0.197703251932
-0.558033867688
-1.61456337614
1.35544503453
1.4375257483
-0.516653660833
-0.410417475345
0.370537733594
-0.705310408077
-0.580859187948
-0.225371054921
-0.420206012683
1.73659753039
-0.103742351216
-0.457307973392
0.421290551243
-1.12347216814
-0.602277212543
-0.624833530001
-0.00276261984517
0.016067750435
-0.770349536535
0.679658986047
-0.453006033833
0.973689851037
0.643132868302
0.761921344943
-0.428864057874
1.03551020059
0.148016844082
-2.34536248607
-1.08090243428
1.00235758801
-0.252977192586
-1.86313225674
-1.39137617796
1.32029857053
-0.00988715346581
1.78743651063
0.495864740477
1.69182197573
-1.35377334158
0.0579823256131
0.186712381114
1.24960851147
-0.299878662993
0.285138362602
-0.513156164986
1.1687552521
-0.612592256231
1.72735450952
-0.674605390057
-0.645078128675
-0.350714123862
-0.377283839434
0.495650284079
1.20733441182
-0.838582310706
2.08522463939
0.362156377777
-1.23019934124
0.758192370353
-0.223458976024
-0.53333835686
0.458766037534
-0.331121558449
-0.254014262992
-0.658380545608
-1.18407193269
0.655342748001
0.847461007637
1.50401866744
-0.665537132721
0.518914559692
-1.48342304778
0.615485999411
-0.516181637369
-1.29281069359
0.443514968112
0.773384947892
-0.165181730148
0.277124933802
-1.3507355812
0.650110169442
-1.92142075167
0.719674642784
-0.47459281871
1.82359189098
-1.33104611955
-0.48616463252
0.257103045935
1.90234417602
1.17955297752
0.142282162458
0.0751850904605
0.302097214513
-0.622629834633
-1.11262009418
-2.37407523893
0.219602445608
0.755218931572
1.38912631796
0.831166554028
0.804837127565
-0.0604578872717
-0.0687876228301
2.6122528328
-0.310971759988
0.259948828403
0.800284525597
2.14265812598
1.29554422185
0.0447962049043
2.11929381128
-0.388523062563
-0.00674857295679
-2.21755616498
1.33819365663
-0.519123400595
1.95327429603
-0.226178411708
0.397657695921
-1.36218390138
0.988204724006
-1.73181779137
-0.767388686344
1.45868194589
0.0565428303293
0.0361905392188
-0.29643467387
-0.949186536211
-0.147194203266
-1.24782858275
-0.929422434261
0.809747913198
-1.85374246139
-0.838674271428
0.776586936537
0.474186854375
0.517681877817
-0.769742527938
0.0990752981057
-1.21323357502
-2.43176583668
0.415579400131
0.548063086431
-0.369265578152
-0.600175478767
-1.17926699829
-2.55348064103
0.734815899871
0.574026967776
-1.16033448764
-2.69095752843
-0.177621081456
1.39841777594
-0.534549165097
-1.42529972128
-0.355946098253
-0.784220613614
0.347606659508
-0.999447659341
-0.556345047741
-0.37633520661
-0.78821803477
0.396742860002
0.11865490978
-1.61079412198
1.21659425812
0.388956966404
-0.797618846715
-0.377015100489
0.482167716248
-0.372925546789
-2.94654758483
0.924062931758
-0.154075151109
0.256978698291
0.474961383198
0.153448239502
0.952789848199
-0.283931962288
-1.45596960342
-0.906656134767
0.747610228117
-1.11136786074
-0.185338390547
1.06244740634
0.912546865057
-0.152744971584
0.0646169393966
0.265484816278
-0.612983773417
-0.0174664979983
1.2136859168
-0.0718766026638
1.17357173586
-1.05065256214
-2.09884026879
-1.91978596914
-1.37174612957
-0.21781906882
-0.265759622891
-0.0764438583508
-0.0064231317086
-0.529780864525
0.0669369223851
-0.263219962444
1.18100397961
0.243134505328
-1.52002191967
1.49408914459
-0.177249619293
-0.492255481229
-2.20604962499
-1.0059370738
0.544220880093
-0.531022206277
0.705961921399
-0.295028494526
0.55149604593
-1.05296982046
1.38090246923
0.660076985221
-1.36229374094
-0.661701378496
-0.94698460645
0.634960189359
-0.935701496154
-0.278594905809
0.343640012993
0.530596454734
-0.313187870223
-0.301999352475
0.128113503198
-1.33880124803
-0.0428084947021
-0.217408180826
-0.0367749735536
0.445584772085
-1.32475067251
1.60291639283
-1.08842628345
2.36297522321
-0.566602029558
-1.79061998866
0.402955838786
-0.38968221019
-0.00151210854472
0.655898944503
-0.499644955096
0.744986333919
-0.603601978737
0.417978261806
-0.171819422912
0.548178460698
-0.079431715812
-0.497050310188
0.582214186679
1.89978886688
2.36081217006
1.24705831659
-0.582602862363
0.171466339494
0.131482526468
0.077553502941
-1.22077836574
-0.630188840388
0.401778411135
0.227276367677
1.01286016169
-0.455685484048
0.262526765295
-0.438707021661
-0.632887336713
1.75561454489
-1.2085217077
0.16404187913
-0.365943047166
0.977700991049
-1.08363448288
1.39949820805
0.152101767358
-1.16718724131
-1.39642082097
1.12291320951
-1.9936024862
0.168240613403
-0.688726383471
-0.27059905317
-0.72502972436
-1.52678140225
0.504913165203
-0.194886212313
-0.174975853167
2.25816536381
-1.57507789204
-0.19466509775
-0.614510467212
0.797171983639
0.716940377557
-2.22268358637
1.06618458492
0.239809713623
-0.165149763698
-0.455083632338
0.506757726443
-1.81086958372
-0.658290326991
-0.812549408385
-0.476126434611
-0.327960388494
-0.597001941242
-1.73797848699
-0.63871679449
1.27684194579
0.287042061634
-0.715254189545
-1.1423638798
0.398598037254
-0.474455925337
0.395261423634
0.570014451907
-1.86385654385
0.149972113772
-0.277760925447
0.561526519718
1.1367659063
0.946186585674
1.71645314309
-0.770585067667
0.928746095375
0.350480028502
1.6081344554
1.10517688504
-0.636517889569
-1.15873190574
-0.233726171181
-1.4752862192
0.74560682543
-0.277062188005
-0.186622040164
-0.129022445258
0.474542630748
-1.77272339956
1.07063713275
0.183951178862
0.879429957744
-0.0872110197662
1.11350323923
-0.642467630736
2.2221518149
-0.235363471497
-1.11883646117
1.18238693589
0.225113145921
-0.947964102239
1.24935110806
0.744250408229
0.00950633476638
-1.02998417915
1.4045817865
-0.167881736325
-1.65312169909
-0.33366216055
-0.041939475367
-0.739196929125
0.196746555537
0.104681280183
0.1169418851
-1.10291049532
-0.183276446794
1.19436807973
0.236147918756
-0.0790228121103
-0.0679467244216
-1.21140809786
0.2651163747
-0.588651888287
-0.501116033063
0.987312817385
-0.29626253936
-2.11503634368
-1.42464879283
2.0467730953
-0.801829016637
1.09868754004
-2.58024426448
0.0980773350246
-0.771398702997
0.170613479316
1.54673113004
-0.0357777212312
0.414560523042
-0.739224446341
0.870541171345
1.79251561649
-1.59018293057
2.1096840694
-0.47429484065
0.487379103018
0.424144689752
-0.729920397864
0.570867961204
-1.3900623091
-0.978153371995
-0.148050017755
-1.10270070984
-0.942618196139
1.04039462145
0.971225708075
-0.114179573978
0.993261732986
-0.141747335735
-0.841654795802
Score: 21