3
44
10
3
0.938401867277
0.44535398817
-0.869108569695
-0.47956805753
-1.23976459796
0.765362120884
0.0029682304841
-0.232388596161
-0.674889575572
-0.899436588526
0.0343067614549
-0.561288126072
-0.0918518106097
0.335720997813
-1.56168739221
-0.416705734017
-0.672204666366
-0.270399782953
2.41550342282
-0.483798412426
0.180034792586
0.222873447694
0.31700480503
-0.754197427761
-0.0303859660107
1.17649010784
-0.00396546154932
0.521564450348
0.419403456863
0.528268639162
0.351650266787
0.672422733553
1.29741095931
1.21996115277
-0.195151452802
0.175922160618
0.55456814973
-0.683301779662
0.539295020466
0.919238205674
-1.13270387987
-0.556834540963
0.514060098727
-0.408114705799
0.845188976534
-0.71535172633
0.993611223918
-0.184054623769
-1.01264720718
-0.383841576994
-0.414155411467
0.69359918231
1.01438052031
-1.02842080916
-0.150070905938
1.60592688326
0.348641658938
0.0833349438357
-0.464869759694
-0.664233213229
-0.574867580512
0.307694400877
0.954572623502
-1.0635782684
0.776078736075
0.469183950859
0.201462417863
-0.793272453991
0.285189545302
0.473764294836
0.88958479756
0.151289172983
-0.771725557152
0.104827091379
1.14148589965
1.95440880194
0.396800447967
1.57992773048
0.413326560119
1.9633755445
0.330585130718
0.210744173383
0.956026252062
0.895018658778
-1.81653732293
-0.484005886388
0.632388213562
-0.844968687415
-0.611293258983
-0.398011577509
0.105585167447
-1.4747068936
0.516565309482
0.826401786714
0.866343931429
0.0309924343423
-1.43124038106
1.80170036874
0.440688223609
0.0299133712724
0.171992549773
-1.25384962195
0.703089630611
0.525326723337
1.1555502063
0.280471652534
-1.88310566623
0.186814418593
-1.1344332303
0.505776907382
-0.00560475801811
-0.676556814487
-1.09066158373
-0.529511696426
0.00694393974924
0.653494831932
-0.713807159274
1.09207823478
-0.433786434094
0.525858748195
-1.10035710459
0.0379437491049
-1.34425721729
-0.212999665604
-0.419824643211
-1.75947561012
1.16847802998
-0.918770286865
-0.0256717973956
-0.471298206001
-1.19871624564
0.276793009033
0.346359085935
-0.904895255031
-1.83785754487
-0.984444980906
0.186898627763
-0.418163712685
0.412302012537
-1.58213793595
0.128195168476
-1.7752373135
0.621990725944
1.38854148779
-0.209896684358
0.0520740174414
-0.560285454251
0.649324325061
-1.11759508837
0.226297083206
0.357777365971
-2.68937537473
-1.39480110029
2.01516247773
-0.548457638095
-0.231572263987
-1.28474020371
-0.955601494985
0.659902521143
-0.215058165322
-0.736568019502
1.04957234182
2.1947485061
-0.492746848797
-1.39451292445
-1.57689144246
0.29204626094
0.691093622574
-0.915411654271
-1.29112264268
0.846134572122
0.137457306162
-0.543165158616
1.76302963216
0.925057278998
-0.300279046805
1.64705821856
-0.165229548241
0.228372462513
1.11973751214
-0.775030300209
0.744910074341
0.372696599274
0.708530452466
0.197895845212
-0.271148498155
0.955987943368
0.91502153339
1.81338198391
-0.550983967258
-0.291622503963
1.57704166777
-0.679206501557
0.605426524902
-2.2830616143
1.24295512308
-0.667561797268
-0.260669668309
-2.17808590285
-1.95953986917
0.638553738749
-1.65107106906
1.60691831376
0.12018567472
-0.270747263883
-0.637760525431
0.64430889078
0.269002166661
0.107676608933
-0.00593772128521
-0.0829238215735
0.255397577035
0.376754359286
0.0244878800076
-0.177348747681
-0.716693081874
-0.514419117337
-0.294825704981
-0.614743967983
0.0668279101564
-1.17924720772
2.34698509265
1.41286579996
0.397349782992
1.36348533607
1.14786522823
1.00282470165
-0.446032748536
0.174942789877
0.669900959945
-0.604109665774
0.780086114557
-1.06217837569
-0.852947180273
-0.451533121366
0.764158067896
-0.915829900779
-0.960703363911
0.890985179014
0.138274267921
-0.13686912537
0.245820347357
1.40678375536
-0.271018819457
0.816435717493
-1.05601497529
0.223886853941
0.276346495478
2.07562733508
-1.0456601881
-0.34049862382
0.193213485871
-1.22823310237
-0.558487754437
1.51176027861
0.037060541921
-0.57815817077
-0.0327687975879
0.351177102439
0.369802994195
-0.916122266183
-1.15250197671
-0.336434632698
-1.21199205965
0.185033435526
0.790983003913
0.823008473563
-0.809477567367
-0.268326653123
-0.0648876874095
0.493239680804
1.47282804427
-1.23409809289
0.359223483765
1.08068673384
0.0919017651389
0.361002997195
-0.325436653837
0.368255116181
1.51770840452
-0.49576912373
-0.468218248879
0.688242686354
-0.69679142338
-0.317512575701
-0.169533214541
0.351030765525
-0.773914010311
1.58166775254
-0.40372978356
0.800562410089
-0.81830445423
-1.35027895267
-0.227378682514
-1.46841765681
1.37206234272
1.26784500543
-0.435232904386
-0.173756789796
-1.498224092
-2.14340627473
-0.439027501591
0.200304346994
-0.503266778875
-0.224984647396
2.4578286835
0.63528341473
-0.249061538822
0.391929380373
2.42129869458
0.0206427352508
2.95949378654
0.281809988305
0.486731216915
-1.34096862895
-0.323368315071
-0.329684702157
1.67047532615
0.606809522576
2.35240409304
-0.158023499325
-0.922029019632
0.419942851682
1.76314821018
-0.406270497303
-2.08990925569
2.29180867886
0.537149068163
-0.111687908998
0.293938464941
-1.52229175247
-1.13416176226
0.403911652604
-0.486295520514
-0.793491831147
0.0104963778903
-1.00902327492
-1.37065184921
1.90449948648
-0.55148798509
-0.742140481365
0.850843117435
-0.406430905711
0.485060215539
-0.327149585915
-0.306612719522
-0.458093577969
-0.710779829394
-0.194949031999
0.237961401247
1.31573426117
-0.462380841834
0.916842056916
-0.686378036388
0.940499412369
-0.311989040809
0.881592158644
-1.22030919749
0.130637638979
1.42077320325
-0.511894374303
-0.51078619564
0.865015090057
1.01036444401
0.613010375517
0.111976190035
-0.751132972133
1.9125399915
0.443026054018
-0.163730528215
-0.514852786665
0.960653591574
0.517167485384
-1.95134927826
1.18405552882
-0.367401257875
-0.847153572152
0.0591639993907
-0.70629180806
0.83067041196
0.314712253224
-0.769320896042
-0.524867988783
-1.71442033798
-0.91200499549
-1.20819591947
-0.82409378875
-0.845879543454
0.998433216604
0.630811239371
-0.351199494719
-0.912368324844
-0.201013694756
-0.32839313955
-0.81917404761
-1.25127225631
0.462026154684
-1.67329858021
0.0491030769895
0.362809955636
-1.78571220839
-1.94176533618
-0.311360716181
-1.87432231534
1.61354105457
0.114213115547
0.869084073016
-1.23383436545
0.486771444252
-0.261399464505
0.503734915454
1.45830938276
-0.536883269894
-0.613912533017
-1.24304531611
-0.42155417029
-0.469811436783
0.434432342096
-0.652767615556
-0.345828793086
-0.391664222467
1.55472813825
-1.19806824086
0.312707305072
-0.434538859062
1.58536016244
2.05057758284
1.41095264594
1.28851085387
1.17944585919
-2.15072846703
1.9036588812
-1.29389327555
0.296055935435
-0.973340325665
-0.123878060307
0.60641540931
0.81132570892
0.618435992284
0.463818565246
1.45273656378
-0.0289675993471
0.519284762347
-2.33171985
0.499332259121
1.0554216978
1.39339299371
1.14660353136
0.322038115595
3.15011949541
0.398623564124
-0.0901146058466
-0.650541520839
0.121075637957
-1.7620497914
0.0564304422748
0.561995161648
0.0653650476358
-1.46308946784
0.234930450834
1.64145346426
1.04080997798
0.980721363804
1.46745902946
-0.148667625337
-0.15604201317
0.621514626573
-0.985103767768
0.0093200382603
-0.754735312115
0.681840914785
0.665160447434
0.568180813623
1.12807304297
-0.532235730956
2.02305731502
-0.646209527954
-0.678624575643
0.704197417014
1.95741645855
0.438240754118
-0.0503918353821
-0.0121456995043
Score: 10