3
44
10
3
-1.22712223039
0.115319949309
-0.403387638992
1.29415122864
0.784854531388
-0.787627281058
-0.147068910462
0.123672861303
0.0149427868889
-0.144899420965
-0.0856669985537
2.4539918103
-0.81328223201
0.689753336832
-1.76969296625
-1.49415073366
0.372615749506
-0.25267824471
-0.217692333307
1.22556257908
-0.348629770385
0.750511976516
-1.39631748211
0.332933178949
0.743117469205
0.301387989572
-0.314410990684
-0.37147631996
-0.152558570741
-0.773130331922
0.0568309130123
1.82447221729
0.240835209624
1.22102270458
1.09897279322
-1.74609432574
1.57591840739
-0.7944620962
0.0876997563491
-0.725419506072
1.10987085807
0.610921780659
-1.88814951444
-0.879442202717
0.33925538802
0.302736659621
-1.20494851093
0.992320855682
-1.32396775303
-0.648055339532
0.348249629215
-1.70643991689
-0.0137100607295
-0.840004335201
-1.03879618454
1.93700182136
-0.451224121999
0.148185513282
-1.8293712402
0.0159306333736
0.702720763759
-0.396297246918
-0.392210046972
0.567217077125
1.13994117009
0.352442662904
-0.05861299818
-1.29194393236
-1.5918684816
0.385014949852
-0.274730816719
1.19609287615
0.403356832945
0.426713443854
-0.912541363761
2.38006279594
-0.0559194002773
-0.556239644678
0.486180753048
1.44652550261
0.495628117069
-1.85630439908
1.11324776002
-0.666694789765
1.59389623458
-1.78004578421
0.415914342346
1.85505233351
-0.299363833871
-0.971755910333
0.913613782317
0.341986489693
0.808616270325
0.620146799921
1.69455563432
-1.8358027293
-0.691360928907
-1.37615276495
-0.251182245804
0.782031804614
-1.39976381016
-0.679549611433
0.310330028902
-1.21920737782
0.603366474287
0.895567755704
-0.254504364601
-0.139839509892
-0.800123857849
-0.314781484775
-0.499097096328
-2.38985131626
-1.257980533
2.06918684278
-2.60065748096
0.807054268266
0.263920138397
-0.612660295414
-0.0765875234616
0.210195308414
0.794209359104
0.945317506044
0.315159620275
0.736126728935
-0.301539761329
2.79704357655
2.42516721214
-0.399440626419
0.290024863772
-0.186027072043
-1.60592919924
-0.687137484604
1.25972524831
-0.746441114988
1.9181980469
1.18411671499
-0.575496119476
-1.40891312938
0.610573297229
1.17549087863
0.0442955963398
-0.992058798747
-0.302403956682
-0.477336912944
0.987533153924
0.253265072017
0.72726595549
0.341593026632
0.931339832818
1.62221689192
0.0416661927979
-0.652032085921
-1.08691432637
0.340743675342
-0.633838556673
0.504153060758
-1.14916503352
-0.85976804786
-0.174015527422
0.423504070926
0.894039023025
0.222351194241
0.0328671825951
0.495045423063
1.30826262431
-0.980694856245
0.468057543514
-0.874938851226
0.0535223006909
0.222619706317
-1.90955621291
1.23033896098
-1.03038944934
0.325799824134
-0.82941979656
0.393246451712
-0.123313195088
0.257084667637
-0.99918100122
-1.69303487404
0.92809144948
0.0439101097582
-1.55436009663
0.539935495649
-0.152234846642
-0.0073007020434
-0.14416374904
0.261895722243
1.02312421855
-1.55634132219
1.1120147332
1.59607679596
0.0210030039186
-1.04424141221
-0.326184433395
-0.217779086525
-0.10807829202
0.313965242126
1.58907230289
-0.373465730374
0.16689241181
1.55827336739
-0.101005010415
0.935528365768
0.95118308532
1.26840543854
-0.00209699892972
0.951569148751
1.98126184462
-0.695057302667
-0.112063802554
-1.06046730834
-0.129535136037
0.643336289738
0.390328215643
1.00402754759
0.292119846813
-0.135053886084
-0.0421093910516
0.524839645734
0.917325295754
-0.991951541566
-0.096688260914
-0.148704373536
0.26937974252
-0.109878587472
-0.468758615529
0.421579294194
-0.290219029593
0.111812520303
0.111131698274
-0.337556190646
0.984647678529
-1.77806160372
-0.0911255247947
0.422334209277
0.490527339512
-1.39445137092
0.477554437712
0.182501612696
-1.26740139789
0.416816472263
1.64060824251
0.836213285695
1.11748765014
-1.39722654527
0.297183152936
0.134839286635
0.708406079709
0.827211045376
0.218053600848
-0.2836386451
1.43393373784
0.342388260498
0.515642097222
-0.65498011047
0.553694657303
1.49814847222
-1.91827785246
1.63545559669
-1.1864304246
1.02662444985
-0.147314442837
0.750637890776
1.25677426071
0.801895590695
2.00462142013
-0.718904723539
-1.72683968524
-0.478731679801
-0.199374928695
0.222695399519
0.577690452947
2.63187191464
-0.741709040602
-0.926243138573
0.681872463153
-0.294054533187
1.99569171413
-0.497116151717
0.651919412959
0.370672580216
-0.565762061734
-0.694504753345
0.963128157575
0.613898222694
0.170206427832
-0.484335263269
0.370159427504
-1.2842049823
0.181548445002
-1.98799826739
0.5553066813
-0.118775857288
-0.787515565848
0.944688358957
-0.205974344894
0.358093573981
0.623313847283
0.887621659536
-0.0923888688746
1.52029353782
0.0885631737029
1.18753729476
1.07893019238
0.240524843657
-0.933975573313
0.0729201073178
0.139287759428
0.437533526758
-0.409641456691
2.40270427608
1.79195708689
-0.0558514827857
-1.27534344394
1.21306180836
0.692828563463
-0.0416072334841
0.64250451993
-1.04020184372
-0.36781336355
-1.41245111544
-1.68498752087
-0.0896224612113
0.933490858617
-1.11814614414
0.24757444054
-0.094947200524
0.880588983602
-1.86382847099
0.632654505869
-0.17258658714
-0.988069849165
-0.506038866901
0.695374450098
0.994130966475
-0.133877978095
0.470515641553
1.79196186448
-0.405595746501
-0.866307828794
-0.0622985283931
1.25875319777
-0.229148367898
0.0418267049998
0.052972417805
-0.566028490553
0.362625175296
-0.0791704378256
-1.91198934009
-0.0185034696156
-0.584123712326
0.956359628167
-0.839028473451
-0.30625010124
-0.901261952014
-0.0112989418427
-0.394603512999
-0.517567748133
0.382978049352
1.12850237512
1.17779228396
1.85210917802
0.100782499578
1.15316175584
-0.870642640917
0.453940777862
-0.0432529993651
-0.0879812550462
-0.195791530106
1.21885910954
-1.98897108513
1.2798215403
0.497472220812
-0.109666515486
-0.8459155918
1.0472334091
-0.943647656732
-0.217427879454
-1.10257229033
0.903436062653
1.64765925532
-1.65424477763
0.805587532546
-0.912575573865
-0.311426690548
-0.26605238378
0.0819241799134
-0.325111640895
-0.0718211794348
-0.175816158817
-0.652549132372
-1.25058521994
-1.07253737425
0.0978598151963
-1.36629057087
-0.0833475802525
0.047549390433
1.65343402076
-1.03409567025
1.80291556934
-0.174708438621
-1.70477562456
0.0496919824422
-1.28740264419
0.831754970641
0.065255513159
1.59835838082
-0.100986826428
0.889477394727
0.00452755081223
0.344043502748
2.00898515775
-1.51198726962
0.230466825634
0.664944741892
-1.01702390064
-1.5720062381
0.178342670699
1.01973700703
-0.338714850921
0.940125024565
-1.31610774755
-1.06750532468
-0.21687887746
1.22068023337
-0.875122124944
-2.41496189828
0.315087681683
-0.441870110685
-0.35741457908
-1.08402851864
-0.091488605827
-0.670268818702
-1.04862731453
2.10982044703
-0.183766678528
0.108626491433
0.833780419844
-0.0843785624317
-0.672652950127
-0.546961463557
-0.080892027437
0.0945942953037
0.916895248495
2.23757823852
0.255123005564
-0.0469413075164
1.19516657356
-0.782710682535
0.360644824777
-1.0384621106
-0.00666164623208
-0.658308305485
-2.07511270666
-0.132895106205
-0.620973225902
0.752867212439
0.15194423288
0.714630882017
-0.359319886805
-0.547290168385
0.385902515575
0.770584693141
0.599512231775
0.561207142946
-0.737954871512
-1.27322804474
0.750059281319
-0.227676868924
-0.571092154448
-0.0732972260955
0.417531388363
0.356155766629
-0.845499977048
-0.72499551434
-1.25611009944
1.15023249986
0.464013251124
0.613263550714
-0.014008509103
0.310216680413
0.34738230198
Score: 1