3
44
10
3
-0.204247027633
0.278391046482
0.0479074641147
0.750232785137
0.310412307564
0.303102014369
1.6954881759
-0.996130551082
-0.465676867973
0.134053071088
-0.550281135583
-0.502625720943
-2.23136690276
2.31453821215
-1.43001813059
-0.704688257934
-1.15358994599
0.418940824554
-0.416728058208
-0.218111238604
-0.597238568099
-0.629889640257
0.0799705473906
-0.968504747255
-1.95446224516
0.61080273139
-1.24887645896
0.45432874796
-0.108151426636
0.509458617952
-2.31354171163
-0.0876810651704
-1.2582842308
0.372561051398
-0.188783987734
1.22001826658
-1.18324077836
1.0529344094
-1.5530514206
-1.02316682671
0.404063425755
1.12145508823
0.196177084804
-0.90241686414
1.27684644534
-1.3918314072
-0.287907617047
-0.207885467555
-1.85854724586
-0.0830030107875
-2.64503088722
-1.46691817176
1.08739783636
1.49907362792
-1.75733136169
0.275670995464
-0.390206098055
0.570230637638
-0.232178786982
-0.783636515117
-0.304103863991
-0.33808420067
1.69523023215
-1.24136769109
-1.64125668202
0.413149380724
-1.14885582263
-0.195864511398
-0.68377616808
0.799511616775
0.58646651381
0.664672591529
-0.869166671179
0.0965233747776
-1.67463584639
0.927944811445
1.03427066933
-0.158899750717
-0.198638414838
0.138088071971
-1.51522797503
0.0307483678021
-1.15326466316
-1.15111265541
-2.39812032801
-0.238097218806
-1.60587471987
-0.592245092594
1.47070192301
1.36904444468
0.849034341843
-1.84619889079
-0.293769822869
-1.40160436757
-0.294034905239
0.440506654014
1.2153324183
0.885227877616
-0.820925603643
-1.6107328855
-0.383914633322
-0.297063429243
1.02243305167
-0.489235650453
-0.963238199787
-0.505180585142
-0.249207682105
0.693308637498
0.977109591949
-2.58476151452
1.11947305276
0.183134591464
-0.574238464208
-0.109539215226
0.667515883037
-0.478212156795
1.04634310593
-0.17962722628
-2.0560993326
-1.36483911989
0.00889648696346
-0.00446787183377
0.273668746232
0.0746016712561
1.24751458182
0.326892341826
1.92087192428
-0.335962130772
1.01217395975
0.408000232573
0.305949659513
0.354503043567
0.597118006903
-0.114367164353
0.539078161783
-0.38173077751
0.275495738804
-1.44760842237
-1.16582811343
-0.161428878459
-1.45071430524
-1.67367237999
-1.62445911823
0.76268474189
0.96014257568
-1.37347629213
-0.384132808428
-0.479608555848
-0.794727322761
0.588797139201
0.0511375623043
-1.67420042049
-1.44268098941
1.2195148885
0.469676583259
0.699564555799
-0.635989135799
-0.471303432918
-0.879595184267
-1.43503769539
-1.80290757099
0.188974657451
-0.107466465979
0.377414039836
-0.184837093376
0.729276498985
-0.934664008377
0.722540379771
1.96366659271
-1.11808725677
0.22296972482
0.0477344210611
-0.626599539853
1.84363815586
0.0201184854916
-1.11515296733
0.497880543937
0.0124886597206
-0.36422620806
-0.0563265785235
0.537663649991
-1.27667798243
0.615003157291
0.654453855779
0.642861316085
0.767779164374
0.280294536002
1.11789498462
0.353019843948
-0.250764723293
-0.168182228653
-0.911476101105
1.11773836499
0.504208843046
1.25921198746
-1.31908174707
-0.143542884068
1.05892470234
-1.71791333935
0.159210820261
0.122839876337
-2.19435554655
-0.021313046183
1.01622656428
-1.31758323249
-0.00582329503046
-0.236828577346
-0.0419011484302
1.62243143897
-0.71584434273
-0.0084873107374
1.46454408032
-1.91626823598
0.0525895410663
0.788750881218
1.34954463256
-0.481975959344
-0.65391508156
-0.505207954391
0.0461417694181
1.24629977741
-1.11237430257
1.43515716357
-0.466860367411
-0.529085748313
0.0864203277445
0.443835697557
-1.22562948291
-1.13083751293
-0.575250988545
0.955302517058
0.239817320951
-1.35791049893
-0.321817342618
-0.769781247187
0.836302689352
-1.21481282842
-0.648410794482
1.8927243142
-0.084627987036
0.354221512551
-0.888545158338
-0.406477864184
0.383491317716
1.61546923824
-0.247163792389
-1.36510605402
-0.475296644362
1.58344661532
-0.0238696680701
0.651206321726
0.141153479133
-0.773126196252
2.07630782412
-0.261864033712
-1.14285236378
1.28274882153
-0.972912823276
1.99047722693
-0.182496040035
0.915650018475
1.25347792053
-0.751164989276
-0.937001763798
-2.01743613788
0.0276283581007
-0.21856306171
-0.703749587955
0.275377721147
-1.64642220126
0.725086715333
-0.0814172820204
0.749624416324
-1.02753541631
-1.30918102633
0.883374090716
-0.353819246685
0.136093893846
-1.1336562536
-0.121398838214
0.0615311170228
0.280807139528
1.630998093
-3.32853305198
-1.74498652684
-0.795664721593
-0.968772432919
-0.884826893492
0.436633078083
0.176496286682
-0.345873743209
-0.326479750583
0.092333251638
-0.651832938511
-0.571416609116
0.183676935672
-0.546714654789
-0.709778151159
2.12912400363
0.680705242344
-0.864603575118
0.0317245702063
0.452691074533
0.451485164106
0.179642385732
0.325827759598
-1.17513855984
-2.08571183793
0.635158247246
-0.157990554512
-0.550012765174
-0.0889360211723
-0.0560498860594
-0.496789992561
0.608075246031
-0.543604004299
-0.602167038828
-0.746521068808
-0.755435698292
1.7371137434
0.121374961057
1.51004774336
-0.215940894268
0.355008554823
-1.21980177408
0.943747126365
-0.530414600612
-1.09695716803
-0.800927492085
2.00260036139
0.0476068861878
2.07742283756
1.81993242661
0.810672236382
-0.0693437691539
0.210379591273
0.401853534434
0.0450366224436
-0.613338100739
-2.24454144384
0.837073326748
1.73217164007
-1.564663355
0.704008323023
0.729744822065
-0.693008129005
0.494647001686
-0.0604408495097
1.40149224722
1.29048272781
0.234790767125
-0.940911407219
3.22955374894
1.17334287495
-1.62424811795
-0.270008115972
0.118132747553
0.580279883324
-2.03907506357
-0.306605001275
0.812101108961
0.547215469308
0.881820907905
1.49140034894
0.759424572194
0.704963682887
0.286458108037
-0.848258981389
1.32690558003
1.47243018775
-1.10529827502
0.0192456173848
1.70303326513
1.63110459633
-1.06001523226
0.869892704312
-0.974798355368
-1.0496637789
0.151478743849
-0.589982293182
0.522961818427
1.35652497218
-0.16998907182
-1.13281803989
2.02609389021
1.01621653975
-0.405561228513
0.201889854922
-0.247968505871
0.046477064619
-1.46794633539
-0.859354389432
-0.620892675283
-0.0718166480689
-0.0791110637812
-1.19436501538
-0.0656099557462
-1.03841238109
-0.766066133696
-0.646301793684
1.05256267293
0.787210713002
-0.996324784235
1.44476073715
-0.807621073769
-0.798938742263
-1.38259972665
-0.0658234118795
-1.38319581802
-1.08308785784
0.564134129792
0.253768775183
-0.453842838839
-0.825626633281
-1.38473724613
-0.122474120867
-0.427092781861
-2.43698537096
-1.06355078774
-0.639750393277
-0.778482617761
0.0273327680749
-0.452691444956
-0.857394826515
-0.303701425138
-0.177895479242
1.00351472679
1.60802712546
-0.0738297185973
-0.151103032598
0.901501976518
-0.0158212723495
0.104254279402
0.626263708121
0.238380959995
1.64596617499
0.115999773442
0.23214745598
0.287767064652
0.503730625102
0.981326798827
-0.276089832452
1.12115125674
-0.479894243028
-0.0514115153232
-0.910119966609
-2.0283343585
0.0265266050756
1.73773435167
0.575148701694
-0.981174980162
1.20884799707
-0.103568350459
0.76421124808
0.0928017916929
0.948834961428
1.1788951835
1.04697439542
-0.239838875052
-0.368826131932
0.205060997324
-0.7168847289
-1.96409734982
-0.660192498545
-0.508769868313
0.291951671009
0.527565904767
0.865344956348
1.70842834054
-0.324195523253
-0.304401160314
0.0782741699787
-0.172995423702
-2.31264011122
1.91802691878
0.744447460277
-0.6578024231
0.66325955737
0.481214009513
-1.60187159391
0.492121849857
2.39148552547
-1.02872291743
Score: 1