3
44
10
3
-0.916907201868
-0.727876688902
-0.24458885018
-0.928174842411
0.128502766281
0.530686478134
1.52894670495
-0.300002690056
-0.319981779596
1.11924178871
-1.76431064942
0.0456691525655
-0.914159882422
-0.765202086752
1.78063788749
-0.690368069228
-1.4661628965
-0.687965947179
0.870743672986
-1.09947577222
-1.73225402582
1.0553053164
-1.08112966531
-0.682085902804
1.59127973372
0.653235972521
0.810936279088
0.179869189036
0.849761507815
0.691319996201
0.891132596377
-0.464573140616
-0.485833763531
0.384054375412
-0.739803623848
1.7554513382
0.0437263531272
0.281992129033
0.0603816438093
0.245588943554
-1.02447359066
0.300956212734
0.7038303177
0.00887749504773
0.205038589391
-1.27225654516
0.494507559658
-1.32595831131
-0.0666046008643
0.568614847368
0.410331060576
1.70171077707
-0.70177783361
-0.870858499699
-1.4870256503
-0.841578749755
-0.130159388927
-0.256087618114
0.527625890232
0.0597737480509
-0.130392827809
-1.10007041238
0.136606255352
-0.853185292659
-1.5167494865
0.179538541528
-0.0979728044262
-1.17585502247
-0.289142630719
0.0763149666881
-0.399242003971
-0.300782609786
-0.331427487231
0.736276415718
0.225563017274
-0.903853984719
0.398613748406
-1.39122345107
1.79715685076
-0.687230555752
0.135589420713
0.919724179577
-0.267541636809
-1.3730274896
-0.659595193843
0.620993885686
-2.44509413773
-1.13147223289
-1.18319813283
0.160499230264
-0.617418072865
-1.3066312975
0.184868871828
0.0550281432523
1.30208495908
0.276627558881
1.57127896678
-1.6135075346
0.103550884782
-0.544344733104
1.93706962295
2.72425930822
-1.0718116599
-0.827641378676
0.238190474371
-0.184173368143
-0.261180133122
0.27603076296
0.360789788092
-0.394573085672
0.642069468073
1.55626230495
1.58178754236
-0.718738245763
-2.55468657245
-0.363326279304
2.01473055114
0.352604633057
-0.273665236869
-1.24259042196
0.742123283315
1.31871303106
2.02125916799
0.241783298471
-0.592951959786
0.469620343105
-0.553214831003
-0.655309098551
0.377603541983
-1.52903568855
-0.309020401142
0.367433917945
0.257301504577
1.39902400702
-1.48872488121
-0.718905953536
-0.847925871726
2.80982072517
-0.0796857720724
0.445638603191
0.441246030634
0.257902030702
0.268246601374
-0.146560749761
0.659984045656
-0.869036516214
0.372917966982
0.183245843405
0.349721468898
-1.36738136541
-0.61416643037
0.294422962594
-3.83718951636
-0.0821594796245
0.856088169937
0.0212076983967
-1.36047773726
0.592337091464
0.813307866054
-1.31309107204
1.66533695815
0.949539628387
1.17564782267
0.609372502382
1.58626674207
-0.0161694261321
-1.13757210394
-0.659120131975
0.719773384863
-1.70703918893
0.997609116917
-0.445850203789
-0.219010660143
-0.06051783197
-0.302945363395
-0.493075301942
-0.0688737050564
-1.46762894142
0.22042806197
0.517212399777
1.63042721558
-0.287268132593
-0.614779961176
2.28851624541
0.0312240820732
1.88662503566
0.436680021496
0.474679277884
-1.54648251222
-0.691885134426
-1.52847808053
0.878988707715
-1.38381999327
-0.169814256147
-0.748429042822
-0.116495371904
-0.238746871111
-0.429942127921
-1.46885913927
-1.1904199524
-0.875747445942
-1.00816719183
-0.819206643858
-0.199275095821
0.000473918677633
0.949313915333
-0.541918793653
-0.613676023115
-0.288097629441
0.798268818924
0.58694809539
0.212758410014
-1.85512847946
1.50252149948
0.307567535487
0.915599598493
-0.089849041352
-0.486177028462
0.214934541805
-0.338094117887
0.937544431315
-0.295081706721
0.000582658984889
0.763054555642
-0.0402388197321
-0.279439389061
-0.697777230059
-1.20634134074
0.685342138117
1.67911544479
-1.34624165088
-1.62655844094
-1.0174080247
0.0968551039093
0.218503570131
0.654679582668
-0.470836012072
0.672270878086
-1.02286202415
-1.36177228316
-1.15600518054
1.20742539831
1.05780400102
-0.230591659329
0.21524877379
0.406407729191
-0.22297518421
0.532653822374
0.219952244086
0.209496135581
-0.377479119643
0.704839772124
0.328886504438
-0.319149028817
-0.539608912022
0.42117342612
0.905382644168
-2.44573352865
-1.07442533764
0.0593597163943
-2.3679772234
0.542782298733
1.36086445176
-0.428246200939
0.364394647631
-0.776670751903
2.23260262122
-0.163197289178
-1.5578237491
0.9527983884
-0.281858139605
0.184540818234
0.405278402891
0.907162114213
-0.0467203200891
1.7122702117
-0.214460240911
-0.0688049213744
-0.693455932836
-1.4561745216
-0.224092235114
-1.12861558649
-0.19626255268
-0.50352623044
-1.45748398415
0.51543782553
-0.313136964277
-0.32274774802
-0.159484388703
1.33637550263
1.29125444105
-0.0580107259988
-0.530379625396
-1.66666030932
0.270439486875
1.23537861551
-0.471769434013
-0.301494251263
0.304387119732
0.25689276402
-1.71045666967
-0.173207195398
-2.18668337951
-0.577902454436
1.05726604826
0.194599120957
0.321601852582
-0.895971997028
0.026361442818
-1.39848700653
0.0234282542976
0.79926210086
-1.48155767034
0.647877752906
-0.85256181442
-0.23685653406
-0.562551722377
0.688005911974
2.28481333255
-0.317860702179
1.00519421658
0.313232760038
1.81672427043
1.0960029038
0.253091385781
1.16967108641
1.77372543824
0.481213384357
0.22953379571
-1.05386137732
-2.23815232128
-1.27672803956
-0.378682701299
0.372902579276
0.300207646494
1.21389088832
-0.271883355557
0.61878321083
-3.23534228896
-0.0521799765253
0.301246004762
0.842156355766
1.12178139001
0.413255940935
1.11877486202
0.420462043609
0.0788116732881
0.813677494291
0.969516107634
0.49975138172
0.0431473803128
2.11981857616
0.997911534114
0.0348524189486
0.838060371106
1.13408641547
0.670539150535
0.851072050553
1.15544689752
-1.17434070205
-0.253342843966
1.54079115943
-0.75470808365
0.755602335017
-0.923212616256
-0.707144569107
-0.579586120412
1.74065813985
0.361894092411
1.01993685492
-0.115055657841
-0.919452750903
0.501071690044
-0.198475901713
0.159848960963
1.08502914658
0.47449084903
1.7324485238
-0.749041172406
-0.742957982652
-1.57452772387
-0.0188492579681
0.398083356841
0.560918103196
0.338540980797
2.04559810938
1.42890424745
1.03254542028
0.37573100898
-0.713215967368
-0.298379919986
0.720401536457
0.568155395051
-0.905248754825
0.0722064735053
-1.87215321227
-0.318806649797
-0.711871723908
0.78054909509
1.58437716358
1.19035428849
1.00688633966
-0.617012169779
0.910995591259
-0.203261206784
-0.0547977235812
-1.11362393026
0.13066962965
0.488476142393
0.189257145704
-0.834017535222
-1.5416926976
0.539802939782
-0.056499712863
0.582246286074
1.67482819541
-0.00941545656574
1.00074523216
-0.151433784967
0.763043875514
1.05685943075
-1.03240152353
0.45003286774
0.820445283716
0.462778336887
-0.552378457535
-1.86006883952
0.754689021828
0.570425281782
-0.782223066203
0.391105187156
-0.983816287483
0.199726006601
0.701157497607
0.686943793749
0.234921951086
1.17905826689e-05
-1.24918293739
-0.0368478706028
0.182901597188
0.349059718078
0.955899964931
1.21899588323
1.05311624118
-0.850578101201
1.72229036269
-1.05939663987
0.512850201132
-0.41720406986
-0.075106465394
1.65276673045
-0.3107478325
-0.324445626311
-0.997574627597
0.881391339402
1.06176506859
-1.04007358879
-1.17864433094
0.520856143144
-0.418937041814
-0.241137014905
0.390413789501
-0.868378546427
0.958594843469
-0.407953717565
0.0624408762922
-0.401281621912
1.00581968916
-0.935206653813
-1.43140848844
0.172571588319
2.31797042742
-1.68840250577
1.42794268997
-0.222610632946
-0.00411228073093
-0.702961558133
-0.522338921171
0.263440632169
-0.637439228816
0.659470448012
-0.665214644145
-1.15033333354
Score: 10