3
44
10
3
0.142362031939
1.57320337425
-0.44047165889
-1.07220783477
-0.546182176786
-1.43674704677
0.0223867535503
0.624282785777
1.4218315303
1.53735798544
-0.652794625293
0.782872917096
-0.00650225689432
-0.579158005475
-1.66168296113
0.257863780329
-0.410365915023
0.0149642769796
-0.971434637655
0.770976010046
-0.0790207362733
0.79316735648
0.464546325166
-1.2503994782
0.350613074342
-0.375446221417
0.439088208743
1.442512774
0.82002087036
0.883739234346
-1.74315940981
0.474761242976
-0.428763465387
-1.89476715935
1.223079263
-0.410672042909
0.31284943708
0.477420877323
-1.26926330097
-2.32091417113
-0.701786988936
-1.7631615275
0.114454443316
0.0680014930798
-1.36440610539
0.460163489025
-0.861504789557
-0.782899541711
2.43479939619
-0.787680002815
0.405746952046
0.121713611201
0.448237304069
0.501694980853
-1.01725056989
-0.0252802549034
1.007611665
0.175853770268
1.83882079644
0.429323865386
1.04094762795
-0.818450732931
0.587535057363
-1.33560664871
1.40827818353
0.321235498388
-0.0951068927697
-0.811269166537
0.278518153812
-0.311930866565
1.30745930004
-1.75192307684
-1.52582770299
-1.35293646108
-0.317208980643
2.10207390682
-0.564400239356
-0.0576401911632
0.458530394688
-0.331310822727
-0.365867154975
-0.324018527672
0.811351457079
-0.202550097827
0.0580857551428
0.314799272461
-0.824312233752
0.618638736392
-1.17132073046
-2.10638104992
-0.0376444407163
-0.760341464059
0.0446478094784
1.90545161038
0.373599814578
-0.768465379862
0.350440738126
1.65988519053
-0.33509909982
-0.378567452449
-0.387284021725
1.54501444646
-0.393907883325
-1.46593754365
-0.962208990669
0.012813630363
-0.213885118966
-0.331594050407
1.12826623502
1.24430680955
-1.45979517181
-2.72147101455
0.22291825346
-0.964909152926
1.64028813937
0.707071018556
-1.53800356651
-0.801459641355
1.03588792287
0.206484641023
0.435372673874
-1.07530855268
-1.74146727622
1.2043609684
0.160897805029
-0.170581289467
0.645534773601
-0.577460422274
-1.12180551893
1.25285727345
1.36349648089
-1.15105952225
2.13835845944
-0.666610008674
-0.71167369546
1.27253180575
1.36224427908
-0.487092007511
-1.60458741262
1.1637594351
-0.784064136672
-0.0764830627921
0.914525051266
-0.310425483106
-1.22554479215
-0.765846951932
1.04584510104
-1.75898358037
0.552062242973
1.3874232102
0.564561720436
-0.564822784053
-1.01290097156
2.88762888123
-0.197361541011
0.759936821321
-1.60669859624
-2.30324980902
-1.13961911004
0.194195051593
0.680203592295
0.679785200271
-1.13906896878
-0.321845831532
0.474801898053
0.292840027163
0.667394624255
-1.07725677707
-0.103612505642
-2.17157657567
-2.02519207376
-1.00506072343
-0.30255113607
-0.301545851371
-1.26024562206
-0.103064799139
-1.00698798564
-0.00488723828505
2.03380911809
-2.69687867377
-0.758739479808
0.07371997991
-0.237922835362
0.812285013416
-0.306811437381
1.37271760836
-0.441370665048
0.521846176755
1.12582828132
-0.791613623309
0.343798462745
0.123831227978
1.34983210744
-1.15199300856
-0.257006770061
1.66491491192
1.21043798359
-0.598007478668
-1.86292569354
1.34096374207
-1.26072663367
-0.15958904657
0.0398814293725
-0.912279374127
0.136825832175
-0.556444137802
0.627703797501
1.23220473438
0.228677575737
0.601894830814
0.716969222076
-0.650786110487
0.409198380868
-1.17182864745
-1.25078646424
1.58666412494
-0.656562659024
1.01757440413
0.246622204198
-1.18857994943
0.203584105627
0.893939476911
0.328387578031
0.697431127088
0.937906949748
0.426906975959
-0.444347467287
-0.753426827678
-0.024767108215
0.479895688999
-0.816034998593
-0.285311503222
-0.793577112259
2.10193084187
1.35353374896
-1.09051684091
-0.829023753423
0.322144972241
0.422483566855
-0.492089572422
1.23994282689
-3.15682235974
0.768406484683
1.08207187194
-1.60135079227
0.669380659426
-0.998398026437
-0.350648512628
-1.83477441923
-0.984855681073
0.404824864718
-0.569728204583
0.765852578192
0.159068177131
0.51599768497
0.71942309001
0.254325247168
-0.351853935435
-0.607967322019
-2.26129021914
1.25004964533
-0.379835933492
0.594111881459
2.54631867414
1.21693228346
0.111247196595
-0.444727218758
0.145251846092
0.228857557448
-1.50795271328
0.146782704904
1.11043256111
-0.515222642925
0.253735213059
-1.07812083538
0.893406708149
0.41441913818
-0.860319888219
0.690623994638
0.223473208084
1.42117092377
0.461089357154
0.29792194934
1.41046792916
0.998743379148
0.0189455475686
0.313538229075
0.444712079393
-2.14144872562
0.320099864553
0.844814875785
2.32709747428
0.507173772182
-1.34492869388
-2.53470043696
-0.656171839859
-0.626297006599
-0.457643952983
-0.639509829341
0.919607060013
-1.96057369859
1.0225223515
0.869622844375
0.813938045574
0.270117096442
0.636022036694
-0.323381829893
-0.778157945578
0.165546328693
1.11241227445
1.76372719402
1.06149680313
1.25799154874
-0.037367293352
0.23954815049
-0.877231548047
0.240865506113
-0.464872029725
0.7945962608
1.10493172577
0.624977824344
-0.251593231159
-0.356984475807
-1.27373309996
0.974775303562
0.478538382321
0.430727783926
-0.0561776391675
1.2032421155
0.825576123253
1.15825525279
0.544179808039
-1.1811560999
-1.41218999698
-1.18161453442
0.00518308876966
-1.42299787131
-0.46517694987
0.855578124522
-0.827620470726
-0.0564998552309
1.29677464021
-0.886378163457
-0.770893810563
-0.455130205807
0.474773433818
-0.668413888311
-0.115721087988
-0.233019448379
0.375796084565
0.509601689197
-0.376929266475
0.68657046648
-0.532971170513
0.294959750119
-1.44455004771
0.144130931014
0.897822001138
-0.370335858261
0.48794861921
0.898437635588
-0.295380554932
-1.70828901064
-1.43941316809
-0.268929333247
2.21951504616
0.179871785423
0.733643309994
-0.825776755683
-0.513316672442
0.712587252851
0.791543845102
0.0775806086344
0.199219473384
2.47195148559
0.168436896444
0.0837170767543
1.92014209147
2.48046225886
2.93601640052
-1.04586831497
-0.341136929255
-2.06380848687
0.536474319535
0.153605085966
-0.41978747272
-0.0467687343279
-1.24335440994
0.0811338686165
0.05427019587
-0.456177001079
-0.894067039278
-1.42128444562
1.78292949782
0.531329382796
0.675377145424
0.626952231599
1.01411881628
-0.0866601971213
0.106707796838
-0.333362143294
0.901003502159
0.397115116212
-0.235841438426
-0.507679468562
-0.830542245738
-0.428437561971
0.611759322581
-0.103509636587
1.36887374293
-1.42632556788
1.56673681643
-0.721674578096
1.46693926098
0.461550297534
-0.652473447254
1.31868030915
0.620174746887
1.42152054632
-1.74155117324
0.925803274744
-0.894764938201
1.0542237044
-0.591532324783
-0.0434298596761
-1.51209552177
-0.971462014145
0.925759235639
-0.160380113399
-0.200760365605
-1.53375458972
0.523635976141
-0.518135645506
-1.04114246563
-0.204910593674
-0.320830899043
-0.447898797944
0.240059115706
-0.549992902853
-0.0174090438308
0.0791881737668
2.21772505585
-0.762044238851
0.0942593921386
-0.0899402654703
0.29397986209
0.102036493014
-1.26339771058
-0.168463049664
-1.48472921267
-1.19833273748
-2.61136825624
-0.875557839015
-0.80917990253
1.08846146053
0.00455681374353
-0.231145431229
0.862590993085
0.380348793114
0.803433173348
1.54578385003
-0.12560181218
-1.63849772571
-0.543034471833
0.103847009911
0.114347389342
0.0758635449761
0.164199895328
-0.43858476543
-0.948328933936
-0.19946932625
0.691101383739
-1.42243837483
1.51489191925
2.3803705705
2.08013221086
6.73140730641e-05
-0.448167200655
-0.31936292031
-1.07661635465
0.420595974039
-0.0575782229324
-1.3972524257
Score: 13