3
44
10
3
-0.881956715354
-0.692793956257
-0.317179574759
-0.81759407645
-0.0402576564517
0.51222151105
1.35924169671
-0.214025085442
-0.293757183056
1.0707172588
-1.78925329671
0.0735306118449
-0.804616624589
-0.913140287252
1.8070500517
-0.689614355356
-1.65176999751
-0.664545121444
0.768304107358
-1.22836948162
-1.64226180033
1.05891571834
-1.06922822904
-0.623803308901
1.49643004801
0.535746424474
0.812348352258
0.195142619452
0.829604019584
0.626807706078
0.841285227545
-0.541205470736
-0.465740679271
0.299254406463
-0.686849389716
1.80455596391
0.237743031713
0.306289509836
0.0352804938287
0.111782794396
-1.02830597319
0.344506324169
0.708708310725
-0.0226082902447
0.0855454442833
-1.27935262624
0.517190929655
-1.36647333953
-0.0982214815358
0.619029594357
0.464708591328
1.66747058425
-0.816759520854
-0.927154903735
-1.49470896425
-0.872326800211
-0.031553635582
-0.16741490981
0.610497719234
-0.0190613756675
0.0163584351977
-1.08986265396
0.105748187464
-0.849313679119
-1.53791572668
0.169596795647
-0.14947613129
-1.14453475473
-0.273961798906
0.130787368586
-0.41919703915
-0.249065777873
-0.406355754401
0.714219067014
0.171800441421
-0.870920006251
0.282417086049
-1.44635510361
1.84544110576
-0.700573745895
0.222260303054
0.944198504587
-0.326730054814
-1.34095304331
-0.799300322326
0.540640258591
-2.34756394123
-1.13000589807
-1.22136557328
0.146783138605
-0.482511884914
-1.27641969038
0.127663355873
-0.0169857305296
1.26106296968
0.337394189582
1.53322227348
-1.59654617021
0.189588124159
-0.436083855818
1.8235644072
2.71802628838
-1.06811519339
-0.752093508977
0.392535161136
-0.152865655683
-0.37188530719
0.376444896998
0.294252803645
-0.493980629363
0.577656290441
1.63213712472
1.58366960316
-0.622867539668
-2.50359808638
-0.245806998044
2.05879047415
0.210805102658
-0.210332020815
-1.28488898973
0.79669550094
1.35411888463
2.07045660107
0.240210071112
-0.571014055172
0.461746081578
-0.455518811288
-0.810470102613
0.458716431902
-1.64891467667
-0.327136087878
0.365292331745
0.298216498901
1.48315338674
-1.36576853363
-0.758176448625
-0.85075787412
2.92625368008
-0.118330146679
0.404667990598
0.379008272092
0.151097647
0.203596547848
-0.157830863144
0.69276461586
-0.821953933042
0.272692477162
0.0783003700103
0.459308145413
-1.48619945036
-0.522374481195
0.326265987283
-3.90003132341
-0.106563782694
0.938893853325
0.0721519235761
-1.32809560969
0.609701648294
0.85053132134
-1.39317181222
1.70652844306
1.05438323599
1.1543842724
0.658136707317
1.55910484751
0.0381318116026
-1.17195673106
-0.743453990351
0.706803334782
-1.74139328272
0.918878857034
-0.52396692174
-0.237053928272
-0.0519532572907
-0.270102261777
-0.515504390929
-0.140463950268
-1.5027568019
0.171566067209
0.521842989267
1.58232269026
-0.255700336856
-0.649687757164
2.30554820678
0.0470162238057
1.96806647635
0.344424459346
0.444688920064
-1.55296753838
-0.585660851721
-1.66489325698
1.07020940843
-1.31946257279
-0.146349936763
-0.854214843591
-0.157216628583
-0.27006850653
-0.574768691109
-1.40722964683
-1.24555796034
-0.865660382652
-0.934266859095
-0.783689619681
-0.342579623431
-0.0342109801858
0.910971747596
-0.583268974062
-0.635865715214
-0.353545564065
0.757501194302
0.561320888399
0.105328328485
-1.76444563668
1.43269199149
0.246525697325
0.8832715848
-0.10608906075
-0.497200430029
0.206919621831
-0.481031747289
0.955907594054
-0.237765838523
0.0309742105707
0.824550598948
-0.0561248421795
-0.22785274939
-0.671126745464
-1.25603144115
0.582192759768
1.67116051337
-1.3604061457
-1.53976982167
-1.05266872792
0.200122233346
0.171983012609
0.671073173701
-0.459526146999
0.568281625148
-1.07730802894
-1.39225034468
-1.13877640905
1.22421122766
1.03507017375
-0.401486680222
0.191601261979
0.426681963889
-0.284955062676
0.562551338808
0.107199938268
0.147948679134
-0.418277230397
0.685646372137
0.433682178355
-0.295575893813
-0.587212573328
0.327158095443
1.0258434157
-2.44337002655
-1.0326192517
0.068806991777
-2.44904177715
0.554837339736
1.26082387039
-0.378781901885
0.298401513044
-0.781589830391
2.16427525543
-0.115042540726
-1.64249519476
0.95166067035
-0.201695169718
0.069190501725
0.346120577579
0.962079791327
-0.0576655638803
1.61667602641
-0.339153362153
-0.0987003734202
-0.604719816201
-1.43122293758
-0.210776166205
-1.18014212629
-0.211249506356
-0.366195228219
-1.37531535632
0.443303634088
-0.281891969019
-0.229826481713
-0.123995176406
1.28385024322
1.33434621028
-0.0563531028073
-0.446456904759
-1.65902077346
0.315613701563
1.26999510799
-0.490716514658
-0.399334521238
0.365397609988
0.189347974333
-1.70257980805
-0.217362812432
-2.15804452691
-0.575993203589
1.0454452034
0.192597094191
0.33238901595
-0.888876637237
0.0982969508666
-1.44702531005
0.112609537322
0.726561464616
-1.50909086623
0.621669611978
-0.840376657197
-0.194072790087
-0.522676673254
0.729759157024
2.2910910886
-0.437152518294
1.05909244219
0.268827719543
1.8293431893
0.930067909994
0.233315584234
1.18983801344
1.76683335633
0.539986463946
0.271598712684
-0.959838690155
-2.28935110729
-1.25208664404
-0.3813290326
0.368554177819
0.404385879925
1.13395488975
-0.335415339489
0.662513303886
-3.17981393101
0.064919843427
0.382620686367
0.807240641838
1.1221714476
0.418558992099
1.07504535397
0.275377009408
0.0545407271675
0.884416750851
0.965409681066
0.520472732802
0.0301502399487
2.12997826119
0.962996243523
0.00279218127394
0.75838180473
1.07168552689
0.790467191563
0.775060988701
1.0915808506
-1.22055823676
-0.224917314843
1.49137785702
-0.781839675574
0.780677373891
-0.803437718291
-0.70227295906
-0.414709750779
1.60321014321
0.213621005872
1.04077672392
0.0826018094719
-0.927128777187
0.552935325492
-0.111603747338
0.233594833775
1.02057270062
0.422139891672
1.72489356195
-0.794801579209
-0.631268095913
-1.4643831148
0.00860674650257
0.345407088031
0.586211752719
0.364020422653
2.03590468253
1.44531459634
0.991753732255
0.381556579987
-0.697466284564
-0.207790696652
0.751419836442
0.409864596721
-0.957527247285
0.0256773707583
-1.88144600541
-0.38269042684
-0.691471544877
0.661342773159
1.64628841231
1.22286197542
0.9476478545
-0.590499066503
0.908299332874
-0.261307446119
-0.0917350768883
-1.02503682229
0.191913552266
0.515811655582
0.162946284667
-0.905487221831
-1.495666849
0.479784752378
0.0212180098174
0.594538656906
1.76687743216
-0.0307883047981
0.902041321634
-0.0787180711184
0.847181942056
1.03424006654
-0.979201875072
0.515147515047
0.860825035486
0.513915663508
-0.606982446681
-1.79921958285
0.838671753777
0.661037724593
-0.81038201335
0.385751923571
-0.979521679058
0.115518677901
0.657087310639
0.658103731627
0.222270978905
-0.0210521692174
-1.17488796421
0.0080335763545
0.234246574405
0.463920110224
0.922954392482
1.19070798599
0.990311816262
-0.876783832884
1.76308857016
-1.02681562046
0.735864460328
-0.37470006852
-0.188668503663
1.62269011983
-0.292419653734
-0.212210554932
-1.10697234877
0.943919375831
1.13709334789
-1.03443738604
-1.20233113013
0.594721863981
-0.423965299015
-0.365646862788
0.292923281331
-0.967840226447
0.834600855085
-0.405915241705
0.0641805711015
-0.398806612083
0.924945744422
-0.888419670649
-1.47606482774
0.280444057249
2.34513896448
-1.67752461749
1.3720764646
-0.286168021426
0.00425050220707
-0.667209782106
-0.439836236619
0.28457127235
-0.779289817501
0.613262058891
-0.696131659416
-1.29967907745
Score: 10