3
44
10
3
-0.781655855283
-1.18383927479
0.857471209919
-1.4253933424
1.29146916071
0.796798072151
-1.40178068109
0.109144969168
-0.741301786344
-0.338702276602
0.153137767813
-0.413162904839
0.108412511313
-1.03698601606
1.63623642005
-0.0593762225865
0.196599501276
0.485735353089
-0.5360574652
0.514820881845
-0.667857743593
0.166073626735
-0.771402104584
0.956614104193
1.77827409485
-0.684580353888
-0.596075615623
0.0399763366351
-0.892225838368
-0.363570516064
1.41458715435
0.0938357430015
-0.240377339118
-1.74549928903
0.0283661271925
-0.238073945547
-0.244448402033
-0.644315632613
0.0828600220131
3.42289468848
2.19095600684
1.01616032372
0.996308617887
-1.7761533174
-1.893460668
-0.205066822358
-0.64287227806
-0.156166726953
-0.642244437763
-0.578210072843
-0.206118081594
1.05703159323
-0.18339505288
-0.404716614426
0.105192095033
0.431283398995
-1.01608888689
-0.206358237499
0.182020798201
-0.804128503143
-0.173377369643
0.45315927928
1.63915848565
-0.110747521147
-0.382484659567
-1.05650810888
-0.447431092083
-0.807762980141
0.844915729582
-0.169585820333
-0.282455604216
1.06338772376
0.24404655905
0.851964145382
0.0934949218377
-1.81969463819
0.898208948432
1.02834574587
-2.05549829621
-1.50915943508
-0.11174038108
0.276678301788
0.968191841019
0.162071864692
0.226827699592
0.48596330219
0.164185403698
0.995059571356
-0.532520369643
0.86118848629
-0.64616421828
-0.0460400443364
0.0632562858242
-1.29849091256
0.5255503845
-0.547576226048
1.3965755298
-0.28521758686
1.04994772417
-0.904254001029
0.562060817266
-0.885426722104
-1.72183970313
-1.83817684154
-1.16197462118
-0.7963631402
-0.952240436242
-0.733983584094
0.301387700446
-0.454683712507
-0.353415312972
0.0440563612476
-0.930606844669
1.38905665233
0.399105633901
0.315010585623
0.400922278314
0.901523103345
0.282731940456
-0.379737326067
-0.212315618528
-0.00426326376306
1.27623096489
-0.0770562402583
-0.651969932074
0.526427583927
-0.381098920738
0.356045427258
2.25966941251
-0.242124652362
0.773318518356
0.402787169595
-1.20912018917
-0.217012204641
-0.553003474249
0.616398419625
-1.69061843026
-0.157278453786
-0.64407102843
0.425197644525
-0.279047915878
-0.506768264772
-0.624002457951
-0.253273049106
-2.39984250498
-1.10439291097
0.557701470893
1.1134880023
-1.26162115258
0.69170554126
-0.782621906423
-0.786127696867
1.25794246212
0.732612853284
2.14573018143
-1.09301377034
-1.12555185035
-0.200524675884
0.647668603813
0.141606103404
0.856730954069
-0.452036098531
0.879295250225
1.17608007348
-0.22277088826
0.455929378312
1.5845112238
-0.0443235565492
-0.45029697306
0.101048776253
2.37586624622
-0.948881326971
-0.257783906024
-0.265257339009
-2.24482026822
0.773401931677
-0.58772455242
-0.0157256849971
0.306679841206
-0.402783811033
-0.688224493149
0.722134001245
-1.42397382077
-0.131096203929
-1.43565621169
-0.361622672985
0.991199086961
0.890817280779
1.80233593494
-0.523984719356
-0.00392738467122
-1.37331308663
0.953909019862
1.09601048686
-0.0684935403038
1.13406209344
-1.01737693553
0.0251665008852
0.215961519405
0.612231980056
1.85498531352
-0.49397544309
1.3602521171
0.2919569782
0.260208251323
-0.435322281745
0.501149767416
-1.29736758044
0.800148899845
0.834059198861
-1.87385736563
1.42841777917
-0.492636593118
1.32236011779
-0.226345866772
1.3335967893
-1.06110577047
-0.512331956876
-0.736034479186
-0.579156145463
1.20356605956
-1.71577932638
1.2015280379
-0.318100194262
0.393928118201
-0.492013849878
-1.29197469438
-0.381710541079
-0.0662564050316
0.829799315287
0.781046335514
0.0116318631048
-1.6163261073
1.12519151377
-1.60408605999
-0.578107961403
-1.51098751455
2.21331829127
-0.331916933018
2.17952800018
0.15165478823
-0.702507356885
0.128212282841
-0.139893807894
-0.123615216733
0.943452411406
0.615132518185
0.683113041706
-0.505599847065
-0.591308588273
-0.879639532988
-0.983422665922
-0.37652704625
0.300776350781
1.08257340746
1.28006058709
-0.773336213621
0.293458371364
0.486314410935
-0.162219183833
0.324746052813
-1.16879640446
-1.01680979155
1.64807713397
1.02584772233
0.9738871678
-1.92226249837
-1.05184517964
0.632226527864
-0.0200162240188
1.4588557122
-0.820797794158
0.866515675722
-0.48218566518
0.667054875809
-0.211175182312
-0.291490561459
-1.28840548824
-2.07794246257
2.43158670793
-0.557973828808
-0.584054698545
-0.313629400709
-0.458100954176
-1.02533740608
-0.83552573563
-0.0176886241955
-0.797762575108
1.52806577988
-0.157528864367
-0.786055206399
-0.872176708863
-0.859276498384
-0.274090051789
-1.9325362664
-1.49874993056
-1.31599895945
-0.00637739871107
-1.08000476248
-0.0197340636143
-1.66412928649
-0.422660784518
-1.12923894479
-0.548142126323
0.784479738136
-0.982954457569
0.541253452849
0.311067634145
1.59481142386
-0.0967121973658
0.0455538528306
-0.640340835498
0.988662131833
2.88045768113
1.6960534056
-0.588696724225
-1.71336251826
1.87013281501
-2.79470732693
-0.310645706428
-0.278727952017
-0.401731660816
1.29663014157
1.17976664493
-2.15273195844
-0.633375578854
0.854454276621
0.216832739812
-0.0131678399505
-0.984118917898
0.348757979595
2.74088999046
-0.553522476478
-1.43344640361
-1.18380103519
0.756066852632
1.86488166803
-0.314810163853
-0.383948907567
-0.136238494618
-1.06415273394
-0.394515966061
0.508888645824
0.711308636288
-0.918640190538
-0.378291864191
-1.0344776182
0.499728860177
0.367933472285
0.407236193108
0.0495132468719
0.570127988123
-0.572389362129
-0.168827133342
-0.541967618449
-0.0504850328577
-0.312615518711
-0.761025102386
0.165952236703
-0.014735086743
0.451590795171
0.742297474343
-0.267743492555
-0.717612839022
-0.42330996075
1.46614983733
-0.859631907614
2.58794027524
0.0003591638529
-0.631404823964
1.47218232159
0.31344791226
0.202593726502
0.408965049434
-1.10009586341
-0.416925991821
0.570256797789
-0.68276506818
-0.87935611381
-1.73890734058
-1.76745846639
-0.362693023908
0.108837419647
0.973043361252
0.75661108824
-0.183156377768
-0.194167114839
0.117603276804
0.497098102502
-1.23390844075
-0.527307621963
1.51808330115
-0.583121725275
-0.295040986323
1.6057839545
-1.03731954171
-0.245036255287
0.236744348162
0.634596862011
0.0336225656896
-1.20527365917
-0.169869216058
1.68763930601
0.907699857138
-0.18262570764
-0.795692703589
1.19554616509
-0.791630508828
-0.59421491806
-2.24428659123
-0.173571963757
0.0267210121053
-0.109166124815
-2.15120250978
-0.101302721421
2.01694599781
0.499839486641
-0.542841555841
0.114587589122
-0.408875032365
2.43215660591
1.51818206935
1.52892750455
1.30055599344
0.746794296292
-0.386965826395
1.25772419859
0.236495153801
-1.36082239929
0.97899542701
-0.542892947832
-0.611863852891
-0.132682025632
-0.855914033496
-0.343235750363
0.169810974066
-1.92111181799
-1.91841463846
-0.429071066808
-0.221582793568
0.907793443152
0.621050360267
-0.313652256703
0.325942366433
-0.299973654684
-0.700412706125
0.0556307876509
1.6694565349
0.36328647478
-0.17562249015
-1.01924355874
0.0779783611422
0.172205247154
-1.30467739684
0.368850630134
-1.11165398961
0.977122376866
0.332777619577
-0.979947874118
1.05202682935
-0.317807069126
-0.796715856305
-0.995735900908
-0.311413584486
-1.00452797406
1.03254337659
2.3003900335
-0.242713338128
0.000118193491731
-1.84026979653
0.272797656246
0.535472085374
-1.15427381354
0.177400788704
1.22852074733
1.46728317301
-1.26724117742
-1.22585208374
0.619421832335
-0.346708482625
-0.372164304186
0.666543545179
-0.124879715838
Score: 1