3
44
10
3
0.152024935752
1.6873018753
-0.527124350031
-1.01343633783
-0.477640703435
-1.79626588484
-0.107540537084
0.724944069676
1.50795020806
1.47306290228
-0.977585536351
0.719035422019
-0.122385458285
-0.853977107514
-1.72441351837
0.189758111443
-0.409563251523
0.0120543183853
-1.13036112181
0.706156221363
-0.332665388656
1.00629150802
0.574535231921
-0.987961115091
0.328940562657
-0.109821560256
0.389064136531
1.25908624524
0.925630947469
0.896754501072
-1.64422539919
0.375891366615
-0.53033622973
-1.96708814128
1.32266733444
-0.345921390011
0.0933365525865
0.465179696074
-1.3302713025
-2.38533789853
-1.02936343249
-1.45328583501
0.186081956268
0.0116327704606
-1.51936533152
0.336281075405
-0.963776059797
-0.967349426729
2.5472200816
-0.937074619576
0.512873886471
0.292934129876
0.406147519712
0.713630591182
-0.515919679952
-0.284487380919
0.761168573973
0.342005598979
1.68294691887
0.492507795312
1.00076675466
-0.874672880854
0.635667481767
-1.28126910766
1.34041259415
0.557095720814
-0.100724666998
-0.652268607992
0.179490933331
-0.348652972839
1.21649398843
-1.60972334188
-1.50900714217
-1.28094291625
-0.210026046397
2.06768078471
-0.566374861246
0.141617141931
0.371547739688
-0.255567278258
-0.508027025551
-0.45034953486
0.712911537279
-0.0732966771792
0.322872113291
0.304384951763
-0.991338192692
0.881070171973
-1.1736759034
-1.65942949394
0.110000915609
-0.637777512366
-0.124744500107
1.89017875912
0.278963807895
-0.701161222946
0.549037947577
1.81705624673
-0.394613364393
-0.178393124737
-0.462353300982
1.48310580812
-0.327319782512
-1.32950888186
-0.792584807502
-0.00218258536992
-0.0663819741809
-0.275798430299
0.804939993305
1.24006243129
-1.36689954251
-2.74867013858
0.30745966074
-1.14013497173
1.61489538915
0.710475599712
-1.76464923078
-0.784092270452
1.05748470761
0.000831602580103
0.326934828016
-0.971533615167
-1.61124102415
1.29569077913
0.209031740377
-0.152788140778
0.661112819599
-0.646425246854
-0.949130129767
1.2634323908
1.55704680669
-1.14691345657
2.00650803948
-0.613810021522
-0.494810867687
1.4680078957
1.50784942347
-0.429659332528
-1.67602347665
1.22500957967
-0.798781469704
-0.36202201103
0.665342816441
-0.230016794317
-1.63522489747
-0.894016113683
0.728516654451
-1.87644039859
0.580590746118
1.55430965233
0.666247246186
-0.657822392094
-1.04836655794
2.94654382172
0.0762994306479
0.806344036374
-1.54210452069
-2.45719886533
-1.54804667085
0.188258857811
0.624081279583
0.792119969102
-1.04053739398
-0.34109065955
0.587942347844
0.153144042522
0.964300639505
-0.80916904563
-0.291339572395
-2.09152882813
-2.00491017746
-1.02318094554
-0.155464401943
-0.176162218459
-1.15348040606
0.0570001310302
-1.22815735673
0.271145378148
1.86897986904
-2.50230374636
-0.483708373339
0.109244690091
-0.247630558655
0.733232217744
-0.143777292405
1.3848477763
-0.536063856951
0.419630008543
1.37734372401
-0.655352483123
0.597670708734
-0.111426777418
1.152085261
-0.947020172289
-0.218799592835
1.31229719701
1.33567766781
-0.448664435031
-2.16002857452
1.45112915381
-1.12272359502
-0.182512303422
0.0313573115203
-0.864195727755
0.272313741489
-0.747112608303
0.817418544503
1.22289591487
0.0325497753897
0.644384421999
0.62707978571
-0.610430796402
0.221646917155
-0.841603048084
-1.30591770073
1.66391513137
-0.469750646179
0.655281913752
0.264767727434
-0.971244005229
-0.00495339068027
0.9517453626
0.469368787741
0.600968606644
0.653752106255
0.473930791109
-0.34675860262
-0.822652783902
0.0692167489222
0.606575663628
-0.695180725898
-0.364835743519
-0.298899599669
1.97094471756
1.45577736784
-0.870796421355
-0.978185849184
0.255489494226
0.118476948949
-0.352113569485
1.45521819625
-3.21192287241
0.411963117548
1.39372608287
-1.62011002446
0.438166071184
-1.00846339559
-0.415782152952
-1.8160821444
-1.21539114315
0.155105376562
-0.384903508821
0.563011307713
-0.0505854231302
0.388207852821
1.00516365667
0.305214176633
-0.554612961955
-0.81337439055
-2.25069204107
1.24212461732
-0.189829462844
0.487310241346
2.37401367307
1.42455024798
0.327351103616
-0.305944940869
0.132246769469
0.0729422556516
-1.6142545
-0.178085777233
0.848078051992
-0.878868735729
0.0630322596264
-0.956681359089
0.898484614303
0.18598066309
-0.705575282806
0.938561982783
0.287378946977
1.09867325549
0.458446349684
0.307460663506
1.2018690505
0.946859676324
0.163464460097
0.269620957864
0.238569403541
-2.01943733869
0.299307640469
0.95767924295
2.22732912713
0.638727123608
-1.40181595459
-2.29875402544
-0.532534912553
-0.703430007739
-0.327584849599
-0.572278967621
0.94604558669
-2.14174410716
0.915801024504
0.479193172169
0.772592586926
0.0990037899648
0.683747629376
-0.31878225291
-1.15025370924
0.232304849433
0.967790484737
1.44444131748
0.996485418501
1.24419443586
-0.373778228893
0.0796451761553
-1.09737185954
0.0659881900885
-0.352712742279
0.812264247293
1.36567974056
0.58060926322
-0.195179163431
-0.251903988666
-1.11343694118
1.13355343082
0.783071926223
0.368324751488
-0.183166282222
1.38732527647
0.937441708597
1.59774244783
0.0977351967954
-1.37923624999
-1.58678520792
-1.16530865615
0.0344137210895
-1.22106375701
-0.489390534415
0.889937320489
-0.943959078615
0.0623223314358
1.33003975221
-0.693997708276
-0.954723756803
-0.504047966566
0.504866854227
-0.686418303596
-0.0042596641625
-0.148206087004
0.272351057892
0.457495916471
-0.546898522695
0.677620838603
-0.549798611293
-0.184716060372
-1.36385509116
0.150724233186
0.735632155495
-0.424004099958
0.650484825474
0.947334427424
-0.0324485407678
-1.64257590306
-1.58679891682
-0.364358810309
2.15747239781
0.0248596388916
0.628943933407
-0.544047240846
-0.427511221422
0.907133949755
0.6766986708
-0.0455092767098
0.1589965023
2.50030122683
-0.0743306264829
0.143290191799
1.69960974708
2.75253985576
2.62202804536
-1.28377542326
-0.157174221859
-1.9461842288
0.506557542499
0.210533813381
-0.545385034043
-0.169128784087
-1.27739635807
0.151953256109
-0.131164739347
-0.452756478092
-1.0017126832
-1.4747722905
2.08168834204
0.360009934906
0.493417974707
0.579109501452
1.17938579279
0.0919767675294
0.341713561557
-0.0797597147
0.957423591557
0.501939011909
-0.346169965333
-0.487848334008
-1.21821351011
-0.241845144791
0.458556562604
-0.0823070427767
1.34471392459
-1.50210910517
1.64796929616
-0.99496179605
1.40819391039
0.286217585799
-0.534562533199
1.24951517758
0.588772564653
1.34069091804
-1.78926115445
0.812629510983
-0.847868971065
1.03441662965
-0.727526868951
-0.305932760457
-1.579556988
-0.731653034479
0.782065792945
-0.00432783861549
-0.0201027930434
-1.4052676566
0.438270724783
-0.831993103409
-0.990734828282
-0.24200366856
-0.244011258147
-0.544233969423
0.223278582557
-0.44653248752
0.0988164637183
0.0578630680426
2.12385397089
-1.13042668811
0.314727801549
-0.00129099693387
0.0772568554681
0.227755013512
-1.33313095364
-0.0524711263867
-1.75789294875
-1.27672433093
-2.77800599121
-0.936070019966
-0.508092346786
0.944987719218
0.238798631062
-0.0937234513731
0.756048545352
0.427650900999
0.914906008798
1.49511817767
-0.324950143349
-1.35973489356
-0.336909280948
0.147442127367
0.102198852286
0.0654644597497
0.373030132733
-0.485546742456
-1.03558507327
-0.36149330606
0.812886069717
-1.28271586743
1.20810968881
2.59188090818
2.06362616485
-0.151733488891
-0.399308835685
-0.388587847912
-1.14255271454
0.366022230949
-0.0539790485986
-1.56076121433
Score: 40