3
44
10
3
-0.0354453470028
-0.363738888961
-0.275732049905
0.557846835933
-0.262315590569
0.816822293345
-1.28537243317
-0.00433013852783
-0.168646188917
-0.50088143909
1.29085877124
-0.299987358598
1.94406183642
-1.6697229698
-0.511450219314
-1.02047869477
0.624903282051
0.00115121309089
-0.806733405869
-0.435311443166
-0.804788081457
1.30630867765
2.55530408497
-1.38568913152
-1.78288602928
-0.199598035435
0.63920747551
-2.55662647416
2.29118087663
2.52504869942
-1.76477528108
-0.226023719492
1.29263718179
-2.44073483988
0.323515298713
-0.711006687922
-0.929071233149
-0.645245573465
0.00590564266251
0.154718185094
-2.28866843038
-0.466648181036
0.0324370434325
-0.99368206649
-0.000692313245353
0.0955665648231
1.13363405564
1.16491655256
-1.09769751475
0.122566230868
0.967905251484
-0.264716630226
-0.121895823041
0.877822833367
0.500110535367
1.15978218806
-0.22297628716
-0.847565916448
-1.08638843968
1.45220709719
-1.38673886897
-0.962919642548
0.116589362177
-0.535085173455
0.308931656341
0.898228981281
-0.215047113945
-0.0248185086558
-0.375692657722
-0.39210849963
-0.861560703595
1.32863079696
-0.345439131001
0.158392185812
-0.381322359246
0.423406019597
-0.11584177037
-0.182237523379
0.939145244672
0.231467728235
-0.0686380227511
0.232767061722
1.46568503035
-0.300103718559
-0.937133093358
1.87659784585
0.336192731566
-1.75570773743
1.29232328961
0.815695091311
1.18737117577
2.0056106294
-0.0175621948627
0.717940600915
1.22332492503
-0.799120172823
0.694050149246
1.34926635911
0.80361353492
-1.04033052428
0.249642228801
-0.543505618941
1.06211259924
1.77576580632
0.840269537842
1.28906486126
1.0835527502
-1.33279037064
-1.96686520086
-1.28203792416
-0.51883424032
0.854962225014
0.814113011337
1.39746044443
0.0682400001607
1.50998967951
0.106336918591
0.262264919632
0.18369196973
1.76804320852
-0.159233194666
-0.93516536402
0.798780002645
-0.44295990264
-0.101640379231
-0.207931256656
-2.48260313571
-0.293893523658
-1.29119121062
-1.11752069791
-0.547875375619
-0.212530215591
1.12804141262
0.904478221393
-0.236689957863
-1.40796223097
0.625818285076
-0.535217799533
-0.161674506921
-1.20480685722
0.0987310875306
0.0366902983402
1.33704120216
1.19221321455
-1.39299955091
1.88905999965
0.213082122489
2.06259663659
-0.878902956409
-0.778549505319
0.559343505928
-1.02549330008
0.511147645771
0.249826701274
1.22890113839
-1.09818823325
0.0556102305441
-0.536456120587
-0.82941583682
0.00583798515474
-0.494454915039
0.95171389034
-1.3297109102
-0.133132629596
-0.305551857616
-0.353912737309
0.742339411858
0.514880355591
-1.84066236625
-0.716741163751
0.536061703538
1.43170482165
-0.236031256903
0.33447799504
-0.0017814289856
-1.82125048032
-1.57096285281
-0.573000487681
1.06941057205
-0.674355862135
0.890397355178
-0.36422876898
1.00516967823
-1.75875335177
-0.424068640595
2.26567521945
0.221026824443
0.149466402732
-0.849186678933
0.509902470948
-0.0945294338741
-1.19930160823
0.689707377398
0.952870319575
1.5220687203
0.405555213735
0.794221893388
0.895627162144
0.095703192456
-1.79683621953
-0.338408794374
1.73810552495
0.751496363745
1.71337032749
-1.30050878994
0.11813268792
-1.08344315223
2.02790881591
1.8450005626
1.08491632656
0.411315456068
-1.27353805517
0.118722040102
0.404737223207
-0.160108717158
-1.23685892069
-0.104050121337
-0.877963970068
1.35068142748
-1.47184323232
-1.18222637103
-2.77443880911
0.448162241129
0.277813881987
-0.12192198006
1.91805972119
-0.590768175179
-0.24724750635
-0.910328332075
0.454997341738
1.34739038568
0.178963606399
-0.289891239211
0.210124612513
-0.292838222863
-0.422182394614
-0.438317954484
-0.443350533642
0.161526445707
-0.258145238273
1.81624038453
-1.66324385819
0.693383426973
-0.969840329171
-0.448006070096
1.33445506342
-1.20963597675
-0.427925876223
0.0313094830349
1.45016015308
3.07910367615
-0.670727180525
1.12987224484
-0.704159618629
1.22668725147
0.821381118864
0.388709062328
-0.570535322796
-0.271057832626
-1.06072710866
0.600393049857
0.441824350853
-0.981003363824
1.83107006021
1.89009696403
-0.666851542197
-0.823896505617
-0.159380122568
0.0592873687837
-1.97715510294
0.832698966069
0.874044315907
-0.585884708585
-0.774775783714
0.50223377725
-0.14855001316
-0.660221036523
-0.253202654961
-1.54254302462
0.444745220276
0.102097118476
2.19722673631
-1.12470271103
0.37135289537
-0.745368124961
0.519229841992
-0.00632742743152
1.42203745679
0.3008450515
2.47287862864
0.603669922243
-0.947129733309
-1.05412047709
-0.0967583714656
-0.354696543516
0.551894208877
1.7197113975
-0.55407813995
-1.26906052147
-0.797273997086
0.228133654526
1.00149446551
-0.419364888355
-0.51732497403
-0.861024116686
0.940658886483
-1.09894579597
0.219930999367
0.918762979378
-0.0420000467493
-0.00899226396885
-2.58301688723
-0.154878839067
-0.59018473118
-0.954345462287
0.841021075927
-0.129505109996
-0.46481357028
-0.830144236373
2.1653900105
-0.726612302752
-1.28326656611
-0.460045567247
0.705157696992
-1.81891648549
0.0912881757728
-0.251273950909
-0.940060008954
1.38522652627
0.967073707698
-0.342894010906
-1.66805010832
-0.248982445387
0.549162492661
1.22434706017
-0.516236841482
-0.394699824418
0.70303217528
-0.985407394445
-1.10072198866
-1.14822503905
-0.00838644146348
0.19329930896
0.976704674949
-0.208476115196
1.90398218892
1.09471105026
0.982895202387
0.168756069907
0.895274025431
1.93198952891
0.668712795986
-1.58584122662
-0.8713166382
0.429549367372
-0.59653492156
1.57931182183
-1.15520929408
1.40283216996
-0.211308514057
2.07724126169
0.14209494028
-1.43193273187
0.180303261745
0.752432595646
0.440009290148
0.186911235621
0.392242139504
0.0587794635871
0.901147136913
1.47128509276
0.270143380541
0.385216029206
-1.19905521205
0.0708662205117
1.33820041687
0.614821543301
0.352546892788
0.413575763821
-1.49201397636
0.918913273886
-0.488812692227
-1.00665569565
-0.00129314986671
1.70652171408
-0.58701878268
-1.47461993236
0.427919752888
-0.751523032048
0.54599617608
-0.246506650612
0.369038490122
-1.20503694644
6.58811324691e-05
-0.500165984856
0.593097647609
-1.32539580012
2.35439549969
-0.410865506965
0.394415622513
-1.57980861291
0.0982954119416
1.73106826164
-0.185469272444
0.600135554957
-0.534226968438
0.244620342829
-0.710319912716
-1.30005565734
0.360771648316
1.70899529029
0.0444190529994
-0.859058766582
2.60470506695
0.306675184578
0.197030602383
-2.49890431312
0.859437004434
-1.08427478487
-1.14908387788
0.264877100159
1.90443531183
0.886171339147
1.1901603906
1.90186806879
0.458245643357
-0.991053911845
-1.4661744989
-1.29100709657
0.490686034789
2.30605051919
1.47149798932
0.123561003888
0.177120123638
0.0297969724546
0.293522792089
2.66175488027
0.0388624728086
-0.123456267588
0.557867901081
-0.70009135779
-0.270667800595
1.74632358401
0.205540220917
0.627809698958
-0.51521488377
-1.14543861366
0.496737548603
0.127036608185
-0.750783789499
0.418304173586
-0.521802823108
-0.555468216158
0.729936882823
0.0456899631376
0.169323779474
0.813282950148
1.28773518818
0.968285559338
-0.339957294688
0.572882273623
-0.330039433285
1.74575041759
0.697871955432
1.25713340458
0.564588370238
1.42377356105
0.55788461857
-0.489219630685
0.506008324257
1.44163732021
-0.387876158542
0.599994046137
-0.880706773797
0.461503682216
0.869335513638
0.098990767175
-0.342161966323
0.405978071845
0.255711704009
1.899479924
-0.975028002977
0.0659164193549
Score: 1