3
44
10
3
2.25612904696
0.682543178295
0.224030464999
0.683534300441
0.911544918617
0.907933112837
0.635699618072
0.0490354170058
1.61879276809
1.51431792351
1.00625593335
-0.415094039674
1.13995758953
1.35152905991
0.972223075724
-0.485408159089
0.572167510036
-1.74545658437
0.920137398975
0.166690646644
-0.078726169173
0.734572975299
-2.15494979723
0.610202851113
-0.0298827969988
0.966344345772
-0.839862835057
-0.137618086111
-1.67362908062
1.55288991562
0.517632803532
1.5980310992
-0.781654108799
1.17155157684
0.737050002241
0.374069415961
1.32189920889
0.0969348791107
1.29900844017
-0.463419463505
2.4885023983
0.665506472129
-0.883966597921
0.2280433267
-0.191469925258
3.31630157936
-0.0749478391321
0.575458844632
0.458489506072
0.797863875134
-1.62061450699
0.936760156853
-0.297810892397
0.749387825381
0.0802297693602
-1.58810146068
-0.102094736204
0.244711460434
0.645000030631
-1.33721590866
0.643950149127
1.77691024318
0.770724208255
-0.118384551911
1.08759519497
-0.528475424536
-0.603006338751
-0.312280845767
-0.466045816942
-1.46974898113
-0.0882096944783
0.0209061304608
1.46098988371
1.35417466321
-0.119823257597
-0.329160606641
-1.6603385254
-0.0862885435849
-0.732607384914
1.27562428525
0.626017422293
0.0906034313784
-0.422301647559
-0.947296098385
0.558863819417
-0.763324674005
0.665850836511
0.411044915724
-0.60993102792
-0.515500022495
-0.950444305652
0.0961754889859
0.38864254204
-1.1727528956
-0.564626288046
0.500742608448
0.42015849632
-0.679140396514
-0.178472674705
-1.11984503699
-1.51474121861
0.586495858457
-0.31545327588
-0.0706529179661
1.17951873807
-0.405506876838
-0.155807129566
-0.345241003068
-0.132782702666
0.264625829923
0.0357051434209
0.656933629238
-0.225726725967
-0.413818977258
-1.33157466094
-0.775343241392
-0.0577425165127
-1.45434721052
0.390199603195
1.3710964618
0.346900798692
0.964459995528
-0.476423266041
0.315180441097
-2.64905616064
-0.616814826926
0.293047888508
-0.139436004151
-0.893443851102
0.213494790399
-1.79366027721
0.192779853924
-0.609391223546
-0.110064880776
0.693599329326
-0.941871852736
1.39998286037
-0.110283086035
-0.300035774749
1.34770192735
-1.71954592188
0.00960624798859
0.274724066521
0.711910602519
0.250726507272
-1.64257012704
-1.26349779683
-1.6311981995
-0.277128902831
-0.649873494607
-0.462179343801
0.759137041927
1.66241726453
0.33145534447
-0.0426344614032
-0.499651269611
-0.492059471746
-0.360304766615
2.17081230195
-1.03775854526
0.925648152527
0.158499611467
-2.03311743797
-0.854613343665
0.766602762919
-1.58168950235
-0.0401793723494
1.02027738808
-0.0496131370486
2.73370679826
-1.75725081925
0.151783444025
-0.965245255953
0.430925233006
-1.20357326634
-0.226118787811
-0.10177148692
0.162067185959
0.464896728517
-0.2397648026
-0.704678363498
-0.256797214823
0.720175083814
1.76088556646
0.153982368931
0.0994833572383
1.52349154874
-0.308308715766
-0.694043766169
0.513314396302
-1.50788392788
0.497380849904
-2.91376643155
-0.523991062893
0.0476471845042
-0.573677205944
-0.086711283819
-0.588776604986
0.297452381792
-0.839735814034
0.457269737951
-0.524650671137
1.08573209697
0.000876096583013
-0.936384534574
0.240853754776
-0.833288080065
-0.198328194388
0.7479526433
1.09671864407
-0.243208766026
0.648148671472
-0.813325768051
0.18434808137
-0.303914840712
1.6987342561
-0.918863554664
-0.157152728527
-1.7376170413
0.969938165904
0.878280746865
-1.00965622963
-0.736351150711
-1.67200358094
-0.959145896852
1.18090378719
0.322622332949
-0.401429815573
-1.28869531853
0.520546658082
0.458669677865
-0.562108963344
-0.993820186916
-0.413774343113
-0.65223531543
-0.14097989237
-0.284308593803
0.310395990007
-1.05298968607
-0.218838126821
-0.169842699524
0.853682330555
0.458999594985
1.69846679742
-0.204873554088
-0.707744506064
-0.837007000835
2.81036595594
-0.401945742332
-0.317052161819
0.0853506803327
-0.0411744347764
-2.99389825839
1.48310271899
0.0807078989269
-0.369823367858
-0.980359968743
-0.373519715667
0.609886871212
0.269839216501
0.357056865608
0.510473475652
0.286309575551
0.624059810387
0.951859093554
-0.426172231222
-0.959479170044
-1.06850237607
0.876750143346
-0.512847951584
-0.588180524639
-1.37529766229
-1.21422211792
-0.235464882275
-0.620168542038
0.00214875187176
1.0509147752
-0.752268047005
-0.297039244141
2.4434775859
1.1811350124
-0.270621288614
0.920558019747
-0.307772940924
-0.450887314474
1.1675090709
-1.11132773284
0.161215011133
-0.0732281313085
-2.07173253708
-0.189964929241
0.406873214451
0.576583685777
1.79125119306
-0.18263781666
-2.34759160892
1.11945488073
-1.99398415514
-0.491481457552
-0.111295110371
-1.39481572848
0.416045500463
0.309655353407
1.25046757682
-0.612732432855
1.55381882373
0.651409497037
-1.23785604868
1.80286944049
0.566082132217
0.114200192643
-0.287941507625
0.176767820854
-1.06236377422
2.08700929065
-0.351505661574
-0.120829856944
-1.14176563772
0.927906249874
-0.350021683897
0.972845971545
0.079509738294
-2.54828573839
-0.937956877313
0.212077696368
-0.313599577421
-0.675698607471
2.229188256
1.37468558531
-0.266711483559
-1.20762658014
-2.00200457955
-1.01567896939
-0.0280212878902
-0.692691129062
-0.919408457318
-0.0770830297862
-0.197554729097
-0.189914778027
-1.23065889201
-0.518735147291
-1.08530091162
-1.40634673204
-0.450051905599
-1.04809823371
-0.870339288093
-0.0328362004829
0.580134780485
0.780974059354
1.46050346132
-0.885542568514
-0.792889440489
0.407696670054
-0.432376255367
-0.806554818758
0.161111112796
-0.428582715313
-0.738020675584
0.120260265794
0.248457001246
1.05681525437
-0.775639168909
0.484270816275
-0.128398274999
0.728782456055
0.679695937845
-0.109816472293
-0.442581135667
0.758897053713
1.02813612401
-1.14029086603
0.594694655819
0.229954006979
-0.527627951699
0.372960011625
0.931849116215
1.68742096149
-1.118927028
-2.76999599713
0.840336837393
0.151538951064
-0.0924617945936
0.885039901876
-2.039261196
-1.48326564568
-0.543213824291
1.20937092338
-0.461169777709
1.26174358073
-0.233581361406
1.51028304153
1.67754857805
0.535265643332
-1.02808176481
-0.723714515938
1.75564030375
-0.740448619743
0.355090374514
-0.630564012096
0.00450018854832
-1.69203133225
-2.26216352183
-1.12768200817
-0.475377466209
-0.627239116772
-0.287904535403
-0.18783194098
-1.16022607359
0.331600454628
-0.664071056757
0.991759554449
0.604073863089
-0.756511041851
1.36815211399
1.21213462378
0.0780769889721
0.999444036801
0.791937443614
2.1195866224
1.67981887029
-0.634770855635
-1.01786120097
-0.0524664414327
-0.170166144162
-3.07295646214
0.640351108491
-0.0575085466646
-0.242157547896
-0.551824143081
1.60897588465
-0.633420009977
-0.138535658034
-1.5677137028
-0.445051256331
-0.59900367048
-0.0639869757441
0.0781957704048
-1.11718844203
0.0453886497585
0.249349862603
0.203262273004
0.366806561677
1.40253959559
0.265881283319
-0.869519912312
-1.0275490666
0.463951527995
-0.888640860396
-0.718535791318
-0.866203242877
0.894810177481
-0.0668967330385
0.451650487685
-1.25256254805
-0.619661714977
-0.552994441239
-0.452445622857
1.15601270536
-1.15944155849
-0.230606703072
-0.266769400811
1.7875348075
2.02995552457
0.384730073812
-1.48374520255
-0.453171557941
0.944468481529
0.0897899199512
1.95961000336
0.0727072081839
-0.985896125695
-0.605010137688
-1.3229002918
-0.100489525402
-0.986866464529
-0.408268353733
-0.533983819226
0.401806113038
-0.173767693351
-0.377928015457
-0.975113900687
0.991368465557
1.23980663196
Score: 1