3
44
10
3
0.073471945894
1.62442766885
-0.398965328578
-0.86642078714
-0.335513904206
-1.45362532072
0.0274451800919
0.53376491132
1.46076560711
1.39196733567
-0.695855813842
0.680407024577
-0.061076123999
-0.453349652287
-1.63312275055
0.0394114802678
-0.290009531803
0.129775464574
-1.21481878631
0.580523777678
-0.263970467046
0.7033983498
0.549910664531
-1.18504380196
0.473767700664
-0.417771583657
0.41067505141
1.28794929029
0.916399926859
1.01415170484
-1.62922134213
0.360194213294
-0.588319303316
-1.84001991201
1.13339477611
-0.353641551831
0.291000233003
0.35874216363
-1.45419438617
-2.50837014268
-0.926158021192
-1.62466075023
0.171111883413
0.0106610720808
-1.48142527921
0.556565463478
-0.938422858804
-0.815098491955
2.51576766542
-0.917420513551
0.357359345613
0.338568248405
0.373350599098
0.626507114771
-0.997353054041
-0.0449013104623
1.07540688583
0.086183742789
1.65290863138
0.537275749876
0.974214914868
-0.842154502199
0.458959072962
-1.10978085754
1.22775513798
0.395535154454
-0.0668229239617
-0.769122288362
0.174965248859
-0.180628975495
1.50419280084
-1.87054786025
-1.59839933899
-1.18376177676
-0.566118571324
2.16422678948
-0.56954792098
-0.116790980292
0.530616422542
-0.326382466575
-0.415558939914
-0.504118980043
0.832830179107
-0.152897528213
0.0972895484316
0.409708269893
-0.964546250689
0.605154738742
-1.19051309388
-1.81726917302
-0.190774655293
-0.608022822096
0.0501708507613
1.97967590394
0.267718005941
-0.756245648885
0.283533404388
1.5585221179
-0.342896361367
-0.236068255074
-0.307536913903
1.52518810104
-0.351915573476
-1.37249953377
-0.863860856032
0.0160166997544
-0.125200310621
-0.403755062628
1.00535245619
1.19582348176
-1.4231813875
-2.67920006842
0.103508631095
-1.07720119367
1.70608035106
0.851248705857
-1.66005079128
-0.833738183732
0.839729264504
0.107288300729
0.512075753788
-0.952956576139
-1.72167655176
1.1441183549
0.316232713489
-0.182500365559
0.535590416379
-0.617050194974
-1.08868150004
1.20050056224
1.38900203352
-1.17696685672
2.03875222734
-0.775094556866
-0.539688053755
1.31169095435
1.29862290714
-0.549235494512
-1.63756952164
1.16903007423
-0.654831856389
-0.162154066864
0.930675513836
-0.482395509116
-1.53711550175
-0.84348173174
0.945480469677
-1.77391607808
0.564879451212
1.45803948243
0.80371176695
-0.409764678101
-1.01378966799
2.74563310447
-0.325095520587
0.762887816495
-1.6396320244
-2.34290555352
-1.14348389809
0.3193892524
0.717032914196
0.777979069596
-1.21692621647
-0.30340762009
0.541756670036
0.0963808451785
0.776438050104
-0.917699820643
-0.142135435158
-2.01828086979
-1.98042211468
-1.09945734723
-0.452797138633
-0.356735982118
-1.33736440792
-0.118503978059
-1.09904531698
0.065804870396
2.07132129626
-2.45120827005
-0.549407314093
-0.119747268624
-0.13496421569
0.779732523297
-0.251635175134
1.42352245147
-0.325505774716
0.719929377212
1.25798095043
-0.634670239239
0.267665184284
0.0500497717121
1.29200337273
-1.199896438
-0.429595391963
1.50296262701
1.00605448065
-0.632204032254
-1.68583659324
1.3848304496
-1.11187099239
-0.274411410966
0.0168549952586
-0.883292419632
0.0401289881606
-0.638815498449
0.70280095109
1.1065981627
0.126435542935
0.660454007052
0.71668405301
-0.479968231298
0.459834829889
-1.14558887953
-1.40259612344
1.56594587082
-0.590788373526
0.89893886197
0.36912773944
-1.07351059028
0.263209621184
0.998161938187
0.213727798404
0.674277366892
0.742419712684
0.440273483768
-0.386835646653
-0.960079023974
0.0167137120038
0.426359502429
-0.775742653361
-0.319659518007
-0.594508010772
2.05230174455
1.41464446856
-0.850030721585
-0.818225939461
0.401298039309
0.376898690188
-0.452604558184
1.3935172363
-2.9759167055
0.623232160615
1.27601904372
-1.51803897694
0.612356513696
-0.903982040641
-0.48406165292
-1.85865584825
-1.19082832065
0.154169823556
-0.510085235944
0.833962339359
0.0358343123589
0.45249391492
0.787492298477
0.379126393308
-0.634270190707
-0.669738042727
-2.30892767591
1.31498684954
-0.42079019573
0.537132096898
2.59770386402
1.21613352199
0.386704226667
-0.458971416508
-0.0640861923453
0.327197734175
-1.64366531267
-0.0368875317734
0.86058927505
-0.54209508522
0.232953917273
-1.09858000265
0.944501808196
0.391387932104
-0.591590169905
0.741410444849
0.353315997899
1.18720329161
0.620118052802
0.256761298881
1.40821571293
1.11202451188
0.0406985277775
0.242456274128
0.340542347107
-2.11647097756
0.208820564483
0.74131272103
2.34456026248
0.549997323857
-1.295715294
-2.54272570413
-0.447730485933
-0.643677089771
-0.554079314821
-0.457626046198
0.936509823788
-2.0551920862
0.964292015079
0.627562164667
0.687784109838
0.18423248327
0.762813863933
-0.43079586267
-0.753857983192
0.154880875388
1.10205197534
1.57824772362
1.17263069307
1.3134843852
-0.280660009256
0.327464615073
-0.745965832459
0.00197338043486
-0.598845815405
0.739194420339
1.07612274601
0.707231425849
-0.144604320874
-0.191388166379
-1.4355526247
0.896526124521
0.559405301608
0.302440301432
0.00365757672972
0.985679649443
0.806774183957
1.18353532782
0.411040874318
-1.49849141514
-1.32475614878
-1.07264856447
0.0671778295189
-1.35617538886
-0.507307515311
0.895454589824
-0.749604561286
-0.0361077847189
1.30784718122
-0.90717547171
-0.78166303642
-0.506471455513
0.458216609939
-0.622917711792
-0.0756140792324
-0.064931722275
0.517660567433
0.654351381761
-0.289987062132
0.721946288137
-0.772147018122
0.127721042037
-1.2908184002
0.0101330793833
0.706479170808
-0.328066546968
0.388462576178
1.01711888118
-0.308289337467
-1.56479123696
-1.37977124551
-0.236861276308
2.30650707797
0.0112340578731
0.680964890004
-0.826751024099
-0.616123629564
0.773150998838
0.535415055318
-0.0287919421942
0.286481391015
2.48253052717
0.215629423368
0.161722406531
2.03262522517
2.64921656407
3.02000651094
-1.25851619869
-0.337538898088
-2.01285091111
0.460268900093
0.0767335297609
-0.596552695502
0.134517004651
-1.2355687848
0.0453699967533
-0.0515257538339
-0.513863087356
-0.957722164825
-1.45824297174
1.9064108488
0.680732563678
0.639346556479
0.376613935573
0.929953850187
-0.123323934465
0.147891708699
-0.201641395133
0.864981347472
0.369339869923
-0.284132004667
-0.725974740864
-0.77176624653
-0.354103426556
0.433536504962
-0.260777268804
1.30143579232
-1.48851283729
1.64386914391
-0.798438116209
1.43157717333
0.387728006196
-0.744206187919
1.13858348254
0.761822465474
1.32220943808
-1.55455541823
0.856818848463
-0.903842733314
0.825279000305
-0.700534515211
0.127506925332
-1.67593759487
-0.897904939071
0.735222164134
0.0192241555185
-0.137907077292
-1.43119217732
0.693112239326
-0.493962496876
-0.851599681146
-0.107381937721
-0.310841084427
-0.473336761842
0.167267381029
-0.511895359524
0.0603049371076
0.00469251392354
2.41190506745
-0.729044425576
0.152147602417
-0.167090494488
0.331737281505
0.0497762931265
-1.24711044679
-0.0231034272829
-1.66248364135
-1.04599303814
-2.67400032763
-0.823043615498
-0.704240382728
1.19039604247
0.175190377435
-0.0986615611236
0.74003451494
0.193251898333
0.971134776931
1.63060417411
-0.296546642691
-1.47615385025
-0.509095242306
0.0955114618849
0.00310360476307
0.228547864726
0.229801611128
-0.193655946097
-1.06625763689
0.0391919211075
0.694620657846
-1.15674483259
1.40634601716
2.37293560266
2.0381789049
-0.0104748346096
-0.36834509461
-0.328901864655
-0.89111239014
0.336032928692
-0.113200780534
-1.38537749974
Score: 203