3
44
10
3
0.219353296965
1.25719686629
-0.0862936942367
0.486317489574
0.663287329872
-0.806427917074
0.917341814011
-0.648508031657
0.168298298417
1.30413654856
-0.222875165281
-0.271242220954
0.773126667007
0.0331244194785
-1.30032191604
0.813900634744
0.732942105891
1.25495634877
-1.5331378668
0.000129439999159
1.64212049162
-0.934871019104
-0.240552921011
-0.677625028717
-0.394741663585
0.982183534161
0.795724536373
-0.258156367784
0.916418439127
-1.13437972855
0.0634792719697
0.0570482355045
-0.56552491103
-1.16235281175
0.388214854753
0.862338237687
0.855356872385
0.888602163453
2.31622752422
0.270101547227
0.286629298084
-0.659639237796
0.372322335982
-0.0918694518528
0.232608507871
0.838022871871
-0.480069799758
0.661721970108
1.05940889558
1.5890043537
1.05291095624
1.29246490103
-0.683274107455
1.20335639832
-0.116591329886
-0.0682790872496
-2.08894130734
-0.749052247139
0.608686572535
-0.428812039525
1.07220603835
0.130225563882
-1.54621307573
-0.779423400431
1.61455764553
-0.150534694074
0.513476525001
-0.718912892397
-0.0554227706683
-0.7769556607
1.02933810352
-0.554592804331
0.0986768605266
-0.386240279705
0.131810698102
0.624481638496
0.420511352334
-0.00728899220581
0.97262446484
-0.164654888885
-0.484496507423
-0.970216981056
0.0515357456097
-0.862850612621
0.547252575971
-1.29933931233
-1.71863242937
-1.33856177202
-1.00724205956
-0.125617657374
-0.525784227444
1.77572754431
0.568808528467
0.00869359845038
-0.188231715839
0.753476534733
-1.18919952283
0.616513441852
-0.411895227863
-0.171354992506
0.936041537384
0.311048552246
-0.721285087042
0.85837672801
0.606262883434
-1.34647433266
0.362303635942
1.37248019278
-2.95261719794
-1.64199171051
1.10661140942
-1.25328698236
0.432735015614
0.26202645148
0.945128782426
2.51660437365
0.510346021109
-0.97380015923
-0.19057910981
-0.669525828829
-1.00679079034
-0.880055991187
1.30396132217
0.965423061465
1.424543712
0.0532921194195
-0.331589315681
0.309400914345
-1.2313129273
0.63668064703
0.0612019695758
0.0616848772761
0.761272979515
0.319674373751
0.0265604847604
0.429001236438
1.71293718004
-1.33876212261
-0.684325168668
-1.41848935153
1.8545382566
-1.17756726475
-1.66260272803
0.267967129087
0.740721540715
0.750907820601
-1.3881969768
0.323071431488
0.575107249112
0.443681228323
-0.87479907302
0.415862466485
-0.323474353003
0.481261044402
0.92627856736
1.53251708043
0.295291212286
-0.576825172571
1.1513161488
0.463809298258
0.477237010305
0.849189894157
-0.531111113668
-0.140953145077
0.783513566961
-0.858490131084
-1.11881787288
2.19543362747
0.330916970001
0.806379772775
-0.739230374836
-0.890352586625
-0.506911377512
-0.058163040565
1.61505581108
-0.355352774815
-1.56084448372
-0.210057317129
0.0526077676809
1.19527282566
0.657245133496
0.478991685853
-1.81579512404
0.599371393234
0.482306538107
-0.8655423295
1.07183515868
1.36785349305
0.946002613297
1.6457651134
-1.37775147949
-1.95223452751
1.67413914622
1.37692650551
0.713103520279
0.322316044133
-0.390599825889
1.06118841644
0.827537363521
1.07780683795
0.930216286261
1.04156577339
-0.125871085658
-0.556448045178
-0.200482937854
-1.02074022165
-0.487282520471
-0.350201551574
-0.132419372958
-0.370474963204
0.349207414585
-0.690713896267
-0.554212645455
-0.668291090712
0.289714363068
0.815603859835
1.3699284525
0.842638333382
-0.173496989589
0.803284141442
-1.21655440623
-1.69878068827
0.230318757687
0.958113366201
0.240971708207
-0.164805345569
0.681329558874
-0.222435815987
-0.766946808743
0.407032178204
-0.722437946233
0.47521201141
1.73228092172
-0.749241374803
-1.54609858931
0.0960178041459
-1.03270740885
-0.291702899704
-0.145306805426
0.782995066263
-2.24403193125
0.883757899536
-1.02179919739
1.18572738611
-1.19352889767
1.35254610886
0.272565716214
-0.326218617278
-1.77499921037
1.09504831071
2.88869517296
0.834325505167
-0.754772473306
-1.01101602399
-0.878123015963
-0.658729717195
0.91983857398
0.7569228685
-0.677366859739
2.45936015648
-0.472174040985
0.65909370504
0.0888267744124
1.40699158469
0.869791170432
0.71289321724
0.440157734255
-0.607063244368
0.121993355423
-0.271790105511
0.296847969325
-0.10895537336
-0.0134201552544
1.55497683442
0.317741992778
-1.80245406126
-0.0296898731136
1.16615936537
-0.761934757035
0.0187877823003
0.183756835906
0.866817697341
-1.91359354478
-0.71683300632
1.29774568533
-0.800920371251
1.71417182503
0.433399980284
0.525548810079
-0.572908013214
0.973097107932
-1.37165008577
-0.962717254712
-1.3624259222
-0.753093084205
0.693614757374
2.44589834053
0.567375510142
-0.690973651473
-0.623005762932
-0.611577560712
1.12204279252
0.12095107033
-0.282202572114
0.828751843412
-0.0430407411668
-0.0429339860185
-0.471970568263
1.8993147383
0.760267232504
2.13709687509
0.376052151339
0.0403674443401
1.59298006105
0.610352295329
-1.33758941449
-0.278220147873
-0.480330717533
0.398458010355
-0.683581152828
-1.47437306009
0.100706831643
0.373811870405
0.183346162348
-0.0473935818006
0.577191125332
-0.527874680328
0.0671525150852
0.095091766896
0.745250709209
0.683605105347
0.369666712914
-0.841167109049
0.281812903013
0.824969386194
0.428179875665
-0.399997552575
-0.328094844767
1.62219272181
-0.762013451152
-1.78655486313
-1.03520794291
0.663093588237
0.168092043647
1.02348911068
-0.92449928492
-0.65248300444
-0.177975533288
-0.368039138351
0.82205762784
1.04185860099
0.562071498131
-0.945379266013
-1.53175800351
-1.16572179423
-0.864498852774
0.505695982436
-1.58276192224
0.942807443042
0.24676798333
-0.0077653557893
0.813134788076
-0.201809401769
-0.312504403498
1.93029987611
-0.209509748981
-0.0507131169357
0.447957821858
-0.555475561753
-0.409346435785
0.569457056119
-1.73597998005
0.79243915388
-1.59292666329
-0.968822281961
-2.27720964135
0.893905955763
-0.141994831806
-0.89324327269
-0.515035097503
0.640906786064
0.30553859041
0.764359203933
0.123478540559
-0.267291639434
-0.816314637713
-0.956017368322
-1.20560633192
1.42892230916
-0.466780739216
0.790924258729
-0.537311880966
0.800710800686
0.884815629803
-0.337012195158
-0.273366872028
-0.639711413534
-0.480035886921
-1.16213643121
0.493228122589
0.00622734676386
2.80801303774
-0.934842045747
-0.979336069834
-0.206794507869
0.80921357119
-1.04750968727
-1.83965992895
-0.740198641904
-0.721791998057
0.604148313414
1.57313639387
-1.19983652176
-0.878509955029
1.47090302092
-0.12514822584
0.186345255471
-0.702527986336
0.0369843195261
-0.371566169832
0.365516974645
1.5301816305
-0.490247651488
1.13942370549
0.447487859816
1.31002291623
-0.369011065563
-0.361354657501
-1.34567658977
0.67014694171
0.854288847781
0.100738012391
-0.42787387
1.24871522771
-0.0647118342241
-0.456546927015
1.61175701803
0.985664186455
-1.34312508286
-0.620244805817
0.189893975411
-2.54597958423
-0.754766911146
-0.0192160667421
-0.747096389187
0.0806030088792
-0.959981571961
-1.09731387174
0.263987441524
0.336079729501
-0.427833537134
-0.946182403383
0.640692241328
-0.365765047995
0.760148910206
-0.227017056737
-0.12827861671
0.660933815786
-0.392487088392
-1.84341111282
1.2243933461
-0.662729710126
0.245123691117
-0.624362563595
1.21903055611
-0.363887088166
-0.135488951938
-0.157193866642
0.0574999114319
-0.0648369985178
-0.133264100486
0.9625266135
-1.24120199751
0.109481599453
0.92616649479
-0.709187758242
1.36811067262
0.818717919063
0.13459778661
-0.169354156742
-0.0299129156312
-3.05018174279
-0.331786699208
Score: 10