3
44
10
3
-0.598931892008
-0.663439228875
-1.47804977412
-0.779917234679
-0.0167792710147
-0.608277268747
0.851188677614
-0.0987141812615
-0.945386406529
0.173009463298
1.15732351816
0.601674190082
0.28857433153
-0.38134915633
0.203869128897
-1.01921181153
-0.278252270452
0.31087829105
-0.636986867384
-0.0230973551036
-1.33918386314
-0.157657413298
0.0283808569296
0.885166721319
-0.132149931583
-1.59072607583
0.520266238322
-1.04374833648
1.37303403272
0.708948413952
1.50133478822
-2.54751793883
-0.878230389371
-0.774860392236
-0.353372553304
-1.48660955994
1.93511074876
-0.76738601031
-0.196504880345
1.9060387825
1.38281854779
-1.27358311267
-0.635198266912
0.577253021147
0.0621725152317
1.24835112981
-0.899785301183
-2.11406973005
0.202951614896
1.07659753688
1.3150925513
0.655072309275
-0.272410603454
1.23490145983
1.86722027129
-0.926871970528
-2.99592175249
-2.18320367928
-0.52755639957
-0.341882860145
0.148983678373
-0.582149528099
-0.894683204965
-1.1785662289
-0.769177964488
-0.408319914808
-1.60565067272
0.0999728936387
0.254324354553
-0.547584773507
-1.39694883846
1.43331440839
1.48047127757
-0.611957342001
-0.683976563261
0.100339649824
-0.574606943962
-0.641716866081
0.175307005693
-0.681916772377
1.67790825026
-0.327726242376
-0.303734994038
0.425663531149
-1.04683415415
-0.567402775195
-0.572494561215
0.115759091147
-0.323620191887
-0.809391089717
0.71862069908
-0.560491041958
0.81836776026
0.532737627595
0.561852747561
-0.844270130594
0.922181987899
-0.160977184375
-2.2705385453
-1.15541692782
0.898527261722
-0.537184669988
-1.78396316895
-1.32829629288
1.52247206379
0.098012563081
1.82554617794
0.447628636853
1.20200333707
-1.17131259812
0.177144257819
0.426857904764
1.36819081982
-0.23271619955
0.141370584557
-0.533089394834
0.943870930198
-0.794308242569
1.39990523007
-1.13027967555
-0.894395865404
-0.444541235947
-0.283676262645
0.609604587915
0.940608273211
-0.660801232203
2.21262317119
0.337376017284
-1.11699590858
0.468023468934
-0.192339159221
-0.497277611804
0.166056077885
-0.311516753022
-0.202317853513
-0.611699277116
-1.23305882617
0.518249102774
0.716140525685
1.34193633777
-0.712672142419
0.67560306932
-1.64325817273
0.779333310454
-0.534268477703
-0.970499887626
0.322976826764
0.844426101648
-0.111006260404
0.360954973079
-1.43273328427
0.704792697739
-1.87949050712
0.856793980375
-0.594783551674
1.77801853518
-1.30644061921
-0.316716256424
0.366532590808
1.72277158724
1.28751970281
0.024883436389
0.152132102753
0.133659431487
-0.985489118063
-1.12952004469
-1.99954612339
0.220071202859
0.437965443033
1.46777099939
0.792429533213
1.21550719362
-0.04103541239
-0.0157757638955
2.70250795047
-0.21327991969
0.0998082989317
0.602835978245
1.96592411675
1.50191854348
0.16039855127
2.0208117709
-0.612229066888
0.233213353246
-2.046413687
1.1880175712
-0.336101765521
2.09563123246
-0.379574818497
0.700856379185
-1.51043811949
0.876647839411
-1.52585509062
-0.557046820439
1.33320732824
0.0957732566325
0.214269520144
0.0498351777017
-1.13647883621
-0.508291836325
-1.1881461174
-0.637083760217
0.760192947878
-1.60057532448
-0.874278153032
0.705587286283
0.458794765059
0.73820206628
-1.07316841073
0.376055261343
-0.965504423983
-2.0283338871
0.379827521585
0.623808057634
-0.270570963541
-0.619588157249
-1.26078685829
-2.54871568985
0.727602423194
0.749726061221
-1.50703116399
-2.51391905507
-0.304145818464
1.6400968203
-0.408062957816
-1.18340334743
-0.245357271909
-1.16597375246
0.422426406159
-1.07599679044
-0.548627924886
-0.275966478998
-0.624892113198
0.617187868976
0.303447395864
-1.70025687412
1.03664281305
0.232766397578
-0.950339455222
-0.270160439542
0.480796395286
-0.576674793702
-2.88625274263
0.795364359164
-0.200516951347
0.217263298551
0.527316916304
0.519528137819
0.936374011974
-0.318674202992
-1.42551098052
-0.660063211155
0.728821743194
-0.991227178278
0.115351385291
1.39466568632
0.695025982839
-0.211278642215
0.0278228857088
0.544892004592
-0.828127282975
0.120380234447
0.775051818627
-0.157658617088
1.1343556671
-0.994961379636
-2.13883239482
-1.9184828418
-1.49171172767
-0.162637111272
-0.516446288608
-0.237263103588
-0.0557899865475
-0.60968502211
0.392656457865
-0.513909310186
1.16834854579
-0.103590771049
-1.51057220961
1.53585999008
-0.306455462255
-0.109931568224
-1.86907866747
-1.1670647579
0.490925428181
-0.37803882487
0.911574372656
-0.170779554945
0.512509017851
-0.661239029423
1.13966401848
0.992980636585
-1.36194397909
-0.649355594249
-0.841562841726
0.604388173235
-0.987336255628
-0.152288562116
0.389863588536
0.820956570673
-0.311503977666
-0.0847856118196
-0.0570080167159
-1.33121503362
0.235721246246
-0.373689865933
0.162281492676
0.333353416013
-1.21365332239
1.12916841767
-0.996777171956
2.71423491169
-0.662081744335
-1.69798231385
0.234406264599
-0.0108421018751
-0.313306701331
0.769469728155
-0.294350604974
0.741584115801
-0.306887237231
0.448740885865
-0.228021615831
0.507128608665
-0.339426118148
-0.564511477677
0.542238141285
1.99852538278
2.15461368978
1.24109480705
-0.693840301797
0.112708200437
0.153756966337
0.373808900752
-1.1836832368
-1.05306170907
0.588302811292
0.23367841309
0.63926678095
-0.61737296454
0.301671289597
-0.363674526876
-0.303206107218
1.86195125618
-1.03584059465
0.189034742129
-0.271538687163
1.20141013814
-1.52206754612
1.44028612944
0.391635803085
-0.752214483441
-1.13127456391
1.26199962584
-1.9610603777
0.586378597218
-0.540375371149
-0.133728450384
-0.418948538533
-1.65068171451
0.67278692968
-0.123066297228
0.0419713428086
2.15057131229
-1.25411030993
-0.30658712238
-0.529346481037
1.15196716197
0.699070194289
-2.13694319706
1.18356822302
0.107579389392
-0.38590407672
-0.481718794075
0.435556165945
-1.46589477755
-0.493129553155
-0.776131132939
-0.157611923151
-0.352397769258
-0.76026010728
-1.87389993354
-0.748305707906
1.28511942837
0.394444040941
-0.794239302791
-1.25368716334
0.441427590634
-0.551979849721
0.267592241263
0.695510235427
-1.7037507939
0.209989431358
-0.338579510266
0.81038383295
1.52034124502
0.898803396332
2.04984083495
-0.347097393125
0.759867216756
0.162765491641
1.71722159375
0.900703328101
-0.875827799813
-0.811220997239
-0.394323656068
-1.09035453136
0.822021826093
-0.771616838086
-0.389835349789
-0.0905065558875
0.440418086765
-1.47969657504
0.895336010194
0.289116145635
1.28899301769
-0.00973445786795
1.02032088846
-0.766502161131
2.16694526586
-0.593791859764
-1.28865848175
1.32891992481
0.111746113779
-0.919562952365
1.03220736042
1.08637709806
0.00874019757757
-0.964758752152
1.34681958169
0.00207945039564
-1.80396652287
-0.553647484355
0.0556858588053
-0.675437706165
0.17950103698
-0.0257056470641
0.040063849119
-1.1041526472
-0.259087836916
1.1920341129
0.114748377284
-0.160852805033
-0.066968429164
-1.30064960353
0.0760931068784
-0.497451702817
-0.401205676689
1.2599884365
-0.241396201327
-2.31253192425
-1.24193648984
2.09620292954
-0.528500415106
0.955919051898
-2.44290034276
-0.0465016527869
-0.887424171097
0.117873772287
1.36135447654
-0.14856709905
0.542218231416
-0.891182197551
0.703061607782
1.75629137548
-1.36144542779
1.956902755
-0.738639019972
0.430974832201
0.807730311494
-0.917406805212
0.557312733714
-1.45975640256
-1.0592679383
-0.0577504919423
-1.05433329024
-1.14154400905
1.41965521279
0.734661708496
0.00437741565844
0.771287268443
-0.340294238537
-0.953011671407
Score: 21