3
44
10
3
-0.685963333047
-0.599198183345
-1.33678098778
-0.823438531173
-0.23242476676
-0.675042494407
0.647466490482
0.0495723172295
-0.889472774883
-0.105069974455
1.18106754407
0.511623476364
0.359820621279
-0.388539139847
0.213067877646
-0.936409169337
-0.533796367431
0.484556596935
-0.837103228814
0.290109175201
-1.63713143148
-0.121225153415
-0.0838146266803
0.626354720261
-0.222633094442
-1.85890951353
0.501050293073
-1.01766252608
1.445514216
0.936857604084
1.41246133904
-2.40072218067
-0.750025252588
-0.61841262285
-0.134737596071
-1.28249705388
2.01475797148
-0.784411355395
-0.217339693591
1.58116418069
1.45307864016
-1.20910742857
-0.784500887918
0.664910278671
0.0473818515083
1.2437679452
-0.97666428326
-2.1396847548
0.462079182421
1.10844387629
1.2132355908
0.478946348476
0.0317457811223
1.21031790046
1.6320636853
-0.960491699629
-2.7174651835
-2.34506023159
-0.394223052089
-0.186461117262
-0.0630652621455
-0.522389964337
-0.778718070897
-1.1832267858
-0.987945144649
-0.6036476901
-1.68146710542
-0.0258973292412
0.0573490068213
-0.608516307282
-1.54233497666
1.53814798003
1.49386289447
-0.482386888235
-0.255938210051
0.350623215869
-0.882873492702
-0.58765413038
0.205716439518
-0.561832525938
1.91356349446
-0.409838647949
-0.648573396194
0.40163386502
-1.27070739654
-0.625330189717
-0.870876755457
-0.0165645845865
-0.3843002525
-0.829301554035
0.765433022767
-0.475385097788
0.91121716665
0.378506349386
0.627205810658
-0.711022663632
1.12119120424
0.0768749253793
-2.24249455944
-0.999304035188
0.949664040645
-0.409710649674
-1.68748356929
-1.42200358936
1.67637572112
-0.143776732067
1.83979044153
0.347418907232
1.31268588946
-1.02409928583
0.143385911648
0.161524791176
1.38709465398
-0.325182239936
0.175178699321
-0.573685091742
1.05976323912
-0.791218255908
1.58315434783
-1.01799371056
-0.57067969204
-0.356585310729
-0.539089711825
0.621327659289
0.752689106457
-0.539778765159
2.20916565523
0.364980669729
-1.16336143457
0.399286083838
-0.08284902855
-0.609122168362
0.34591157021
-0.48608504354
-0.0420170567608
-0.420705992408
-1.1200454329
0.481217227356
0.737614634663
1.28155287423
-0.797039737957
0.491883844333
-1.45031759739
0.685680463225
-0.557844534893
-1.40171043658
0.403643957808
0.636155657214
-0.0625041722376
0.365053405702
-1.45471307207
0.661100109752
-1.83478866463
0.831230279687
-0.445100931984
1.77174304047
-1.33512803668
-0.556618488178
0.395732398283
1.75893626586
0.994988129068
0.273783285696
0.166356386936
0.211892059869
-0.902425797158
-1.1084171781
-1.97603730453
0.350140089897
0.588250080622
1.29722534616
0.641589512801
1.29581709072
0.0109166572415
-0.219986499271
2.7239231732
-0.191469482213
0.238632173301
0.901168245499
1.95179780324
1.7121355314
0.110035430669
2.01708835411
-0.0827767089232
0.155946238432
-2.0426120642
1.10133002398
-0.336708506929
1.93809555744
-0.525561402416
0.596572571437
-1.79979518607
0.804636337292
-1.83423769475
-0.408560812757
1.5588379448
-0.0639745595934
-0.0332054410988
0.0511089660766
-1.28000422359
-0.37559658002
-1.08831283904
-0.820028442383
0.982557022603
-1.45315506706
-0.848753987483
1.07310482573
0.612983065556
0.612865740673
-0.621476704239
0.270832330514
-1.10893463044
-2.08351727715
0.358769878435
0.730266669268
-0.493205932272
-0.477746837055
-1.3175509156
-2.33855163389
0.467753777721
0.464919659836
-1.22033424944
-2.69865559884
-0.360481027019
1.5439635425
-0.199074878003
-1.32650292417
-0.382863232422
-0.706082918437
0.141808297038
-0.982620303201
-0.424101742232
-0.299388533244
-0.764630813412
0.638363575651
0.080835715067
-1.65582917725
1.21823400245
0.180534483934
-0.93450414993
-0.508613460643
0.423483815705
-0.529261614058
-2.77334680408
0.855249588248
-0.231373981016
0.362106002649
0.501741287796
0.240950448348
0.853566859865
-0.15000066838
-1.31750998051
-0.635866296681
0.790176326244
-1.05030451661
0.111648745793
1.28163851542
0.767821853831
-0.361447524163
0.161880999415
0.387669955857
-0.559763243615
0.0873397940654
1.16913426903
0.154531131974
1.12062660455
-1.15444439263
-2.06392225767
-1.87942777686
-1.21189069469
-0.078104443522
-0.449220526246
-0.12225902729
0.0565380686562
-0.364545860595
0.168056473213
-0.275326906056
1.26023823521
0.106889147975
-1.42472053558
1.69839474061
-0.501247319143
-0.390051254694
-2.15092008634
-1.10480008483
0.561619700183
-0.436884764585
0.957202499437
-0.082758521786
0.406677557784
-0.761141730194
1.49649730771
0.915345158194
-1.42737547629
-0.417442593738
-0.890551524796
0.5773733754
-1.06353085023
-0.202104290539
0.488593563941
0.755549695082
-0.0493271009147
0.056217451126
0.265200883006
-1.44799653457
0.0674143349693
-0.217032920813
0.241242098658
0.398196250682
-1.20060692115
1.4809296676
-0.988287409372
2.58185124101
-0.896078877129
-1.79579827334
0.0884128945217
-0.302252979907
-0.0121272441145
0.660387858113
-0.377849153269
0.894505210414
-0.255953710518
0.336233113686
-0.154685443256
0.402980885076
-0.273541029766
-0.441307411511
0.461946101496
1.99037556791
2.33902313094
1.06768737061
-0.504802515228
0.361200300641
0.186623259505
-0.00521847515316
-1.34834369661
-0.818152159321
0.54388621464
0.348946802604
0.72553109761
-0.367455070114
0.238760530625
-0.471234625272
-0.428650125423
1.93207745111
-0.983121793048
0.228866361425
-0.498482053864
1.15299372488
-1.24819575381
1.56806919729
-0.0713307987084
-0.946169996669
-1.14102460568
1.21044321114
-2.15780941353
0.32288830361
-0.435123205956
-0.20022058264
-0.264501491659
-1.47793970377
0.679825150193
-0.346311363958
0.0567981441764
1.8229435749
-1.55782349774
-0.153603589093
-0.328853075088
1.02421639305
0.921931381059
-2.29131758552
1.10655370678
0.0477814309676
-0.494250943517
-0.628867782286
0.601944019657
-1.56435400512
-0.683520861306
-1.00583663733
-0.276011316322
-0.188321821609
-0.599925059038
-1.94754105243
-0.482806702107
1.30842134232
0.330501081592
-0.355934063371
-1.38785260642
0.479863979748
-0.715350808253
0.0638375492486
0.508455276408
-1.94696837723
0.153484798636
-0.0481051793529
0.586571821801
1.1486056878
0.773332842437
1.81621785127
-0.464250937504
0.756029009239
0.323625052589
1.59673767181
0.810226222474
-0.859661769656
-0.894280981974
-0.2232344212
-1.08722983797
0.692264283465
-0.608226385075
-0.255940563269
-0.0727034183984
0.58713235639
-1.49666088474
1.08139909756
-0.11997197572
1.2108397264
0.029787624277
1.08614592493
-0.774223091384
2.10115466638
-0.513973578092
-1.22911887862
1.40983710194
0.23355857624
-0.96969585289
1.09095572048
0.627722730823
0.0235293859242
-0.80348809439
1.3239697793
0.102819279085
-1.83683388124
-0.544834157529
-0.04492032724
-0.699185529875
0.260183300938
0.0603490632102
0.0192558549211
-1.22520814332
-0.419193295075
1.12192075241
-0.0483597405053
-0.217323599715
-0.00389888097032
-1.26068960601
0.355989267185
-0.535469568238
-0.291764873196
1.13715603374
-0.333125557087
-2.00983466829
-1.39195333908
2.174186825
-0.80143121625
1.19705849597
-2.55111380618
0.102780768178
-0.918719490243
0.149586379111
1.4908346221
-0.0383396974414
0.369210989764
-0.849174116426
0.823570382777
1.7421971057
-1.4536645242
2.11202450949
-0.598371740018
0.511381274332
0.565826678622
-0.811885051389
0.594522938659
-1.4002166906
-0.948147220059
0.121938884624
-0.884269631701
-1.23464438649
1.18897347748
0.767888512182
0.073938342908
1.05036765888
-0.365203973638
-0.839209657349
Score: 13