3
44
10
3
-0.443907342918
-0.687493522352
-1.48618014777
-0.847507076423
-0.11779362498
-0.840505410725
0.81683575915
-0.256434078393
-0.944978331027
0.224674298209
1.28966189696
0.508417711422
0.279317275553
-0.449437266597
0.142836071949
-1.05218618255
-0.241648699047
0.332382518042
-0.644069302117
-0.127741673928
-1.46362743834
-0.139652580538
0.121862029281
0.746333909764
-0.0237865006909
-1.83308327933
0.722272945332
-1.11352880294
1.20001991535
0.724756618686
1.37592086454
-2.6522006221
-0.877936381332
-0.585347421985
-0.119490348043
-1.42664051632
1.85208638562
-0.690012913344
-0.050147056217
1.82673353846
1.41140532689
-1.41603355431
-0.669517217512
0.369370994255
0.0293746777084
1.27452216932
-1.03967630808
-2.11320918285
0.370759565508
1.07193123766
1.15126345888
0.487737102014
-0.15451252683
1.36829851503
1.98877520886
-1.06948917821
-2.94873949235
-2.19221158583
-0.385411112423
-0.105467644527
0.320206047457
-0.480960727723
-1.01999505519
-1.08669382542
-0.711556746913
-0.413689063375
-1.72524528535
0.0177596116557
0.095759283209
-0.526567670937
-1.53709001986
1.42522496923
1.31922155917
-0.496429438675
-0.581634264303
0.298479852777
-0.430674125378
-0.761452679419
0.179633652569
-0.560335817276
1.72141680367
-0.172159336174
-0.482745976571
0.480065664424
-1.12557719139
-0.573337705182
-0.579368382348
0.102833031372
-0.293376085087
-0.865464306748
0.639121937059
-0.476822032663
0.805774809339
0.521867733973
0.501468776189
-0.690370020971
0.686418471762
-0.128566036613
-2.38705612363
-1.08549311271
0.867266805314
-0.568253545313
-1.69259670094
-1.22382321053
1.51856974727
0.219818323316
1.83343433653
0.485127025458
1.21214552982
-1.26648423323
0.0975488624356
0.315759567717
1.28822649977
-0.125413415795
0.0510883874193
-0.450845441481
1.14263749797
-0.757899814433
1.55450707462
-0.904776292503
-0.702270254561
-0.38813536179
-0.332382064136
0.356624819446
1.01416127883
-0.678489842184
2.01604116259
0.380205022121
-1.24481704504
0.553691048974
-0.181488435062
-0.473249324203
0.0390355832736
-0.494191488345
-0.372247243049
-0.555301425319
-1.27094742882
0.571804950751
0.576830773979
1.30271312523
-0.667196910043
0.704597146727
-1.50785580867
0.64790031499
-0.360772180183
-1.07590081447
0.197924293967
1.03930293949
-0.170294356903
0.286121930448
-1.37217830268
0.766092661078
-1.93439510157
0.770777109776
-0.471645451118
1.80569495966
-1.34559873357
-0.418599773228
0.4131180238
1.74070380121
1.38270918134
0.185446145109
-0.0675585624295
0.2355889991
-0.820544564756
-1.1469925088
-2.18212406998
0.227319051201
0.311086018028
1.22315103203
0.786787431688
1.14167052242
-0.0862358145862
-0.0944158113392
2.77449687331
-0.179598346402
0.173540381768
0.728257931337
2.12548253392
1.36500176361
0.127548760894
2.01604018832
-0.405063508809
0.162068384917
-1.86638422883
1.30142212982
-0.197400194861
2.15250255923
-0.405185543946
0.498393945636
-1.42510593728
0.827324386508
-1.39426606854
-0.565975200031
1.48884018519
0.0232173554771
0.0620085315255
0.0933655775095
-1.16581207653
-0.492249752222
-1.24407691666
-0.633143231005
0.82432898656
-1.73753308588
-0.99793076134
0.849833741992
0.533092445303
0.630866095014
-1.04818453777
0.593245746188
-1.0826540385
-2.00213113451
0.390017356335
0.549358494933
-0.241781828906
-0.745023272032
-1.19056178439
-2.4151452566
0.611436194726
0.728779124046
-1.3306819311
-2.47515914586
-0.330595687115
1.57080252759
-0.381912284765
-1.12239793399
-0.285709827363
-1.12688042728
0.318311175531
-0.813461437226
-0.534886752409
-0.424063731671
-0.774923702362
0.735745662622
0.231090872913
-1.89050723836
1.25923917213
0.266519045789
-1.05845361717
-0.335023285007
0.347496857025
-0.678860188742
-3.02732531363
0.803252271722
-0.253784056304
0.180777462194
0.430510756443
0.467051964289
0.855915197632
-0.283406469316
-1.58644817536
-0.85586104128
0.651528467031
-0.894041412552
0.108243011516
1.579179617
0.624023027996
-0.196655256251
-0.123911186543
0.570025195349
-0.86015309612
0.0806650978422
0.860233177647
0.112038552948
1.2190215205
-0.975280128164
-2.35511716676
-1.68843667884
-1.3824764819
-0.0292973578952
-0.401428109324
-0.120543105899
-0.129626714699
-0.688016547905
0.378895694148
-0.392537032042
1.37166908143
-0.131377349695
-1.55967779804
1.61195413342
-0.403460783338
-0.324072306843
-1.80017999055
-1.03990491542
0.573728493681
-0.343243084622
0.874152575942
0.17164069141
0.470244408611
-0.880234071335
1.31388521534
0.879811881481
-1.30669943132
-0.739443169423
-0.833975091142
0.450075516737
-1.1569294835
-0.113382288799
0.334008502329
0.794110187785
-0.364643012576
-0.0926251723759
-0.139203695935
-1.29777805282
0.310300306894
-0.345906554975
0.259897837331
0.319401905822
-1.32733788078
1.208414794
-0.846245011244
2.81267312179
-0.71519006005
-1.60801997031
0.0768655133199
-0.00564692943095
-0.280359994007
0.710860429841
-0.368847863811
0.763347339462
-0.415178770365
0.21439930731
-0.191933277724
0.517833281581
-0.40101709598
-0.693030209133
0.663051691825
2.14417551172
1.98935506817
1.38950078372
-0.601311429737
0.0766961512436
0.130270790076
0.296214753041
-0.995247539206
-1.27343653113
0.645567016848
0.308696464648
0.491048382999
-0.623934526654
0.307444902165
-0.376627333916
-0.166327133422
2.08566894347
-0.988010530565
0.267727237233
-0.141160255065
1.24330547224
-1.22898021767
1.40361330377
0.233594142532
-0.817453792448
-1.08391355619
1.14569333878
-1.99189498014
0.607559583293
-0.660176650679
-0.160287919359
-0.52977003017
-1.59184041381
0.627191525164
-0.10084625636
0.0119247751203
2.15389199505
-1.46800081152
-0.404205473989
-0.575875106925
1.0241298014
0.862661587036
-2.22534894092
1.07069365168
0.269922083082
-0.337466928214
-0.469372100856
0.481391238383
-1.48094684024
-0.585326789947
-0.889055704567
-0.157403161053
-0.309181183766
-0.812106960762
-1.68868540964
-0.770493813713
1.15699380407
0.509261942384
-0.757842432112
-1.03570208898
0.258640780303
-0.693805950724
0.247316873975
0.6913899684
-1.64935358525
0.232341789298
-0.246453500948
0.824666666791
1.38485860508
0.959050334229
2.00091674739
-0.465418037974
0.846400518107
-0.0314962969727
1.82378612972
0.951535667353
-0.97386371655
-0.649151429814
-0.506291245499
-1.08432899527
0.697819509934
-0.75320165245
-0.470659566395
-0.220699290337
0.4652368199
-1.58374607027
1.14717289902
0.0839443352805
1.1260073534
-0.200055425229
0.889796050787
-0.841232422355
2.14547684592
-0.557221268967
-1.28148172997
1.2700510499
0.0350689989483
-0.769449490607
0.966363184944
0.972350233109
-0.0337481304847
-1.04459598797
1.1966534626
0.114237971014
-1.73064636121
-0.62574771523
0.0755277539294
-0.834995863326
0.167789400769
0.136435928253
0.00945429448371
-1.03016002669
-0.214482430237
1.15818336845
0.0946401632109
-0.0165188847068
0.0544231612543
-1.22013900929
0.220184893386
-0.395553824563
-0.538519776027
1.21486208469
-0.253036768642
-2.31602476964
-1.35192699166
2.15155007908
-0.686029536583
1.08314586268
-2.64016048246
0.142756398217
-0.905371622815
0.066580922396
1.48573127501
-0.221767065339
0.431496743428
-0.985430749392
0.857698701245
1.73922865974
-1.34028992438
1.89972861297
-0.658740901257
0.321065852852
0.799621105483
-0.721478226027
0.582870033638
-1.49981373463
-1.09645277415
-0.0795123914811
-1.00848811686
-1.18563888377
1.24530459096
0.723504709786
-0.00426314706972
1.08220981027
-0.48414921525
-0.897209240129
Score: 1