3
44
10
3
-0.739811643389
-2.33638161191
0.3417055789
0.769763719956
1.83391559091
-0.614108756336
-0.462788012385
1.4384704527
0.0267397807629
1.55057486928
-0.673161248586
1.13180152734
0.120464564583
0.219329271771
0.00180976062224
0.976015901793
-0.135663077881
1.64615068093
0.73397755471
0.147151434111
0.109591390757
0.86764247229
-0.351134159123
-0.152651716678
-0.36720837369
0.452600029505
-1.51097186155
0.709914943714
-1.66519975999
1.00337779751
0.564943345931
0.556207989923
1.36142277082
1.34646669283
0.191786938709
0.189771555122
-1.87154125465
0.244149693533
-0.765362738896
-0.0219610687438
2.41097066629
0.664694760833
0.557364133388
-1.46154624893
0.102783347681
0.191685215904
-1.79106099043
0.868048042498
0.0866461811023
-1.34586425265
0.149184111383
1.33653263759
-0.517390160199
0.7720352982
0.480054005415
-0.537301607538
-1.83181947159
0.206531124641
-1.07716198728
-0.253957038028
0.930820509552
0.553223269761
-0.428805188536
0.994619336168
0.33785204164
-0.641083218008
0.924135440455
0.436532165483
0.525899372201
0.982732161196
1.21454202803
-0.90978506116
3.81084135402
-0.169782304597
-2.09606335375
0.980627651692
-0.761290271311
0.227378255819
-1.36072762392
0.463735276281
-0.190746697846
2.66337407295
1.56459276384
1.03965624765
1.15273392226
-0.508445847703
0.79910376669
1.00607571712
-0.350656128028
0.143546565345
-0.654910339885
0.365406414776
-0.112144706449
0.668268249347
0.265830338463
0.0613243250019
0.00397456697534
1.48498873557
-2.81260364331
-0.926169050553
-1.41575388027
2.39297676076
-0.423065530014
2.47956314509
0.758468314446
1.01509583069
1.02332398637
2.53013337634
1.07479097825
-0.750353079799
-1.45168675987
1.29836475394
0.75509183975
-0.139347936144
0.256699472836
1.14268048087
1.51298152444
1.18875062737
-0.822193822566
0.718973858875
-0.399190826375
0.442182304833
1.53786492118
0.466832844079
-0.872968592116
1.14779923234
0.261103909001
0.454406666397
0.138364834032
1.72416393289
-0.273992048059
-0.266844572172
-0.0904861520278
0.438887008013
0.0268396629674
-0.97440126213
0.216519497501
1.03216923074
0.289326504698
0.648180300633
0.52261155561
1.32456192086
1.1522706795
-0.431272200148
-0.407105276483
-1.04886441068
-1.72440728464
-1.22018972487
-0.517088205142
0.0948449082669
1.49873822167
0.413355371256
-0.943520095464
-1.02852431404
1.06237848583
0.528769164241
-1.48319988885
0.062505549443
-0.428818559946
-1.85085898223
2.20885261207
-1.52654236462
0.0800104584538
-1.07726455761
0.57670370171
0.0837819325694
1.11560484446
-0.304159393425
-0.765379559539
-0.918428948626
0.114906328293
-1.02390397708
0.328833888963
-1.73135754836
-0.559199486642
-0.296926382648
0.921103615354
-0.148008426742
-0.729632909051
-0.0181735993725
2.09027772887
-0.0619071177815
-1.01022788554
-1.45645923357
0.061596599083
0.596961691959
0.366327013605
0.865109808613
0.642990296977
-2.19598921467
-0.435876476147
-1.22451424695
1.90525836563
1.06976145616
-1.96922846743
1.46391600716
-0.475194542639
0.318883419517
-0.203874745668
1.23296317549
0.0764758287794
-0.0188096075353
-0.720803178393
-1.30346951084
1.37281433732
0.620897274798
-0.141218415634
-0.0198170305034
0.424173023962
-0.799049272835
-0.221198794353
-1.36667924444
-0.647652704257
-0.212326621694
-1.09900706934
-0.963006391044
0.208471860145
-0.287079492078
-0.773860640929
0.633217575854
0.437172346449
-0.292394722994
-0.674822816464
1.36357284577
-0.0599601173056
0.655864153003
-1.38811189755
-0.702511633699
0.489579088371
-0.366236505987
1.08773349611
0.206497470039
-0.167360730548
-2.00837116644
-0.6848435779
-0.107050507372
0.0125964195485
-1.21899197849
-0.961038180357
-1.09866321309
0.459349954429
-0.0331973602675
-0.126381735317
0.745652598635
1.89864237039
-0.0533146488022
1.0328703095
1.91278105079
0.740160218277
1.29954952189
1.0255293726
1.34420080877
0.970917428734
0.170572110326
-2.16232108943
-0.0431186881584
-0.323771112564
1.00040453099
0.0397122018499
-1.78017998734
-2.28114023957
0.926516336279
-0.432824723947
-1.99792512086
-1.57784972113
-0.048746700444
0.291889565139
0.649967066927
-0.995643104004
1.4565898882
-1.11859065564
-0.115332430997
0.336530322335
1.34251226052
0.589551143727
-0.479460487625
-1.11123595086
-0.011857838677
-0.815294028708
-0.288629333216
0.296085064869
2.09920105207
0.278352629465
-1.16523815103
0.557496923783
1.27409782034
-1.58888473106
-0.41965225281
1.6858540697
-1.25812781858
-1.5602888603
1.31579692814
-0.699620150705
-0.442190602242
-1.15036209852
-1.09731510654
1.91430254171
0.253891021567
-0.459417583483
0.927035768057
-0.875318484486
-1.76484521498
1.00397849628
-0.358828913948
-0.472109318369
0.839611251605
2.13484973668
-2.13916287303
-1.37387974991
0.564170401796
1.21072286824
0.713703646951
0.717081454206
0.116082279886
0.997361793236
1.23003597477
0.595173137578
0.213475403502
0.159631074028
-0.502272118237
-0.646902015049
-1.54365927914
0.171407375909
0.367805530778
-0.248129089128
0.584673445718
1.05472386074
-0.42287330519
0.364300649101
0.0553589525377
0.0212265801035
-0.718148244684
-0.975827687683
-0.185551391106
-0.604994996812
-1.04229947013
1.38463931203
-1.47594767822
-0.498336248359
-1.25361458587
0.9691291785
1.55346480239
0.108165114384
0.297112128988
-0.4160485007
-0.337163138169
0.130935416642
-2.47846969135
-1.90445775763
-0.077540292159
-0.748994122942
-0.257862110043
-0.42994198339
1.56970309207
0.339104038219
-1.02374576224
0.943140959616
0.443466153163
-0.964941315007
0.372582721637
0.97864368338
-0.979884519899
0.595076925409
1.26505988089
0.768579412337
-0.163330418809
-0.27505962081
0.590281534999
0.619292736366
-2.76425516171
0.464978032755
1.32624941881
-0.325417453462
0.222973948715
0.0927168580863
-1.29752510947
-0.736763049138
0.217587397514
1.31310018447
-1.43802094908
-0.740035847959
0.307183706294
1.01040510326
-0.90980196643
1.18254726986
0.2414651962
1.30436133854
1.02646918512
-0.631805200009
-0.657999977742
0.991959580993
-0.821313012083
-0.577542554782
0.822785345666
0.725593713255
0.0929523575946
0.217924834999
1.06814611555
1.28191872649
0.329823470971
-1.72263226968
-0.234805571456
-1.34712033641
-0.30732122124
-0.31816266367
0.111221394658
0.467256068424
-0.893022427408
0.825847825016
0.570594875712
0.421324878899
0.623236362481
0.105402403198
-0.857581921794
0.0550760521359
0.325429366167
-0.609224488826
-0.109364248839
1.04411385886
-1.01667599728
-0.144136077001
1.7354716516
-2.59376938925
0.137896750008
1.43796317487
0.674599568855
1.21784629716
-0.38309945119
0.662650572199
1.17006729999
0.809767415268
1.67935383215
-0.481701775986
0.0466838921888
1.88730567142
0.0789905031999
-1.04905131482
-0.664349760601
0.387357352394
-0.557765790315
1.49735982252
0.509863635291
0.972455499784
-0.70958432135
-1.83478429066
-0.72902489916
-0.287212796676
-1.08216199468
1.12657263065
-0.258917519647
1.62037883291
-0.491355879965
-2.80661560491
-1.46122743136
-0.568975751156
0.628832043438
0.193269392024
-0.854152499157
-1.14049132668
-0.226630439805
0.0684378571056
1.17563761453
-0.179461493627
-1.51882455289
0.285025176046
1.22078372109
-0.389990336897
0.949348789317
-1.8125391795
-1.6254904192
0.00579587740319
0.751214623732
-1.15582817332
-1.47156150394
-1.91820909992
-3.1823166281
0.866742939604
2.86139164302
-0.72034721556
-1.20076206317
-0.816521897356
-1.23213755556
0.5259669282
Score: 1