3
44
10
3
-0.75745162449
-0.41165105032
0.673049465721
0.593252820356
-1.05642843964
0.743505372561
-0.144088061246
-1.00219011481
-0.803462418621
-0.0869349241217
-1.57792221112
-1.14978080691
-1.42460620403
-1.42067142305
1.08018645391
0.98298793662
-0.426653475339
1.04246187923
-0.538556569251
-2.11259178474
-0.0177324277465
-1.06123177387
-0.196443960666
1.27325236837
1.77089067845
0.447236038344
-0.034443959867
2.28880341818
1.3893605287
-1.73570090723
-1.2894062008
-0.673954948401
0.927621268942
0.7794971201
2.06695645679
0.114254535591
0.528120664729
0.500087654662
1.9999259497
0.912968808561
0.503164603013
-0.467745728694
1.25801407983
1.30872155055
0.513937937384
-0.00509936866536
-0.237577570827
1.084837126
0.736955750297
0.235631915743
1.47200013025
-1.57915621879
-0.548257156925
-1.22066997392
-1.5797773372
1.6687026204
2.61603365198
0.0401867333665
-1.64397620903
0.531766210665
0.889931168634
0.287922834872
1.8487666816
0.0134391268995
-0.371507669262
-0.748503562989
1.77432977905
-0.844701973446
-0.939741359106
1.36624024375
-0.0928563477773
-0.57997232964
1.37144225733
-0.307463746842
0.352917916783
0.700548178674
1.05210125288
0.47355058612
-0.842776196631
-0.104223846092
0.89244214276
0.736727685378
0.646029697958
1.24361396552
0.497651697301
-0.294706866761
-0.783744294007
1.50089122182
-0.322134662448
0.909389225923
0.0879323800763
-1.60309770851
0.677101819027
-0.50799335341
-0.344904191311
-0.0116773765639
0.831750158142
1.26930421114
1.12124567508
-0.512335434702
-0.239470152513
1.66270569494
0.965465351122
-0.446242292973
0.652452634412
0.791458202328
-1.53135660201
0.815694255708
0.441765629922
0.211248540704
0.853675788146
-0.829337547553
0.758304512013
0.230600293897
-1.31729573248
1.17495072333
-0.199082286603
2.23616423722
0.202983292476
-0.173039504435
0.510632173549
-0.103188836919
1.10851015568
0.234932126301
0.311969884494
0.22304097898
0.467375052435
0.564357373805
0.458849519928
-2.05490762883
1.97873316599
0.252912789991
0.538183439913
0.499180904807
1.23886340441
0.966330513037
-1.15283540497
-0.443966237337
2.26665409801
1.33563076624
0.612768382306
-0.901637704228
-0.307813086072
0.0596566748599
-1.6807275011
0.126881545625
0.403335018607
1.02614235367
0.159509899959
1.44012826363
-1.00144640094
-0.212978877961
-0.65569440703
0.136441094762
0.507922416101
1.23295604185
1.22502293201
0.420454102711
-1.21910515034
0.384587659834
-0.943153612317
-1.16739673103
-0.360733475348
-0.788705819587
-1.95385918068
-0.410694062193
1.62466206855
1.85258749183
0.969603611365
1.72194175398
1.18197978678
0.0670355886633
-0.608639672015
1.30113455761
-0.055174728998
0.964954794675
0.265308343101
1.18576562831
0.965625002094
-1.55385719477
0.635262588111
-1.35288112281
-0.800483127998
-1.29170599324
0.850275501571
0.726007947036
0.330574884502
0.164932572723
0.532971164054
-0.137434287746
0.733080112523
-0.50210592056
-0.194561924957
-0.404197825861
-0.552579826239
-0.813413774132
0.663482816739
0.925565105481
0.214533816199
-0.60225733245
0.312962103383
0.84133354036
-1.57751046958
-0.814669891077
-0.476207760108
1.3972215945
-0.7664149556
0.0681948464784
0.587094207228
-0.702007630643
0.562274325802
-0.0717711401965
-1.60763915748
1.16812860228
0.688001865737
-0.251302925276
0.49923283052
1.68275392093
1.03783571596
0.278880313905
-0.414847598968
-0.46260933247
-2.09249236952
-0.430522455095
1.15802925376
1.3689386756
0.377832312124
-0.817641911783
-0.67246098696
-1.66786985356
-0.430840912015
0.458230548895
-1.94605286476
1.01686512209
2.89937118182
1.5422739769
1.06756219233
-0.0319858245889
-0.502055820701
1.31979982834
-0.342614636911
-1.19649825354
0.397717587168
-0.724030075613
0.455522309003
-0.164701426862
-0.0686971648603
0.66200786056
-0.48773406083
0.177482471682
-1.01181704278
-0.0320823648985
1.60983360717
-1.0807757996
0.225780722933
0.3115963664
0.804002128455
0.666864130181
-0.568326028235
-0.658859515521
-1.0162772667
0.234919004863
-0.196595477457
1.90447412107
-1.85727990908
2.3003060292
-0.905154705234
0.508565150569
0.215863677221
0.993546442828
2.05366855738
0.209354339512
2.5612298418
0.948725554506
0.0994124695362
-1.44710772642
-0.0543162454642
-0.244249995321
-0.932779224375
0.0849970022439
-0.827954518775
0.106843217836
-0.934979325377
1.61119241718
1.04836426447
-0.232769958978
0.714619162262
2.64631364307
-0.117829454589
1.12899241248
-0.153059293971
0.140198457831
-0.156473658637
1.27005665094
-0.316989394869
0.989626750143
-0.0676758732807
0.50322128251
0.487932366969
0.49498545047
-1.31599772511
0.344310962583
0.221835260061
-0.697670079667
-2.18352185237
-1.57209276902
0.202780005202
-1.41569840802
0.200174248331
0.868011095406
-0.0473122138095
-1.27988430176
-1.21258267312
1.76569948396
-1.51161393507
-0.617330602698
0.165200417419
1.66592287946
-0.192668617252
-0.98085354998
-0.0383375584722
1.79676635849
1.8230855299
0.309674215968
-1.72481067799
0.364879588197
1.53743107409
0.46743920765
-0.0708185695125
-0.244437727153
2.15058674805
0.937765735982
-0.964205068466
-0.304236215959
-1.50140932457
1.38880957322
0.377796419202
-1.17208340746
-0.159500345155
2.3030088076
-0.190587959385
-0.134757197083
-1.88540825218
-0.184305503312
0.957550369821
0.936464981121
-1.09227457825
1.5829161243
1.53405896877
1.0052571685
-1.53829401992
-1.08379200778
-1.15257266625
-1.08661885735
0.12651479183
0.289862737655
0.658304500728
-0.519468206671
-0.736922179049
0.96255244788
-0.233672896161
0.534776620786
1.65612597578
0.48974200889
0.385214249917
-0.820213664819
-0.335198765651
-0.161435789003
0.357856258382
0.27616898905
-0.154802560292
0.538378791494
1.16283591541
-0.602987900631
0.447864108007
0.146801398035
-0.88690900749
-1.10907931484
1.26504538553
0.352315158487
-0.0272929389118
-0.587071758317
-0.00782877416427
-0.883689700241
-0.228293062786
-1.24969028383
0.598573196751
-0.0379139939563
-1.64181822469
0.588609951667
-0.757183234153
-0.282086926124
-1.22977519479
0.118730231727
-1.07877720945
0.62774600624
0.796935794636
0.760101950698
0.738497381667
1.11216267445
-1.41508319228
1.20288395422
-1.2066366568
0.669920437555
-0.510190147892
-2.16695906146
-0.0306461201183
0.61598273185
0.313966209034
0.706997833829
-0.468984389565
0.680907192187
-1.27334981789
1.00671296871
1.27637743419
0.0233930832272
0.0284617636407
-0.56680035493
1.78522788022
0.196392601534
-0.299882825627
1.22706570401
0.301948170643
-1.01260554507
0.384541965231
0.620755434337
0.604058256389
1.25299358311
1.66290130169
-0.413889804594
-0.557852506196
0.289351101705
-0.795758353343
0.171551754462
0.263681860474
-0.125076533127
-0.415441375274
1.00717039484
-0.572276945544
-0.275342447928
1.80126882529
-1.23109284893
0.756924310069
1.39885905977
-0.869890212863
1.13245500512
0.739319352026
-0.756765335111
0.266017194074
-0.43591112497
-0.670502140434
-0.79722113237
-0.510661749186
-0.935477475782
0.90261337815
-2.62559826204
0.0805930662383
-1.25260645118
1.1266061526
-1.22591967013
1.03572578256
-1.53098531331
0.0978478498079
0.420020330471
0.603688172878
0.202655350897
-0.375412567744
-0.915834158028
-0.0280736903072
-0.734897235134
0.508363634138
0.979592172363
-1.23068158338
0.721110140072
-0.538138841025
0.924384168282
1.6462160245
0.789927786575
0.274361132021
0.264563393388
-1.0117856248
-0.707147741341
-0.554795145467
Score: 1