3
44
10
3
-0.130087817082
2.41596203278
0.401128715931
-0.600740774373
-0.103110134386
-0.254548851095
1.34190531627
-0.689512605306
0.557585362457
0.849974743895
0.148489025224
0.782471019886
0.54957731662
-0.461723234223
-0.0575774386406
-0.681082950408
0.307667596083
-1.01486230745
0.742013016098
1.50920514326
1.47796607233
-0.158162459131
0.246282747364
1.29962539353
2.2834453517
0.035604171683
-1.69306059282
-0.844745541134
-2.8549124234
0.754427210853
-0.598624979909
0.707981454859
-0.17419747236
-1.26964617285
-0.180348720831
-0.0221104651847
-0.82286736947
0.214653819121
-0.290692630402
-0.873541330318
-0.0864571991884
0.479837147024
-1.55811715035
0.804864590002
0.642503247847
0.599139383602
0.967928446853
-0.829440394663
0.17180627238
-0.259583829586
0.705439467574
-0.522854731559
1.57297137404
-1.40665085506
-0.557291132838
1.23723445358
0.0343365714612
-2.37554300225
-0.560676115496
0.00820721857232
0.127278822189
0.11751538982
0.69230631422
0.0342776086706
1.42103875365
-0.548681440968
0.118624854511
1.15329666284
-0.956447249071
0.490041027759
-0.299954772724
-0.0345015803808
1.2394134955
-1.25205014738
-0.375933964367
0.325531790093
-0.26469694782
0.844619016295
0.859450199716
0.773840404307
1.3513998436
-1.43554707472
-0.238810265951
0.253214003437
0.3018579262
-0.576385488264
0.416004683651
1.17602623338
-1.48883252342
-1.96157771536
-0.707912551447
-1.40573057298
-0.751626854104
0.953228555225
-1.41153433334
2.41695869167
-0.0157780628696
-0.428564562795
-1.375127862
0.886120234364
-0.931950321522
-1.34672147394
0.256456278089
1.56046534074
-1.3144967261
-1.75606080178
-0.139112375226
0.663459786097
-0.921971202204
0.118044967709
-1.72844720965
1.69827905743
-0.0930759596112
0.187821628825
0.246017983755
-0.635208562759
1.61165518119
0.860841505246
0.85033915817
0.742102839104
0.0697341963704
0.364667739341
0.583861070591
1.10426304135
1.3163186194
0.0749758554985
2.16627393829
0.109354092104
0.262111181079
-0.994780017926
0.50559313674
-0.469643434163
-1.71280258421
0.726332960061
-0.165412141657
-0.42989244494
0.0289539885336
-0.973614184347
-0.812569959952
1.26807723611
-0.773676598393
-0.0922824017288
-0.550572269896
0.604167963228
2.02776351393
1.27722184892
-0.237307436247
-1.07323199801
0.188964014685
-2.05181637156
1.151507342
0.725745937385
0.90190512273
0.947732546611
-0.169175506405
-0.0812604690231
1.02785086208
-1.18943263006
2.61206850991
1.45522730514
0.334394320959
0.0145654589578
-0.688332986476
-0.660833496043
-0.876715950866
-0.400587701627
2.18177707832
-0.0911927053846
-1.20429043959
0.291474888298
-2.50070435476
-1.72896639544
0.826935071856
0.742472660467
-1.14586419194
0.447342713705
-1.04837881372
-1.56619801002
0.102980025031
-1.14002557957
-0.812472971413
2.6987749236
0.615691234911
0.367766119326
-0.383347334198
-0.363201345813
-0.313824442931
-1.36948616597
-1.0466912084
0.389934498053
-1.36036928974
0.709563697738
-0.620550010831
1.86065375
0.418268223681
1.21738957701
-0.125671596626
0.544677008572
1.39971957865
-0.846411927156
0.0151773312543
1.65239498925
-1.50482797085
1.61451347052
-0.613277491904
0.826888795421
-0.521135888852
0.354277776275
1.88215058915
-0.261307319156
1.66223336262
-0.278570161939
-1.16572601622
0.0794851646899
0.852302350539
0.0594875679541
1.49686729858
0.422351727555
-0.643763811795
0.473653648649
0.175406257888
0.0613958660074
1.00095077695
-1.06190360024
-1.2417094063
1.63153096497
-0.771805437152
-0.0309377398893
2.21770728167
-1.26097333314
-0.514981392328
-0.0459152337701
0.000374591873381
-0.458117813001
0.203601640447
0.584744384316
-0.939596033336
0.945230234488
-0.15413622048
-0.430814622443
1.03427937535
-0.37156959726
0.490239511846
-2.41780836136
0.656641563606
0.283567875202
-1.51025168904
-0.67039677465
-1.41213096855
2.05302043836
-0.0569099010662
-1.45727370365
-0.636122679773
1.67012579271
-1.72432061367
-0.153493447115
1.21141018329
0.506762972997
-0.41245663706
-0.568151822356
0.481559338885
0.16327257157
-0.022451815671
-0.646789791542
1.54363630452
0.828848422499
0.121694203963
-1.18032668733
1.31361080517
1.51455967274
0.231885185353
-0.00847774413888
0.756168988607
-1.98128293277
0.184691145805
1.52223238139
1.20281271496
-0.0878067976285
-1.75704933541
0.768263157707
0.164418995544
-0.745520514029
0.440763888184
1.25310312553
0.580842764676
1.04951635719
-0.387651563598
0.895464879723
0.776878651533
-0.498808400706
1.22475378852
0.125584307551
-1.64852459059
1.71038774303
-1.23356256533
1.21793733035
1.50719899374
0.984562495895
-0.161495459877
1.11614181295
0.980938093613
0.31845776731
0.113132943375
-0.125244678505
-0.676933863454
0.921965019956
-0.670946673186
-0.0660873768206
0.174957681181
0.682705982525
1.13042270701
-1.79859486193
-0.709844874836
0.869219911892
0.710728072377
-1.60899673627
0.408748083885
-0.9627740825
-0.187485893063
0.206680490846
1.23843752875
-0.0857268811336
0.726808096869
0.853686807183
-0.441472098265
-0.193385887459
-0.181508679346
0.0522657302538
0.648795633998
-0.914736450966
-0.344264044576
0.879769557328
0.562094248593
-1.2621809929
0.27622980498
0.375003284709
-0.834297967776
1.57648056754
1.611655027
0.796881370504
-0.518693582547
1.43718159409
0.0521623954748
-0.914290777366
0.667094686116
-0.0524605632878
-0.231846380816
1.75798945934
-0.791937951705
-0.521691652855
-1.08330521272
0.197115297509
0.803262215191
3.0301813802
1.13730588947
1.38904334973
-0.552440920027
0.145995200082
-0.301966716974
-0.133692751724
0.545374832398
0.0243547263222
1.12273053722
-0.145085197716
1.01401713709
0.748265749977
-1.13976496392
0.502224178207
-0.114895665785
1.19582985463
0.552760503652
0.766850948491
0.79169918509
-0.486593780775
0.537376853457
0.349078815773
1.07110790305
-1.22891550695
-0.343174004998
-0.730168177546
-1.27767413933
0.747722246192
1.20694192118
-0.368508993822
-0.949529181988
-1.58814751746
-0.233305217495
1.0542977212
-1.74173653266
-0.0715658174189
-0.995434767265
0.910968336012
-0.283239210365
-0.530128505878
-2.11576071652
0.519277267209
0.665147448506
-0.207047061221
-0.941680809863
-1.4415688908
0.708400383135
1.16684882978
-1.54599929798
0.48838141976
0.0844493927572
1.5749144393
0.0567368342229
0.0741627713914
0.360558445337
-1.44269413143
0.0173958137781
0.175148702293
0.499262317864
-0.812578626995
-1.83869732357
0.061384039378
1.63648228346
-0.410588436766
0.613380451801
-0.482491064748
1.12149640617
0.947337265614
1.60267266417
-1.13515020797
0.145979047667
-0.278451950792
-0.234853207551
1.31840722619
0.919247386645
-1.18889973883
2.37065845994
0.748195577566
0.0773134368312
0.668177706284
-0.607759094134
2.07801302911
-1.77488182658
-0.544761631138
-2.74434853515
-1.77952193178
-1.50459155651
-0.989645151783
-2.54145176574
-0.154606545528
-0.027926575916
-1.39731739692
-0.358246350972
-0.199994617869
0.360955276869
-0.305301602374
2.4080639183
-1.51546119919
-0.548577987292
-1.04624325381
0.562611668817
-1.26976543673
0.957439082131
0.248922934599
1.12762334601
0.153621599918
-2.2866222754
0.299185967027
-1.08175417427
1.65794458837
0.209424027729
1.11107252643
-1.18114608366
0.664909199836
-0.762950515175
0.503913324895
-1.27769680907
0.502866329482
0.523649562853
0.506028708544
1.6449108578
-0.167830825539
0.803883842106
-1.19757713513
-1.15711357875
0.829207399435
0.0509083495838
-2.26908271015
0.113849430583
Score: 10