3
44
10
3
-0.605679079589
-0.487653372904
-1.27250022818
-0.676364918846
-0.22120446733
-0.755046763678
0.719336432799
-0.0976697931117
-0.948498504992
-0.000527370863569
1.0577091511
0.35630092103
0.303918410836
-0.220924649203
0.0969258912814
-0.816904926753
-0.259076496988
0.264707619383
-0.526358634883
-0.125035909964
-1.42317456748
0.058398220008
-0.0300565626245
0.821930716208
-0.0588124663657
-1.89917035486
0.54157649659
-1.25172458247
1.27038389673
0.817285501083
1.34260346135
-2.53366839257
-1.02657399462
-0.820116736587
-0.153485665086
-1.20642406605
2.04419009249
-0.438510290934
-0.426956653691
1.7099086137
1.41486366769
-1.48357044136
-0.808236927929
0.728618597686
0.0454602025983
1.26455322172
-0.620565672136
-2.2330947167
0.0613263786801
0.963492305822
1.18577213228
0.531440196766
-0.0406325762563
1.13537919078
1.70708440547
-1.19726093926
-2.80470796354
-2.46161658303
-0.472307909085
-0.313802337994
-0.0804004561799
-0.573502310537
-0.929339412068
-1.42381638667
-1.05995019781
-0.34909542444
-1.64481912373
-0.0374367590346
0.0962254717323
-0.507746299586
-1.55951019442
1.57957533762
1.4377436863
-0.594331327107
-0.431497505706
0.202952645237
-0.677507072417
-0.564449994207
0.186435427495
-0.476389110852
1.72005422466
-0.358176825248
-0.643812465314
0.354871014275
-1.08213316621
-0.620433649377
-0.724901287107
-0.00691621569066
-0.300381979976
-0.856144421002
0.666899466417
-0.284840415752
1.01077377125
0.378210873166
0.770671987922
-0.796143357444
0.831385380978
0.0570273658939
-2.1904541552
-1.06318055442
1.06957281246
-0.36285509828
-1.61914221965
-1.20169206218
1.25796127573
-0.0357631257907
1.94410932897
0.414138028277
1.40550351847
-1.34257402261
0.176794140758
0.215566727674
1.22678901118
-0.358718709951
0.205482649976
-0.441814654812
1.05189347688
-0.987273944898
1.68822094532
-0.908363888709
-0.681897218004
-0.430235044631
-0.238629013723
0.414623532692
0.89014812903
-0.33578891015
2.34082790125
0.397011886604
-1.30676920709
0.465396229249
-0.311899443398
-0.253413398275
0.373912307319
-0.328884680964
-0.192304287647
-0.447010796749
-1.34764171345
0.535539883967
0.835047493873
1.28221592411
-0.793410388743
0.669483536203
-1.55570090211
0.736114968674
-0.38970761102
-1.16241376379
0.252202426348
0.828605440238
-0.0893962772925
0.448900760432
-1.43181743663
0.772834482665
-1.67338453979
0.885176290987
-0.604809124862
1.65391230715
-1.30613931073
-0.375916831504
0.0992624291848
1.84832119533
1.26167879989
0.296700665914
0.186220899626
0.397237588586
-0.939184919002
-1.31681335908
-2.26479352485
0.193347477105
0.471051364189
1.27951956186
0.674271610967
1.15645995992
-0.0051519484233
-0.133606310451
2.62617671103
-0.336599033956
0.138877918913
0.752008499976
2.04606248578
1.31423577264
0.0605209178467
1.99968863812
-0.466708307795
0.121739768991
-1.80095729261
1.2724538169
-0.459035106889
2.09248654212
-0.222523690301
0.501444016252
-1.46294492567
1.15882590347
-1.63274012764
-0.573042984885
1.43454105302
0.0690438768884
0.148105682783
-0.12160879578
-1.26830556008
-0.433568831818
-1.03833235641
-0.666885897823
0.872203222163
-1.61658433139
-0.927969280763
0.895101815771
0.341264234478
0.521170023705
-0.759140759889
0.267131983399
-0.882638674047
-2.09741080244
0.376053691722
0.702573417589
-0.225274197428
-0.484674350857
-1.24710051438
-2.31040252059
0.449313797228
0.798783603397
-1.33123289166
-2.52452430584
-0.147401844609
1.58203747761
-0.102170025089
-1.11467704256
-0.266794594007
-1.13706623648
0.080584093286
-0.900294586487
-0.817351630617
-0.413876712181
-0.622923242014
0.753377905293
0.104453172934
-2.05628705476
1.02352903122
0.127803973319
-0.940704819207
-0.475316586632
0.479440152285
-0.80564631297
-2.73368834459
0.667441040408
-0.262077371156
0.0748855894169
0.571079325632
0.461311924403
0.982846921824
-0.210826753949
-1.32637027959
-0.842881248304
0.700754797858
-1.14486282054
0.178011827208
1.41640645029
0.750376964418
-0.193724597293
-0.0640859603037
0.274630031054
-0.645601943172
0.183903034702
1.10669945277
-0.165739358621
1.18739313817
-0.887318074446
-2.18572532287
-1.8144540722
-1.31978154884
-0.1486784525
-0.495776661144
-0.31662883215
-0.255593170143
-0.405084802739
0.451890523417
-0.32149074513
1.32701152074
-0.107227710579
-1.4962433719
1.76598614907
-0.495870522253
-0.267568455938
-2.11534999456
-1.14092840147
0.6947088315
-0.420604047141
0.893862200604
-0.0359274212485
0.529306448094
-0.735737628127
1.08665311704
1.1267964386
-1.56434140499
-0.486588476486
-0.844496344733
0.536369584091
-1.07059700496
-0.241604076212
0.513972114434
0.501799557145
-0.230202240804
0.13854251013
-0.0777622301941
-1.1748667366
0.0199242607211
-0.408349954882
0.0084865933576
0.0623829732241
-1.16431851707
1.44302862795
-0.99576786294
2.71492940441
-0.746018831168
-1.62033990856
0.155542663008
-0.262707404803
-0.0197830985445
0.757106562473
-0.412021031824
0.715341044741
-0.226888896309
0.502669130573
-0.119266722969
0.499849847612
-0.257739551142
-0.650363835659
0.545010224645
2.0106910742
2.11815893556
1.0331926733
-0.525367346628
0.340654473094
0.177890623638
-0.0559717382197
-1.07716831699
-0.861882861428
0.673930364707
0.242119304926
0.975202485183
-0.541292993099
0.262253559029
-0.556780773419
-0.145165878515
1.91243516841
-1.03036806906
0.286044165314
-0.177350416393
1.17022182261
-1.1535319072
1.64117725476
-0.00669971153512
-0.713852417955
-1.36690986576
1.14529675686
-2.08239705008
0.414347082746
-0.509126999701
-0.093029469874
-0.375729040292
-1.59411717288
0.425180158506
0.0387196970649
-0.00911483139443
2.0828782888
-1.44351738909
-0.323266959904
-0.395503810657
0.98910203193
0.758820078834
-2.26511173141
1.13562038312
0.172722535927
-0.501653789231
-0.361847993871
0.624316062119
-1.55685878054
-0.508028091665
-0.684891282064
-0.228130089287
-0.396276430101
-0.566887919942
-1.96177410555
-0.700013277349
1.36233634277
0.390514518875
-0.732588913761
-1.15689789925
0.543074597337
-0.470077578231
0.440883123268
0.620994541647
-1.63585804284
0.129490718303
-0.307329993941
0.69024609808
1.35792675566
0.739305263767
1.87043391956
-0.341801355658
0.936924388398
0.163294607293
1.68080975364
0.936005872938
-0.689594489145
-0.798659710439
-0.385506093739
-1.24603864384
0.893932861525
-0.753010071455
-0.21312511801
-0.226777446692
0.60036952072
-1.50359872351
0.817398097889
0.0326254534202
1.17972193698
-0.183969896853
1.03221267562
-0.80148624386
2.25732799805
-0.351798242309
-1.26366474753
1.14527527363
0.253395225902
-0.864635187368
1.03273738749
0.933309584866
0.0214180276377
-0.91002432969
1.20687681964
0.0491290352695
-1.61586813296
-0.443649969479
-0.110732364368
-0.784346042607
0.106416254557
-0.0954042666106
0.13181530815
-1.24639695547
-0.255890324039
1.11083014428
0.149793584728
-0.150393853173
-0.0521981152839
-1.2150878477
0.263126128524
-0.687418226447
-0.596526976924
1.04952068022
-0.0496866583321
-2.19068569054
-1.09403784826
1.90138748064
-0.615650498181
1.00670720339
-2.42890843419
0.302053080087
-0.868153549199
0.21327672601
1.36084734576
-0.305437115402
0.241502554663
-1.29688828712
1.01114498738
1.78549476347
-1.48192369685
1.94039236686
-0.737008328793
0.48347493237
0.424247543197
-0.93435503782
0.667764964835
-1.31457229971
-1.04891219697
0.018983571819
-1.11427404537
-0.902992637463
1.23437264348
0.705621867504
0.0177509155071
1.05126615634
-0.613850154293
-0.984090058073
Score: 13