3
44
10
3
0.979540538689
0.945453769941
0.502342232794
-0.749226238364
-1.48514259747
0.342681827815
0.665541882012
-0.675732861621
0.117841450891
-0.679033845784
0.152172140108
0.77310181984
0.417753543352
0.104888036694
-0.0562575442045
3.12365106416
1.19533732394
0.315184796345
-1.17894176676
-0.396909181571
-1.01221754701
0.449883291906
-0.89492632969
0.900383976385
-0.206438963933
0.566617801476
-0.663301992062
0.56852744148
0.737819916189
1.81396817511
-0.50812015306
-1.16413304868
-0.489217995077
1.73361514669
-0.12792194507
1.69659703217
0.449470337715
-0.371181133823
-1.16164797732
0.22851548493
1.30132834394
-1.21582463903
0.613567284352
-0.323705973804
0.214462856988
-0.187847310405
0.334064018613
1.12108739284
0.663877377621
-1.16523342703
-1.10063291223
-0.235849800931
-0.947145607158
-2.54278628133
-1.96799493271
1.77689936649
-0.556273884764
0.378400477191
2.36256880079
-0.333974372404
-0.863881181877
-1.77878493076
-1.05297160721
0.668608575277
0.261130530691
0.934203740343
-0.755303807553
-1.3295813451
-0.882103088398
-2.17946048895
-0.872467728703
0.396564398003
-1.23359758074
0.561727643638
0.458595643154
1.15980223135
0.056775831293
1.32087482765
-2.0468650289
-0.889973526443
1.39382879358
-0.106868187657
0.106877238952
0.712363712286
-2.07400770794
-0.466964529472
-0.00477597730904
0.703948106919
0.236979478274
-0.110188611256
0.694925064429
0.265810411044
-0.380467417196
-0.0769052709223
0.192104492082
-0.264398214289
0.101886990031
-0.0224895170486
-0.610281175369
0.0791313972769
0.863350394243
-2.50988856242
-0.313202982998
0.956900609659
0.253885861181
0.4208706549
0.0107485648724
-2.20774666393
-2.11334593728
0.140445183813
-0.126831104274
0.878357539543
0.48820999713
1.08940486197
-0.27358983446
0.938247565912
0.668794159598
-0.0163876394281
-0.816615951964
0.950012245793
0.42066469351
-1.70990835404
0.519304266362
0.091960188413
-2.86965775502
1.19906136182
-2.55320541881
1.060133803
1.71132272498
-0.370674158943
0.272745369055
-0.300369531904
1.61811610224
-2.31900107991
1.34203100213
-0.762347317512
0.954450437019
0.574284673483
0.394121188368
0.663651965306
0.432082984489
-0.41891705954
1.19641987498
1.77754015459
0.579440663201
1.4386939914
1.36164271653
1.54241849894
-0.520353752341
0.0372663630889
-1.9828806372
1.46649659059
0.664166727125
0.903790701517
-0.741451869923
1.77857091269
2.41795726695
-0.312263352935
0.533500215196
-1.25105498063
0.490609997015
-1.22006269488
-0.195371548691
-0.269975601536
-0.339199065783
-0.156055120755
0.565585106582
0.796241379737
-2.10378409689
-0.324332336292
-0.115766039381
-0.331654216907
0.803078363147
1.69927074282
-0.591787813587
-1.28406640509
-0.0176688248908
0.599362641533
-0.270104644745
0.787846049141
-0.226733203812
-0.40327957388
0.0083754316978
-1.14138940589
-0.776536450243
-0.503241277145
-0.189025463555
0.52758682846
-0.859431629346
-0.65776764483
0.0461624325386
0.0480956376155
-1.94340153008
0.560354616409
0.0743878931151
0.00841311188773
0.537311493374
0.451535488275
-0.292217051234
0.358316061542
0.123550952195
1.66898874175
-0.668416483416
1.53726444911
-0.534183772682
-0.667388826638
0.85338414592
-0.522124684267
-0.0340447216877
0.244613291889
-1.23730118511
1.77508485794
-0.0951977822003
-1.1510199213
-1.17277197262
-0.31121539811
-1.02492428909
0.884306817746
0.795628382739
0.411419923334
-1.23357988785
0.659892883429
-0.528620628528
0.593304092356
0.4682526916
1.59697422531
-0.234917867299
1.33544149085
-0.449733314337
1.20701457326
1.0214038352
-0.64367416115
-0.850866947778
0.456302619367
1.39856086085
1.74251037055
-0.749545462503
0.0630221871569
0.335952869067
1.90739314848
0.772205115875
-0.582168706299
-0.571451463388
-0.389537421139
-2.56901159724
-0.337360312487
-1.7761201546
0.684474267045
0.426854173531
0.253379759512
-0.585165848404
1.14744744534
-0.897037826337
-0.0429775289005
0.329731797206
-0.936941256441
-0.237706203942
-2.05745878529
1.23304112595
1.54814457625
-0.842081179233
-0.034442555705
1.69491211017
-0.32855177639
-1.27627500332
0.132789806151
0.179379117275
0.348861040236
-0.958095430602
-0.135947247488
-0.422551673452
1.09468193445
-0.184113993851
1.17968235614
-0.929267578709
-0.400402850711
0.986230616536
1.03862617769
-0.23863251036
-0.287193434817
0.742947482709
-1.36551733984
-0.193466693156
1.04938242159
0.214656716346
0.891985943936
-1.39485474453
-0.215906347154
0.345305310459
0.983959322025
2.17367422518
0.4739645034
-0.1335878505
0.543390946968
-0.656533908563
-0.19001986989
0.708924813517
-2.66331620316
-1.10076493655
-0.859747335014
0.924399465201
0.381954876955
-0.122934674953
-1.54457584921
1.40686606628
-0.904580162538
-0.772942776791
1.39540193547
-0.380174041676
1.59453556191
-0.874497300544
-0.48357795771
1.80516048807
0.228365846167
1.07506521077
0.411005280224
-0.108218408102
-0.415829080022
1.18395122558
0.325639613109
-0.54886910662
0.692252594917
-1.4194776566
1.27569844216
1.5700856702
-1.0697690854
-0.447345677934
-0.708224714264
3.21513689705
-0.30262764028
0.751279927769
0.487471918295
-1.09499447009
0.286109873956
-1.24500821552
-1.23324782895
2.35656125263
-0.184771088079
0.236856071567
0.31893888599
0.157941028745
0.320149348075
0.401940539008
0.128798329457
-0.019983064186
-1.85354670433
-0.268929726305
0.572135306153
-0.59650574581
-1.28713473716
2.572899367
1.2224787787
2.13427375185
-0.496665137482
-0.0292409532218
-0.671516135002
-1.05328088135
-0.269635566054
0.221081559047
-0.46033241508
-0.165250691056
0.297674227199
0.115038152343
-0.118359709732
-1.01391891221
-0.951419554299
-0.159956849316
-0.714241499466
0.632306957128
0.861983923039
-0.477391843918
2.37955544271
0.547096004803
0.547957501507
0.735581372036
-0.219640864995
2.94627926804
-1.28716915431
0.320136075848
0.594272995004
-0.715257412128
-0.138462314727
2.44852573349
0.381456416827
-0.664318842455
-0.310871977437
0.260790999372
0.910108155041
-0.360688385581
0.831544668677
-0.609780007156
-0.694639652157
-0.267066808289
1.39788915373
0.715788761999
0.26721369724
0.805490474529
-0.412466878288
-0.645864600366
-0.727180528662
0.304901905695
0.889564869126
1.08756077551
-0.0138262032689
-1.21333831098
0.60056527807
-0.41901013571
1.68216947827
0.649695897549
0.975684380747
3.65051968939
-0.185550968937
1.19314543276
-0.82688264408
0.599572955868
-0.159467534199
-0.117743604231
1.05793963991
0.533538623361
1.90648172322
0.652862227611
-0.775947800404
-1.01119762611
0.766236798952
1.29757069697
1.02061551658
0.163807717463
-0.270410707882
0.57653621305
0.319285861318
-1.15377931956
-0.544845169746
-0.992917012138
1.0576165756
-1.0149584146
0.0681506024906
-0.698102104528
-0.109624238651
0.533497772574
-2.14394940636
0.23566657746
-0.126223152252
0.0337998178542
0.217806785677
-0.0862838672407
-0.892346802671
0.252934991721
-0.191615045118
1.13212682079
0.664411309814
-0.368363084547
0.436696528355
-0.495279448716
0.193059769787
1.12856577277
0.303949867656
1.62737354346
0.0836152270356
0.177223646901
0.359745937923
0.321214764969
-0.347705522946
1.48252469313
0.280288312422
1.37575756597
0.338932654764
-0.239002045307
-1.16626888677
-0.441296773696
-0.0173893801513
-0.621111789655
-0.483584578449
0.254687590957
0.419983835947
-0.780900600069
1.26751221247
-0.721332247818
-1.33773487413
0.843842916711
0.353330745615
-0.187965259608
1.15576319009
0.879303855425
Score: 1