3
44
10
3
0.917098769415
0.0180004513312
0.370804787031
-0.669018283809
1.59313070103
-0.843837616119
-0.626229149366
0.97585288814
-0.237628160584
-0.334965812436
0.120859228333
2.54126850666
0.121530515489
-1.04215839947
-0.83014678429
0.907363191723
-0.611554909823
0.384431709073
1.84134549259
0.0453458705573
0.804470776144
-0.153660615774
-0.725534024432
-0.0356700300551
-1.38425139907
-0.321479467702
-0.939864043605
-0.677385619258
-1.39834319519
0.876581284206
0.341770877532
-0.579810220264
-0.50910427682
-0.112276828407
0.434802150757
1.90463498178
0.0468372283326
-0.926704626185
-0.341342750069
-0.814429293893
1.52488886291
-0.0989892167952
0.135312849887
0.214584553915
0.100521192443
0.156988626326
-1.24832057102
-0.802969821865
0.613844071708
-0.634878568887
1.84684795333
1.3608242646
-0.490593611586
-1.51612364989
0.210593575351
2.2208859067
0.40064564694
0.072795758707
-0.212829616073
2.44081269283
-1.41859055321
-0.1211929575
0.575029544864
0.399451900271
-1.52413007379
-1.42592963214
-1.95039376931
0.238139231417
-1.20594538447
0.107494649342
-0.0313225411324
-0.125285002495
-0.31614242603
-0.51865219721
-1.07073824848
-1.06520552141
-0.209843318984
0.485423205584
0.0443163828228
-0.704676753773
0.233139582651
-0.449271866074
-0.71608082596
-0.706011726067
2.14840632668
-0.702588580313
-1.13646363677
0.119880032479
2.46291341612
0.805220330117
-0.0986412317484
0.502455467846
0.577865725469
-0.603573307635
-0.557123135926
1.12959983096
0.0344910227509
0.173102781865
-0.754062457817
0.490383533642
-0.892386215586
0.717208265393
-0.370492144187
-0.440151128869
1.42266937274
0.372131668601
-0.268260212708
2.21458048198
0.116681413186
-0.630202092337
-0.862110029528
-1.51188847503
0.426079081121
-0.90892479163
-0.287435340945
-0.0624748002065
0.261365729213
0.509474082864
-0.0959205599143
-0.481894067012
0.22849599101
0.674632924747
0.825666746661
-1.76751010855
-0.788829183766
-1.31469800367
-0.345027452738
0.140852667195
-0.955180579054
0.209053814207
1.8386117437
-1.97905686791
0.431367598794
0.662359884325
-0.505580629487
1.03580908331
-0.61333059043
0.586534778665
-0.945278628613
1.36914367443
0.663952179272
0.131618107342
-0.552385460342
1.37274202649
-1.06695016975
0.544554282491
-1.20917337351
-0.166178033606
0.265777514198
-1.53413765167
-0.70273166897
0.928423078818
-0.954788489233
-0.364252118585
1.55886649453
1.11865699069
-0.0930016210301
-0.625663014933
-0.33700487289
1.33650809148
-0.259364714779
1.24333881832
0.227112619573
0.636580778502
-0.356149649748
0.398044632413
-0.0882942567504
0.951553330109
1.13174869189
1.09973099767
1.35724644323
2.15821437623
0.15359334744
-1.32615013626
0.5657951182
1.54880017689
0.130268243374
0.0139312057856
-1.13859832974
0.354500201871
1.93212379367
-0.872278831832
1.70226358277
0.495124196064
-0.481956591824
0.32778326042
1.10579352909
0.50807450026
0.189552481478
0.58579893314
-0.567997027029
0.140534060801
-0.575208506693
1.12572938245
-1.09412191667
0.0225651888985
1.08110746896
0.526460907732
-0.372196210894
-0.295937365611
0.238375018268
-0.150886966069
0.387091358946
-0.100159752833
-0.883452528239
0.736780486024
0.192063797256
1.08236970017
-0.102591569278
-0.406482867347
0.928671058292
-0.195447344799
-1.10330921001
0.0238552514707
0.193073572752
0.983059936797
1.61272494373
1.26399188199
0.2132810125
-0.335010242144
0.395934967087
0.0762424199893
-1.13030683102
-0.692325211283
-0.462839558225
-0.961436989226
0.107470977123
1.46888718439
0.335772982297
-0.821712213359
-0.0865672723399
-0.982005893264
0.631735777481
1.44642435076
1.96400309617
-0.150112123706
-1.59906499978
-2.12125946951
-1.04281179052
-1.0723763359
0.925779137983
-0.915728263866
-2.03915438185
-0.518283496393
-1.1881248024
1.24480409851
0.793761002202
-1.29075535792
-0.709240411069
-0.3623634464
-0.942015007727
-0.294742614678
-0.945950636207
-0.490714872624
1.03322854013
-0.289193486745
1.16965234445
-0.00501269701095
0.193177839859
-1.5351131233
-0.208397950403
0.280448298481
-0.925503741737
-0.631884305521
0.693079922107
-1.49089862164
1.50377517102
-2.09984992266
1.42984058637
0.974681607034
1.26529503032
0.781608770738
0.998308965468
-0.0217876378792
2.08273786926
-0.0638541666681
1.76709964626
-1.36213301388
-0.447882576783
-0.461873025323
-0.622062758763
-0.542979849473
-0.0275287294293
-0.79658548452
-1.05610392473
1.0909564426
-0.803036783208
-2.50988451236
-0.649599323779
0.815699873924
0.778850278371
-0.977916994296
2.09819787503
0.427158933444
0.479164596328
0.211926318818
0.29483557316
-1.34884439375
0.741595110708
1.60526174628
0.427749291631
-1.86024387602
0.0616618305602
-0.615108628412
-1.95475790227
-0.0260790559365
-0.781290778399
-0.0804217547223
1.20455313365
0.884457851346
0.635721074648
0.0832199876384
2.09135090691
0.819273936017
-0.483536780036
-1.13860230958
-0.280980548174
-0.537201571006
-1.30648415524
-0.047010622936
-0.222065555688
-1.01026161195
-0.591389976212
-0.692726653823
-0.313925623918
-0.788165742178
0.56859362047
-1.41780067703
-1.25390450656
-0.265257546462
-0.783710952722
-0.0841463033705
0.396088728
-0.190712811919
-1.41802807829
-0.417024572365
-0.367349809488
0.465831300436
-0.262327084691
1.18919385041
0.454763068525
-0.630419128294
-0.532809763556
1.47259564511
0.0673768298526
-0.434068557656
0.353981180812
0.137282693678
0.592072020889
1.00712585845
0.34596569217
-0.480727412586
-1.20562227363
0.578938069214
-0.533250360272
1.55397751818
0.464999939842
1.61522223805
-1.40726325059
-0.312693922581
-0.621049132822
-0.0995102929487
1.45034850299
-0.834701207666
0.160120155586
0.473372791953
0.547551882776
0.652318653298
-0.149775851428
0.286494734927
-2.25285750035
-0.291394395084
-0.885370141907
0.841956615781
-1.30436113051
1.75541293101
-1.28408991172
-0.0619892765722
-0.621309584313
0.00162077914121
0.792772072076
0.880358091235
-1.83518556657
-1.84658670448
-0.623483914099
1.45199143705
-1.37133524419
0.283767370774
-0.878523578429
-1.05216403185
-0.156407276671
1.85031232897
-1.2908899486
-1.15189297812
0.958464463561
0.295733906947
-0.520147560077
-0.867966284954
0.235250633252
-0.641967095563
0.720083822011
0.0410714965629
1.20179432864
-1.14193673396
0.153345201704
-2.89608598926
-0.542087481945
0.49597185368
-1.44003524903
1.3420724783
-0.0393447439406
-0.0894104698547
-1.00347509774
0.983181678026
0.164909591203
1.03056847598
0.681508154365
-1.49429445321
0.598101004053
-0.921169392492
-1.27124769604
0.341983149265
-0.21209231694
-0.975433455407
0.697845195414
1.67081911858
-1.16294750726
-0.146529725152
0.181660564943
-0.990028112473
0.111846211423
0.85495175548
0.87513609885
-0.314496323319
-1.95531445587
0.72204402172
-0.178229724749
0.0612911436497
-2.5920109615
1.87203873477
-0.858867674548
-0.249229202887
0.555289157352
-0.564487739339
0.227258598261
-1.01325263965
-2.5742442641
0.118362966193
1.84851331269
0.695426609274
-1.37760331855
0.159692699593
0.660810137389
-0.809651310185
0.387537490818
1.88766835243
0.484684607467
0.713880584199
0.428478978105
-2.08167082589
1.49461224516
-1.60621130068
-0.203355850781
0.193343707083
-0.898338117622
-1.08704292007
-0.20500186923
0.161208830688
0.241022828891
1.81190363886
-0.728476501776
-0.249887478325
-0.269216914558
1.13748713656
-0.336777518641
0.19578087294
0.428652714592
-0.0901316046779
-1.33175191769
0.500952552362
1.49300848631
1.53951788866
0.961122109575
Score: 1