3
44
10
3
1.73776660906
0.390621272857
-0.480128946756
0.41450236987
1.11325455839
-0.793156557538
0.344166455227
0.741401869793
-0.891228203922
-1.40776520069
-1.63509302199
1.63124765518
-0.760415604206
-1.46932301641
-0.723206610563
1.32896151329
0.41730997482
0.377612359875
0.546611747773
-0.351502616404
0.463477547642
-1.34590970547
0.0339478052081
0.201210859553
0.277777549388
-1.16257214298
1.17927847315
0.26809280827
-2.00081020423
-0.213137794659
-0.221613171621
-0.746535354416
1.44401509923
0.807235465426
0.328717615362
1.42482994917
1.0720426117
-0.278888315259
-0.287508272239
-0.482106317506
-0.576048373825
-0.95629124332
-0.0583864752463
-2.0052217242
1.31418681846
-0.18386656594
1.13682098997
1.10512561326
0.300874487455
-0.175251207328
-0.886300308345
1.91158087199
2.16819981673
2.04213227025
-1.03263651551
1.60141981801
1.65820723834
1.71838946323
-0.000648639722194
1.90864341407
-0.402909401987
1.10598269843
-0.0121859494279
-0.966631301927
-0.36882140854
-0.760296412822
-0.979679296557
-1.48729593534
0.0795136743072
-0.784439137374
-0.577691768563
-1.81123311044
-1.21156635999
-0.938422777014
-0.465135360954
0.199492121394
-1.29473909168
0.807723666478
0.821286128479
-0.727097263079
0.844578583897
1.71000480709
0.0185201739973
-0.0670646777319
-2.56678377675
0.428151796467
-0.269645331499
1.93460582848
0.273042016392
-2.48494106008
0.0559950075493
2.0664063065
1.71467083112
0.515988197097
-1.21446335237
0.666518292381
-0.347109690967
-0.928360987782
0.545624614783
0.501540127192
0.818858473389
-1.06752645401
-0.628111686093
1.01977316886
0.972106343305
-0.3390239152
0.0964700451485
-0.560936173099
1.39161108388
-0.108357411759
0.984415015199
1.47433080757
1.04777643129
-1.24840512896
-0.908174568825
-0.618479530335
0.766131981396
-0.663742806026
1.38911423567
0.0248734501037
-0.75088527066
-0.413171421648
-0.589845958161
0.387779313571
-0.402959298881
-0.0928278627009
1.47465284581
0.279963275178
0.346340299253
2.40288713874
-2.65184734928
1.86678986603
0.387932912714
1.26329451907
-0.528669912967
-0.541734985257
-0.745999417998
0.0442270764543
2.87080965725
0.483188815022
1.01199568641
-0.330768453837
-1.29362402641
-0.330168390612
0.617742852022
-1.82182956351
0.689377492838
0.804473119299
1.22604593749
-0.700419686694
1.01660644714
-0.513155946559
-1.05578034742
1.35700907946
-0.166978723446
0.940223229342
0.863925368734
1.83567952065
0.570056569426
0.55769847881
0.458737078537
1.24237746278
0.265048613611
1.34326591396
1.11456549905
0.0450345954661
-0.0381698127673
-1.26485535782
0.666225349069
0.76166334655
-1.4975679297
0.64908833921
-1.24448791964
0.224611475407
0.219986538111
-1.19883957402
0.55427463871
0.852056366287
-0.149461270364
0.304908025024
0.178685651323
-0.316491225117
0.0525982548791
0.816669186462
-1.38007656289
0.865097860892
2.20234388993
1.71429601564
0.266872498312
0.293296686614
-1.13346748704
1.36133321755
0.646316559081
0.675097936699
0.786949780736
2.24981732977
0.589593506757
-0.687553113412
0.170177303304
-1.22766069354
-1.04372601158
-0.464380222109
-1.37784289471
-1.05554238143
-0.0626203148728
-0.176628132612
-0.365767295359
1.29396728776
0.487782394862
0.0678884571932
0.296132253119
0.759697940521
-0.410686047093
0.164117883385
-0.1858890099
-0.249748317365
0.154305430826
1.26632662611
0.127166273516
0.963538068943
-0.148427223692
0.0560462545623
-0.170286154879
0.331813827818
1.81564889453
0.626117465104
1.70420318787
1.54492442334
-0.688989965278
0.980878179757
0.741824156973
0.108388154799
1.84850986614
2.06647352552
-0.4641805701
-0.86611799772
0.274876310671
1.21966835911
-1.13752230757
0.605117974838
2.22406960201
-0.0121235502924
0.278471848856
-0.55518394501
1.10396904818
1.04286845596
-0.182904078279
-1.69347644264
1.09667510688
0.168504583716
-1.71532483286
-0.870521749853
-0.724184856287
-0.231698197017
-0.0219743995287
0.297470382457
1.39071775143
-0.339273101155
-1.57441478091
-0.335680210743
-0.962597004856
-0.252686558453
-0.998592377563
-0.67916856756
-1.69782884635
0.0906349578915
-1.66481853683
2.69096465372
-1.08139579269
1.02404585037
-0.973744864197
0.469964624405
0.00897843002375
-2.14617063018
0.637222508244
-0.481424097233
1.65233711617
-0.426997971393
1.10147621647
0.391795571056
-0.698124048605
0.593986503857
0.675737882479
-0.978881103111
-1.28503765425
0.387430850452
1.20627674638
-1.57594499425
0.202305786789
-0.398403658366
-0.869164410559
-1.10806762282
-0.676312586972
0.819306546974
1.31862004814
1.28526734267
-1.89118805016
-0.19915712252
0.197283877728
-2.48176424943
0.225263327761
0.922733962034
-0.690252387898
1.34107048512
-0.713797160764
-0.803918323037
-1.75396034352
-0.837577924562
0.113583524465
0.733979477067
0.776743521196
-0.133990290169
-1.4181558544
-1.53272050487
0.199054414466
-2.33041814357
-0.581020215768
0.942730265898
-1.11343773284
0.259057991993
2.19705375998
-1.27270695557
1.25566638199
-0.91786681841
-1.21043915013
0.226853141043
-0.437378370442
-0.146562194809
-0.996805237211
0.726229080515
-1.13681545975
-1.42227294413
0.602572233735
0.866087811298
-2.05470319234
1.34200948956
-0.466757146887
0.122729393727
0.0953146644745
0.482729428878
1.43053945305
-0.586524074739
-0.112072371298
1.881018363
-0.421178912462
-0.765488970363
-0.866420403603
0.57224565962
0.523389523689
-0.542622218431
0.965596494892
0.430273782165
0.437828959913
2.45082712815
-0.073677519107
-0.239521258166
-0.46419975496
-0.17934052914
-0.889667589185
-0.11805382898
0.296664171747
1.50222544033
-1.13155863417
-0.462445396767
1.44795765017
-1.7170160348
-0.466536623042
-0.0331098581813
0.982179053718
0.0325782383561
-0.595403817036
-0.357480770728
-0.632181008311
-0.574777360205
0.0744076541047
1.69774661275
1.36756800592
0.139327895404
0.708385571549
0.306330115776
-0.490235744947
1.76959984926
-0.922092471076
0.101267022247
0.419048637437
-1.50627019569
-0.509517163404
-0.31730521149
-1.43472364699
-0.0667557416999
-0.061021998985
0.846234698994
-0.994507240679
0.840824775728
1.3767196061
-1.06927529601
-0.552210572754
0.510018583371
-0.595070826333
0.211037943191
1.05695048587
-0.0632038728295
-1.33720720215
-1.10932790881
0.303978646717
-0.417495939809
-1.8124146288
0.637034650642
-0.124756769724
-1.2639367565
-1.57428090365
-0.11368847351
-0.26568770388
0.121099770966
1.30954753492
2.25703054258
-0.78939873522
0.734877513735
1.78929007477
-0.509897252217
-1.34384522359
0.368729022365
-0.42730902201
-0.568351654844
2.52145276108
-0.756288432971
0.398953388255
0.0918443375013
0.621467431158
0.382733413705
1.06637021391
-0.287049815255
0.766173876219
1.1029355509
0.939950046228
1.13216756627
-2.08443804047
0.796330554665
0.977574139428
0.43641543758
-0.935948077525
1.67706515679
1.96147029422
-1.90493725878
-0.868010943675
-0.442818511763
2.17833419988
0.0187433505002
0.679071217789
0.647016899228
-0.599302240045
0.349152028086
-0.226352944252
-0.865888016382
-1.00525955982
0.397249149826
-0.581969074352
0.0668812514288
-0.367016636144
0.00679440252408
-0.441079268415
-0.370525670219
-1.01665068979
1.58177490392
-0.52045962336
1.37523265966
-0.620804776115
-1.79987217649
-0.971075322239
0.399218747868
-0.591820867058
0.3751123149
-0.0992397977009
0.298260161242
-0.964550108445
0.0403076322454
-0.384708056485
1.11004479019
-0.625397739008
-0.0356144127674
1.98437264322
0.178967627255
1.58033200673
Score: 1