3
44
10
3
-0.445835874886
0.769440771817
0.601883107112
1.34970659908
-0.534712754621
-0.976027924639
-2.09270010374
0.945173580178
0.108931178969
-0.92812722406
0.182880562914
0.987161077422
-0.506327903974
0.242257474633
-1.47120877123
0.720119624739
0.896063289867
0.80814181901
-0.717048737692
-1.0319745488
-0.646287928875
-0.899855705935
1.11620224803
0.901102441949
-0.148648631414
0.443196008307
-1.3831601152
1.50080374739
0.437755608185
0.207006270819
-1.84014104744
0.419377618189
0.664923790782
-0.346826102657
-0.0124660912344
-1.06280811153
-0.109045144714
-0.334883126689
-0.323329562634
-0.558071528373
0.796863773574
-0.317132187769
-0.0621530385722
-1.30419816034
-1.49873876869
0.479829619527
1.23775787439
-0.114363620992
-0.364365530934
0.606967198537
-0.973443525382
1.13194635977
-0.473603139052
0.972932091457
-1.16681052916
-0.326034241124
-1.36260922825
0.283969369866
0.280161640451
-0.955739443775
-0.873230701575
-1.50230386208
-0.809018594092
0.391126639026
-1.04081249741
-0.277202003844
0.573250617313
0.820935705772
0.908397468613
-0.825369648437
-0.662896304354
1.23565708021
0.0418726028521
-0.149053544365
-0.953269521941
-0.781073109391
0.358204103136
-0.189116660599
-0.263465625932
0.563714408668
1.62357458291
-0.232170863634
1.27271069438
1.35301666411
1.55543387527
0.89652113558
1.9999903501
-2.04509978886
0.122585042536
-0.372739696874
-1.01765021
-0.972878163003
-0.0990527171977
0.0182695447079
-0.590722720501
0.470718645909
-0.773962868675
-0.156813794643
-0.894504265562
-0.155566472991
0.017339033277
-0.730770248876
-0.167249694628
-1.01499195832
-0.117538831275
1.11874459987
-0.484804240128
0.454474621049
0.680731680655
0.0981271713464
-0.683890820153
1.58470895779
-1.38587470646
-1.3625337034
-0.729861644666
-1.20921087003
0.194079656297
0.162163276102
-1.46669411145
-0.621904277801
1.67057134843
1.28291519741
-0.0167970635885
0.0222464082365
1.1661344322
-0.351685746011
0.273758770925
-2.02944795878
-0.440177934028
-0.786584454746
-1.06333283451
-0.609152115952
-1.26359618247
0.99848476795
0.496688637274
-0.411263217823
-1.87438432929
1.14522044295
0.724325450262
0.110271509586
-0.1803297975
0.236493034873
0.988467571575
-0.794264236066
-0.499167923136
-0.454524697864
0.419515576206
0.25139576875
0.444487535372
1.48357654939
0.134750839225
0.242686872467
-0.120406116063
-1.26625392183
0.0845531697264
-1.01014648659
0.817763195122
-0.327392632795
0.846756117237
0.760267730376
-0.0498826182276
-1.31501892229
-1.89490333087
0.206266940198
-0.503773105741
0.705594955464
-0.346212005463
-1.9739765504
-2.31529873676
0.0961050841658
-0.535709276104
0.615112490759
-0.26815111668
1.29540858124
-0.830457832839
-1.07960268267
0.190224370171
-0.491935872881
-0.900081665758
0.636666784837
0.695482517251
-0.148882265515
-0.728951912786
1.34344547111
0.615345548337
0.597003733053
-1.09398177833
-0.142269573106
-0.353348800019
-0.153351516782
0.128263488919
0.0160940803741
1.85070235798
-0.507115288991
0.910520571422
-0.0952318199655
-0.602683864981
0.55379346883
-0.295124016554
1.96592763147
-0.705169343254
-0.12810150195
-0.883843213546
0.584496934553
-1.03588324867
0.0717587758891
-0.548270020485
0.0810056442704
0.216492365874
1.64339611028
0.751142714029
-3.12055440803
-2.16960827763
1.10363160762
-1.48584246959
-0.371944533622
1.67892442671
0.0674573176688
0.936289129729
0.0675644140302
1.2580695652
-0.0931838003217
-0.394626700474
0.238139689708
1.02813941567
-0.448950486464
-0.490235509543
-0.310274777125
0.47964891965
-0.141779228893
1.24198512818
0.164652493081
0.642326310455
1.04969882403
1.40279704601
0.465196109825
0.352714918192
-0.0604989046443
-0.258457861317
-2.29683800949
-0.311472670769
0.744863777106
2.52395159103
-0.915994825838
-0.743911072046
0.101165539963
0.689305050987
1.1942255189
-0.846084433088
-2.06345945264
-2.48275437943
-0.285763755026
-0.184326082923
0.558568875346
1.86528998847
-0.132277339698
0.688265114002
0.294920610213
-0.279113042872
-0.276511496564
0.393201452045
-0.258754476362
1.72814805948
-0.114291594134
0.246040565621
-0.421834413795
0.0538444244965
1.29529339708
1.10134236038
-0.466241501191
0.703323720269
0.021730964998
-0.0672363411548
1.03685105552
1.40889150883
-0.335100179958
0.467902068583
1.42933580765
0.157693150122
-0.234975234537
-1.14555373678
0.453907426492
0.39052694481
1.42520015422
0.361617468558
-0.965828722669
-0.406731986558
0.121498737269
-0.00850239963012
-0.781871406872
-0.873812037141
-0.600374663042
1.47890079417
1.30633023561
-0.499892631465
0.93866090216
-0.805321040981
-0.607706317181
2.27080263525
0.164619114187
0.170807873761
1.2071739169
-0.484176037957
-1.57939616549
-0.285433604357
0.380497942311
-0.120888384403
0.18910983848
1.09889091174
-0.154311644896
-0.0445918441231
0.845794532613
1.29305825823
-0.214152245179
0.740054833696
0.993832959869
-0.060359040981
-0.0757158602744
0.935464302575
-0.455543613604
-0.349554877395
-0.750367712871
-0.011535792441
1.3151063638
-1.03683511964
1.54468498252
-0.589033760281
1.52893627695
-0.652461508542
0.478268688841
-1.8564121157
0.215624178625
0.833305612708
1.19016806446
-1.65979938439
0.866998289436
-0.684002326259
-0.0388987343757
1.58632279955
-1.01106076991
1.16585416399
0.353038167705
-1.37089949161
0.957944030866
-0.195321609175
0.779737444361
1.82790962435
1.30606387736
-1.74821455641
-0.107911744629
0.261799508436
0.504251053358
-0.275826910606
0.598251550856
0.387575519122
1.51983973668
0.731950080553
-0.661073729626
-1.84230033649
-1.01416975746
-0.524299622301
-0.496309176211
0.288519460203
1.71953994467
1.06936748904
-2.13806910978
0.554073445189
-0.217910264183
-0.393452574441
-0.963248282887
0.232355345621
-0.797190792672
0.288031465344
-0.412627636104
-0.518857901892
0.920033682995
-0.442631555641
-0.0238278826726
-0.0673114997354
0.918484840168
0.79722939619
-0.27365316178
1.12690707045
-0.0722637801287
-0.318597030094
-0.0996394549529
-0.357050910416
-0.591239334967
0.898281104542
-0.532512171488
0.356348283899
-0.104127840987
1.62203504717
0.61954016861
0.331026405041
-1.09159322965
0.632686137021
-1.4992617182
-0.486339406372
-0.286629886819
0.894380440791
-0.115114714996
-0.494245296855
-2.1288204628
0.0214244208313
0.73358604866
0.762505647742
-0.158963305746
-0.922680704104
-2.13757871984
0.150669045408
-0.663948584161
0.253620522264
0.0927560091512
0.500883711048
-1.22228854403
0.388092915473
0.877972495038
1.18258366338
-0.388080057438
-1.44529359836
1.16778536895
1.25031830055
-0.156411772334
-1.80481514056
-0.179011652496
0.356402551332
0.867344329874
0.0524356629553
0.0257436339623
-0.159436660257
0.459537968198
0.438770428107
-0.129550659044
0.379896033855
-0.159884638772
0.860111796423
-0.173321174493
-0.42531573944
-0.390830438467
-0.138022183503
-0.338992876949
1.04620471811
1.91830962676
0.732139921226
-0.060665191453
1.16252799909
0.926634440254
1.03110086003
-1.01480597686
-0.284111826133
0.494731640938
-1.75116862072
0.240032000343
-0.465489104027
0.4259352851
-0.871683842318
1.22225778017
1.1745845756
-0.287990014206
0.705177134018
0.845013716506
0.481202421794
2.45596334525
-0.457414277232
-1.11109045773
0.395987295308
-0.565923370337
-0.120112894304
-0.949976420566
0.458433140435
1.24414652081
0.552906047757
-1.48422361547
1.04425023463
-0.665505732937
0.430006025039
-0.634343792022
1.48684600884
0.147642478861
-0.870046891544
-0.072725538415
-0.017563741898
Score: 13