3
44
10
3
0.264960580379
-0.625782652035
-0.9934687149
1.45002067238
0.597991777473
-1.17680123891
0.803031774877
0.475975768895
0.245724214952
-0.189138915892
-0.813030000661
-0.280413002592
-1.45606766729
-0.917754328347
-0.0209939601003
0.225287664593
1.02966582573
0.146840996139
0.214336510595
0.207264161777
0.798691615374
-0.0778623806342
0.0595869412122
0.044573718458
0.67996317248
-0.133051631024
0.465131594625
-1.02321455746
0.150945519484
-0.173878900721
-0.843913972286
1.21109380937
-0.568454323864
0.749787657178
0.577512804445
-0.653186177963
-0.0148580427961
0.0593252711707
0.265964663821
-0.287422007376
0.225273567609
-0.980932572157
-1.34252598223
-0.0467479112194
-0.385396311063
-0.22127273776
-0.978123694935
1.61502613882
-0.718953556578
1.80573742144
-0.0874925744227
-0.666534181907
-0.449911570885
-0.806059543314
-0.957359577534
0.104320537696
0.243101785223
-0.439533213334
0.481639028059
-0.506185198006
0.582380152542
-0.731409142147
0.828430166044
1.42158801057
0.255150515028
-0.767812902406
0.614871804242
0.115898485314
1.34990187572
-0.0638723150585
0.668147097338
-0.303179510613
0.623821848085
0.749312926609
0.700106429785
-0.168594738399
0.123216274199
0.937583595957
0.463482621932
-1.02434681581
-0.0184406700318
0.872655738264
-1.04891319279
1.32767989929
0.837659816895
-0.241124243142
-0.322538289402
0.519086203996
-0.107903511239
-0.0923645656779
0.00720389328915
0.286942740979
0.237460437475
1.26587265205
-1.25486514022
2.92067758951
-0.69412396757
0.760187340905
0.858890647336
0.572353331536
0.388090148455
0.160992925786
-0.257374808039
0.765202614818
-1.56484291235
-1.49157876279
0.613321226493
0.972352835129
0.547558460387
-1.61852777362
0.167475774957
-0.774580046593
-0.672095613789
-0.134279484115
1.48912812551
0.79833475451
0.342126764267
-0.800428003216
0.172580318008
-1.65358974159
2.34407110567
0.662494725139
0.506906156494
-1.70871190919
1.80281448281
-0.285271278852
1.47406546607
-0.254864851202
-0.790369441279
0.314450132125
1.22909388938
-0.573662625127
-0.145363911835
1.30972391758
0.559858761005
0.0813117216409
-1.71074169988
-1.49468829851
-1.34997530764
-0.376050022239
2.21884681545
-1.07546298344
-0.709733884099
-0.679662918734
1.03471350221
0.694991805589
-0.55217450034
0.481444940794
-1.64301987711
0.837743830629
0.391842060433
0.100296108623
-1.39187686689
-0.266091424713
-0.526963982278
0.0998354696446
0.0779981454296
0.653505016565
0.264923127968
-1.18322049769
0.966845013903
-1.72803442338
-0.222711979947
-1.69805686664
1.08971607881
0.572518775303
-0.195159871335
-1.02882175299
-0.527792660564
-0.803051038576
0.781075036834
2.98497969403
-0.887016422989
-0.0924420783904
1.684995283
1.6906169779
-0.644621207562
-0.544408058935
-0.294567923084
2.26920914603
1.37649263407
-0.899442070703
-1.45632443548
-1.01495137328
0.129757881318
-1.15674677735
0.611716397548
0.762485683409
1.14144098714
0.525741728149
0.504360988497
0.622167459291
-1.35932458698
-0.209081093346
-0.155326739759
-1.65131714745
0.348470949139
-0.802577909367
-0.765326269521
0.704467719905
-0.681281127795
-1.49274233803
0.0833992219455
0.858200461999
0.869220288505
-0.288475145142
-0.663941190231
1.07115719766
0.766087033227
-0.739533452414
0.371237038978
-0.38473423524
1.34141306965
-0.978965178591
0.749134590525
-0.540486798947
1.58847411128
-0.420532768026
1.10447209593
-0.200705758508
-0.377186664533
1.21379488762
-2.32806548579
2.45283176816
-1.73712292107
1.94104339865
0.339046456962
-0.626661453536
1.02864405582
2.19409888813
0.33593783712
0.527318392469
-2.61445766498
1.68554124417
-0.898155346995
-1.65281393832
1.14046830017
-0.749131290737
-1.50891023492
0.492126677048
-0.176396233382
1.58772429014
-0.963215903134
-0.150507270404
-0.76173253109
0.114175949109
1.06847869409
0.829056847542
0.871096025519
0.00237589710581
0.352845401465
-1.18406516604
1.22959752286
-1.09383495199
-0.855751946504
-1.7932777051
-0.470135493892
-0.991904593124
0.455316892596
0.493166041944
-0.0764199154287
-2.51913806501
-0.330572263634
1.92749399624
-0.195152110733
-0.368275893123
-1.14812033472
0.469630153624
1.61431813261
-1.02923365296
-0.0728916343483
-1.07667681994
-1.64142568742
-1.94362145453
0.235772287052
0.017423642071
-0.17575979965
-0.387237401799
-0.200834880677
-0.739268202521
-0.644649873667
-1.43058998938
-0.870661821697
-0.820934247769
-1.46245873363
0.0764237051088
-1.3715082897
-1.09073010589
-0.949668214402
1.21733023557
-0.199853646098
1.28316908124
-1.0042130253
-0.579873070195
1.00061142889
-0.627233715036
0.399081806528
-0.005819726956
-1.16623049435
1.80027972307
1.76938580836
0.134103750855
-0.70137633198
0.032062453814
-0.0293516606422
1.360187426
-0.562699445905
0.394998582506
-0.861094247656
0.273539410862
-0.937986523146
1.87482581294
-0.245835197678
-0.00412105144614
0.850660439229
1.35291732054
-0.450660020678
-1.01627506884
0.0795906261116
0.544450562467
-0.803325129615
1.66740718862
-0.816980848511
1.9053188259
-0.387228056751
-1.2514486534
-0.526091596898
-0.861595732283
1.83119969709
3.5607091209
0.455681351316
-0.0985140206472
0.879379737734
1.0831921565
-1.24264997383
1.17924021306
-1.95890076203
1.41642121681
1.67015875058
0.675024844395
1.15302270035
-0.796786636208
1.17111909601
1.76991519017
-0.166155568801
1.10356196495
-0.636799683919
-0.784230467106
0.157190184119
0.367658367286
0.44272068859
0.54748435083
-0.911138648196
0.704909565531
-0.145744008294
1.60471508879
-1.51031771143
-1.24540608879
-0.186653408754
-0.142927227005
0.598619473547
-1.87668475381
0.953526426821
1.16876907243
0.562675175556
-0.379446867597
1.96952044896
-2.31125724404
0.0251246507511
-1.21018899841
0.453956121987
0.459488692928
0.85767101805
1.85976528983
0.231315771906
-0.672581577334
0.668867883498
-0.450330957218
1.26731295252
-0.947644587754
-0.215807784374
1.30690266172
-0.289188337079
1.79419325755
1.46926682202
-1.05422079588
-0.365524292647
0.753643247313
-1.13707043641
-0.96961869665
-1.41715170944
-0.0660291247616
0.253898231476
0.575271846942
1.28916103495
-1.12153308397
1.75783218023
0.60894325454
0.839737194428
0.147441518621
2.16501710589
0.605854499325
0.0772539104869
-0.0294174172547
-0.58783075954
-0.11264718409
-0.0222050953512
-0.668045141545
0.418710113014
0.0847291714265
-1.77856895255
0.179636251106
-0.39123228248
0.416736990502
1.82286642734
0.0134567279111
-0.0576951873501
-0.390563269292
-0.805683797303
-2.20432148169
0.529166674223
-0.0760401444544
-0.387067064114
-0.492179690347
-0.159728061934
-1.32546805725
1.18983254965
-0.859062286413
-0.667904865138
-0.641068733116
-0.256385614579
-0.395156033214
-1.20099062174
-1.39976575866
-0.295419342308
-0.0389652411009
-2.39492166624
0.790073803166
1.14826487442
1.22532169877
-0.0707871673693
-0.61078426288
-0.5162192846
0.8044934723
-0.966662355328
-0.165314872689
0.264667949864
0.555913256613
0.567606293106
-0.403500867241
-0.283169750533
-1.88689081095
-1.0251351209
0.00465162531884
0.246668278339
0.776491799536
0.85988242788
-0.187368655997
-0.313019137241
-0.372303492694
-0.248988877538
-0.576594726734
-0.71776211255
0.184453071088
0.99389292235
2.24678434781
-0.595559774715
-0.624218201743
1.93428532576
-0.0997345154711
-2.21904486495
0.367404702264
-0.445648165358
-1.05751667925
1.50505997165
0.141301362934
1.05724382336
0.0378659703483
1.55630335871
0.225960184652
0.167553582078
-0.594737060155
0.136451038271
Score: 13