3
44
10
3
-0.357810318566
-0.734375511456
-1.14675697315
-1.01284550396
-0.050852970871
-0.626733423776
0.87851702712
0.0177168864553
-0.902942287818
-0.16586217011
0.853121846901
0.568098737553
0.355678501894
-0.402340528295
-0.0243145314505
-0.816123574024
-0.247088906783
0.106208982157
-0.729522758933
-0.208257415561
-1.34283848301
-0.134040281896
-0.145317282249
0.695659971287
-0.112896413273
-1.75228473871
0.682782376145
-1.17673855028
1.37495662864
0.787333931185
1.58968750983
-2.55958337788
-1.0696449151
-0.690524794196
-0.22689777563
-1.14189559968
2.08383643876
-0.616894975827
-0.371335759347
1.71137577326
1.3597208593
-1.63503287732
-0.826973249685
0.803735419113
-0.209502037281
1.28329933192
-0.798347851077
-2.20700514201
0.0525226847128
1.11363979316
1.21994440215
0.629174457971
-0.00262306094491
1.13261022191
1.81619771753
-1.02505402271
-2.93569026014
-2.59093774265
-0.46429640407
-0.328685732617
0.164807892561
-0.784052385737
-1.01922567534
-1.25189140328
-1.0027135847
-0.55503856242
-1.60497019604
-0.055791489698
0.16508860583
-0.516898111818
-1.39477237515
1.45992823127
1.49782847438
-0.325948680824
-0.531390263667
0.0702646365979
-0.693022713432
-0.452605417039
0.169672064616
-0.420507828312
1.52601199601
-0.390833884068
-0.601857109257
0.2184255603
-1.28591997132
-0.715456082264
-0.693424694921
-0.135800609573
-0.318050462947
-0.867564334425
0.770448284394
-0.219944516848
0.927524387572
0.593483016259
0.560110976472
-0.739813551759
1.04464607154
0.0697996239931
-2.05323957368
-0.805179050711
1.10425943893
-0.627751862391
-1.92869615933
-1.29413355465
1.48073109184
-0.256771937427
1.84432356342
0.266505834149
1.33397378066
-1.08693147317
0.0373276918305
0.261554832538
1.38546307979
-0.274440479736
0.173592423089
-0.457990933277
0.838426534413
-0.825818145693
1.47128971606
-1.09830422426
-0.699547573062
-0.235986606743
-0.311670134785
0.390741921677
1.07911778176
-0.465174101584
2.14309225855
0.635422830274
-1.2232008786
0.603229206239
-0.0209937851793
-0.555185796774
0.302293260146
-0.097470937192
-0.348522028547
-0.56803333763
-1.39345314424
0.333875439907
0.561502188221
1.21776098641
-0.689417487524
0.86655162632
-1.4218258834
0.719398475898
-0.323040367306
-1.03660546085
0.251182821624
0.856150460333
-0.0670784597771
0.415723618465
-1.60489615471
0.687264748588
-1.82088950743
0.75585100907
-0.37264010219
1.65154215008
-1.22816010407
-0.219370549145
0.444335990491
1.70082259702
1.13115671347
0.177843991564
0.164566258855
0.226220378337
-0.774912331848
-1.16267123765
-2.17428757979
0.23543415233
0.572440384102
1.21001934856
0.987234501754
0.973722027672
-0.0528691461459
-0.269635087731
2.88076583879
-0.265072413695
0.174996158045
0.714997893082
1.92448396471
1.49973339654
-0.0310892353042
2.04175141789
-0.274562300257
0.0894458846374
-2.0765368001
1.32097722286
-0.356879447616
2.07543229593
-0.385020192278
0.624464993542
-1.32726001812
1.01799220671
-1.58207055901
-0.442743861807
1.43043376032
0.012096229537
-0.0561808367383
-0.143899937669
-1.13100463025
-0.591758160096
-1.09994202694
-0.753637541894
0.944476533231
-1.61859211963
-0.995215084823
1.03073862815
0.723195457682
0.673104454816
-0.897998553682
0.396903446306
-0.772580436372
-2.25182804748
0.332452798809
0.670079956825
-0.182204889092
-0.4416083008
-1.34687219444
-2.47353885225
0.417470677625
0.637577546614
-1.3460326209
-2.55009792471
-0.405616478448
1.68152817121
-0.579324753768
-1.08266515888
-0.127020747147
-0.927395165584
0.37409433728
-1.00639596441
-0.935607248444
-0.212308638593
-0.610005711956
0.808133189788
0.0515618291385
-1.91296322623
0.891232094883
-0.0508991807798
-0.827493148947
-0.430562921981
0.533324239743
-0.652565987777
-2.73764302255
0.814268205129
-0.117277239254
0.421423202142
0.576234581407
0.423703508149
0.882029009489
-0.0021796403263
-1.28596061144
-0.508371500117
0.548592463953
-1.11205004207
0.0900024357689
1.52804893169
0.699998747754
-0.244715175376
0.116145688316
0.29113875003
-0.46577599935
0.208531045976
1.11435701812
-0.0576522289731
1.24954384161
-1.03278393787
-2.26018182054
-1.74959758336
-1.29431397229
-0.111882874971
-0.465307781504
-0.16013911424
-0.147973406909
-0.639272201204
0.357578005257
-0.296387672028
1.01874806208
0.0680530641286
-1.55013254017
1.70591435996
-0.355177639913
-0.25943058796
-2.08555558681
-1.06530471451
0.67288648176
-0.531438364501
0.99721576144
-0.0163758825494
0.699731253309
-0.735667706947
1.43472052277
1.0201074006
-1.32461668097
-0.657838807456
-0.794453812944
0.529484150592
-1.09289811534
-0.345687950858
0.487585643319
0.57695999572
-0.470664677363
0.0675928627494
-0.126317052709
-1.32705006823
0.0910491101748
-0.251579078706
0.274461091256
0.363234621436
-1.1082738241
1.34068271991
-0.916311743726
2.8306058758
-0.712915309098
-1.65577717499
0.377762948795
0.0142248001376
-0.00207396447184
0.831762895679
-0.349553719099
0.64579723013
-0.184672313827
0.511621783152
-0.208054239154
0.500367103054
-0.46673057148
-0.458604359547
0.645966443903
1.87846415743
2.15504701551
1.21976538637
-0.411182568416
0.270682812672
0.014880483805
0.106784378394
-1.07798486332
-1.01572369704
0.411371288531
0.198426720895
0.773248088666
-0.458787068455
0.181659260723
-0.462899094172
-0.128827080093
2.08854409457
-1.16799316224
0.0899569409799
-0.383288917162
0.849916452025
-1.38101113473
1.39886871542
0.444177167312
-0.789210091763
-1.49456157299
1.34401475901
-2.25461515376
0.424820628136
-0.520864439773
-0.244507923413
-0.358520794992
-1.56909748454
0.555961198284
-0.10389663643
-0.114006369056
2.24759769687
-1.47603702686
-0.274249001413
-0.334645743163
0.707435605437
0.969078127091
-2.29324200111
1.27875782332
0.0600841056922
-0.341197736863
-0.395313842162
0.574754863448
-1.47915887367
-0.519115798197
-0.867468444258
-0.20672538638
-0.301861744269
-0.618859923063
-1.78403296518
-0.582746303742
1.46087910417
0.533904017446
-0.696195196695
-1.12722497534
0.548248812594
-0.622633460941
0.323625911147
0.733233618633
-1.6294749281
0.135818159633
-0.526924785601
0.657675901651
1.36838175273
0.631393506634
1.888425202
-0.522660821267
0.999553646129
-0.0731028437793
1.8567104121
1.04463906231
-1.00868388906
-0.744169624202
-0.286743116587
-1.2210953146
0.816425713903
-0.778225339228
-0.198881694531
-0.163153894296
0.529876713422
-1.74850355219
1.06169383208
0.0504484074028
1.23730019903
-0.236260428981
1.0056362069
-0.754025199079
2.15630594881
-0.425079101685
-1.17612961337
1.23299197017
0.310423094287
-0.937569211209
1.05340393592
0.807153178135
-0.138170000867
-0.947579274097
1.13558738121
0.0702985393673
-1.69012806966
-0.397866362111
-0.107498335841
-0.850532447346
0.0672399069855
-0.146038439649
0.0375555163188
-1.22895871544
-0.193793991302
1.178834188
-0.0124594292493
-0.206119357458
-0.108267091398
-1.20379294829
0.159275295157
-0.479868906097
-0.520917420459
1.17137076205
-0.0978097626161
-2.14105225907
-1.28244983913
2.27397553089
-0.65425766651
1.05051314876
-2.67868813579
0.208358949926
-0.987118223395
-0.110028256119
1.58971399788
-0.179127096759
0.375780211411
-1.06507168085
0.990798297648
1.63217021518
-1.44236178568
1.93687129246
-0.728907912479
0.419943043008
0.59743821578
-0.716495317667
0.515192618379
-1.45994662347
-0.9283172825
-0.120599190648
-1.21226871148
-0.912322674508
1.33863894434
0.877709298795
0.104233426084
0.976631282887
-0.566625943101
-0.80349665331
Score: 21