3
44
10
3
0.0975530203878
1.52346794299
-0.604100599875
-0.98726738542
-0.400240822991
-1.54513961327
0.0291981307059
0.533970119889
1.65916710996
1.36854098237
-0.929611735463
0.582598959164
-0.01044354992
-0.709518193898
-2.00643276521
0.0205316852552
-0.325554164194
-0.00458119923396
-0.941667171695
0.673548284864
-0.266529019681
0.815726326335
0.573971352481
-1.19835265324
0.364149197749
-0.220069803155
0.252394623163
1.3615163639
1.00300707841
1.01640233567
-1.83224092974
0.338672366572
-0.592184749868
-2.06040245095
1.26433685223
-0.162369154839
0.0362320043561
0.665919439532
-1.27398248905
-2.49585166756
-0.973918995723
-1.55681367331
0.0993882252105
-0.0691830453814
-1.32632841997
0.332067672884
-0.835915751195
-0.802394741863
2.62478479213
-0.960786672019
0.573982722967
0.159321642952
0.633471839946
0.459232172898
-0.681973076021
-0.0208082036785
0.812721014164
0.0523079906167
1.67566410193
0.31959664487
1.06548729186
-0.825191876706
0.617196067002
-1.08651706611
1.3384174044
0.36623859168
-0.206279733869
-0.755291052238
0.410915009842
-0.334808176536
1.1854044596
-1.62186941769
-1.4642675681
-1.37710149068
-0.18646321069
1.99945274327
-0.509627244373
0.0205149646334
0.190392541205
-0.417249181102
-0.631255422289
-0.301232945008
0.823058636701
-0.133276965662
0.198782393802
0.176360234734
-0.844516956668
0.565667427327
-1.06910007545
-1.73230467067
0.0437222480024
-0.657687822176
-0.283615157586
1.78257473162
0.122951213665
-0.5743170994
0.486351567937
1.54933371693
-0.159408643275
-0.0785414151981
-0.383750312833
1.48595107718
-0.240955444526
-1.38311584667
-0.672098734923
0.14859893242
-0.137050367124
-0.161320562633
1.00147930276
1.19721247297
-1.4988488194
-2.71378608377
0.468329485235
-0.833650133883
1.57670673014
0.930259364042
-1.61229807062
-1.07504636647
0.884790932955
0.112658141159
0.340736622692
-0.925003382445
-1.63878947042
1.17888775244
0.407743226135
-0.112658888816
0.516302329103
-0.604506115495
-1.00792733795
1.41858007514
1.46695210684
-1.23010973857
1.93909996013
-0.767419968368
-0.520485061708
1.21960392823
1.37804077162
-0.527334195763
-1.66362601485
1.08170259279
-0.724964129158
-0.112146716051
1.01814261335
-0.37997773494
-1.4315510426
-0.995401635281
0.792113244802
-1.68429912708
0.620560812687
1.4392405926
1.01064672965
-0.484152074351
-0.836047172092
2.89766758409
-0.111102516004
0.876182783577
-1.70077148587
-2.13037400155
-1.35743452051
0.0684793320944
0.718942215241
0.771408871481
-1.02889861449
-0.318409582761
0.533995657092
0.183428629111
0.904702224221
-1.09693641145
-0.299069005858
-2.07695806124
-1.98037192539
-1.17946442306
-0.448888500569
-0.046732367082
-1.21866359141
0.0844164015061
-1.16718635895
0.165447217447
1.86233503908
-2.76020873578
-0.825816875883
0.0648367918772
-0.175794997405
0.896315083726
-0.282918502234
1.50836684039
-0.435516540877
0.645159396661
1.23383628409
-0.664733298513
0.455645377928
-0.0152900298851
1.16578848351
-1.0088680826
-0.208509033504
1.4546806501
1.23029401414
-0.459136267901
-2.01185896275
1.32817189553
-1.17776652738
-0.028105684974
0.155299423458
-1.08985133514
0.473562522031
-0.63948196215
0.481140569207
1.16193852822
-0.200865653825
0.420209182341
0.38050320609
-0.550818858047
0.312355281125
-1.08104983392
-1.24404030457
1.54666332691
-0.574909709592
0.713790221359
0.394985474343
-1.06901247229
0.144265793446
1.05123338248
0.356245818
0.539855490343
0.615402185058
0.377705495532
-0.353464462843
-1.0342067099
-0.100623425285
0.668300303246
-0.751526962238
-0.316556113344
-0.511708244705
2.13010411828
1.43583497878
-0.830184392962
-0.843119191852
0.270194694005
0.228292883444
-0.315745085424
1.31313962695
-3.10548275285
0.795174205238
1.38799559488
-1.53213517893
0.570678648326
-0.979541047962
0.0779837137038
-1.90240356182
-1.20149190551
-0.00271019640874
-0.128621919211
0.778711007061
-0.120316702978
0.368520195057
0.918085964423
0.469480103752
-0.541563149531
-0.544522021907
-2.16157828305
1.41804998332
-0.476058272906
0.601024551211
2.43204342811
1.13147370639
0.362846911353
-0.557132249102
0.230825989213
0.129199115037
-1.59209969957
-0.0654734472188
0.786015512386
-0.763031167502
-0.0749868892679
-1.01488456086
0.879861097217
0.467557353207
-0.393841146937
0.882485764441
0.351951630265
1.19843281594
0.460525846814
0.401719238708
1.34832733962
0.986317713893
0.0948719639774
0.340061933557
0.0700576142597
-2.04145056263
0.333238152749
0.970313425955
2.22298848519
0.758034067893
-1.13941372215
-2.34444085199
-0.452958743097
-0.632956513713
-0.419160206264
-0.635252360473
1.02772030454
-2.17042290726
0.840510497283
0.564472965973
0.68545574079
0.0627387812645
0.57595331113
-0.190106587625
-0.912557919169
0.0828003860373
0.935806903737
1.47785416361
1.12148937794
1.22426940681
-0.0266031054501
-0.00534720397646
-0.995099262714
0.112140906208
-0.503926882866
0.659446426956
1.28618156356
0.567742173016
-0.466894255447
-0.281719531424
-1.44754640387
1.24008710986
0.686143739265
0.338539950182
-0.174068388775
1.24937035317
0.875401396489
1.46353843882
0.258008721156
-1.55562478315
-1.61941045361
-1.16158626164
0.141612206282
-1.25692128378
-0.42522128044
0.840655176259
-0.974521286489
-0.0352724401915
1.30297509148
-0.898130239347
-0.599639924737
-0.599322130545
0.252380976533
-0.691553063834
-0.0743698833957
0.0681463409807
0.231068550264
0.480413716509
-0.4659216089
0.56518870577
-0.565762022493
-0.264178193472
-1.4731737352
0.129730280247
0.678055448075
-0.383527366423
0.537459743484
0.932431881011
-0.105680169965
-1.60221725353
-1.59384883594
-0.182504727828
2.29517232456
0.174560073629
0.657009807803
-0.651623849821
-0.38911779238
0.9726046441
0.540607046975
-0.058912259955
0.133062046117
2.3854128244
0.0641668752728
0.162169501379
1.96859471551
2.54833016242
2.92258555459
-1.24535295935
-0.163351421966
-1.92457208674
0.476247001164
0.288162509596
-0.460025816246
-0.267010261039
-1.13191958286
0.142087578607
-0.139594586558
-0.420229756715
-0.771284261408
-1.66549367801
1.85424943972
0.569425190657
0.68990577896
0.5782374529
1.0427487654
-0.159785010837
0.210073511062
-0.148973624723
0.807537600242
0.488988744813
-0.239370065033
-0.579611414082
-0.92658793276
-0.305688200883
0.581262229959
-0.180172293539
1.3299941077
-1.46555458921
1.53139696872
-0.905962282872
1.38045796613
0.223157626962
-0.501286113136
1.46593156973
0.491104686942
1.2070446078
-1.80869887821
0.722293919431
-0.878096147318
1.0692960165
-0.658003596155
0.0876111242878
-1.66243778395
-0.711714818914
0.577197920357
-0.051274475206
-0.160842978937
-1.30768474377
0.636268095407
-0.792762446684
-1.09842060205
-0.0362795467877
-0.145122770496
-0.531414639023
-0.00785673708717
-0.460718462209
0.0463388802323
-0.235418870961
2.03994880273
-0.846142073214
0.225959929848
-0.147407676171
0.413109503842
-0.033735833253
-1.0183602696
-0.0759540756492
-1.79050827727
-1.20356678332
-2.74911190088
-0.641791530369
-0.801596140618
0.96486034478
0.203092691015
-0.125409263806
0.610735365405
0.547848759915
1.04812702524
1.28532413219
-0.378155896059
-1.45860422497
-0.474994840326
-0.0600889655672
-0.0441934361328
-0.230293951931
0.106648147257
-0.631961075502
-1.08806691155
-0.141102210577
0.541049236942
-1.39400887918
1.39652026796
2.33117913876
1.99772082759
0.00673694649353
-0.380221471576
-0.451248896796
-1.03539394382
0.351158182398
-0.147016086582
-1.5417022459
Score: 171