3
44
10
3
-0.822853546568
-0.451931953198
-1.2363281608
-0.8393453397
-0.0913953324297
-0.482088759521
0.82536763328
0.00992419638393
-1.10274700175
-0.00830475337344
0.838726642545
0.560704424201
0.237748913009
-0.191857282532
0.00432816265432
-1.14351368388
-0.518097477382
0.498398985973
-0.624062755216
0.0958960452887
-1.43340299338
-0.171640399154
-0.273416798844
0.459184701828
-0.410106427156
-1.87127166551
0.353190972203
-0.926144868102
1.51202982408
0.600301083888
1.16119499277
-2.73774564342
-0.680400641666
-0.745135077335
-0.259653175524
-1.07490198068
2.0103084516
-0.513083208243
-0.231926181611
1.5870292517
1.50268795195
-1.08058123125
-0.911539117574
0.676671541274
-0.148854896143
1.07909779182
-0.877627525587
-1.66346491441
0.21710993461
1.09193825415
1.09251670249
0.751243400577
-0.259674261725
1.32496835396
1.80043128202
-0.800033327991
-2.81775046447
-2.36635028008
-0.428548681993
-0.230114461493
-0.12714476674
-0.614043291169
-0.803844862256
-1.06395468266
-0.927798823007
-0.378353719811
-1.62626296613
0.046914318951
0.0980753266463
-0.713956158819
-1.37658860123
1.27318550651
1.68786622016
-0.663946744442
-0.28206787365
0.259066572377
-0.61721696189
-0.615159760385
-0.0119785414328
-0.348888762409
1.8480387081
-0.436825700952
-0.436494716413
0.519163602887
-1.15765206088
-0.839873849144
-0.568186422478
0.049340648698
-0.179105478261
-0.800990118707
0.850804536075
-0.443190698447
0.8554313054
0.44222991662
0.575607042079
-0.594603550704
1.02629184792
0.260664526727
-2.19611889919
-1.09653762205
1.01674169302
-0.351796498261
-1.63299237019
-1.44361324876
1.54886301244
0.11442317625
1.72558829713
0.378382837754
1.58198242647
-1.34707220247
0.0735640379456
0.219897050958
1.38159678311
-0.367381691527
0.33306511744
-0.405404545123
1.22474243937
-0.748308192616
1.66706164346
-0.836072265169
-0.771419881331
-0.487429420432
-0.385713618807
0.503450552369
0.855580248981
-0.611754343864
2.08810673651
0.432027372578
-1.44929425685
0.455143984062
0.0425999310547
-0.668042734338
0.417559283993
-0.495062037383
-0.138003878705
-0.583602785071
-1.0216146336
0.615302384989
0.804627315507
1.26169173587
-0.812153613272
0.687910289994
-1.55326392671
0.72766493726
-0.259769701118
-1.31521115334
0.4471025628
0.692707897195
-0.16622980063
0.315641201896
-1.37048590469
0.771462012682
-1.79911381211
0.816665643139
-0.489731519692
1.60546650917
-1.29888359787
-0.554271236127
0.344480392398
1.64195787651
1.14377293747
0.32738149386
0.126222372527
0.279801175118
-0.775915005235
-1.24244832417
-2.20397809675
0.332782088569
0.560697469617
1.24239917067
0.827047856949
0.66293619101
-0.0531710192275
-0.0286821896368
2.51628541258
-0.29109122444
0.159771779653
0.663566494773
2.27422814724
1.3917997165
-0.00490622257714
1.96466751842
-0.179059989496
0.0256317136936
-1.9415694559
1.29587506871
-0.292744850965
2.15123312426
-0.304174041715
0.487258654632
-1.50303599495
1.10504801912
-1.73291338394
-0.608717048028
1.54390788489
0.0431780401533
0.169449777239
-0.121803132148
-1.02805766088
-0.366429814512
-1.10607440091
-0.878661997244
0.804796539502
-1.58547734927
-1.01829593205
0.817116456989
0.758163866751
0.706738085762
-0.949927099852
0.256327260292
-0.93622159634
-2.21274008142
0.565111111795
0.494095474487
-0.393831913707
-0.463021609535
-1.19060881516
-2.25614754099
0.461135356942
0.651288247028
-1.48805258765
-2.62886055511
-0.245258477953
1.48404184285
-0.350897390341
-1.42550988942
-0.313803170436
-0.875467319094
0.533565767394
-1.15158184617
-0.714983845575
-0.292366475255
-0.712677236686
0.465123251266
0.152211783863
-1.62344779745
1.36840674663
-0.0803383645171
-0.813518131104
-0.471737618043
0.538564735768
-0.646368212361
-2.97800391256
1.00197354724
-0.158674872236
0.275755852473
0.571990082695
0.325682311275
0.9211732578
-0.318946328784
-1.52880872992
-0.89630057292
0.763872598934
-1.00829542444
-0.0113309803233
1.17972397698
0.895165019991
-0.315279557827
0.21497697454
0.0297752669763
-0.819376715583
0.125305341256
1.28536744059
-0.32609096816
1.07949971631
-0.806953848156
-2.11253421075
-1.84818016516
-1.28088395433
-0.31655461755
-0.398813776429
-0.167118057376
0.0142820903355
-0.495547737622
0.143117361294
-0.523431151214
1.16076473745
0.0526250204939
-1.5997172572
1.68683316864
-0.0840579431877
-0.310999821456
-1.95985242869
-1.06623041927
0.351661736534
-0.500148276448
0.823410093136
0.0583981085644
0.533470536288
-0.80626639188
1.38133018187
0.913662924843
-1.28843532661
-0.872386276612
-1.01346708149
0.555958809051
-1.03977797086
-0.335440240572
0.474562623877
0.48692963068
-0.446542852501
-0.134299210547
0.193330024191
-1.36046313293
0.158643394587
-0.154046025548
-0.0322505568602
0.490575882142
-1.17513335225
1.51680167552
-0.779995047106
2.53333951162
-0.710936382522
-1.88195580208
0.0303302362117
-0.369191558444
0.137045693158
0.515346107712
-0.293254824696
0.894785020782
-0.398003029605
0.41870709123
-0.358585928037
0.566046563607
-0.201042265609
-0.483962336542
0.61972557523
1.81912521565
2.07670909006
1.10099371061
-0.326838584572
0.160883205495
0.1642598681
0.258927236849
-1.17540721888
-1.06338367241
0.683821327712
0.306188512448
0.965695344233
-0.369744227025
0.171319527937
-0.480951273926
-0.463093555835
1.67902773739
-1.19011192252
0.146570437734
-0.357891230187
0.994943368894
-1.25083725803
1.49737996487
0.236911460182
-0.843219402503
-1.29635389754
1.06343193552
-2.06477020768
0.306846948277
-0.630827009821
-0.020631264711
-0.536395589872
-1.74373315732
0.585164232213
-0.35365064912
0.019420598029
2.12795662501
-1.2789166398
-0.175147226183
-0.512621404168
1.04493384383
0.760180558313
-2.15263452601
1.12354133897
0.321700055988
-0.525957143899
-0.474544736416
0.47078491076
-1.66711710391
-0.732304092567
-0.777239140748
-0.420282492598
-0.183912910034
-0.596250139924
-1.78783210185
-0.569281432144
1.19902660895
0.245428309392
-0.425429714176
-1.15117474841
0.437233984029
-0.218344917168
0.150538866619
0.432090764604
-1.79296225826
-0.0866697982183
-0.234084510271
0.760939696617
1.36988958885
0.948038628954
1.80911407066
-0.589689531197
0.93276535922
0.422214561026
1.54562917515
0.896545771596
-0.755498636855
-0.920437099096
-0.463121716081
-1.05916217289
0.686412558229
-0.651742399366
-0.10583419458
-0.0679442693966
0.420154164795
-1.56569309355
0.840747263645
-0.136811087875
1.01426729938
0.180272589175
0.959418499491
-0.831071011898
2.31275705551
-0.492678147954
-1.04227794245
1.25400293905
0.254337896006
-0.987950858702
1.21312395613
0.907942696772
0.00421406691767
-1.00450590058
1.3100635993
-0.232382680373
-1.52895628085
-0.347008896897
-0.23012343225
-0.763213089097
0.388697192202
-0.0331465488352
-0.30229490827
-1.03190220498
-0.359631777796
1.11021471247
0.0576819267218
-0.042706049767
-0.0797631324972
-1.3954410683
0.10000032234
-0.794656809206
-0.574769304217
1.14732657339
-0.144979009398
-1.9002420009
-1.16880328956
1.95454086677
-0.86267603386
1.03156006286
-2.56572111135
0.162909389214
-0.774511795742
0.0889711011771
1.54317707216
-0.08281334457
0.348531756608
-0.78627320968
0.947889990745
1.80266354017
-1.44175932079
2.22003381431
-0.63781303946
0.522611667104
0.39754092974
-0.95486744269
0.608355679043
-1.23822774571
-0.929164632319
-0.268352333198
-0.966241986753
-1.01395453141
1.10770932669
0.962854620768
-0.0326047755374
0.980893186875
-0.315149632641
-0.88696716165
Score: 13