3
44
10
3
-0.700872603866
-0.712931417711
-1.25998793315
-0.718354640704
-0.152952312314
-0.493192292167
0.967351380302
-0.0866303902035
-0.874070818434
0.0864638204301
1.13086739945
0.391333036617
0.288764862498
-0.18763149311
0.241951277856
-0.818428479697
-0.236793243162
0.35731124727
-0.629056155337
-0.109375512047
-1.27840550045
-0.0993740775524
0.028039150111
0.802298931339
-0.0974937699054
-1.73015608997
0.461384308163
-1.01791928805
1.46380764211
0.813454611501
1.34144435163
-2.66426967877
-0.971832148254
-0.720867976341
-0.230278759538
-1.24081528701
1.9283593012
-0.729080559318
-0.224977278889
1.65185447344
1.33046812115
-1.50685060836
-0.669409864924
0.790631598821
-0.110671832174
1.31824826558
-0.906048730741
-2.06603681522
0.334369682374
1.0707914117
1.16655936697
0.543966233778
-0.148091335702
1.25366941317
1.7846161221
-1.01182697603
-2.970504078
-2.22513053774
-0.479026254799
-0.310780969047
-0.0975439413444
-0.483923439863
-0.930866333727
-1.07159606495
-0.927237448269
-0.599413024242
-1.66720242373
-0.0649582154712
0.123492759122
-0.544284854817
-1.59941129577
1.53344862259
1.56771892933
-0.467417651372
-0.415003918855
0.295537582333
-0.502814711671
-0.630160646446
0.0843582825254
-0.463040198264
1.65297037588
-0.341287043775
-0.519975765644
0.364360593254
-1.2160542957
-0.592970119569
-0.843066696536
0.0341545754258
-0.196242792693
-0.643863910704
0.823777069304
-0.427494451184
0.924957831764
0.419945747314
0.570493109216
-0.758261308899
0.818686452862
-0.209482507288
-2.3261902846
-0.883826156347
0.818114340575
-0.484380203333
-1.56020092517
-1.29915278598
1.64504834317
0.0539063776812
1.76091217859
0.498131917964
1.19573878194
-1.30033439613
0.228271901207
0.371493235386
1.2782468325
-0.29070490434
0.0792970434788
-0.51719857874
0.935139666819
-0.808763107444
1.66088250576
-0.971584115922
-0.852398258533
-0.421122749699
-0.106646090331
0.52730656051
0.938513823573
-0.700026311935
2.19697270365
0.487950405141
-1.21835208544
0.567091997269
-0.196099026873
-0.523767300234
0.244672070846
-0.31482088028
-0.241137972316
-0.563924434817
-1.25528699392
0.653813657652
0.902755122291
1.16318869602
-0.673960910506
0.689234716412
-1.49689970457
0.795888428349
-0.285230649563
-1.08762500205
0.383549387753
0.817849151885
-0.269863088518
0.360268564983
-1.37659215719
0.751187785103
-1.72035890192
0.745197621463
-0.510237950317
1.71306784685
-1.23137682661
-0.236520179068
0.253641703509
1.65967205636
1.23294518655
0.212902562073
-0.0142331438226
0.330185222211
-0.777089130564
-1.17625627236
-2.28402399895
0.215142287542
0.424173702531
1.32206603242
0.954227790355
1.09461876048
-0.00438595239271
0.0097721148791
2.82414146301
-0.238165985894
0.0978953123527
0.667206594926
2.20959408945
1.53529241199
0.0983969760872
1.94185672189
-0.316121196643
0.0977924367888
-1.83170512336
1.33869273019
-0.0868258883453
2.01146011466
-0.444002909176
0.391140040146
-1.62447009935
0.909147005297
-1.66362658135
-0.594454590634
1.3121551749
-0.110322844783
0.0617741772375
-0.202504505269
-1.18582499911
-0.659128291956
-1.2608378458
-0.570866698614
0.907267487353
-1.53079094032
-0.824884548467
0.754103464913
0.388589288562
0.574797127559
-0.975743925321
0.487405218589
-0.871062257036
-2.15914304151
0.35551158792
0.642449923138
-0.158408619141
-0.606384778038
-1.18223235502
-2.52192806126
0.504775279045
0.746602943665
-1.44843551989
-2.57461616484
-0.277131182707
1.71186977544
-0.411767050996
-1.08946483275
-0.404457826992
-1.10117703606
0.243736339958
-1.1055167734
-0.641338142365
-0.37739694339
-0.648064665818
0.637309466917
0.146268946457
-1.74862117771
1.24559949742
0.302288594784
-0.945526201146
-0.240700679217
0.564571531195
-0.862530525956
-2.95238937709
0.639144161172
-0.0291802205571
0.246477231605
0.611843368594
0.230895169519
0.919375230314
-0.0827572551501
-1.41002046018
-0.849240236217
0.653104180457
-1.09382649937
0.0904421023435
1.39906120462
0.859941081233
-0.258620795269
0.0377042608691
0.392901940366
-0.672195007479
0.0982566240025
0.902641919503
-0.0857142471063
1.08068979686
-0.999221127403
-2.14372477097
-1.89113335738
-1.38332665337
-0.011896566064
-0.481435865258
-0.275355647286
-0.150869063852
-0.503482385318
0.433698472798
-0.32526486211
1.3016425305
-0.127602038201
-1.56863197546
1.69095203451
-0.567644265344
-0.230829319325
-2.0863119674
-1.18618171221
0.48947647822
-0.310289026612
0.835562238175
0.0578679787105
0.560164111085
-0.797711131058
1.19260766495
0.860435981267
-1.33563355375
-0.700942536503
-0.874044132171
0.463812018327
-1.01272340348
-0.291746872446
0.513762996353
0.64406756183
-0.324598464407
0.0600045614157
-0.00507732919456
-1.33508893687
0.374167811313
-0.410592575418
0.168742108934
0.276772090529
-1.33452631345
1.439135506
-0.790821587539
2.69312214795
-0.513378591595
-1.6076822631
0.193084941617
-0.197800858985
-0.212326239646
0.821541510393
-0.351799295324
0.778583327888
-0.338582907624
0.292899247783
-0.0934765280089
0.668191904368
-0.256738690922
-0.50875657346
0.576183800783
1.99773405088
2.08346841665
1.26661372056
-0.645987565336
0.217610831922
0.232743556705
0.320324782807
-1.01752744083
-1.06004406412
0.527308222209
0.273540928693
0.878964138082
-0.616500165725
0.310600954738
-0.594722950042
-0.10954147846
1.81791074077
-1.16526098383
0.308889041313
-0.276366311239
1.27424889971
-1.33527363628
1.42629235457
0.287066511759
-0.741086123968
-1.23239568145
1.27593574842
-2.11802038325
0.493274576769
-0.574426076572
-0.163318407649
-0.264542890761
-1.81156902736
0.532646550814
-0.161700043426
0.0801753783801
2.08870821786
-1.39990330945
-0.43092589142
-0.603644700459
0.928580410362
0.856309213349
-2.35162418226
1.16644598414
0.185959277043
-0.443221763365
-0.222407580759
0.345273459684
-1.44047619475
-0.520322228104
-0.96858256828
-0.12792050727
-0.342010130364
-0.59039601968
-1.95541808525
-0.742525526332
1.36570087185
0.40892119809
-0.783381072059
-1.08416274401
0.467113395258
-0.472758489532
0.254737167966
0.662478066149
-1.64658467017
0.0876330806935
-0.434141452076
0.84216612199
1.40721850061
0.869392871786
1.80519325018
-0.30061108202
0.832866294368
-0.0367327180113
1.79037999755
0.699048012845
-0.903077477777
-0.776590724375
-0.391935169962
-1.17217225935
0.647540889635
-0.829658719384
-0.252116320317
-0.147994136172
0.515981893795
-1.44215736286
0.971390205646
0.0902112167173
1.258122328
0.0699807701979
1.03488564028
-0.863603402035
2.21048961001
-0.380489259582
-1.27406098811
1.19596759494
0.115979871002
-0.819495991288
1.06000868993
1.02769665625
-0.0571436626952
-0.952443183403
1.18928262423
0.0741132453691
-1.74882691467
-0.473263890684
0.0826915063369
-0.784049548158
-0.0703782713203
-0.00221530657596
0.00604104594821
-1.14713520936
-0.318217245623
1.20347256602
-0.00508229590394
-0.0352054791654
-0.14383135129
-1.18167460595
0.134558093177
-0.562418380618
-0.51742509637
1.18268531609
-0.131749314522
-2.19797125031
-1.32584492044
2.08137152223
-0.517295817302
0.942470905707
-2.37295500107
0.180784518142
-0.943256628601
0.053093354513
1.358527824
-0.291401401146
0.55927807138
-0.889891027216
1.03702991843
1.83298333859
-1.47972031669
2.06153889135
-0.766764044586
0.424994467178
0.686418859832
-0.959327352044
0.56107494959
-1.49222383932
-1.15591534734
-0.176663294621
-1.05039303697
-0.911867282639
1.25579281561
0.793257498216
0.102645481182
1.08745168289
-0.401884766724
-0.912694866391
Score: 21