3
44
10
3
0.831028234233
-0.391498382978
-0.0553471006224
0.315899064656
-1.38100941301
0.0782001831648
1.06552170186
-1.04801549709
-0.172311896809
-0.100559470768
-0.411564648173
-0.75792777272
0.0856263760152
0.506174063278
2.09569276199
-0.818201823835
-0.261217464191
-1.76564422594
-1.51201366556
-0.97254378868
2.04285954033
0.98673335843
-0.415608871002
1.95649802153
1.26758306574
-1.16178254535
-1.0033822786
0.196159161179
-1.95388439461
-0.120600164067
0.205420329272
0.574713013858
1.367979606
-0.901912175895
0.0291937777859
-0.302228105267
0.0767595509913
-1.17015668989
-2.03204745722
2.10399817964
1.19325798744
-2.06741626117
0.703535305513
0.576352201465
0.185914408686
-0.094164496414
-0.319764328321
-0.0388799721026
1.96657427982
0.314522372259
-0.0882980283862
-0.954834026883
2.10612362665
-0.794935326824
-2.9051326518
-0.0681823692097
-1.38472115649
-0.357877044595
0.0896677987257
-2.00606726366
0.550062436838
-0.788103930883
1.11586911057
0.512354581959
0.639056544595
0.979550822031
0.106317625718
0.0200028295695
-1.09303643026
-1.30322200569
1.0717759735
-0.577950759995
-0.912670340429
0.0162572130128
-0.657733401819
1.1850499094
-0.516256233854
0.143869381933
-1.15545961305
1.34798169753
-1.26889153331
0.679609388576
0.242425139393
-0.0363237019683
-0.436884680911
-1.0982947099
0.0685986898133
-0.332710203362
-0.797037090324
0.497709150989
0.132501519171
-1.07981011624
-0.471925921187
-0.582165907563
2.49591625441
-0.523332219537
-0.577431051561
-0.724583455542
-1.06898332878
-0.0392291668557
1.22856211296
-1.82946718605
0.760273672118
-0.086791114465
-2.61562546986
0.558510336052
1.01122983295
-0.765977853828
-0.300280091008
-0.387590235399
0.317498798656
0.655825961305
-0.695586481815
-1.8317346221
0.337607104293
0.321162555176
-0.293708528863
0.879069986749
-1.31101370827
0.768190964378
0.364715704488
-0.750507735538
0.281895045396
-2.26811707572
0.0404634533762
1.29554956548
-1.34773083515
-1.22303971307
-0.712166349652
-1.17516515427
0.395213164234
-1.60703482817
-1.43611463711
1.00287814917
-0.294986397251
-0.50920272166
-0.0658769173813
0.676519828936
-0.101432631777
-0.600709207949
-0.784375990961
-0.997754889169
-1.95393676878
2.86216524265
0.468792238581
0.989534428347
0.568755136623
-0.380651939086
-1.34483126912
-1.96083429082
0.286486559886
-0.381429454323
-0.143468010065
-0.820968425226
0.737557559658
-0.262999882729
1.77448629546
0.648882906392
0.625500148537
-0.0167398130315
-0.919460389017
-0.429623514512
0.284916732655
0.923125963078
-0.393988135342
-1.31458376579
0.545690790069
-1.01211223658
0.235880417599
-0.560041161712
-1.24891773562
0.504610131437
-1.13450948656
0.45516106795
0.563942462964
-0.172965976197
-0.753737603052
0.376078483949
0.224323835077
1.42202438112
-0.753943019387
1.82053114202
0.470451563431
0.187019166816
2.53560254669
-0.0394712174215
0.30776612562
-1.16364793879
-0.200368397507
1.42140545418
-0.208204232054
-0.0632281156548
-0.0269395029001
-0.153952072942
0.223546943993
-0.197478225683
1.03492784141
-0.296053183918
0.269588562578
0.969966317409
0.185001308857
-1.45115138376
0.365052327649
-0.308307166181
0.0294831804229
-0.102348491693
-0.345847288653
-0.403657632109
-1.52202253394
-0.0815471330581
-0.102979563033
0.491104894933
-0.157026320845
0.205139125164
-0.0954894232717
-1.75534936731
0.162908149135
1.81844531508
0.363802917145
0.896470747525
-0.538031513308
-0.437184880162
0.526408289627
-0.609387187968
-0.660938579665
-0.498807205952
-1.88615042211
-2.00877394917
-0.745839331165
-0.692221740673
-1.41635282306
1.75033589423
0.191147641434
0.39910444861
0.600844002839
-0.944028280483
0.169239282662
0.489243547602
-0.449611106767
-0.359883061903
-0.651909110452
-0.460798684355
1.26090469354
1.73189301191
-0.432634865025
-0.543242411661
-0.537199992566
-0.0962020697254
-0.148705150054
0.194615684236
-0.979249322641
-1.68596792617
0.385992907791
-0.48530651929
0.84140649703
0.453830402619
0.891920995109
0.691760071908
-1.30888162606
0.6925728952
0.254376359577
1.71114936254
2.03560797582
-1.44143784946
-0.683720191735
0.585861998144
0.0144322571042
-1.05825859733
0.725233605609
-1.22934820448
-2.39860128003
0.586529684942
-0.0280957593169
-0.646671527778
0.566500302677
0.812709767928
-0.696878691367
-1.9231013166
-0.829628869211
1.09387469174
-0.625546679909
-2.23108105501
-0.0311412624094
-0.0133074290837
0.242125357331
-1.05094651037
0.425991517625
-1.76136888849
0.333580147872
-0.415666432091
0.749825279446
0.568986239174
0.979470328515
-1.16676616822
-0.124433499008
1.03029359327
-0.587628529225
1.28702498944
0.4599314383
0.568556979253
-0.453319922271
-0.281683847139
0.119659898076
-0.316888828277
-2.52686535657
-1.67410396332
0.211127118478
-1.62139809228
-0.578145882365
1.17198710759
0.564131949996
0.236746012188
1.93550129164
0.0953423005837
1.0507337109
-1.1290410151
0.184359494223
2.96283843068
-1.25819126455
0.630836018427
0.116534511682
-0.629589910428
-0.546554754558
-1.0743630564
1.37310867354
0.820921807597
1.23129572953
0.685169951325
1.75508578689
-0.0354624367013
0.986841224252
0.223156610846
0.463269728312
1.49266938664
-0.538813302679
2.13601209225
-1.24882881428
-0.453546153548
-1.31455361234
-0.995373769133
0.720926896664
-0.805275959058
-1.2816720379
-0.114621995369
-0.449145913978
-1.22430697563
0.704197911304
0.280362596126
0.676873471278
-0.706265970057
0.518462384523
-2.20701040094
0.149664150249
0.0313896699577
-1.24315735195
1.6957680839
-1.38514742286
1.8248363514
0.732561266117
0.112854256855
-2.10817414411
0.215578515728
-0.341064462801
2.79873514181
-1.37856409502
-0.516795693526
1.47349151821
-1.85219172437
-0.356587686163
-0.391605751339
-0.23904884037
-1.99467887456
0.0903648182805
-1.86750267008
-0.345334999803
0.322284017733
-1.17856014755
-0.243838025641
-2.30351445393
0.655561082596
-0.102517370247
0.188730501242
1.18090830992
-0.365577924395
1.73910761477
-0.0530508966203
0.208473744764
0.125837097229
-1.50909370423
-1.49514557729
0.805247422129
-0.11056013107
0.767903998425
1.2414285147
-1.14307215755
-0.340143263662
0.241802104744
-0.537786783116
2.13363667523
0.613664387065
-0.835516404759
1.22279639818
-0.468686283631
-0.650594364469
-0.631362496944
-0.656246468489
2.89940589917
-0.849593591881
-2.2673604441
0.29271258883
-1.16619152847
0.445301914204
-1.11187877838
-1.08210192569
-0.854313465971
-1.23486674378
0.912103803847
-0.183632699761
0.7506784481
2.07848164921
1.33927329626
0.313524449716
-2.05714846304
0.480135415423
-0.50844860017
0.228839426602
-0.0405944966874
-0.0283262658115
0.230253030832
0.928927150093
-0.178000205509
0.763302134238
0.184590146744
-0.642443598582
-2.03287920684
0.749457369446
-0.476661941054
1.07988310068
0.528395747549
0.700119879644
-1.33660219332
-1.50065453648
0.448914713749
-2.57213021567
0.968056068045
-1.95623401047
-0.254304851608
0.120870994075
-1.90045680781
-1.62892371323
-0.679633274674
-0.511096419096
0.890130899599
1.26214663647
0.325653073185
-0.883372480292
-0.470280380457
-0.332134554435
0.041676249058
-0.96366092478
-0.807015576147
-0.663145012427
-0.0923646772832
1.0548796377
0.0520253703091
0.0428847564384
-0.844631750203
-0.509856162849
-0.622761638239
-1.7209656855
1.22533366408
-0.844569702885
0.27217503693
-0.196328211576
-0.122391606175
0.103640530774
-0.711940688604
1.02900532225
-0.139172321707
0.0265603590908
-0.493425959571
0.288301514731
0.688690885389
Score: 1