3
44
10
3
0.138542662484
1.53452405958
-0.383054700718
-1.02306336176
-0.421587159782
-1.59542507525
-0.00331768682263
0.500224120209
1.59413462704
1.36083552111
-0.705663597098
0.809514899385
-0.0915490200368
-0.705577696329
-1.80250127071
0.0935475648232
-0.535765574151
-0.0377538646018
-0.916905658239
0.897657510524
-0.167319922878
0.877216348908
0.56339466816
-1.0252065744
0.496159428654
-0.291909899982
0.2750245178
1.35154344819
0.985759910529
0.907481766499
-1.68460000916
0.439787229221
-0.528084915655
-1.98029599893
1.34887899353
-0.405727476707
0.0362828072455
0.651795922122
-1.17423513853
-2.32576438279
-0.994062924631
-1.65453616066
0.158579804026
0.0335092494772
-1.23580264516
0.467018620463
-0.976631654935
-0.757957301406
2.36704714613
-0.704706254103
0.417192374278
0.269422762402
0.281517328633
0.891283877279
-0.967656438716
-0.0530118196953
0.988157827495
0.050824542175
1.57895017512
0.462178208057
0.828981081411
-0.839024125768
0.668671063771
-1.014599873
1.43667011514
0.43873643402
-0.168684982724
-0.642795435164
0.198062140847
-0.298718876817
1.320153217
-1.59195733025
-1.35220315635
-1.34449274165
-0.303499466015
2.0694916915
-0.602241028009
0.120762119008
0.41767071934
-0.328598154598
-0.564712512869
-0.449030867171
0.822912112347
-0.199668788253
-0.00795332206537
0.250432859956
-1.07833340143
0.863039713103
-0.990231369071
-1.59408990065
-0.33157510237
-0.567877984871
-0.0506015074885
2.11078147184
0.204573054179
-0.655238369145
0.28985797368
1.6833897163
-0.266205975128
-0.190233276469
-0.510743282797
1.46162872633
-0.509744372877
-1.19841385185
-0.857364955135
0.132296454035
-0.0900872909489
-0.260747367559
0.995250951404
1.16250312475
-1.49581879749
-2.58755675196
0.390709402302
-0.786459626473
1.68248210432
0.826906749891
-1.50381674691
-0.679252217025
0.90828709814
0.0879953051452
0.295201926213
-0.855038909639
-1.7736044628
1.40524841391
0.444000424554
-0.266401061486
0.585251295433
-0.64491363329
-1.00359263611
1.28470733831
1.48606717971
-1.17637401388
2.00242242499
-0.861395830648
-0.596509718327
1.23692085466
1.30302429794
-0.683030811488
-1.60032245573
1.40883840636
-0.701904706021
-0.203018907317
0.901785467745
-0.566985874381
-1.31890874959
-1.05668078506
0.980192684479
-1.82473400997
0.538923180101
1.43210043594
0.677107390389
-0.675553260798
-0.740872590531
2.82467151475
-0.0804553007969
1.00847172444
-1.65216176915
-2.30731180018
-1.07980542687
0.193990604846
0.645664963633
0.525848223387
-1.19581157709
-0.200876825096
0.725666653791
0.19410650545
0.837848701257
-1.16576229778
-0.217963708483
-2.09948308038
-2.10724148017
-0.903086879526
-0.228553950638
-0.192297523195
-1.06764667613
-0.0546443281742
-1.22149242702
-0.0671257751873
1.81444008125
-2.39492641947
-0.551326080602
0.0350065782919
-0.177126948015
0.600558843766
-0.202267136249
1.41945947818
-0.44950534721
0.549766400268
1.42705300528
-0.668575397661
0.263139391462
0.198401809958
1.19310877389
-1.17427290408
-0.146908887931
1.34908293059
1.25034136205
-0.529376332195
-2.11008273132
1.09044801479
-0.867439339454
-0.167502215747
-0.0469480328949
-0.811689799447
0.148095047723
-0.564250933008
0.518411596245
1.04714136165
0.0699570203322
0.453750289743
0.607896465011
-0.468710831002
0.166826274075
-1.1709560962
-1.29266755163
1.53018219064
-0.513680927169
0.924791661299
0.287539411149
-1.15063557731
0.340630941742
0.942699859603
0.323784994412
0.560903738696
0.933414948454
0.261787020825
-0.217197448896
-0.961233078051
0.00740188645391
0.341799157265
-0.8076753922
-0.240075918195
-0.578087640573
2.10161685049
1.42249864657
-1.05844117366
-0.951251950792
0.41317501885
0.235154889001
-0.325189283808
1.4097358001
-3.0977945856
0.661545827964
1.40088291106
-1.62854595671
0.523462372466
-1.05160567052
-0.401560366426
-1.76614524469
-1.10285993943
0.0168259476801
-0.371331044594
0.696554179665
0.157081642172
0.473486720241
0.985844000042
0.471127125612
-0.66378766828
-0.676804605638
-2.28382076512
1.2072504189
-0.287721689299
0.621169276902
2.37961766487
1.19502627089
0.00780599427966
-0.456904712959
0.0323044537412
0.1563246403
-1.57541638728
-0.038318622603
0.760933868001
-0.735047907388
-0.0689239659333
-1.04843277901
1.01967470707
0.491212499819
-0.619461942983
0.835949672056
0.202607633161
1.16952184794
0.350658738405
0.196180477359
1.29746136787
1.0492985921
0.190209395029
0.287938630189
0.0836508219223
-2.23644326636
0.37255144509
1.02765689752
2.31295265606
0.517299308451
-1.28413445394
-2.30561242802
-0.421286321283
-0.671273645885
-0.389893532596
-0.548268488763
0.912662007933
-2.10447857398
1.00173408974
0.501548637089
0.608958996275
0.333779729408
0.540465275114
-0.300685519366
-1.09232318511
0.204678195233
0.737833907476
1.49094504399
1.09837954826
1.13660051073
-0.138737700643
0.166633824604
-1.1966632626
0.110529107737
-0.406620480574
0.650561608058
1.1406675311
0.633740751338
-0.404073534865
-0.324968271672
-1.44711410257
1.00256746299
0.481380174138
0.351260082935
-0.035959397674
1.43414026677
0.854799395343
1.61528115897
0.266784859094
-1.41596113087
-1.45932942228
-1.13878915136
0.10550714041
-1.26427963603
-0.54307998959
0.862756400156
-0.865687809905
-0.0158280667289
1.39990498935
-0.824621109662
-0.685537179426
-0.689680854707
0.53165070963
-0.595691207266
0.0595904360237
-0.111847104621
0.291060551313
0.622336752835
-0.518083969709
0.63589607332
-0.549986557874
-0.104174250595
-1.24241921217
0.0622404799056
0.774488769936
-0.430627162434
0.382303120956
0.941575988994
-0.115565628409
-1.51053285598
-1.379541345
-0.501155095574
2.28792997608
0.313132239199
0.74800620617
-0.769112823195
-0.563987210841
0.832928309801
0.686232474947
0.0312248637822
0.0950311788373
2.44769131943
0.120668602368
0.173548255549
1.8887861834
2.63030794358
2.87450116527
-1.33844927025
-0.28120840767
-1.70609381853
0.507385007471
0.122869344719
-0.669669131203
-0.251993937241
-1.16386180415
-0.000950877692403
-0.151601040959
-0.424842646083
-0.895747912983
-1.3451969067
1.87694510901
0.428032002634
0.613841417339
0.516574831395
1.18199221879
-0.10660315841
0.277456314481
-0.203249891012
0.872954398302
0.74570087407
-0.141034547498
-0.329855447947
-0.915071442852
-0.282407672326
0.526168013155
-0.0609661141694
1.36451254895
-1.42163003541
1.68634476237
-0.640815099629
1.35985251366
0.242969631152
-0.381011957134
1.35145232629
0.683011490373
1.2252697664
-1.66339276438
0.583210731319
-0.768287471885
1.09667837663
-0.521873353972
0.0108068872665
-1.75676615892
-0.769594112274
0.873447355825
-0.176505225582
-0.0326591667006
-1.45974756334
0.615374906683
-0.821305931601
-1.00172006809
-0.0406220680168
-0.269364094307
-0.460787180031
0.231094992679
-0.54160170096
-0.168797246672
-0.101177582781
2.15526330236
-0.881396979526
0.264882998021
0.0259903617031
0.25673725888
0.0892836869443
-1.20376291557
-0.198145129772
-1.61297319734
-1.16593110953
-2.74112270125
-0.836518391165
-0.727006943652
0.928167919072
0.183179855639
-0.0979095715561
0.548955781797
0.309220478255
0.905664722966
1.26036714774
-0.122222015471
-1.40531216855
-0.322581702594
0.12359975911
0.0818133525886
0.0653181517557
0.443024949076
-0.321867882764
-0.851096000303
-0.38636568097
0.768826499156
-1.09255718101
1.39372226662
2.59441150922
2.14484335999
-0.0317774545714
-0.676939378228
-0.203301928876
-1.1182622089
0.401458649203
-0.476793719368
-1.53678794172
Score: 10