3
44
10
3
-0.290769952642
-0.510209260931
0.96333203403
-0.499857477618
-0.0404318502038
0.131406814261
-1.12655382695
1.02856024223
1.26757133742
-2.15316140654
-1.0370513757
-1.26957540649
-0.368297171777
0.666019251459
-1.24669504694
-1.29590770073
0.413320908051
0.48825264044
1.21200402561
-0.626251652905
-0.399689489826
0.338223044452
0.419185409343
1.46856069175
-2.58535437437
-1.28137644645
-0.414189922388
-1.01583553719
0.754551493788
0.225647367801
-1.65338540291
0.688854159679
0.14454039169
-1.69945364937
0.462729592688
0.157835445112
0.299775855801
-0.464082552036
-0.813216631731
-0.304590206997
0.424895368974
0.793001149218
0.971567078845
-0.469436725159
-0.196557877064
-0.56964218678
0.299559930155
1.61819036226
0.91753679785
-1.09378820551
1.34184090379
0.100225724772
-0.396966808426
0.370286349122
0.851261031816
0.105482243427
1.92441639712
1.44282396967
-0.165794564418
0.595925888366
-0.218522168428
1.4201729253
-0.0248921269011
-1.65258034059
0.327994022207
-0.369929339986
-0.142368897838
0.0722587727824
-0.0308697559373
-0.644678423108
0.619521115143
-0.626989991737
1.76951921222
1.17534670717
-0.273764690419
-0.186862040527
-0.690455356171
-0.37914761479
-0.622348133173
-1.3529027355
-1.75678013335
-0.0495825118967
-0.513471411375
0.0854066828363
-1.42784254827
1.62816546786
1.42170432901
0.333393092027
1.11715954777
0.625448015312
1.27985011488
1.02494432697
-0.937566294172
0.0762923050945
-0.853230730651
-0.645023791941
-0.583638315471
0.00510443290048
1.21848589642
0.0749923552865
1.894503833
0.752134873328
-2.07527319598
-0.383728974144
-1.36038833198
1.06749996772
0.167350164449
0.270716213656
-0.698365610719
-0.162700493827
-1.72834405073
-1.87881623679
0.140136297632
1.18589248412
1.5505253281
0.811183914394
-0.259529473603
0.601974113564
0.0406292181526
-0.188872881851
1.95959817315
0.00534489812624
-0.74271390138
0.205776302765
1.08051202755
-0.595820825152
-0.751240672319
-0.441506885399
0.907168405271
0.346160357277
0.677382678362
-1.55916306531
-0.823711080431
-1.09413590448
2.0337061563
1.20918474993
-1.57043160522
0.149151235631
0.00759343931176
-0.889744687499
-1.33485942491
-0.61109265394
-0.77407349444
-0.00198201465708
-1.2942766237
-1.78896237808
-1.75130995336
-1.05110161302
-0.95328877805
-1.14340789794
0.515778567715
-1.37688321437
-0.960852029816
0.144590630161
-1.62928284745
-0.948064240224
-1.60357474743
-0.129677383107
-1.36161826505
1.03402046516
0.455575814649
-0.259233345711
0.417159739922
1.20391372464
-0.355167738209
0.748051034877
-0.26360830942
0.332117467058
-0.677408590615
-0.265169315955
-1.24937444069
1.18735403255
-0.233276707795
0.954436519686
0.23029511095
-0.982476062724
0.415377115357
0.185666857819
-0.116511847535
1.02343565329
-0.210737115702
-0.336247066939
0.163413877058
1.55471885484
0.562667387056
-0.259705081567
-0.238651725648
0.81761655153
-1.01171572332
-0.174862952689
-0.392032632037
0.36173359024
1.78638296845
-0.300382755693
-0.363891317587
0.696947824921
-1.1443272564
1.94177501558
0.389432297955
0.434671287313
-0.348137217197
-0.175119341632
1.54005154078
-0.875143604405
-0.60993701389
0.858063495605
-0.354301850406
-0.807995888957
-0.0665403421784
-0.330729230771
-0.358197380299
0.712071547573
-1.49290749831
-0.0773691455108
0.23353390955
1.22000777699
1.24208225701
-1.01230533094
0.749988411623
-1.57178581313
-1.47483285752
0.797799266459
0.282680507419
0.0185779877793
0.411609720128
2.34350036612
-0.786762269741
-0.270591615937
-1.44893836762
0.503813013957
1.9606235705
-1.67977088634
0.929594396846
0.0927597226716
-0.0433333978809
-0.343376506935
0.216287553032
-0.0471254931992
-0.556602443259
0.948069345573
-0.800549850119
0.667654632651
-0.646728041467
-0.567101483029
2.56666084272
-0.395834881678
0.10373447257
-0.849228720731
-0.163491751063
1.06957538111
0.0055016659943
1.21238217578
-0.302506782911
0.646801691777
-0.294267831739
1.11788840372
-0.767009027464
1.88518315043
0.42608576927
-1.18306589491
-0.197630351636
-0.647892440459
-1.29582297561
-0.858134764837
0.418566812791
0.349805715134
0.237538636825
0.733167787068
-1.16144050317
0.691762550083
-0.546141499865
-0.693876038528
-0.86124038914
-0.641666540211
0.863678520518
-2.35553549934
-0.1514438154
0.746646292687
-0.694234472238
0.0546411562634
1.64120792901
2.22601850691
-1.16100550747
1.05565468827
2.17133474539
0.183184415703
0.966463114496
1.11886419227
-1.31391686194
0.772642571547
-0.116920813754
-0.133484571904
0.33251778852
-0.0211573677144
0.411694859981
1.0891737394
0.223281610608
0.179005463392
1.36476928987
-0.900151121884
0.569614768624
-0.397256224711
-0.0289442701153
0.242664522665
-0.255370406393
1.00547854766
0.412739352985
-0.363867459845
-0.289316607336
1.12743395847
1.70743254299
-0.860421136186
-0.314334187097
-0.506838763245
0.569150453602
-0.0653329758575
-1.4619598151
1.16190773048
-0.988137585304
0.928093652352
2.40684854192
-1.13067953009
0.235164995635
-0.296417973224
-0.767466958462
1.43722142599
-1.47513698002
0.250216247492
1.08302084664
2.13624352692
0.398981399363
-1.22104138084
0.149130787187
0.0448121159028
1.92948087212
1.17381160778
-1.76600897789
-0.992417973227
-0.705938982684
-1.68404788731
0.551686346275
-0.219104387807
-0.995431499999
0.447855499528
-1.13574474604
-0.756663511027
0.498371753448
-0.612254758949
-0.927689892804
0.948983180539
1.24490146962
0.611253258321
-0.399269309912
-0.0763632837988
1.61045102937
1.95796135057
0.748194610246
0.164211877997
0.979107311044
0.81811266021
0.36917537047
1.65775887529
0.727641979093
1.61688047884
-0.532097322672
0.0471215200982
-0.212869796628
-1.41934578312
0.254180828512
-0.13296410012
1.18863464575
-0.309144183799
-1.14683190138
0.0304954538324
-0.790757549105
-2.46199385611
-1.00756593263
-0.18358146519
1.69366682392
0.713628889355
0.519376125391
0.928459023153
-0.0808350611243
0.638002228671
-0.884092293365
-0.230375561497
-0.355612276374
-0.933417605317
-1.2038611345
-1.13597708271
-1.42577497828
1.07596378793
0.347479882359
-0.326493899325
-0.723846684733
-3.36024024295
0.187446663754
0.642590842658
0.754781599352
-0.737318138873
-1.21847003157
-0.49027670015
-0.583851985369
0.671141145608
-1.10730392264
0.385059826163
1.10043878371
0.856241987121
-0.239821437636
-0.795057506658
-0.31957906349
1.0649066636
1.85710095699
0.780469980725
-0.381745255784
-0.106976026071
-0.203665746028
0.971065459334
-0.791507813797
-1.55176467399
0.343005661777
-2.40458488945
-0.00857239519561
-0.928677689243
-0.657525055174
-0.394037456071
0.115621907467
-0.38584576677
-0.573442084428
0.718561739362
-0.220926229368
-1.73812377035
-0.862532504503
-0.0330168651409
-0.0437675932559
-0.161777051557
1.13015921014
-0.770275975937
0.389877703487
1.82913453109
-0.0532683578693
-0.406554347953
0.048454920588
0.521989061038
-0.720567521014
0.959746711357
-0.098787032158
0.0161491092504
-0.653558094127
-0.564975154016
-0.385989572987
-0.0784793282077
-0.620999546955
1.31972038482
-1.18980738937
-1.00220382402
0.659927482226
0.663058998988
-1.13863328871
-1.46772605239
-0.607621297073
0.474381737931
-0.450583905233
0.194489610433
1.68856889793
-1.00826776392
-1.00011601616
-0.733318503218
-2.5679971267
-0.686467840404
0.913875071708
0.918871100354
1.18157285509
1.14040849965
-1.52782538475
1.02866757467
0.835265428226
-0.948058563625
0.614855067254
-0.701736524326
0.368076872697
1.38365988638
0.639256281734
Score: 1