3
44
10
3
0.138907567379
1.59307058439
-0.5801204763
-1.05634702409
-0.380718388224
-1.69676389892
0.070997448541
0.662113341548
1.5120809027
1.35248943254
-0.726233476527
0.746468211085
-0.200918492543
-0.839180509191
-1.8222777977
0.073934813643
-0.404776286708
-0.00290214086282
-1.20290077655
0.770043755643
-0.206936392268
0.911754906086
0.7962057331
-1.10068260706
0.274317675827
-0.0719414538242
0.536522151323
1.33298752974
0.940436073087
1.18702175134
-1.49708568245
0.337994074813
-0.546458470405
-1.92645120885
1.15531976781
-0.220345880954
0.147837194501
0.722809807186
-1.3257900788
-2.39757001928
-0.975949101126
-1.49919145701
0.197900603615
-0.126270534041
-1.45205252361
0.318876747308
-0.885169576563
-0.700354378225
2.55364738786
-0.85957157802
0.609721570131
0.21299079508
0.377542961111
0.515330435162
-0.654996194869
0.00434914701712
1.04559266604
0.218285279857
1.56861005811
0.33048337838
1.00911147584
-1.06743235316
0.622982773604
-1.03492563593
1.09992008861
0.405651409667
-0.120086028171
-0.722933033499
0.241064298081
-0.314180537876
1.20394466224
-1.66835478273
-1.29618196665
-1.29024888676
-0.268066841864
2.25533550333
-0.688334602796
0.270402212975
0.330869373414
-0.332621419266
-0.4131410837
-0.428949599062
0.762744463791
-0.0650918631449
0.28549131901
0.434583872931
-0.714026569129
0.670807444449
-1.10903752576
-1.76906884267
0.139461108123
-0.639926628076
-0.11875095705
1.84942534431
0.294324054521
-0.76111271591
0.436269031147
1.71602208968
-0.519531835902
-0.229872666709
-0.608030187979
1.53497896408
-0.204317407296
-1.43239046551
-0.836936457478
-0.11602337777
-0.194251928697
-0.135502412996
0.777094988122
1.19615666685
-1.44980577381
-2.76872402188
0.544609649087
-1.07188608021
1.70839889984
0.910189625209
-1.58525457116
-0.791120106109
0.953253479676
-0.0944581321782
0.333591464459
-0.873811893094
-1.3647078671
1.12447176504
0.412328462406
-0.336779319402
0.602096970068
-0.612153772363
-0.885885907356
1.27981188914
1.57284923796
-1.17849267917
2.14828694096
-0.77067132616
-0.380117401363
1.47361094614
1.45387326571
-0.430475323527
-1.59267385592
1.29926695144
-0.741418981693
-0.328035908429
0.707744292101
-0.258761227187
-1.42498277752
-0.987067639139
0.736983896435
-1.79764971869
0.507994825227
1.63809583331
0.695099870819
-0.440234908483
-1.08061644973
2.91108098875
-0.284442437577
0.930750975452
-1.61650130565
-2.35688529242
-1.43762784894
0.178219989914
0.865429630224
0.73872043624
-1.04686741585
-0.188917949684
0.50176841818
0.424804817985
0.722775992729
-0.923736097377
-0.364945290376
-2.18058848037
-1.9779831191
-1.12978430944
-0.288832516906
-0.0613795598029
-1.09715488719
0.108125127912
-1.22708204228
0.149421335698
1.80459443276
-2.77691494207
-0.57965069717
0.0435046817236
-0.186923690921
0.781747014814
-0.0830082478021
1.35930956719
-0.263982551981
0.524298638131
1.33289979609
-0.7262164464
0.701063543668
0.0741553887716
1.13027907108
-0.991541498135
-0.396921909347
1.41193893336
1.39393152162
-0.62976132234
-2.21585631461
1.17958258109
-0.959840580004
-0.240033715828
-0.0314337984538
-0.837159418552
0.225766664865
-0.638840580363
0.571854296653
1.31624427816
-0.0183669387003
0.531141261691
0.449530437409
-0.44285491014
0.167065914213
-0.883531045705
-1.47346576338
1.7453379692
-0.68903268937
0.781678732573
0.268019403029
-1.1907639141
0.0929783330723
1.0165999735
0.443128501767
0.640506015077
0.603137203195
0.343746192187
-0.468572451789
-1.06025899052
0.134655608786
0.451445794087
-0.843206292204
-0.37079570059
-0.29006440801
2.10548894171
1.35552549346
-0.828653220427
-0.909091437942
0.194533921895
0.0600361522964
-0.502724366646
1.45177977444
-3.15313384134
0.720790612575
1.38604727533
-1.82960806523
0.520202384129
-1.25169198932
-0.269604739105
-1.91584664654
-1.07087813182
0.147601117991
-0.458482998636
0.631680205584
-0.00976887269003
0.426623604248
1.16700923466
0.522506615583
-0.487245949949
-0.945525437638
-2.21755908519
1.4128994268
-0.234911226756
0.464476959146
2.40037945866
1.2488906514
0.220022335371
-0.528756011947
0.253765293289
0.0980843769742
-1.50800458258
-0.0979398292204
0.998604293685
-0.841204663607
0.0605755614189
-0.958724822822
0.978215767985
0.36902021536
-0.636430460369
0.850440735213
0.266114681517
1.22231373123
0.630191304587
0.246687418362
1.46136131642
1.20413420308
0.118359759671
0.317210984158
0.018674095074
-1.96567762426
0.248300379649
1.05610178428
2.1938176425
0.613490054001
-1.35003456816
-2.30125900511
-0.523516710439
-0.777811647883
-0.31381794172
-0.523741240772
0.934050812708
-2.18604898927
1.0130704571
0.706596613869
0.626682390405
0.205093839137
0.551677684013
-0.346128075278
-1.18924976153
0.280370280285
0.973460060213
1.46611239695
1.04614517464
1.21664078724
-0.340006663474
0.0908031315385
-0.993638287457
0.0212487650785
-0.441279056345
0.741280793873
1.26681075155
0.604685374391
-0.319617806568
-0.281629889388
-1.31365845321
0.964401051703
0.687928412918
0.433873289874
-0.297992938887
1.12641473514
0.883879413467
1.3839782018
0.260740674411
-1.26761567558
-1.55113069386
-1.32673692956
-0.0634813395644
-1.17279037679
-0.560113308057
0.864561418195
-0.930485379465
-0.00242147566323
1.19823706438
-0.883778349905
-0.845331124372
-0.54225267478
0.160695593018
-0.760322186068
0.0280771881471
-0.149783132108
0.168007159019
0.556027876766
-0.585802594945
0.576650496446
-0.49704884919
-0.0948147553477
-1.46281887328
-0.0270119408297
0.742548853586
-0.479951751301
0.604774488168
0.924424074516
-0.218686220216
-1.73602780146
-1.63548369328
-0.298999460338
2.17590606096
0.0828899923359
0.65317387614
-0.708806795509
-0.685756507575
0.852850283777
0.493575049815
-0.107920635203
0.142343326651
2.42996196431
-0.0496418362632
0.090156725611
1.93559809133
2.8299039997
2.78878425386
-1.18493423191
0.0112291614272
-1.95113178762
0.49609053448
0.225345032272
-0.615982668558
-0.175717592046
-1.16310699466
0.0732475523836
-0.263078981713
-0.389684901609
-0.718762919704
-1.2622624388
1.98407532337
0.378068662973
0.580926812213
0.69175300205
1.38603061961
-0.0517669263182
0.36980370744
-0.151305984545
0.922152055217
0.358692850724
-0.0536076098998
-0.464995425442
-1.04285541153
-0.147837325038
0.508758042565
-0.152779950039
1.47370425568
-1.55585017159
1.50624139482
-0.795105731931
1.32572006224
0.366674632635
-0.453187040081
1.30872035272
0.652387300204
1.23469953999
-1.77382985995
1.00953662042
-0.938562851308
1.17156775179
-0.537313879557
-0.220179904942
-1.61886893312
-0.597725172153
0.751144948963
0.0287858969068
-0.109680631389
-1.16124828398
0.597992266207
-0.736972172679
-1.16110441022
-0.218429832155
-0.0449442866503
-0.592688758445
0.308044046616
-0.294481128779
0.249706349391
-0.270515148722
2.13282888348
-1.01539140753
0.256268000048
-0.135439552757
0.212490743919
0.227143971651
-1.28595991186
-0.106962743663
-1.67612681112
-1.01892796471
-2.69114590433
-0.748293990753
-0.720059181238
0.978422329938
0.312518837093
0.00694417080846
0.671131300636
0.402688697
0.751936902043
1.58878504717
-0.217749142631
-1.51799742966
-0.329547359969
0.125724631176
-0.130017804893
0.129923358007
0.327837121373
-0.456483154049
-0.98970987807
-0.310254763353
0.769368070308
-1.22832018134
1.25484939691
2.67070217094
2.05256463604
-0.13747542681
-0.510918789814
-0.320163171766
-1.03630243004
0.294407483459
-0.0714172018212
-1.57526928039
Score: 21