3
44
10
3
-0.927413905877
0.811620803594
0.84642763219
0.080557997375
-0.837264543969
-0.21292305065
-0.335653048626
0.343824346317
0.395435408023
-1.47342431945
-1.79935018566
-0.982012356704
-0.534633413572
0.897360309404
-0.109806361111
1.18681983722
-0.0384834532433
0.316930329862
1.13844579683
2.76066352025
-0.906094566599
-0.861464485092
0.373102412197
0.0743815902155
-0.629147379976
-1.10133926932
0.334733408111
0.195308639949
-0.32571833799
-0.944827056388
1.1848709402
-2.12996357216
-0.645153551117
0.729302093262
2.28415165565
0.528151998524
1.11236940852
3.39822690844
-1.57116497824
-1.46114876079
-1.79390849023
0.152398964468
0.611469641471
-0.885264080874
1.0245799543
0.765209745421
0.109979416714
0.0996694032744
-0.375223277973
-1.427865378
1.21349201063
-1.06504099692
0.494303669037
-0.272454314831
-0.672853820803
-0.369954750177
-1.01558237959
-1.18226583806
0.917063393731
1.85050970927
0.33412800244
-0.100515785207
-0.775284240339
0.187441711927
-0.800942466333
-1.07621097673
0.895977743792
0.368592448074
-0.809896610795
1.10251533898
0.0982458306569
-0.496875644072
-0.168207580099
-0.419264067907
2.16807896119
-1.09638464109
-0.585151408627
-0.778063396539
2.45712904862
-1.08390074693
0.616470715348
-1.53059443652
1.29673208659
-0.25071217431
-1.0993476589
0.498961827841
0.235863190261
-1.93109665689
0.0743412405609
-0.0409066889574
1.38557344547
-0.171288132746
0.87418719353
-1.04075726347
1.91394393078
-2.58682836925
-0.323354658358
-0.17948171033
-0.0764735247348
-0.32107371849
0.758171603624
0.831835022027
-0.522485831008
-0.392309695512
1.93731604061
-0.0588682087293
-1.26150513029
-0.651346766403
0.77868995022
0.80678101348
-0.342988516673
-2.71037544884
-1.49588131282
-0.438436666144
0.612724731877
0.284583242999
0.258032410731
-0.0452765956322
-0.293683318763
1.32556888667
0.304935121417
0.305802027768
-0.649479939482
-0.277404050618
0.327761290713
0.10363156252
0.448646350069
1.22438380028
0.990873105293
-0.794989410964
-0.320589510714
0.357162753047
-0.7242210039
-0.941873763002
-0.535947931549
-0.208847339223
-0.0211679498968
-1.83581041015
-0.112243151095
-0.467991644788
-2.00797712835
-0.70817866378
-0.416953346571
-0.589973474912
1.89664629837
-1.68798932399
0.26471900809
-0.627453534289
0.991143434537
0.741909493993
0.765018357336
-0.850017892263
1.29919781494
1.86447566828
-1.5649549943
0.23961868297
-1.25204374274
1.30473126124
0.283444975346
0.00592291694246
0.767967903364
-0.415140307546
-1.31878516997
-0.0366586634019
-1.80613930893
0.843668127513
1.16170664326
-1.39690323481
-0.0533559822217
-0.27173713599
-0.571122041826
-0.556313054566
-1.99361902124
0.437729836036
1.61701427891
0.129151010149
0.075244523473
-0.941842721043
0.313887900493
-1.46276755671
-0.25725961415
-0.275948439938
1.75806698585
-1.43547388351
0.808386806545
-0.375612996908
0.893292822158
0.0549915490084
-1.1421733834
0.726613707206
-1.52469235674
0.73862971595
-2.55185410908
-1.01284837302
1.37858324916
1.14189198184
0.0175784916998
-1.33612262555
0.283557346276
0.0716928337999
-1.32710009771
0.820382764209
1.72662227299
0.494159952452
-0.881492656788
-0.209203812748
-0.745607907787
-0.3033623056
0.297381046277
0.491497461564
-0.994149239596
1.6381861466
0.857195847589
-0.731859642237
0.828153313137
-0.18980709871
1.7284997813
0.0187448961944
0.0626259202603
-0.0241698985305
1.29338706495
1.28787963234
1.21804867924
-0.285506790847
1.5786392361
0.30408523308
0.633267094253
-0.647526781262
1.87010989317
-0.635011783345
-0.0367971591773
0.343918638829
-0.474880799972
-0.620353413472
0.00940114481878
-0.825831926273
-1.98289365535
-2.86375046405
0.390386450541
0.616052127512
-0.942981820088
1.62662858769
0.379869165926
0.11685457036
-1.40949837852
-2.29469917844
-2.36390117227
1.07918784513
0.486045140271
-0.214642009561
1.30864629017
-1.58279887492
0.961958657059
-0.653208626018
0.768268503562
-0.394838965509
-0.388430343022
-0.676180892094
1.48400602746
1.19339503853
0.695420718581
0.531053000516
1.59797929123
0.0739110294934
-0.212267029835
1.34446454154
-0.778786199702
0.0519405944761
-0.219786458091
0.333717157187
-1.83807196286
1.84028956419
-0.452974380942
-0.247643231116
-0.765136864571
-2.04397507505
1.03903070388
-1.14510870965
0.525390093367
-0.820966637532
-0.643852268194
0.78332016433
0.275901302932
-0.144942688539
-0.253634951023
-1.0484587082
-0.306592646381
-0.691294206942
-0.299945706735
0.192267026644
-0.314297945302
-0.0854402799322
0.196601744807
-0.313021915591
0.0984314818783
0.616980593628
2.10009267178
-0.29650402199
0.458297324472
-0.57773182612
0.496941582335
-2.01395380461
0.526201532129
1.48516775105
-1.39876966611
1.73778482111
0.875786220707
-0.72872995115
-0.671813375063
-2.6231832225
0.364444953503
-1.60209675003
1.37779387531
-0.936240289179
-0.19378293454
0.113162483262
1.38728036723
-1.3251009795
0.528683278963
0.368433238945
0.143937015972
-1.9568836793
0.942037607716
-0.0961261286104
0.123636063748
-0.627308835087
0.99174566051
-0.181553822399
2.34973084484
0.835100411455
1.307311399
1.28433172969
-1.23978935756
-0.063388584659
1.60909868217
0.515159228783
-0.508326219141
-0.629432021998
0.192409480106
0.0974506426289
0.250824457334
0.716013897416
0.914871765879
-1.81447535386
0.974134889878
0.936387663921
2.1986304977
0.0822292807823
-0.636227348023
-0.386225450167
-0.38120585437
-0.0512481897145
0.164431258699
-0.59369103606
0.856296563789
0.486384251076
-0.689230258791
-0.513441322333
0.133742571654
-0.538434528228
1.32231827339
0.812570139657
1.38066268172
-0.409107040745
-1.51249434671
-0.382107430244
1.65498209488
0.902698389355
0.400521669008
0.225392590358
1.13230952015
-0.464469372126
-0.0668214714261
1.35888655814
-0.576954561505
0.670905231328
0.721108717547
0.611909691809
0.35754338966
-1.88110736879
0.0167903816339
0.363303647822
-0.0106442190729
0.0246921337996
0.760863987674
0.481778036076
0.0662822704767
-0.210678042634
0.0612735055025
-0.798039475829
0.103740437422
0.0880661445715
-0.788220299701
-0.168391864743
-0.229602604558
-1.40171799787
0.639076664011
-0.0814553221139
0.878210935588
-0.204462133017
1.32297827588
0.615882371805
0.621945094759
-0.102119375099
0.758226794718
-1.64211517175
1.87802408994
-0.208654410957
2.42354983354
1.35694115557
-0.557355011812
-0.0344914099302
-1.05549942973
1.55552231668
-0.486517002018
1.55457142991
1.74144130984
0.465795924115
-0.162792714537
-1.36390591726
-0.167670283856
0.755385557551
-0.526843331047
-2.65831968264
-0.281550607481
-0.282014751965
3.37529950942
-1.39237904932
-0.896076672999
-0.476159287986
0.404076452978
0.316084290384
-0.517189513352
2.62451182111
1.65582993734
0.0118726213713
1.12095605058
0.463631632585
-1.44005168749
0.788826871163
2.0943042823
0.38149057014
0.0695562047704
0.763928180708
-0.206908330585
0.469616811575
0.729499801979
0.165262293111
1.28266712613
-0.946485520775
-1.699430883
-0.7030882667
0.0193116852116
-1.4090825143
1.4682954117
-0.236654890116
0.0391597791865
-0.631153892618
0.703240420156
1.09638537066
-0.4409459826
-1.80625611327
-1.66960658348
-0.156741865524
2.1790191318
-0.553476070218
0.620248609099
0.467186668755
-0.686164612602
0.0506934717865
0.975006948338
-0.967863403442
-0.155745841685
0.161181454339
1.37714513412
-0.37208014671
-0.82898328052
1.22417477229
-0.0250481686153
0.662769545974
1.65194837469
-1.21484792471
-1.79837202971
Score: 10