3
44
10
3
1.62488112573
0.218692761414
-0.403161274617
0.436170216895
1.11828631856
-0.630895817426
0.275440632945
0.787302078185
-0.74108184206
-1.43538247767
-1.56224305027
1.78120180422
-0.721625587405
-1.57524870151
-0.705853658154
1.42392551415
0.410041765234
0.283167981194
0.695501768927
-0.249223734913
0.337321727119
-1.58684450307
0.00589705178802
0.24317480773
0.152151531089
-1.04703478749
1.27441086227
0.595555940059
-2.19229281726
-0.279081889952
-0.333433468968
-0.79405185732
1.36440927675
0.76864112759
0.249168572107
1.38458205474
1.02057815333
-0.222251984138
-0.384904777662
-0.53473585542
-0.421851685823
-0.982143217827
-0.199638940012
-1.85114603272
1.27564155034
-0.171441595218
1.04248499865
1.13544181058
0.431124762078
-0.128648122921
-0.859602881612
2.04779210205
2.14447000933
1.8871965696
-0.969416270841
1.5795974917
1.46284214296
1.73924979846
0.082541934588
1.92718400482
-0.367328886205
1.04969573411
-0.214756264458
-0.911982736653
-0.458072537346
-0.825885046039
-1.09597547319
-1.58929008376
-0.100756240729
-0.717638409289
-0.478720990109
-1.82455496226
-1.13418352942
-0.956334668174
-0.442236104768
0.00931586170786
-1.15453399745
0.771451053113
0.842984801366
-0.689567355357
0.937524343744
1.62525349874
-0.15033582087
0.0451626848874
-2.74833790751
0.592982841733
-0.213668778575
1.96611646493
0.227108965538
-2.4360075584
0.09329835048
1.88896276295
1.76272332934
0.539469814162
-1.32178491659
0.63961221879
-0.178303171701
-0.924493133955
0.335041601445
0.665287466031
0.803837643582
-1.06325051882
-0.755525856003
1.0505042156
0.9250880499
-0.266831563728
0.208053053244
-0.473244763683
1.36590800653
-0.231181214436
0.961330959374
1.30473076442
1.15215264845
-1.13060314818
-0.752663816825
-0.488967440467
0.884686939512
-0.701715125827
1.3647545489
0.0933194916967
-0.694815542203
-0.288156970412
-0.791837129521
0.484848209211
-0.441573002368
-0.148387334673
1.42671190707
0.215306133328
0.406976936512
2.49226516766
-2.54816506296
1.85112179375
0.292041782424
1.13220303675
-0.325043422261
-0.551084398916
-0.735062298626
-0.00628276939382
2.88966489141
0.539467415001
0.972024570159
-0.34253733562
-1.37907749629
-0.420796871684
0.611393624198
-1.85728005478
0.667436494871
0.835675594074
1.20414103595
-0.64312583335
1.08805762878
-0.586694702605
-0.96589368562
1.3607597776
-0.114335163578
0.925242224224
0.908399119055
1.92012617733
0.550505249018
0.660585327806
0.684769235519
1.14903866741
0.270812512209
1.35177573981
1.08851679446
0.0421053040017
0.136818988849
-1.12541336767
0.696604638294
0.569195898218
-1.45137768744
0.550785880328
-1.19636164285
0.240503747216
0.13453218411
-1.28602745795
0.531291532173
0.906483621365
-0.196311714556
0.270026448926
0.191355103352
-0.552253185369
0.107438725819
0.591952517148
-1.57568272465
0.834991323149
2.31319096726
1.68373344831
0.282694135529
0.274774545536
-1.22345635011
1.46521688814
0.627490040482
0.558431908201
0.906178593502
2.29560664967
0.609190306493
-0.638553614183
0.222261712736
-1.21333960206
-0.976702490123
-0.6108659009
-1.45937410282
-1.18096371973
-0.0968501117136
-0.303261551503
-0.444509099494
1.26131061412
0.468400230051
0.115911011897
0.491933515435
0.671322211396
-0.441440722623
0.280982801711
-0.0114953958252
-0.181485641706
0.259860005054
1.42496971365
0.138510792586
1.05206069073
-0.169006825827
0.10192603825
-0.103187532333
0.170012582475
1.73695471448
0.644166962282
1.56984389038
1.63881646166
-0.75673875391
0.955612390018
0.765549801661
0.236042372128
1.86096951105
1.97461743895
-0.536766448773
-0.838046469283
0.357065699398
1.39794228722
-1.15077215865
0.354687685697
2.08504343892
-0.0245331198643
0.289865603317
-0.531514230457
1.17206269474
1.0649799557
-0.254388718022
-1.63051213013
0.980452276164
0.223895192123
-1.73756642757
-0.910764318094
-0.714926090165
-0.15109822144
-0.0561767427533
0.115341304928
1.66365245581
-0.37491179787
-1.53239386464
-0.305110437658
-0.940668741284
-0.161457068404
-0.892228773594
-0.745206956555
-1.82952934761
0.203019325671
-1.64616993134
2.72614108286
-1.22626317023
0.97828213516
-0.884149467201
0.401463770164
-0.00903654054872
-2.19231814419
0.608396438459
-0.578213602949
1.61298503005
-0.488072499113
0.897477547178
0.510039802796
-0.574150282028
0.604946398688
0.681153270312
-1.0844239621
-1.29344350421
0.321992594986
1.22514895283
-1.75693185326
0.12667879654
-0.40790717157
-0.720130560568
-0.969859895001
-0.683509958747
0.923246151199
1.30146525252
1.24472589532
-1.79684135111
-0.113130812822
0.159442832408
-2.39970757548
0.228647635882
1.18441088252
-0.641614233342
1.16750855712
-0.731914265183
-0.745489017173
-1.79273625869
-0.737820076061
0.0891047433071
0.622400079494
0.807247971724
-0.209733721113
-1.34717538163
-1.41476810813
0.118057581795
-2.43333019524
-0.467222754438
0.818646874107
-0.997094746764
0.495091791569
2.05143030591
-1.19217636035
1.31024934524
-0.967512316374
-1.13039604666
0.426440060662
-0.352635701415
0.0454926848591
-1.02876462085
0.674157809554
-1.10969526299
-1.38763185925
0.580580418156
0.612700563251
-2.11438454673
1.34103013669
-0.493840570673
-0.0106660578171
0.0903359369763
0.467184510766
1.34834771092
-0.541691434039
-0.185286973979
1.87780030179
-0.36767925145
-0.630988303637
-0.831983997409
0.736108070647
0.593760046836
-0.597840661587
0.902719404965
0.407705181246
0.462823131233
2.61912617912
0.0564923119969
-0.235297459795
-0.369544095771
-0.202913307075
-0.768750257459
-0.142568688293
0.130170881825
1.53716603165
-1.15981848767
-0.183150498283
1.34234876173
-1.7928438608
-0.435660807162
0.0549844221893
1.02514307396
-0.0662999173014
-0.707695206318
-0.393251927968
-0.590148916907
-0.69148796359
0.0964514462247
1.75484490091
1.29646384733
0.0338630078033
0.555746731612
0.274554388851
-0.545132612521
1.9195986429
-0.903187226975
0.128036251287
0.372539204345
-1.58920150733
-0.540902549371
-0.226455696904
-1.42874841671
0.0633734951535
-0.033796147066
0.888131480386
-1.03791871282
0.840595177732
1.23720635938
-0.919720676007
-0.734628320629
0.51579541298
-0.505769017079
0.172442379667
0.852523256168
-0.193800978557
-1.37945095267
-1.05261568426
0.286275083367
-0.407347962797
-1.5100332438
0.839596509264
0.0924677961531
-1.43614449365
-1.55389194949
-0.140191158629
-0.297040823969
0.126822261431
1.37588207876
2.26947205474
-0.631873664469
0.778759435144
1.83272885516
-0.535396604792
-1.50650006622
0.564092674863
-0.604860252616
-0.589401025885
2.53092994964
-0.715592770489
0.382070847083
0.0779998762256
0.469370639252
0.492532921564
1.0680824933
-0.292350408623
0.787776363881
0.834113772884
0.751916381801
0.950200323656
-2.01507841198
0.95433784364
1.01980139481
0.311723793994
-0.972052581084
1.63375822438
1.85890708761
-1.83053974589
-0.956302989273
-0.531198547159
1.92607389602
-0.00809018618904
0.569225490705
0.571237113678
-0.576252660238
0.229298457672
-0.286872676482
-0.804181291189
-0.971906639957
0.431012692728
-0.439931662214
-0.0650391386896
-0.298147087111
-0.0398785902364
-0.413094777619
-0.409765596768
-0.933807266302
1.47726484504
-0.456954363141
1.35636215835
-0.648975908697
-1.9213236833
-0.742643728763
0.226172612247
-0.688698255112
0.356855060491
-0.113023192141
0.33171774998
-0.907625744027
0.146360178394
-0.286965010617
1.07074845799
-0.548583679302
-0.213256056072
2.12688928949
0.138054710824
1.64301035846
Score: 1