3
44
10
3
0.0361077883469
1.55645703194
-0.589684588554
-1.22359349932
-0.433038250415
-1.83618677226
-0.0536420200087
0.6231528435
1.56038523182
1.45937411528
-0.611912219757
0.713324779743
0.00499498835193
-0.992215812033
-1.59122859109
0.182108720328
-0.390723081623
0.0220622524295
-1.09146000952
0.81259153711
-0.16885373142
1.02216061124
0.558380715245
-1.00866519119
0.274959837808
-0.133364743853
0.50534683358
1.54509429928
1.20392531503
1.20628249848
-1.62241175208
0.219337007112
-0.430356912678
-1.82364738599
1.40726307416
-0.368215984693
0.323894472081
0.588309649624
-1.25924544064
-2.19774976194
-0.594273310203
-1.71052503867
-0.0591470907248
-0.157760433208
-1.17926844946
0.535598288974
-0.611138600457
-0.826677201104
2.60090220836
-0.55456013837
0.466110414716
0.37829764794
0.410730697198
1.01905070045
-0.886527766894
-0.0216120552213
1.17496993614
-0.136695340528
1.71433712319
0.542801419125
0.624634821891
-0.695316553668
0.66425813842
-0.992078290369
1.547366562
0.429928029626
-0.145972961778
-0.583688432408
0.179886399978
-0.314376631946
1.27653556319
-1.64374547851
-1.31599989445
-1.43910539973
-0.712694128718
1.94932552879
-0.717282816104
-0.0465502544774
0.391494059556
0.0244749342397
-0.445984460229
-0.390124035252
0.778420206611
-0.264853264852
0.184352687301
0.387259003738
-1.24541878486
0.729431147574
-1.30630054313
-1.77625906863
-0.277465474831
-0.775281457573
0.215811252258
2.0578956776
0.101756222093
-0.642112957197
0.496619046324
1.4670299526
-0.0462511885959
-0.208538117864
-0.557767318822
1.30479313986
-0.331181198853
-1.15738514842
-0.856686843404
0.163793909635
-0.322831772483
-0.470136522641
0.744040790502
1.54948905509
-1.44266228575
-2.77223880842
0.312773853567
-0.833265249091
1.75759187277
0.495094250002
-1.53955713406
-0.753825645344
0.947184329116
0.335602287972
0.609667115505
-0.97938342517
-1.87390075105
1.03569796396
0.475551851742
-0.373419878973
0.796556406787
-0.617475086992
-1.02088912453
1.42066225516
1.49980487557
-1.26094620268
1.91657162156
-0.772028894905
-0.552148521767
1.28199367348
1.29882970471
-0.53425452133
-1.73097582881
1.12574770041
-0.681010728528
-0.258563092371
0.836984432878
-0.452323636584
-1.37335252754
-1.0773769756
0.806450218872
-1.79239043474
0.836305162869
1.4465194344
0.673942728988
-0.426035491042
-0.861304746454
2.77590218623
0.0220700579429
1.00932038741
-1.52755676492
-2.07163061685
-1.27515766226
0.147238857069
0.695286562079
0.820466631257
-1.06933704018
-0.107988552126
0.780795711382
0.139988343444
0.776645833486
-1.10562456646
-0.340103953874
-2.20644063163
-1.82871143308
-0.87816877662
-0.655344457624
-0.223307427626
-1.25619167697
0.201344786105
-0.918410078086
-0.185167154531
1.6176734523
-2.36877369565
-0.496374557983
-0.0606044692059
-0.319438913414
0.664882790603
-0.427325282902
1.65550603447
-0.520563263961
0.470731595224
1.42276229203
-0.70192147587
0.457776205393
0.118046697106
1.4043970702
-1.24298201419
-0.339084061419
1.18828518552
1.19348646626
-0.715539953263
-1.91728854266
0.976868993852
-0.790172254825
0.0285838312546
-0.108302025766
-1.10790335384
0.108086664744
-0.648079943001
0.493517691555
1.20404330059
-0.199760400663
0.691719491037
0.651681568842
-0.529769816972
0.182902463211
-1.01533750343
-1.32020357186
1.55011718722
-0.597312643769
0.986185746303
0.443785284343
-1.17568489203
0.168952874498
1.03349001674
0.487755063664
0.671232059138
0.644643642625
0.454581092057
-0.465411072435
-1.11637451479
0.230069792597
0.520990254411
-0.665581647538
-0.123007891649
-0.596945267343
2.20288471724
1.46304903404
-0.856219021955
-0.950879946141
0.346776017823
0.249698817784
-0.535213325842
1.50906048202
-3.03773017145
0.644518303927
1.55537539668
-1.76202706028
0.307745937949
-1.05039789409
-0.0356237589404
-1.79959654667
-1.3357102958
-0.0503309646306
-0.507266594356
0.769452261385
0.132760835064
0.402964633345
1.10549460407
0.459263468961
-0.746647331338
-0.90388895003
-2.18597099165
1.23929307928
-0.309260227217
0.655600596155
2.43633068309
1.15262839606
0.353158939594
-0.48125506181
-0.0605543343557
0.366397019669
-1.39546931675
0.10033056045
0.670572993672
-0.721772137504
0.513843589535
-1.18217446894
0.876762658576
0.56587628917
-0.494075164274
0.66299161242
0.105376884255
1.25086082485
0.356818266675
0.312017664798
1.2412633275
1.07260614746
0.168323648616
0.108260229968
0.103927048629
-1.87773523311
0.587985155584
0.992923353984
2.54533672485
0.477005949902
-1.26745141886
-2.33680081225
-0.282331610601
-0.840589524329
-0.585712540085
-0.144264071731
0.987574745856
-2.27497946966
0.961291690863
0.362955258103
0.730753281133
0.403520354347
0.824145941399
-0.50152193713
-1.20798047464
0.0479243663941
0.909651856358
1.49659335643
1.21913913852
1.19130462863
-0.62644988882
0.237731126431
-1.24950676083
0.339126920474
-0.404961661942
0.759654646181
1.10892063293
0.245221682386
-0.535892992463
-0.175310179654
-1.35308410412
0.864606952751
0.367352911072
0.273046927183
0.0967051835003
1.44130448321
0.923993601007
1.52320449269
0.025928154554
-1.30101269936
-1.30207937322
-1.17045283145
-0.115916241725
-1.39790318944
-0.715905559742
0.68519294074
-0.720792036244
-0.20019393326
1.32503817137
-0.985231053151
-0.976330485818
-0.55681838083
0.54683965005
-0.754220853512
-0.102263050183
-0.371853633766
0.504118233553
0.278450001947
-0.346913377667
0.918543246866
-0.561675498433
-0.0507571434222
-1.50005659953
0.0392855083239
0.845770219391
-0.512266932379
0.479778406612
1.01564125058
-0.121306034582
-1.54449352548
-1.72541424483
-0.765454154309
2.16868007975
0.323419973969
0.536156529797
-0.50512979762
-0.418336271755
0.984390879826
0.763763948837
0.0382911015187
-0.160863516499
2.41786134167
0.0685462794606
0.268704835699
1.94344322167
2.34187380778
2.97074760923
-1.22143780709
-0.0221112732037
-1.94689651834
0.448853386364
0.0883304206958
-0.633373294992
-0.213401497848
-1.30978383907
0.204677515622
-0.0582111691522
-0.256027459073
-1.29263878674
-1.53234902413
2.15343906957
0.416492546681
0.585573470433
0.368496483228
1.4337603844
-0.138953246759
0.17454095668
-0.36688454452
0.948620856333
0.535310090906
-0.0476229058135
-0.410436672084
-1.12875676126
-0.209899799843
0.566862431672
-0.137692940987
1.28572660089
-1.57542442096
1.66301061947
-0.79205037553
1.28316523622
0.507013063875
-0.428002887381
1.14560068408
0.557455717015
1.29185264202
-1.72609986198
0.872901249162
-0.871070304153
1.25405596665
-0.609229016457
0.115277934139
-1.4473344112
-0.572364513418
0.823202843615
-0.0413201345444
-0.267359004589
-1.54424799955
0.594184175863
-0.769888047006
-1.22179220629
-0.189255889513
-0.488723532525
-0.59317703445
0.476414050746
-0.525638760538
-0.148583521834
0.221369101217
2.33553821853
-0.902305935403
0.155711493417
0.0798349134542
0.418491042042
-0.210356085142
-1.31274283203
-0.274687653045
-1.40196016746
-1.30595595084
-2.19811906109
-0.774462588929
-0.790231812971
1.03976360776
0.0389224953798
0.087768192004
0.642540952497
0.112889819709
0.759085479152
1.46754373487
-0.00915244052397
-1.36343271733
-0.279999057088
0.230154607678
0.301007541734
0.337408981627
0.109949353164
-0.219686528045
-0.898643537568
-0.5852665533
0.642936701849
-1.16813530718
1.69943278772
2.48963397432
2.15750573351
-0.0650978193069
-0.710241667643
-0.181109436018
-0.718409202207
0.314264619018
-0.36679539438
-1.60186569594
Score: 21