3
44
10
3
-0.639851032285
-0.812649819012
-1.3133688523
-0.888187504674
-0.199589249121
-0.562556878227
0.93336860065
-0.177129318489
-0.982281802192
0.0294738351159
1.00488416783
0.280768139833
0.398281134192
-0.311616188091
0.254763962815
-0.996329134748
-0.266903796342
0.301451063252
-0.710413934378
-0.180345574492
-1.26536887411
-0.0149633596663
-0.12544351608
0.663077198384
-0.0461618172778
-1.95307632908
0.673310917706
-1.29573080917
1.24909409791
0.676721552381
1.48599992085
-2.44563074369
-0.931734235957
-0.794144689278
-0.228872720279
-1.24614205007
2.18712304561
-0.690943140778
-0.21738083903
1.6315435176
1.21972744865
-1.46281073704
-0.845589939318
0.590215903164
-0.0315788158426
1.18654854023
-0.864251829212
-2.11905236743
0.270471702501
1.17295454526
1.26824168471
0.44440257677
-0.126831177312
1.20083885537
1.57134666329
-1.09860460362
-2.8810651633
-2.30841120865
-0.379898633862
-0.33923301057
-0.0516195614979
-0.504702924748
-0.984393790095
-1.3308570215
-1.11631998376
-0.518865569657
-1.50701656522
-0.0345004738118
0.169146018303
-0.637778665578
-1.54972465887
1.32616860794
1.55318434448
-0.409422976364
-0.296580057937
0.243845062919
-0.65663544841
-0.673464510304
0.103961387145
-0.476880117914
1.71132754903
-0.410184121825
-0.567816824797
0.244752925141
-1.15414444481
-0.734697369689
-0.610125158018
0.177626609248
-0.381112114526
-0.674145825327
0.734612110915
-0.356708413983
0.719531785489
0.460739527012
0.58978836085
-0.768535219783
1.04839508326
-0.0949016000772
-2.30494594681
-0.94003723006
1.02013859393
-0.58212644523
-1.67311041167
-1.35343449817
1.56873060527
0.0549833741915
1.8763013451
0.720907689332
1.36398207238
-1.19167784605
0.186888154471
0.185350357255
1.28495385149
-0.303090343715
0.28965831371
-0.532191476212
0.868022890401
-0.848384451609
1.54559767836
-0.951136908254
-0.924819456111
-0.461310698281
-0.355564347659
0.483666677764
0.932667586737
-0.482034145831
2.1576912064
0.456927177926
-1.13541407096
0.415654437195
-0.296441116044
-0.518597940236
0.45651222589
-0.221718379805
-0.0254149978329
-0.616277166707
-1.28941394865
0.476885641027
0.651394696809
1.22391283907
-0.68511940553
0.788040902568
-1.78902400986
0.510764761506
-0.447582141855
-1.16620860256
0.294690116379
0.877916638168
-0.202992458799
0.460855339492
-1.39729361334
0.732783833022
-1.7631656438
0.901030416303
-0.514855402665
1.77352476359
-1.30126908742
-0.292080921946
0.338686370473
1.78374052161
1.21675127741
0.24684743866
0.0247667821463
0.136043934403
-0.878338416061
-1.24939908093
-2.21232990546
0.382746180682
0.508106440871
1.32884669444
0.744939173357
1.08952018968
-0.102272014674
-0.367406149629
2.81451708236
-0.287502870902
0.20888043503
0.669519363409
2.09269775869
1.44141642876
0.0308456306854
2.02660562965
-0.342557516324
0.191898421834
-2.00825799719
1.27772590487
-0.377184604838
1.95949733597
-0.263860774118
0.725798024206
-1.52083797288
0.887777962117
-1.62794595939
-0.512535916807
1.43397199473
0.0609471182044
0.055896728238
0.175650221339
-1.04307823544
-0.458079817916
-1.12319980246
-0.669839726519
1.00859991306
-1.58095943648
-0.91462022101
0.756370600618
0.520428462056
0.575042224622
-0.954267192604
0.365413066727
-1.03879548341
-2.09077707736
0.292455185161
0.706722576886
-0.143334592542
-0.524702056341
-1.19366578143
-2.43710997258
0.341811891038
0.701819666415
-1.40947336037
-2.34442634253
-0.430882837574
1.5469531112
-0.362954528269
-1.20344796015
-0.100825006992
-1.00860179617
0.157619539364
-1.08109231962
-0.581688050731
-0.194436568109
-0.696637532654
0.660704998381
0.260906877571
-1.79286420381
1.19616284784
0.148303053882
-0.725718750359
-0.336037939629
0.366963986863
-0.675636077397
-2.8417541996
0.761876329344
-0.0328065231809
0.0860327576396
0.706330337442
0.378820128222
0.812437032135
-0.242699609257
-1.49892916523
-0.891035802967
0.686322103828
-1.03758680447
0.0944424837768
1.46315815661
0.833798767787
-0.203418688347
-0.0600833399374
0.244006448561
-0.770454599523
0.090345755879
1.01766404116
-0.0100112885729
1.27977495707
-1.0200273419
-2.13380154413
-1.79932256947
-1.48444907893
-0.240105671035
-0.421645878387
-0.171086120626
-0.0281644564009
-0.560173346236
0.34066224144
-0.338050572841
1.0834087877
-0.101392769666
-1.38765938325
1.73396558184
-0.337667078664
-0.257341799241
-1.94125191533
-1.17838833508
0.620407083645
-0.29760157924
0.92781800224
0.00733013865495
0.493641551787
-0.789539035667
1.29701326623
0.897462763274
-1.30832075975
-0.565898589385
-0.849197504358
0.671958774292
-1.02919098849
-0.128627928472
0.433117553341
0.458078467979
-0.243908688433
-0.0184451237309
0.0136695740223
-1.19062294587
0.312320959203
-0.428477030851
0.0864061978134
0.392441163536
-1.26246667742
1.38613909694
-0.948565283229
2.72677311241
-0.596127884601
-1.59612760737
0.321449119062
-0.238502568997
-0.0627009754313
0.798265834089
-0.376373001352
0.897771634217
-0.186229956458
0.264842381669
-0.148102643634
0.551194345307
-0.276736991648
-0.480467866361
0.494887080262
2.15475449555
2.18235767178
1.35278556343
-0.435711229269
0.175771995941
0.188821289407
0.213883881838
-1.04014341181
-1.05972944656
0.653132491711
0.246345751343
0.885437873733
-0.444563203487
0.142661321967
-0.417424773081
-0.201907609456
1.94009698982
-1.02489841254
0.220535176724
-0.339188748984
1.09564134536
-1.27118773331
1.4385714235
0.194963462407
-0.781914591973
-1.30313991544
1.28963202745
-2.09464563743
0.543886327175
-0.531720516354
-0.214020440031
-0.446539570951
-1.66921794516
0.613073525543
-0.199366545995
-0.0295395449071
2.16581233969
-1.43762080245
-0.323139431321
-0.572150471378
0.951798788206
0.813298385792
-2.30178201574
1.25237683987
0.220635886612
-0.582589291477
-0.291785807401
0.428223602533
-1.4782019268
-0.569602501882
-0.791191924076
-0.165171446474
-0.320107882681
-0.629203602194
-1.8622820358
-0.809779824432
1.22905072784
0.487704445502
-0.707377888298
-1.3270414309
0.279769372261
-0.54385526447
0.186439308581
0.847366104011
-1.5990002618
0.0767997252882
-0.283019388301
0.754680085615
1.3627801622
0.674862045495
1.93184862019
-0.443317422162
0.799468053974
0.153688675658
1.85534061249
0.853502560668
-0.716498236103
-0.914081766501
-0.488859105944
-1.3573485174
0.904736438888
-0.867746757903
-0.358112392512
-0.151450378651
0.527203598362
-1.5953759282
0.808314521634
0.0911284472954
1.13026703687
0.0746429000701
1.00461571816
-0.654116385803
2.1680072996
-0.381756041712
-1.20079075836
1.22276365491
0.186521113907
-0.909571010554
1.12829463037
0.913691673966
0.149963817534
-0.767069589696
1.32439619256
0.0332785039824
-1.75230021545
-0.422873617327
-0.256735988455
-0.878518848066
0.00273099272974
-0.0080026135046
-0.100765671175
-1.1962469554
-0.247012243208
0.943078394358
0.169471326746
-0.136256759983
-0.0745644716512
-1.1112962556
0.14842392245
-0.559744561041
-0.656507562037
1.11730475679
-0.196437909821
-2.11156964855
-1.3765635432
2.10450963331
-0.576041668619
0.847900703476
-2.56684321825
0.145459728837
-0.75857102712
0.176355600803
1.50983775195
-0.0959522952962
0.243333401939
-0.905880158475
0.921666461619
1.70969909464
-1.36305780719
2.03435201508
-0.718225552946
0.505012616868
0.580424113136
-0.742938892844
0.632357998659
-1.34810134405
-1.06758213529
-0.0701812091846
-1.27483660777
-0.982301690607
1.32888134019
0.573680180935
0.0534995846338
1.02794962857
-0.35396770168
-0.988014528194
Score: 13