3
44
10
3
-0.483476533221
0.726245977581
0.632407545408
1.41804829849
-0.362645426434
-0.882497191262
-2.14203168591
1.04154254888
-0.00293153549053
-0.947322208492
0.221334261275
0.878338848803
-0.471443675485
0.108666695864
-1.45620836861
0.652556517318
0.92999481995
0.676113280169
-0.634408517742
-0.979381106334
-0.609478207882
-0.960369664042
1.14705397406
0.885934198286
-0.181186909192
0.447140981908
-1.46022699495
1.38034310134
0.433534535099
0.283907189859
-1.89717139348
0.300925110552
0.705063772773
-0.423316403441
0.0471502119724
-1.01274241455
0.0699712698951
-0.280151564004
-0.167240649231
-0.582045362567
0.690345142679
-0.336014845831
0.0476963265442
-1.13760059324
-1.359170183
0.564299576828
1.24347105081
0.0249817124815
-0.358016398324
0.584234985639
-0.857020427047
1.26639166043
-0.470210455418
1.00507514243
-1.14794497663
-0.200049030679
-1.27990823859
0.3230200333
0.385533515173
-1.12531990243
-0.965252328453
-1.26152886942
-0.828207098236
0.528212963742
-0.89598795987
-0.112604923119
0.574135358972
0.697067209917
0.853873559938
-0.951853167953
-0.747575552265
1.10504662764
0.0748777184334
-0.137858359149
-0.979953098531
-0.749093539192
0.332279762782
-0.238845889091
-0.239704790761
0.671709791576
1.56431359867
-0.312095155015
1.32653811305
1.12762400719
1.59739975325
0.786300667767
1.84683867215
-2.04762224758
0.0565117860124
-0.257977183354
-0.954877593691
-1.0138618231
-0.115325329107
-0.0905295074526
-0.510701519672
0.471020080591
-0.806715356174
-0.0768591508611
-1.04399920714
-0.133482759244
0.0648925143189
-0.813356808539
-0.17524629737
-0.960328379187
-0.0211362318455
1.2579178852
-0.454427619122
0.527425579933
0.409562422303
0.178385653358
-0.770254120105
1.42257289908
-1.4712236686
-1.33463841622
-0.724876041784
-1.31446349908
-0.0248940604017
0.132874584542
-1.60697395734
-0.617317166333
1.72381097451
1.17385429333
0.00948047305082
0.126570879623
1.12410374354
-0.394749097074
0.257758947836
-2.10924527496
-0.624450524612
-0.541481290141
-1.03349125539
-0.604205596049
-1.3070016582
0.967811656088
0.430639515856
-0.387362048438
-1.71791783257
1.25100427271
0.630617693387
-0.061728608373
-0.17812478768
0.245063200423
1.07013836456
-0.843098298229
-0.480490260451
-0.455704507594
0.3000675356
0.217529386595
0.36374601417
1.47196174751
0.117895671526
0.0585779853233
0.0245211968753
-1.39620186242
0.0430919421141
-1.13637634775
0.884492530677
-0.333406040988
0.854048463882
0.698006262302
-0.188576760368
-1.25316454531
-1.94474162652
0.221475553794
-0.281099503057
0.673473842311
-0.305590332774
-1.83816636626
-2.32772020914
0.111770827177
-0.762071007084
0.554755038809
-0.286189997038
1.38325640997
-0.877928721117
-1.22658867051
0.225769348483
-0.485212315761
-0.950099242441
0.834439183196
0.687781086907
-0.158235680827
-0.587371114524
1.24389068186
0.763318023044
0.482589204304
-1.03317370654
-0.255818005192
-0.270933497278
-0.112193123049
-0.111928055518
-0.0145974072478
1.77076002083
-0.378327251787
0.803417172854
0.103377468377
-0.713586986357
0.492987447
-0.261551665582
2.03673608828
-0.860912067678
-0.155189435331
-0.665936473708
0.729751143241
-1.11758456672
-0.0707632995794
-0.435773775514
0.111099757239
0.268981203414
1.42006029535
0.714606281666
-3.16535234539
-2.143141218
1.12729439428
-1.57871645967
-0.468493238154
1.56826074833
0.0939546578307
0.993176087925
0.0708548980405
1.19703881515
0.0710703189596
-0.271032090932
0.24979353534
0.953340538674
-0.390787709576
-0.581947983902
-0.234665292556
0.595372841958
-0.142578200907
1.15677168602
0.0607017587963
0.723289179555
1.01218896664
1.41547384088
0.585459645247
0.446498339075
-0.0245928158608
-0.131940441124
-2.14758382846
-0.218921289624
0.776419801883
2.41736200219
-0.836985590842
-0.709774470577
0.0837443386832
0.738278917591
1.16085226317
-0.762708843476
-2.13847729667
-2.50453183915
-0.302493223771
-0.0892668538026
0.4466507695
1.89989855201
-0.222323867119
0.599409926519
0.299464032765
-0.2836096413
-0.338106531434
0.541130302978
-0.241378488364
1.7606479705
-0.144970942838
0.381102164531
-0.422854576307
0.0696463147062
1.29291725574
0.963630734395
-0.288638280519
0.658949378746
0.263972809019
-0.211731785563
1.09497881449
1.21683018686
-0.252981916824
0.595265919975
1.32148170611
0.191550250463
-0.138186757173
-1.12792736329
0.549058607917
0.452816049203
1.41933318485
0.172570834541
-0.986822471184
-0.462307418826
0.0361078326617
-0.0219617699142
-0.865205545298
-0.788968827508
-0.719523906248
1.4271115398
1.15440004776
-0.274711536473
0.953284267232
-0.852459187219
-0.516545879913
2.33660921446
0.321007666053
0.0770188722381
0.966869619632
-0.274423441799
-1.63133995422
-0.40307120917
0.28076122065
-0.021814955633
0.0919989896764
1.17923848403
-0.0177951082762
-0.0850884794161
0.888947550652
1.37255739123
-0.21573765287
0.756297315571
1.05074887347
0.0821246915601
-0.0936353806458
0.954326220599
-0.479339352973
-0.212619237787
-0.813749146955
-0.016681867184
1.26665248055
-0.867793851731
1.52786368514
-0.559190808113
1.65344096436
-0.382111848792
0.424947880259
-1.85557753909
0.296186751077
0.779501444577
1.16468341562
-1.51723286117
0.826395485967
-0.566236071237
0.00905098012359
1.64596947975
-1.03100100859
1.23373296322
0.339902340259
-1.37603512759
0.738788545871
-0.227334274936
0.933570871511
1.90080732162
1.22111335929
-1.70235524779
-0.155728491103
0.0619461758437
0.490015818215
-0.270392096752
0.568152671186
0.278275603139
1.668201635
0.594637834681
-0.643883184321
-1.82004678871
-1.27475431976
-0.616889671324
-0.499884389286
0.163215440718
1.7198158866
0.96513256738
-2.07505232624
0.6645716584
-0.128794257205
-0.320070629442
-0.811299949165
0.39959497135
-0.822704365944
0.367181843859
-0.476230092433
-0.462583628031
0.955574075773
-0.274938055188
0.122696671189
-0.0453188000952
1.01526681991
0.721354487865
-0.444215756155
1.15320071652
-0.0549322491761
-0.376205086549
-0.0606465428499
-0.289520169384
-0.466900488508
1.04951122089
-0.621003696371
0.268704533326
-0.0864410969016
1.60975777907
0.470434938673
0.355823951178
-1.16118446183
0.622570798036
-1.53289966255
-0.465882130898
-0.183623892077
0.903897181801
-0.146636834645
-0.42329192467
-2.25227383276
0.104015286824
0.797999100547
0.74571096363
-0.0552659644658
-1.0141632938
-2.1868641486
0.248049823137
-0.466328024177
0.214611297123
0.147933813078
0.521925077615
-1.29511610704
0.378048353989
0.840999247254
1.39057528834
-0.425321204717
-1.54944018792
1.31638933043
1.2296898353
-0.106937498865
-1.7499733976
-0.224208009831
0.446640851784
0.901843281884
-0.0905109616076
-0.018512683221
-0.10642204858
0.335354470453
0.54145883921
-0.134201502403
0.329696575029
-0.338106381354
0.936143171393
-0.00976849839894
-0.449074020422
-0.423983386989
-0.148117746376
-0.313384261996
0.946345654723
1.87599934732
0.934086494966
-0.0963351131401
1.02180608056
1.10207887537
1.07260669657
-1.07907489922
-0.395867523943
0.400428712976
-1.70130770271
0.138575847999
-0.394080355484
0.381822895728
-0.748867266106
1.24329557585
1.17379166052
-0.219967878016
0.903473043857
0.916722798616
0.377089375975
2.3707933623
-0.382164476745
-1.12607775042
0.374385928609
-0.853745434412
0.0854494929909
-0.766226915125
0.262784388013
1.1900127617
0.512057194371
-1.30287018407
1.14986850814
-0.666885082716
0.38903240695
-0.659000522926
1.70020493445
0.254811166196
-0.914832310452
-0.282588980526
0.0965476215918
Score: 11