3
44
10
3
0.0846093025339
1.51349767681
-0.543780585105
-0.809351326662
-0.640409595876
-1.61310275408
-0.069189007843
0.579576518057
1.45256962073
1.47272560599
-0.616920705727
0.63166639556
-0.163554994193
-0.705468994928
-2.06603788705
-0.00785386963683
-0.388014203451
0.0146205060042
-0.744450373922
0.914328275547
-0.110911206035
0.873182633769
0.394533485855
-1.2310207169
0.395162994212
-0.324141126508
0.535418922259
1.39978275618
1.10213573601
1.19353907155
-1.64384695548
0.509185574137
-0.533556331492
-1.88226214731
1.31564670023
-0.362984708531
0.0566990279845
0.645266817027
-1.07988277093
-2.36539760759
-0.797068133642
-1.57092388942
0.0447436606409
0.0859782535105
-1.23232671959
0.633289968126
-0.794375110831
-0.813498516837
2.49920925442
-0.855291707261
0.660573147599
0.152569006506
0.297070969057
0.861184069588
-0.99191132934
0.0284167403725
1.00891279242
-0.0338213531685
1.49559553221
0.60299828092
0.904199168452
-0.681036325793
0.528760523734
-1.31183045302
1.05446931852
0.428105798282
-0.289539365407
-0.588994326898
0.232843087202
-0.488429992852
1.03114098071
-1.67191175486
-1.56595414203
-1.14152457068
-0.568869039033
2.02726278152
-0.613713229869
0.118416170852
0.269194779107
-0.279338758053
-0.665901195412
-0.277750398651
0.652943826166
-0.135368947719
0.06278985769
0.311506235669
-1.02656433757
0.668801460224
-1.26422276002
-1.64855327882
-0.352021298915
-0.614023360524
0.0233413808506
1.9757516797
0.265784125038
-0.960296872795
0.405414468175
1.46442644049
-0.203968394622
-0.281286351198
-0.377264139306
1.55919582274
-0.370417138519
-1.26380404901
-0.793708846405
-0.0421553561601
-0.0290275346328
-0.393649360781
0.970199314257
1.36404304206
-1.29718081288
-2.59560041509
0.284735214747
-0.870904011768
1.66746031821
0.661727972501
-1.71962833971
-0.796286357062
1.12707410644
-0.0119595384127
0.432355865315
-0.939832495278
-1.68062838104
1.26659289239
0.466899390439
0.0252895315065
0.631251984824
-0.816786167253
-1.07269562844
1.44758685319
1.69854835056
-1.1051993366
1.84367862387
-0.890053002967
-0.587743327684
1.29685383117
1.47863063986
-0.67232504216
-1.70671011908
1.18804286165
-0.837743876976
-0.188034349159
1.00451642843
-0.189440202569
-1.52017571016
-0.936164422157
0.973834325543
-1.69244085523
0.604469939997
1.51020619871
0.75481806728
-0.821426882259
-0.799420038231
2.76251381289
-0.0238286441451
0.950463934506
-1.47077358308
-2.30636089799
-1.2754922351
0.213266831735
0.679231121566
0.630269049841
-1.1395019087
-0.382841254622
0.715624651113
0.174460065008
0.833919051381
-1.19342191135
-0.372594428764
-2.09967758359
-1.91297718846
-0.928122931522
-0.415333011285
-0.107433401542
-1.15274528035
0.0412918834826
-1.14719214587
0.0330202993204
1.96586884768
-2.66059068568
-0.598364850026
-0.210807079972
-0.226003275001
0.671610732439
-0.320956201601
1.49915235252
-0.456569660482
0.510667245724
1.24095814954
-0.775860886581
0.410729607693
0.264635584923
1.25479590917
-1.15543715417
-0.321684522185
1.32468368332
1.29209004483
-0.59378208938
-1.90486423291
1.26639774803
-0.908361190728
-0.248535667183
-0.0229635367607
-0.705863979512
0.247951959886
-0.552211170786
0.530151851166
1.105631073
0.164658871723
0.581778194069
0.792828420224
-0.575756019386
0.196773848871
-1.14446166747
-1.49441685767
1.56378549909
-0.699067017011
1.00498756958
0.315806391384
-1.17739170224
0.185690367528
0.887037400417
0.176091377035
0.567408288251
0.911492680134
0.33232316741
-0.179548401071
-1.15524729607
-0.079159834914
0.392047645859
-0.778035506291
-0.354578370782
-0.415262432847
2.27200952517
1.57995973444
-0.928648941753
-0.864440328047
0.496632231469
0.249404964202
-0.501479499552
1.57589006095
-3.03947159045
0.588867003211
1.40529296169
-1.65711085075
0.592389552973
-0.978556238736
-0.223060148633
-1.83473041607
-1.0599727233
0.212015693879
-0.297524771906
0.666594571575
0.069372378678
0.359794913531
0.953487518299
0.495561109875
-0.635921459337
-0.927414256994
-1.96406179974
1.19177799013
-0.496582657758
0.529609484519
2.38663294782
1.17566331095
0.119607102634
-0.59877275341
0.126124455871
0.349527684999
-1.65256359948
0.0956369153534
0.809604327377
-0.678815558096
0.213658819899
-1.17570506309
0.698358297497
0.401499295546
-0.674483593883
0.759443868445
0.360949051235
1.43511119575
0.433638918493
0.234785986199
1.45064756682
1.24914820325
0.121935818351
0.438512237195
0.0389071897075
-2.01906712107
0.11968797329
0.818642880135
2.12280344952
0.498279459305
-1.22195288308
-2.2458287278
-0.536233460106
-0.739627825154
-0.485233102352
-0.566513120272
1.1321330858
-2.20948617151
1.06601457144
0.587997467601
0.817478205344
0.224927923903
0.650930559399
-0.351070864395
-0.954573022334
0.23398020407
1.0589764875
1.43098176262
0.958299908345
1.18258721628
-0.027686719125
0.206915771768
-1.10740049544
-0.0768532385458
-0.742692925192
0.631943382043
1.20114808277
0.519082078556
-0.342087473766
0.0383624465674
-1.20660635405
1.109020712
0.564219237216
0.227173108738
-0.102567741687
1.24506690787
0.646363245979
1.3780426316
0.354863482603
-1.44316135179
-1.4084904202
-1.14866661555
0.00135548391375
-1.21514051006
-0.285478975743
0.834112841094
-0.890810015961
-0.0284398600692
1.28007648123
-0.769785913101
-0.92959640586
-0.796946597446
0.406024178774
-0.624860498424
-0.021551932185
-0.277431699273
0.271459152587
0.800288950523
-0.339558821477
0.639427171877
-0.516375423526
-0.180028196164
-1.33925348478
0.00636077635783
0.54070551534
-0.549459360132
0.574999242183
0.85545453225
-0.323117388242
-1.54792755617
-1.64639964979
-0.347495061299
2.08923141088
0.256662910365
0.284899299847
-0.535709578545
-0.430235531966
1.0015780552
0.574388722325
0.0116833806219
0.118982730395
2.41785539555
0.302341171411
-0.028896474669
2.08008055722
2.59535530126
2.87104399206
-1.49910148045
-0.396321716858
-1.52272823228
0.499961449199
0.141117904777
-0.497001006319
-0.19185004742
-1.08761397879
0.13083632795
-0.290547009165
-0.438558492202
-1.09051705917
-1.56159623985
2.02690860933
0.380295070939
0.52554511839
0.53128890889
1.35147028665
-0.00828556887739
0.314265463745
-0.240125128301
0.808177684142
0.689786817369
-0.0597665848839
-0.329564224292
-0.928478665712
-0.114605123923
0.665286064808
-0.068760375189
1.23240412599
-1.44158366758
1.59784208763
-0.655524874938
1.41093267187
0.311885177107
-0.31384808012
1.38497381514
0.841037414584
1.25714544697
-1.87709951037
0.80749461079
-0.921538114235
1.18195777908
-0.410066954209
-0.127547869253
-1.80616628689
-0.715387419518
0.864487067176
0.0237487866055
-0.0211444861143
-1.4032532301
0.569634073598
-0.644764720657
-1.15504106712
-0.0969994239941
-0.134140225947
-0.387670420233
0.326614248977
-0.328466151587
0.043342175424
-0.0882047304628
2.227940058
-0.954049705156
0.0757723457225
-0.201315843987
0.446006786496
0.0456087411319
-1.13549816283
-0.22975421948
-1.82460312061
-1.15648275349
-2.76051366349
-0.874103792293
-0.613017282365
0.930357938301
0.209188681951
-0.0531653783121
0.450690543646
0.225555487051
0.792153065745
1.42324746901
-0.177039869971
-1.46555380074
-0.28071800305
0.172359656902
0.0780159292177
0.202937314735
0.26229919276
-0.142225382877
-1.06958222816
-0.398038896469
0.718902523158
-1.05660905894
1.41690639308
2.48557744784
2.02642675408
-0.0248506308343
-0.622852603953
-0.36135913225
-0.908938382081
0.134214017953
-0.145393699239
-1.45954723916
Score: 21