3
44
10
3
-0.632891980432
-0.633002411414
-1.34753614073
-0.809171788589
-0.0833274144154
-0.380041320167
0.863402279599
-0.396260902455
-1.08050256483
-0.182918383265
0.897084200882
0.364872717499
0.137386347157
-0.188039916394
0.130672376259
-1.09196034667
-0.55350080119
0.453560448474
-0.540897989743
0.0978912589536
-1.59464015976
0.00518806485296
-0.00770716127822
0.584463664595
-0.225889320742
-1.89279534118
0.414683096709
-0.809579564446
1.291888902
0.541780865222
1.18955170923
-2.60682818991
-0.510162575639
-0.857460538482
-0.0839249389369
-1.27932898358
2.02504094535
-0.579072639751
-0.0980500251092
1.5835960567
1.30958965611
-1.29643866507
-0.777689791555
0.614207165405
-0.10959937732
1.20495230625
-0.945786275118
-1.8259729956
0.163213152992
0.879691360259
1.21442117344
0.471096289947
-0.361043032646
1.35384518833
1.56643986824
-0.859610235973
-2.76838692832
-2.20871792537
-0.29081942788
-0.0575784628744
-0.0557640296109
-0.482120120507
-0.794843232492
-1.26179268025
-1.15698497306
-0.4009561313
-1.74733261476
-0.184512551784
0.25620425413
-0.539393556306
-1.53750384969
1.31298794745
1.61202662585
-0.491260937602
-0.320383144404
0.279979273682
-0.847370698708
-0.448599910999
-0.0358803708313
-0.352673083135
1.8235656025
-0.268692145715
-0.39969080378
0.446026129619
-1.10544366845
-0.694817303826
-0.759941039372
0.0508436008214
-0.241843275157
-0.764327184952
0.758911422104
-0.25867247061
0.850692618266
0.718055213038
0.70462767321
-0.532502182417
0.834281511821
0.128070479075
-2.30533733603
-1.09085633279
0.87895016796
-0.146869207584
-2.0578952196
-1.42180879183
1.40791882712
0.178561559744
1.84928245256
0.406740834005
1.54035224699
-1.30025693755
0.0473641088861
0.262811640969
1.34633763368
-0.387856857917
0.231160680262
-0.576867274655
1.12917396177
-0.397039411874
1.63125295604
-0.857400098149
-0.793783895378
-0.358672160594
-0.313850342215
0.503587294376
1.14570159558
-0.725635227304
2.04564832803
0.38121903771
-1.31417443229
0.7429579249
-0.0541476396192
-0.548638868982
0.432610463002
-0.43033456403
-0.212360856468
-0.613928212808
-1.12752720042
0.596839003851
0.770415658772
1.65460487697
-0.735089432273
0.640667474574
-1.57374504887
0.668537616527
-0.442642581447
-1.25597416494
0.408680305935
0.771518700934
-0.193589566846
0.26367774604
-1.35147393453
0.727947925856
-1.92241158472
0.742292898975
-0.644197065085
1.75131614127
-1.38552919265
-0.533182697283
0.43584984133
1.88090152895
1.09605520957
0.335556772568
0.056297187195
0.379637066994
-0.593958773439
-1.15041017934
-2.4048237521
0.246533127373
0.672164068083
1.34408588821
0.750893979949
0.6987991137
-0.150235742451
-0.0908021502903
2.55227184096
-0.325649359922
0.0687861484747
0.876133807142
2.37930962577
1.30785461955
0.0120895072065
2.08516392511
-0.170236748283
-2.30795471605e-05
-1.87729061299
1.48399564176
-0.493186951012
2.06879414863
-0.26102492614
0.433433748264
-1.43929832472
1.07742283883
-1.7168028329
-0.715158678207
1.52796513587
-0.0651450840335
0.0378999953217
-0.188583140062
-0.992270349566
-0.208386580651
-1.19253823059
-1.07084568401
0.793381870542
-1.87282863769
-0.857748689045
0.948377047866
0.471497730528
0.587979235911
-0.915285678205
0.243785716665
-1.27448685224
-2.37113869927
0.424848636009
0.646138358756
-0.30045793208
-0.590156427048
-1.24090644248
-2.4821026658
0.810649936967
0.659632257506
-1.04666283482
-2.7178185671
-0.0504374890181
1.57574776624
-0.423230684587
-1.40586109949
-0.242261339871
-0.838680048658
0.271717282843
-0.974361095666
-0.529820700557
-0.306382225664
-0.849543764237
0.297451526362
0.125275927395
-1.77325986207
0.991002534736
0.301443068427
-0.76657129156
-0.268896252198
0.593089714474
-0.42984702907
-2.94731651125
0.757709760513
-0.178030083204
0.213288166732
0.567077478854
0.184015887185
0.897960260939
-0.0998936015016
-1.50196357527
-0.887279437783
0.886765375524
-0.872081071618
-0.0542594600915
1.20464167463
0.856913169707
-0.116754259154
0.0214660511625
0.204115162231
-0.599870298316
-0.0501427978198
1.23892395543
-0.330422498898
1.14730227768
-0.899475313735
-2.09326452564
-1.90141238295
-1.2654914668
-0.336432618614
-0.399911235661
-0.0912573290438
-0.23130870754
-0.405181179927
0.248276852012
-0.239467118217
1.24637080566
0.161349464013
-1.51154262895
1.57360338298
-0.27197377378
-0.522020073977
-1.980411793
-1.1443196447
0.46942087207
-0.482284188235
0.78288297407
-0.328338856359
0.52225694896
-0.971518297603
1.37382911122
0.792665025237
-1.31586428104
-0.702016247104
-1.02409280986
0.857402921426
-0.943700811763
-0.258882525004
0.461627740296
0.502967925907
-0.233235779766
-0.134210282734
0.0934824940951
-1.44384551973
0.0964860299005
-0.17553805307
-0.0465200859727
0.287423217947
-1.28257161543
1.45535188836
-0.995276048576
2.43518522158
-0.572369241262
-1.90235538571
0.300617809644
-0.374185246468
-0.0413117775261
0.713362922332
-0.496009785771
0.737371626836
-0.532498530922
0.390382708924
-0.308798078261
0.585967466394
-0.172935466826
-0.344116651772
0.660540017891
1.68586738284
2.5302300631
1.25358287865
-0.595168829922
0.182686086378
0.0347710683252
0.053080858668
-1.17461062987
-0.781794635834
0.153361935934
0.241278306084
0.883189509518
-0.303165295342
0.363066725009
-0.356912223322
-0.621307554164
1.82199882663
-1.11452471839
0.150791973771
-0.290852115502
1.01891431103
-1.16669156326
1.42436180403
0.0839649499308
-1.03530088956
-1.32880875371
1.16025923557
-2.02115192915
-0.0119730825007
-0.911075260049
-0.292713632056
-0.67306915482
-1.60168952896
0.604789867293
-0.349764400627
-0.180036547766
2.04182632466
-1.58100816958
-0.247770237839
-0.662563262075
0.854522536772
0.714433685869
-2.10518050962
1.0781752348
0.224306001746
-0.152161613871
-0.542869591346
0.643635523594
-1.75768364804
-0.646535018662
-0.74166494189
-0.331202999709
-0.142912797867
-0.479904784625
-1.84252335873
-0.530987778999
1.1150264044
0.318505189227
-0.577706852948
-1.06693646972
0.358326794191
-0.347374607749
0.341057430686
0.597154871087
-1.8230829429
0.257159776233
-0.31058727033
0.665023426008
1.11367762222
0.813481986566
1.75789523615
-0.664479034936
0.923620531797
0.333624586367
1.86463233973
1.17647288657
-0.650075900486
-1.03026812149
-0.221047915575
-1.38776095007
0.781018923382
-0.473406562469
-0.206100091547
-0.137866034675
0.459074693471
-1.73756434996
0.991495731329
0.307442277543
0.971852669447
-0.0245654892391
1.11716151086
-0.773605662772
2.15738303221
-0.375645612916
-1.02621978903
1.22159104258
0.237976119639
-0.884172110049
1.30323233957
0.845827060276
0.140137879086
-0.972375889943
1.48685602438
-0.260977695111
-1.44550970379
-0.369611358602
-0.225362020458
-0.868586139888
0.381305832948
0.120982946714
0.0807497896366
-1.01283488971
-0.30212347286
1.34968015524
0.264791296463
0.0330838732925
-0.0261539275566
-1.32133998605
0.295823609075
-0.464653902842
-0.539482253923
0.926409552691
-0.239439173439
-2.10575561918
-1.38041488795
2.02856487014
-0.751814030521
1.08606243295
-2.52370084455
0.0553741820226
-0.735549809586
0.248599353375
1.48908050192
-0.0368116715017
0.403347122651
-0.783375625376
0.961853558831
1.8769787066
-1.62985159118
2.18867538914
-0.618558518661
0.455285011919
0.498068822449
-0.744162420449
0.560745024889
-1.25603506404
-1.06120969585
-0.286683444833
-1.19747900346
-1.02881946044
1.0612725553
1.00091088469
-0.0173447456645
0.968326709201
-0.104290431715
-0.820846222427
Score: 1