3
44
10
3
-0.0345723776322
-0.952200693126
0.96658275408
-0.313946858178
-1.57720900494
-0.306201403825
0.211248356839
-0.391390429972
-0.941209381743
0.0705963216629
1.4487544581
-0.331103637574
-0.429468487752
-0.111250527883
0.398146639998
-0.378608870541
-0.653908724026
0.496850291049
-1.64801307281
-0.528701656108
0.5851117993
1.19108771192
-0.24339994092
0.786813157359
1.27597769078
1.53374585569
-1.00748524762
0.610719460977
-0.053414755905
-0.0205670584835
1.04259670607
0.0933983673809
0.279708163629
-0.22558657864
-0.979343933068
-0.635950255744
-0.561549197283
0.442144770439
-0.157914193749
0.116688219926
0.80104890429
1.44260452222
2.05405286336
0.735921166615
0.040010021116
-0.492904410884
-0.670412024532
-0.713794875393
1.02230605583
1.60576429342
0.38429467592
-0.88326588104
-1.58695797636
-0.241477439259
0.809551540032
-0.0690602888334
0.913702832898
-0.0604461998115
-0.787179686888
0.42655847356
-2.58165856489
1.60357397735
0.633450360025
1.72644157721
0.217055718848
0.433863739727
-1.76957724621
-0.0617463497416
1.52125641613
-0.136998086127
-0.0900082612584
-0.651161878325
-1.12353279161
-0.250335482636
0.35932712615
-0.293118773837
2.1790238586
0.428748204792
1.90802359607
0.440855700534
-0.0115365256036
-0.0179644268313
0.783827964468
1.55857855138
1.05079184124
-1.54750211707
-2.03861784806
1.03799154852
0.207851458348
0.542469254732
-0.461768914177
-0.192033164456
-1.58680289099
0.0831424994275
-1.39944296894
-0.0701063331951
-0.57478458016
-0.578453007524
0.123340617974
-1.55348153844
-1.0437641212
0.19168504138
0.493611571326
1.94644405597
-1.41322355385
-2.04697817305
-0.354772843684
0.911041879859
-0.231125967113
0.0777745736283
0.714846520232
-0.892055056862
1.2287814349
0.545489986099
0.114311187044
0.901627394688
-1.12516771606
0.32886756954
0.177269070013
-0.0754397965114
0.0826492466528
-0.213295603976
0.661646305152
-0.922005528301
-0.899873019592
-0.370662308641
-0.41780745686
1.14389731624
0.81729400166
-0.0828790923333
0.974125377431
0.330318890169
-0.975870238733
-0.336778017742
-0.858732010823
0.222376758523
-0.563712517682
-0.349959782878
-0.132615789275
-0.377277724759
0.00210885586315
0.241196534907
-0.630651765126
-0.60663346856
-1.19040952324
-1.29859280051
0.136853730237
0.258268997542
-0.632311708369
-0.0758533846433
2.52654243526
-0.440719221834
-0.184671637452
1.1242979896
0.0144476186044
-0.0813890416038
-1.81607962537
0.666389055894
-0.595897889916
1.37416233729
-1.47740331503
0.973289820427
0.0658465369327
-0.279861405228
-2.35516539306
0.602475533497
0.102268248147
-1.18378569195
-0.177626056468
-0.968189465722
-0.745576535459
0.403708805717
2.69464295679
-0.101146450885
-1.83785564128
0.0174192139891
-0.813243845799
-0.00820805480281
1.44410576014
1.05033467097
-0.382150701684
-0.486015257859
1.07286723385
0.83023427381
-0.474615595448
-0.067030778783
-0.295617325036
1.19830155293
0.365410144343
-0.289812953299
1.47268576313
2.04161063216
-0.209964925862
-1.61862291546
1.32286961671
-0.0674258377722
1.73214736842
-0.993295992771
0.0944431790106
0.706740806412
0.354454518544
-0.899496464586
-0.521839299921
-0.249229739282
0.14537358177
-1.90643041676
-0.915296737648
0.243004658848
-0.613335605066
1.23953530546
-0.239631046077
-1.39338189252
-0.773369623279
0.393424988712
-1.20551876415
0.333559241339
-0.548203257047
0.280002170177
0.4867917168
-0.457169011108
0.368459715906
1.40839686202
-1.0191143737
0.970061610889
0.898888305266
1.25882509314
0.0505543729614
-0.56811226709
1.41980632477
0.946968365387
-0.504303666467
2.122134432
1.64454287649
-1.71101285322
-0.925409688198
-0.803665677249
1.53080702825
1.16085274633
-0.597223117401
0.170934532396
1.57428607002
0.32452570907
1.12463953389
0.420993802922
0.842554448771
-0.434296645611
-0.221301887951
0.375877621208
-0.632276802165
0.117153365569
-1.20794861344
-0.407451952197
-0.374029421915
-0.144114068158
-0.929836632803
0.624783089804
-0.087222263715
0.573417708546
0.430859052806
-0.256939090203
1.734179207
1.21466283964
-0.700236213093
-2.09018035722
1.78097536007
0.949908051974
-0.49009081795
-1.04052213074
-0.188213495791
0.723018237794
1.48301310989
1.36631079129
0.38565973465
-0.498056344956
1.04953075245
-1.12930377841
-0.538270790137
-0.31948944895
0.207808935151
-0.999698611448
0.910046512632
0.198718661164
-0.426858499939
-0.903735497557
-0.19085522245
1.54713666262
1.86993737838
-1.4663068114
1.29095465006
-0.442367036632
1.2619420241
-1.14864848091
0.574706350593
-1.04167368617
-1.83966762801
-0.904003712941
-0.177450940011
-0.558508712824
-1.0305290176
1.67911280416
0.669284635859
-1.32438457875
0.952212714091
1.947097493
0.512611665154
2.06195944418
-0.920423015865
-1.84906744372
-0.651941968574
1.18908294005
0.248321072613
1.96680065909
0.418763613277
0.269764395604
-1.08187079899
1.61850453566
-0.167871823153
0.0623165284143
-1.08682184969
-1.25661390685
0.788838570482
1.52327641005
0.120440323106
-1.19673047879
-0.0834391390231
0.372849947538
-1.39079842633
-0.227302512795
-0.999583374979
0.816889878088
-0.140006583345
0.570968061015
-0.683495757159
-0.784650252717
0.923615714105
-1.06854484423
-1.13798995595
0.349017000888
-1.20748240648
0.309043546744
-1.8829718443
0.00496535380542
0.429630360709
0.918552944983
-0.332480644557
-0.497773280343
0.385710200315
0.103737710525
0.593260681991
-1.29322271876
-0.887023286956
0.550138762985
-1.55684184736
0.605153538571
-2.39652595786
-2.29272455559
0.227554292049
0.107747332507
-0.762118899915
0.110633384275
1.13903846617
-0.165204353609
-1.90537028074
1.40835966251
-0.71675946672
-0.759454868971
-1.94974041838
-0.566308822306
0.192418011914
-0.594787782424
-0.703465571041
-3.38294295125
3.1472203373
1.25253322722
0.901898518958
-2.49413704898
0.439222936802
-1.28958975973
-1.00153316328
0.358466032619
1.26714912584
-1.04251081613
0.976133724123
1.15871586189
0.701276445232
0.265528436447
0.712631414345
0.546615897338
-1.09137885723
-0.780812507579
-0.894000058899
1.49255881378
-0.855770682013
0.65565198833
0.290156707931
-1.45920147448
-0.0595135798302
-0.597010205332
-0.699529648149
-0.0762214404635
-1.04813044368
-0.245303055789
0.378735715176
-0.882461311826
0.718148115814
-1.41311594865
0.397220786119
-1.94566937697
1.72503908131
-0.781490029669
0.728122872506
-0.376589259836
0.308084123665
1.48642446973
-0.529196585195
1.30375845368
1.36566624413
0.276772484318
0.223919847081
1.44379920604
-0.596325893377
-1.96194559493
2.36422796584
-1.20079673112
2.72823013182
-0.598829784003
1.58248189707
-0.865118715058
-0.571139392083
-0.496650397829
0.378667518662
-1.15223171006
0.235167304753
-0.773002239812
0.289351199264
1.81658653745
0.5509052461
1.20300735391
0.496945513925
0.428384204875
0.997445767094
-0.00237227151709
0.18291450753
-2.00804071835
0.0325684429083
-1.07891020453
-0.763699021402
0.730709341783
0.420663448872
0.43109184656
2.55760767656
1.84616214866
1.2178226062
0.502065849126
1.94873764901
-1.35644314859
2.18475693216
-1.26276085646
1.13738848362
-1.47253110964
-0.101810992257
-0.192574042708
-0.472812352045
1.42065189883
-0.346663575654
-0.840271373592
-0.0756761259852
-0.0746147108834
-0.128128738356
0.563358306616
0.0182435169919
-0.383403714019
0.855548068786
-0.11843370922
-2.34936117485
-1.37523619626
-1.07965270461
-0.889682681691
0.90011206841
0.467674235001
-0.706680349528
0.210897205645
-0.116820309289
Score: 1