3
44
10
3
-0.186134648128
0.878424303286
-1.71981963576
-0.285967137713
0.417963796788
0.382893959061
-0.916811622198
-0.0567152956843
-0.563507004826
0.757246159807
-0.411419793385
0.864233001935
0.257106091202
-0.0906110936193
-0.0263962518765
-0.960980740486
0.251246676264
-1.18647327455
-0.0472274550556
-0.323777796332
0.222313643835
0.0526330733037
-0.564912489938
1.49889897495
0.183561204717
-1.55364866406
0.149957541375
-2.42224081007
-0.656286604605
-0.199041815244
1.59030127044
1.28682267717
0.41144206533
2.65026275805
0.714983933208
0.999619645953
-0.204166332512
-1.2970752536
0.873240952199
0.773517350402
0.710814377496
-0.269750871915
-0.695865742749
-1.20262914416
0.119898620723
0.226398596668
0.481582849643
0.704743191334
-0.183356863666
1.68342106755
-1.76130078995
0.858715223699
1.70245483763
0.182156205659
-0.526360148801
1.73517649386
1.03524765126
0.813023677188
-0.702775017526
1.04258594707
0.297768994617
0.406957968464
-0.331770086061
-0.327751314582
-1.39430896135
-0.937365446563
1.26227716262
-0.600109406713
0.827544974035
2.00822008555
-0.287099109111
0.910723866218
0.0366713903846
-0.355278546947
0.266351735815
-1.75753554087
-1.71645330186
1.54652234428
-0.0194396663616
1.8831549519
0.0534531827935
-0.534322933779
0.104635124515
0.474896376058
0.404087656981
1.67593412091
0.235874528246
-1.33735157446
-0.334772574122
-1.23132957256
-2.23524132709
-1.04549402973
-0.693893221726
1.59100448006
0.291379015554
0.290156728654
0.987432445873
-0.209197892745
-0.627001366031
-0.788563584036
-1.22705910942
-0.204880364453
-0.143447199872
-1.44824891078
1.30336975314
-0.211965522521
0.275569410233
0.225350287209
2.41256689843
-1.50807381298
1.27203283525
2.0251134308
-0.977403951319
-0.295339232705
-0.250608839013
0.585817700759
-1.23598929522
0.140470139428
0.00960195447535
-1.67680406708
-0.258230215224
0.410493270737
-0.511772991565
-1.30272521139
0.0106877217284
-0.262431568689
0.699255823063
-1.06012429803
-0.904301420303
-1.21782171878
0.184882266643
-0.681673232584
-0.572627676717
1.51865274097
0.0355191426869
0.040112639003
0.322055051766
0.544419584156
2.20041799214
0.832049278142
-0.00292634685213
-1.10724165962
1.04865839857
0.0849600757472
0.634036182785
-0.0152077462925
1.39304982021
-0.502726244296
0.917085095326
0.678359550937
-1.70558930056
-0.918932957513
-0.0320408849299
-0.41356994101
-2.02623225568
-1.02782740754
-0.231784253137
-0.0430550595278
-0.897376483103
2.58975124707
1.30541156024
0.884490395438
0.373916541625
0.387678887554
1.39926959992
-0.838774486348
0.510603941574
0.635461205813
0.92370153188
-2.57755807459
0.728636716481
0.147555999573
-0.50089091302
0.940944217258
0.789710287206
-0.486910287661
-0.658136508247
-0.753097488364
1.26170041007
0.788157931199
0.58192958608
-0.109712507201
-0.380472420377
-0.8659591468
-0.197821208039
-0.873707591602
0.823492711532
-1.0236405068
-0.615880631279
0.530947246966
1.01327791203
-1.20606414077
-0.489562927204
0.858673922332
0.291073141078
-0.790128362172
1.43380478174
0.64618464335
0.655458791841
0.160348174541
-0.300909859332
-0.706381237449
0.78939263444
2.66729040514
-0.677028569386
-1.0545157948
0.59930990445
-0.203802403376
1.79166492092
-1.45146659602
-1.08915093179
-1.10839136956
-0.10978297995
-0.30036478233
0.134358333723
1.17040476829
1.99644667109
2.22400626521
-0.824861149973
1.05419073918
-1.02698227324
0.0459542485588
0.562231711791
1.34535857212
-0.264784235019
1.83043654546
0.369673772357
1.45194960521
0.222890350169
0.266205309711
-0.237636882266
1.39376238336
-0.158062203768
-0.100984318914
1.43988120102
1.03288487365
-0.0950979991245
-0.860049668391
0.767924368375
0.261783374553
-0.63735478255
1.05461815538
0.616780657053
-1.03948949224
-0.210062244827
0.226811825985
-0.0578972551691
0.873417682035
-0.119395967147
-0.702981882306
-0.427002067644
1.21869614567
-1.20230204079
-0.416359761737
-0.237008068114
-1.18297077175
0.795614529392
0.187757231419
0.337288176598
0.483709726935
2.24035600172
0.294657208997
0.943295907834
-0.785418103828
1.23090959238
0.117772559303
0.417546273089
1.43372336946
1.24018515206
1.22820468726
2.43651591666
0.74658303942
-1.99262045062
0.478768343844
0.439841816002
0.459701843514
-1.27783245594
1.31349195396
0.663804989037
0.580913475921
-0.518495175639
-0.691145615733
-0.458794337675
0.627931359619
-0.160648990749
-0.655439896322
-0.37210292887
-0.0650557163942
2.11812411547
1.01301880536
1.00281715403
1.12999322725
-0.0340921572022
-1.90508034426
-0.104668745968
-0.0241376668092
-0.0182452161657
0.722324931838
-1.04830232173
0.371723584096
0.885555512623
-0.0806667525576
0.924311263435
-0.138980700382
1.28901082024
-0.359240155015
0.929466712896
-1.88873511598
0.79096629812
0.245158148979
-0.505314805145
-0.806271810626
1.4714246886
0.534998211923
0.502691819525
0.70603030425
0.516270868172
1.31720209868
0.0778841352955
-0.668151891851
1.92421889805
-2.10627571395
0.6145365374
-1.69004439827
-1.2069744633
-0.0985535395161
-0.601630143727
-0.632788819266
1.53727951171
-1.56440157462
-1.16625126179
0.320869571217
1.07671937212
-0.0863257545551
-0.220912664306
-0.1586331413
-0.327353923586
2.04385774027
-0.925862193556
-0.173642511478
0.810973474347
-1.70062724418
1.29628122717
0.846749123065
1.58393916504
0.518427362891
0.59034633432
-0.416324877064
-1.75703331088
-0.628057376911
0.48369529707
-1.01229720973
1.0887502428
0.395341696636
-0.486920022344
-0.126294573713
-0.337557674893
-1.79541685506
-1.55699864436
-1.25468528097
-2.82225733568
0.240067030976
-1.67910075179
0.130924736747
0.281171139984
-0.405619420262
1.3618928572
-0.481521394911
-0.445715025231
1.89712872558
0.507255544507
-0.655807342768
0.95264361234
-0.475601915305
-0.0798005383033
0.518683346396
0.138717638396
-0.160533391114
0.567628658591
-0.127778802298
-0.599567430425
1.93246658527
1.19080447332
0.330221827889
-0.0305337725898
0.388906576379
1.1268589486
-1.44498359729
-0.262006628655
0.18959004154
-0.694486009782
0.0966059028967
-1.52748359399
0.814242304019
1.3929908944
0.474301438868
0.83017945902
1.35555975295
0.218762096563
-1.34171095353
0.817626118146
0.374134594447
-2.43427605864
0.65197769247
-1.67778473318
-1.17963602324
1.15052775909
0.305631989787
-0.467500428306
-0.496978230538
0.656696494845
1.23239917473
1.78019266056
-1.04282929844
0.128653409772
-0.165653231613
-0.194880741812
-0.157854232813
0.330501062948
-2.14787284671
-0.297942450259
-0.432857430014
0.507021456016
-0.423186768387
-1.3630847034
-0.727173558255
-0.039819785974
0.919339407396
-0.143683149162
-1.27281372175
-0.542917804875
0.277989930686
-0.0928716499859
0.485485611088
-1.35773750641
0.788531424736
-1.5568020741
-1.01850096593
-0.320978425468
-1.81021074992
-0.149187959622
1.52504613975
2.27978906027
-0.065676713946
-1.06705272483
1.97574894948
-0.518370691396
-2.85810773498
-1.44581247116
1.22558009747
-0.0216626862589
0.887172322133
1.03883220788
0.129185313057
2.04120197864
1.34043645097
-1.13772099426
-0.214869902362
1.6537436666
-2.14365950731
1.09925668678
0.853577309647
-1.52092363291
-0.900801862123
-0.326550284844
-0.855977019304
-1.63944177283
1.9806949483
0.246204342264
-0.399706932699
-0.868297244799
-1.00106605593
-1.34618015158
0.219651765394
-0.860466607078
-2.12372195198
0.10103373805
0.695712743809
-0.879241712262
-0.629901013607
0.0188050080388
0.615631307508
-0.085632537765
Score: 1