3
44
10
3
-0.0115041456972
1.67482943904
-0.48788021009
-0.682266043908
-0.693097761306
-1.4816372498
-0.110644031925
0.560632568206
1.54663793454
1.67697789832
-0.759186426615
0.548387541912
-0.310278413475
-0.708386973017
-2.04036533904
-0.0102572290331
-0.381346003582
0.00509574017177
-0.810340654344
0.996475164433
-0.261862104376
0.874819176259
0.312911760163
-1.07165817726
0.421860016526
-0.267038366916
0.367489562061
1.30235704743
1.03788051343
0.967293450634
-1.54446959553
0.596040087173
-0.490589341019
-2.03671038474
1.31643074732
-0.45502281679
0.0912181993622
0.649704043751
-1.19149146013
-2.37132700836
-0.675885329026
-1.51057336541
0.13511474163
0.136053263784
-1.31576811661
0.485773036616
-0.912421559006
-0.912149676676
2.3837496258
-0.772137520701
0.59112713896
0.166884618455
0.385441068328
0.79810945127
-1.14845403442
0.156776616601
0.828570637009
0.0591743988462
1.43947271489
0.706303771977
1.1394527196
-0.759621892498
0.601562026839
-1.29338018632
1.23818834487
0.477542404179
-0.279510645628
-0.674557504735
0.318236137581
-0.500756758842
1.02737743798
-1.65648897912
-1.60619200117
-1.23222287814
-0.417781164867
2.06493307412
-0.584547677369
0.2363793243
0.215325791557
-0.294650145839
-0.466927679743
-0.100259005942
0.77271474697
-0.120637839288
-0.0634752994543
0.52478473062
-0.953017642366
0.638171113299
-1.14187484988
-1.72806203093
-0.322681372349
-0.565923142866
0.0207212032138
1.97959239825
0.2123041864
-1.00446389417
0.354233250099
1.44950616913
-0.0943410604337
-0.154503303471
-0.389714039333
1.49565180437
-0.358624305788
-1.18854593623
-0.806574803501
-0.0393180536497
-0.106053615037
-0.364485031815
0.915126910542
1.36061773032
-1.34310614541
-2.5100368866
0.219793240087
-1.10047884951
1.68982096741
0.675806445786
-1.87120035429
-0.822254081386
0.999670542345
-0.175985854031
0.38653451217
-0.959500260678
-1.58406884893
1.22351260158
0.314956609944
-0.199997070033
0.727891176733
-0.764425277184
-0.919567221325
1.37619020316
1.73736027473
-1.049927476
1.93763342321
-0.833120975744
-0.695827723618
1.45319411152
1.40706285505
-0.742988449595
-1.69991653967
1.24219444093
-0.791510740436
-0.113389626267
1.05706763811
-0.305848807719
-1.43720350617
-0.839483721913
1.00044051615
-1.60569689236
0.622926904641
1.49456015964
0.66095990625
-0.707080610383
-0.670813460473
2.87818661255
-0.152754252159
1.13757419557
-1.36676022677
-2.27833445779
-1.20588573184
0.21831887962
0.591563459393
0.615071108303
-1.12686042334
-0.329965567698
0.768395761998
0.202910194119
1.0478617656
-1.04594784014
-0.353272722933
-2.18479788048
-1.71241979201
-0.89760440124
-0.397809442763
-0.218205120988
-1.04385534016
-0.0723748335887
-1.146554377
-0.236272498197
1.8993189943
-2.65109523818
-0.616824828102
-0.274228071802
-0.316856164276
0.701277517343
-0.269623254961
1.47112461349
-0.440627136838
0.571126060613
1.27785247559
-0.786586328694
0.372581371952
0.241018181035
1.31199902308
-1.21050458186
-0.417343517006
1.31670482773
1.38411710755
-0.629419349519
-1.99631419176
1.28051118892
-0.845232196077
-0.210702908633
-0.0156704184342
-0.694898325812
0.314452792551
-0.594740976677
0.555488934129
1.09406404337
0.0545274831289
0.716037375291
0.856082021984
-0.604493366773
0.255718670718
-1.14358399646
-1.32352552585
1.44740715883
-0.615869458653
1.09401574248
0.187626884613
-1.07760657642
0.115674142565
0.843250389067
0.121929708628
0.622016562403
0.845849741913
0.317495224149
-0.362039290211
-1.11502320637
0.0969365026921
0.335961511677
-0.865700805276
-0.459677702141
-0.482577776518
2.22560011864
1.57025894168
-0.989169751482
-0.969822106003
0.474391237044
0.184480495765
-0.647943047719
1.57861439959
-3.01001338877
0.328346330986
1.26231656812
-1.62446883922
0.62853858904
-0.880196822896
-0.271641088065
-1.69822953727
-1.0529465039
0.132912873101
-0.425936404012
0.831964503672
0.0709900232448
0.287302795614
0.910524703976
0.481315625735
-0.486917493312
-0.9585515363
-1.88615601644
1.27808064407
-0.470570665501
0.611963345309
2.4983039288
1.32811138925
0.00746297936124
-0.522580210126
0.0613437551284
0.35761923289
-1.70262394589
0.152520576276
0.821825663992
-0.72675993831
0.195555724313
-1.13087143807
0.645148947269
0.316929398326
-0.728287650374
0.684561272035
0.269496261996
1.55911024617
0.505850676519
0.318720600479
1.43072637123
1.16222100185
0.00844277255806
0.447701508657
0.0625513790986
-1.8688769456
0.210182000091
0.804729137266
2.17603674764
0.521766389755
-1.34927651004
-2.32400152166
-0.44561676145
-0.833931627212
-0.524487138794
-0.640372730077
1.2189747867
-2.25291772686
1.2916457252
0.709936516927
0.870538424306
0.271714168876
0.671011994985
-0.419746700355
-0.999852845847
0.127365596328
1.21112878175
1.44004190028
0.957373270131
1.22430165435
-0.0947971533952
0.109816790296
-1.11655824663
0.0541137129398
-0.694253253463
0.529394458369
1.26009499013
0.537038795296
-0.451841594362
-0.161502209147
-1.22233245864
1.07802183261
0.535231116548
0.331336860673
-0.169162891192
1.23523515973
0.629316460044
1.56252831268
0.358731605838
-1.34817457974
-1.45207637853
-1.33473404293
-0.0760278396757
-1.31556654838
-0.291123157603
0.791655607292
-0.886177209829
-0.0409802198951
1.28669848531
-0.821747556981
-0.891212394506
-0.820266069787
0.319206575528
-0.532687489399
-0.0769240231152
-0.161254648595
0.305735478049
0.861878735094
-0.405455599179
0.598684203412
-0.600245576777
-0.255928528816
-1.29198636922
-0.0693879835957
0.492106144872
-0.442676369521
0.541114275264
0.934379609221
-0.329744451878
-1.60204617688
-1.54123334596
-0.275991925498
1.95170922536
0.19889555151
0.286405757452
-0.488475877994
-0.347798655584
0.921332763925
0.474590955712
-0.0123727345187
0.211013912191
2.36104270353
0.158011146091
0.0681278820774
2.12656467288
2.59913994037
2.68677023898
-1.38123677791
-0.376677369767
-1.46521637947
0.550894989149
0.115970685926
-0.279515932371
-0.169895206254
-1.01655019135
0.192932056688
-0.190317464823
-0.34108234553
-1.00594237158
-1.52426395163
1.99950243803
0.387399832866
0.478055889273
0.591203763493
1.38222265139
0.150559561407
0.372809809704
-0.27403569227
0.829210580462
0.609166904514
-0.0743891604657
-0.396351479292
-0.998916262127
-0.0577030605149
0.678045143269
-0.0628568385338
1.28819367725
-1.53342565302
1.59459364801
-0.637043906892
1.4233466344
0.294979747973
-0.33969546267
1.224691613
0.812766404311
1.2514987568
-1.92585789366
0.853797709368
-0.877995727853
1.34138648743
-0.356398310853
-0.0907610037625
-1.76280302345
-0.834513701042
0.790714852661
0.307046879245
-0.0544944547968
-1.3152057031
0.469059695652
-0.658732568643
-1.26211499774
-0.151177179654
-0.167313738281
-0.412391024328
0.246113828909
-0.335535857534
-0.0997091556806
0.00762380219179
2.22129652793
-0.865197318741
0.205620983633
-0.337483862454
0.550870697238
-0.0317292351173
-1.096123147
-0.265438267904
-1.88351583865
-1.21494345386
-2.54133911537
-0.896858058938
-0.630944846201
0.94949155502
0.237564232742
0.115736059768
0.649274260038
0.325941206333
0.748416273316
1.3205595097
-0.142304213323
-1.40589929383
-0.273064287178
0.27474099261
0.0705129259811
0.251735295661
0.485178741608
-0.118145468436
-0.980765469238
-0.587546481176
0.796053030555
-0.952830954496
1.40070900542
2.50778405666
2.11800957552
0.0427938487589
-0.633803323677
-0.412941939803
-0.896922620154
0.000768312609849
-0.179135696694
-1.25292682428
Score: 13