3
44
10
3
0.0143945533723
1.52594845226
-0.592287479592
-0.986585570396
-0.623825141537
-1.7317062121
-0.100676620696
0.431999746619
1.52098186859
1.40570171197
-0.891883907445
0.887561438932
-0.163159087476
-0.773563030461
-1.66119884744
0.0990767082881
-0.314066681087
0.0089707847289
-0.961132601141
0.770278333361
-0.377620398191
0.788811864732
0.473889243878
-1.20945669756
0.383643403764
-0.305439898354
0.255568292698
1.24784565978
1.05307648252
0.948054305124
-1.77948517944
0.375791102854
-0.421640771297
-1.93674771985
1.4458074469
-0.405241760227
0.171733901826
0.562427253749
-1.23966510091
-2.21764642022
-0.623180950293
-1.58231905958
-0.0465770335282
0.187503856352
-1.239772819
0.443489300482
-0.782629351966
-0.80782140371
2.43805778685
-0.830017035953
0.509170914366
0.170429131265
0.294634603282
0.649220122284
-0.973633730918
-0.0899768828827
0.98531981356
0.138985968612
1.501846562
0.552510496751
0.885408824992
-0.847346039341
0.634050634725
-1.11013612376
1.22803160403
0.466095975083
-0.173927192212
-0.763711499882
0.269288504173
-0.0492907705214
1.09416606199
-1.74308784727
-1.25483115497
-1.21436811067
-0.40152648823
1.9003066323
-0.731681717456
0.12037978806
0.502266092815
-0.18585844936
-0.76795991807
-0.341917639759
0.767166606939
-0.17797251512
0.198803679573
0.245679626083
-0.836700251435
0.675059254366
-0.997857278458
-1.61019575086
0.107571110013
-0.616501146614
-0.0751602282876
2.12754502876
0.283655210865
-0.691007841982
0.317773073148
1.50981892235
-0.276997795235
-0.240000149186
-0.516650969248
1.69115478346
-0.281582961312
-1.20911708341
-0.75741825117
0.156240440842
-0.0853700971546
-0.257589106594
0.852436633168
1.3279689002
-1.35091344515
-2.75478127422
0.309321888973
-1.07926082194
1.59397834901
0.705204032
-1.60037614365
-0.897161368011
1.17838866179
-0.101696632816
0.38393392913
-0.859771165949
-1.62151070386
1.10172395478
0.448822281281
-0.210127265369
0.506096137633
-0.527637047673
-0.915897155166
1.44721742094
1.43100172619
-1.21890184912
1.88985798036
-0.759958679417
-0.431946221308
1.29613476443
1.43502093191
-0.694384339583
-1.4603210361
1.06018537303
-0.89349203142
-0.221612811661
0.989034310599
-0.535614064233
-1.34958550467
-0.797032924486
0.916500448479
-1.83848316516
0.764494767623
1.40683101701
0.57040106608
-0.508723716497
-0.951991936006
2.72911925691
-0.104217650031
1.10806532329
-1.60672536848
-2.34275813643
-1.19346801637
0.149674667033
0.630320621564
0.710822739944
-1.1813835165
-0.199895430314
0.577248483503
0.0471599295429
0.75952133566
-1.1817803521
-0.250936083583
-2.08951452252
-1.91123851208
-0.964004432642
-0.556182121749
-0.0536978369359
-1.18279002522
0.00901427094069
-1.15013863474
0.0492698682625
1.84005138537
-2.65347211486
-0.681460055424
0.0276743321711
-0.262341817532
0.746353824829
-0.157919254767
1.71881030638
-0.465173561688
0.451538256618
1.29280683095
-0.890269269391
0.461048941913
0.134281011805
1.20939767131
-1.3458011923
-0.29392913874
1.5459533251
1.10942514486
-0.644192172409
-2.05126637224
1.21382276023
-1.02240874864
-0.301993023459
0.0291407785121
-0.881972031492
-0.00320367259719
-0.526361325213
0.436094523864
1.07063122244
-0.0368360746106
0.495135440433
0.660355956983
-0.504572541865
0.126997492225
-1.19007206566
-1.38646279614
1.41954880131
-0.751388099486
0.883334687365
0.24900238844
-0.944671162209
0.131132936798
0.842627009249
0.412162649858
0.601811990205
0.949333501401
0.239924465984
-0.47846058403
-0.994294131084
0.234123977607
0.525776825161
-0.888981166083
-0.405377682041
-0.515070062938
2.13092187371
1.39079645699
-1.19228418584
-0.912813786989
0.457826225266
0.389696964294
-0.496623879762
1.40015449153
-2.81901851692
0.719353735366
1.32324805883
-1.67914141599
0.615853465032
-1.17424773172
-0.325711942922
-1.64172689817
-1.32919012307
0.151156690383
-0.181664451585
0.748627973492
0.0873450838422
0.608345915619
1.03681047007
0.375216292357
-0.388417881313
-0.678215429767
-2.16401368868
1.31894072099
-0.494368603127
0.607585850407
2.53214349441
1.22163756703
0.101862747245
-0.561960017019
0.0822060613172
0.25161981622
-1.42051027929
0.120512223701
0.807715859646
-0.715180240515
0.207849467019
-1.10532694435
1.05286788296
0.414642154625
-0.614474721284
0.830214556592
0.323498260944
1.31410455045
0.259352107007
0.467544131334
1.191083305
1.0163190323
0.122568051269
0.288241771472
0.273668620644
-2.24473677231
0.403905262363
0.743064306694
2.13152878777
0.782960731973
-1.30600279601
-2.15549042203
-0.313981817205
-0.645774357813
-0.338407229611
-0.522839061444
1.14226646501
-2.30792066167
0.884077439411
0.566713640951
0.822156042537
0.114354678112
0.316267535527
-0.286913157569
-0.937971569164
0.360714224544
0.96662011088
1.46657869064
1.09266417189
1.0404595586
-0.32065753309
0.105262789447
-0.805231229033
0.182986358452
-0.482212832429
0.898549239941
1.41055799452
0.552365826036
-0.334622713366
-0.299374758012
-1.21471615184
1.07857714066
0.510975610018
0.327008407096
-0.309531712505
1.25580671632
1.00284889012
1.36888832581
0.30232672551
-1.48976113191
-1.36040806424
-1.3578564254
-0.055548089159
-1.3111195269
-0.640151160351
0.777801791976
-0.911308868174
-0.166834813495
1.30066473282
-0.798116672546
-0.742997919009
-0.7189298277
0.330887965544
-0.806814531199
-0.0907848796349
-0.31643010562
0.35327109246
0.790532038774
-0.663076886209
0.683835818212
-0.625628426959
-0.00589674828437
-1.34817127284
-0.0310917855389
0.813575670077
-0.440484511602
0.4088195684
0.820407709255
-0.211154337588
-1.52718475645
-1.46579585225
-0.35940983904
2.16229859054
0.165775899118
0.542825070849
-0.956391981993
-0.545865807628
0.803651467605
0.603884847959
0.138974723134
0.269382758905
2.3390610265
0.0843865548939
0.19403307935
1.82236466486
2.42909258317
2.90124455448
-1.2656680999
-0.199480199509
-1.63278652863
0.593541647001
0.0569169363147
-0.680972776295
-0.198326384207
-1.12989370217
0.140347737832
-0.120184687231
-0.418727921452
-0.933429239464
-1.35636207532
1.89036885357
0.350452322292
0.368961034518
0.443617350265
1.12118636356
-0.0160976399705
0.182501402748
-0.290034543895
1.00980208865
0.523083111441
-0.419634233389
-0.463974183703
-0.969075789115
-0.348369379852
0.36210841514
-0.0468674417165
1.1703778839
-1.53454972463
1.57831998741
-0.73471444827
1.55845990887
0.417822671533
-0.380806129375
1.54823996516
0.743097801667
1.28023023777
-1.74541855876
0.540297304907
-0.916117874154
1.09332221884
-0.484798852355
-0.135779138693
-1.60044172134
-0.903440450974
0.922911221981
0.0357979207229
0.0969136009247
-1.27913017391
0.661699184658
-0.594259791741
-1.03907117875
-0.150102049194
-0.160745726991
-0.349806962412
0.160755415476
-0.401657924198
-0.074538543228
0.114110191115
2.34904386138
-0.824707276781
0.112247685194
-0.113288009642
0.297869385369
0.0810066151131
-1.24718499493
-0.0834243052352
-1.53744204487
-1.12371465946
-2.69539498896
-0.519708066422
-0.791552879314
1.00919522411
-0.0460124384464
-0.155168788624
0.723632862989
0.102075340377
0.775572913868
1.39120246217
-0.311052393932
-1.42980136842
-0.402114980632
0.309141262314
0.120403669378
0.0712536807987
0.343738234802
-0.327870857265
-1.00766736292
-0.464496628553
0.783459927056
-1.17423287411
1.37077495183
2.53867627569
1.89527285823
-0.0184570588974
-0.662218024448
-0.401750802812
-1.06868908015
0.318076113314
-0.229982511318
-1.23600567824
Score: 1