3
44
10
3
-0.650726781367
-0.44310044165
-1.37180565041
-0.922794366333
-0.0970376686395
-0.724783109011
0.828995656751
-0.0678008201793
-0.915823867638
-0.031423606086
1.04924126818
0.479923096757
0.396699227856
-0.352975643667
0.0979409593715
-0.958767111353
-0.569723651873
0.32154199491
-0.703642663901
0.196051941523
-1.48112484739
-0.0448331506406
-0.186398832163
0.526093449156
-0.128782980516
-1.99034464963
0.611093191194
-1.01918612096
1.59135565805
0.783886464474
1.4716059695
-2.45440809769
-0.848943013041
-0.692771234068
-0.174867616589
-1.15701790128
2.02082622158
-0.628195160062
-0.333661796594
1.6337173816
1.45084143562
-1.44463126517
-0.77965525421
0.717180610156
-0.0988919072912
1.23699914144
-1.06839776808
-2.09921563017
0.271183469506
1.18521350031
1.13741546815
0.326830544655
-0.0622429913072
1.30336837475
1.75516209373
-1.06389960834
-2.86597732852
-2.48616616231
-0.414608088273
-0.339686537827
-0.279524586943
-0.52003216058
-0.805929985998
-1.15891150692
-1.12162771984
-0.450223442421
-1.75308762594
-0.0651258884994
0.186341052223
-0.667221000138
-1.38492082989
1.33940476961
1.46738402292
-0.601417209563
-0.368491078861
0.0789665275622
-0.730351767783
-0.426594046182
0.173133794579
-0.4709635489
1.69884290245
-0.393289425587
-0.54837990674
0.49884292704
-1.11087918931
-0.483647791871
-0.731677762666
-0.128727435242
-0.335512639833
-1.03427880119
0.780112627448
-0.408820534332
0.93707504026
0.167944860102
0.939251098731
-0.850938051529
0.967467431783
-0.051835774111
-2.18540454308
-0.814948012226
0.922401494306
-0.378657201141
-1.53179262857
-1.4303361972
1.6742116656
-0.101446954733
1.74963589024
0.666943754136
1.25661147065
-1.33414474507
0.225016249918
0.209088887373
1.2681379308
-0.387810874429
0.184776264732
-0.50155564745
0.99969271534
-0.499393911091
1.55790999272
-0.889947893754
-0.651013550324
-0.362910195175
-0.415988697015
0.509689286834
0.937333093299
-0.370724509069
2.44847232876
0.50422027421
-1.31258888233
0.545230811166
0.0689295065491
-0.475935647766
0.359305601122
-0.34324671819
0.0630478362267
-0.684177516896
-1.25824937247
0.552595053174
1.10051481848
1.35107309977
-0.867442909234
0.50154113549
-1.56059249266
0.65659874214
-0.390313845495
-1.13076072884
0.318180351512
0.614966977965
-0.233584378825
0.289437266208
-1.37078780152
0.482800181243
-1.90546251458
0.816523183946
-0.408924485142
1.67078930293
-1.07514731645
-0.450207940103
0.363091993429
1.71623592265
1.23988768464
0.329520853046
0.191155467993
0.223364747395
-0.849034930937
-1.13044860489
-2.05292773177
0.226344121876
0.571970511014
1.20153926518
0.644796235932
1.07017074462
-0.0550693867356
-0.0854500829605
2.62889435687
-0.325424430635
0.308881786819
0.746399881187
2.17423962149
1.36212375072
-0.107716329763
1.87119431389
-0.371472563283
0.0383787219216
-1.99728741172
1.12821510671
-0.428453724216
2.0038497565
-0.472990229444
0.438671438777
-1.69152551201
0.912428364928
-1.8604365548
-0.630513584102
1.3606396443
0.015865655196
-0.0302415374871
-0.0776174652736
-1.15791508718
-0.323125595082
-1.22487142427
-0.849075491744
0.948962654198
-1.44639164856
-0.894796918785
0.906182860787
0.45599459859
0.707160470875
-0.801807174979
0.300752382649
-1.06346053095
-2.247305732
0.419062458005
0.767721322481
-0.481478441651
-0.498188159266
-1.31772645185
-2.16841399864
0.521797148275
0.690130630563
-1.32268613703
-2.72618485338
-0.373545192471
1.44269449852
-0.410288713954
-1.1346146992
-0.15856985255
-0.750450189001
0.210726621153
-1.02051150338
-0.49925822761
-0.464915850477
-0.68595076403
0.622563396925
0.233897914564
-1.64520197527
1.4372239857
0.119464118753
-0.8971047739
-0.362097619602
0.273088867587
-0.458693773821
-2.78286088211
0.738487162266
-0.0778578581187
0.327289390577
0.495215663245
0.229548773187
1.00183993542
-0.198187224253
-1.34096710758
-0.686991440232
0.582619695093
-1.17326227402
-0.00462359468195
1.52119430443
0.685295950857
-0.406598540425
0.122525166086
0.372975336588
-0.638837353466
0.181851531759
1.41929148349
-0.0156536420796
1.1474559676
-1.16414830187
-2.25487250743
-1.89382985855
-1.3251841337
-0.0799696369298
-0.350599493033
-0.217076751104
-0.0262127422448
-0.167707879381
0.0258891368311
-0.432573815725
1.23749922426
-0.0380227878919
-1.42898322138
1.64442084155
-0.247864405278
-0.295129201425
-2.12818156692
-1.05220715069
0.416194465832
-0.411549924132
0.967398485128
-0.248907752828
0.741336353159
-0.946975621654
1.33326608799
1.00080079824
-1.46070363154
-0.48547379565
-1.02254645579
0.487034523549
-1.10588889084
-0.139390236695
0.529323976083
0.902227731779
-0.234191977854
0.0554852991018
0.0703314035086
-1.48126828862
0.178328484884
-0.296493453548
0.181776960371
0.52854081659
-1.28743670236
1.58478978226
-0.820573470819
2.62688865718
-0.480239230643
-1.62137720841
0.232003434576
-0.0860144348845
-0.061055806336
0.838105826002
-0.396022120298
0.82743278036
-0.200576204528
0.467237245208
-0.0927902877325
0.468388651889
-0.428259358673
-0.500573032972
0.465128677407
1.90197886711
2.50920476882
0.880222636172
-0.191546495555
0.284019578163
0.0792598134494
0.0606704222034
-1.27893767472
-0.95481004268
0.551415039352
0.432353531433
0.773185991558
-0.403792708606
0.064146848436
-0.540775901699
-0.302842011114
2.04162117656
-0.997695325016
0.179010454453
-0.246220902945
1.29236847324
-1.31075938318
1.45626108652
0.0781141774529
-0.805858438954
-1.2476758257
1.2292628294
-2.40068252479
0.4735398375
-0.396969812416
-0.453432391846
-0.314576395765
-1.44021536754
0.68371551501
-0.254742839762
-0.160693070936
2.0878141431
-1.42007871777
-0.394095286551
-0.307256230869
1.04382148769
0.711445702352
-2.26938302855
1.05598158376
0.105720707646
-0.426426459466
-0.557441825453
0.553514835231
-1.67975561711
-0.607378980409
-0.81253009521
-0.253733621777
-0.269894744481
-0.780046726552
-1.78627411615
-0.695912771791
1.020864233
0.228400653345
-0.602709833648
-1.32263981957
0.475004336652
-0.741234447135
0.280415216572
0.43874916369
-1.48844057064
0.188370406436
-0.221453147596
0.852714202339
1.05354197517
0.80433735965
1.90215833755
-0.502325240855
0.887501150718
0.363589428179
1.71753542853
1.07821604486
-0.773505125697
-0.822316201575
-0.519640915165
-1.18774997343
0.790948166133
-0.806589278331
-0.286765770874
-0.194204426952
0.36398804566
-1.53903410883
0.976473133072
0.04165318683
1.11576341622
-0.0229816992054
0.929604708007
-0.851697573287
2.17969630616
-0.661446469647
-1.12940385951
1.17155945496
0.331460267504
-0.828329963292
1.14090123949
0.708545526794
0.0379634537493
-0.73269350102
1.36630419567
0.0198080407408
-1.75664047316
-0.186684851747
-0.13283307747
-0.532814059257
0.270583270851
0.0871947758661
0.217943515659
-1.21066825166
-0.174041376847
1.31604746495
0.123018487593
-0.0950351916301
-0.0797996683422
-1.25756991907
0.219240137518
-0.726963882307
-0.529925756638
1.2116427146
-0.214838838816
-1.99249311239
-1.10875577067
2.06011202647
-0.640545807399
1.14646041709
-2.53060701604
0.0544890833418
-0.925484953019
0.0570256089907
1.63671774936
0.136699409887
0.122012981068
-0.91958894331
0.860842782685
1.7355693655
-1.65011022819
2.03821896254
-0.450897998582
0.506162182961
0.406238612526
-1.00655871907
0.543458670667
-1.45640554544
-1.12354389923
-0.0334165088865
-1.09174726345
-1.10472125764
1.0724622796
0.756376699093
0.00586250530537
0.943179284823
-0.302895476694
-0.691020752961
Score: 13