3
44
10
3
0.566822021588
-1.74078274363
0.225338702451
0.571814746267
0.0406312328113
0.794183578801
0.249690255682
-0.251543596373
0.304070859115
0.0776177588468
-0.999770977611
-0.517395821522
-0.662343538038
0.629554992308
-0.904628547752
0.0997836122722
0.574086498034
2.19169275744
0.691202904729
-0.00584443480764
-0.431020865384
-0.0358680286835
-0.12018723653
-0.74029071419
-0.672300994091
1.29947812361
-1.83771252401
0.626092422967
1.52670112139
0.870264893457
0.245590491866
0.162978998764
-1.18907310211
0.381669317574
0.17470960134
1.67945796344
-0.418367049455
0.118900991471
-0.740843878504
-0.204377542449
-0.487462820594
-2.92704957563
1.34999014654
1.14280511894
1.11047049857
1.00828593917
-0.941558126578
-0.211967508239
0.338741701899
-1.19197930695
0.316489943976
0.752223367788
1.22859569138
0.5647231445
-0.539286121828
-1.5433750676
-0.381838376605
0.0499898558153
-0.683461743357
-1.86114490662
1.03318693036
2.25059150704
-0.0945390784236
0.702514928099
-0.335352164456
-1.04606377608
0.172629395895
-1.05089654879
0.136774192813
1.7399328767
-1.80568461256
1.84703319264
1.21024217199
-0.226655236983
-0.30887815595
0.36917728206
0.425753015743
-2.01333412324
-2.08100010251
-0.666079304775
-1.41561348895
0.0788281584125
0.823986870862
-1.47036591937
-0.347988998834
-1.20191697731
-0.107020927654
0.826707004471
-0.615657315507
-0.217323711244
0.615249683785
-0.320765237354
0.246619005829
-1.76963609521
-0.545860789251
0.0821131961906
-0.849841749098
0.0719499272278
-0.110968020171
1.89924708807
-0.115177399861
1.92874516597
-2.06630435298
0.547272099455
-1.1244527108
0.647981221045
0.998365198145
0.694973538765
0.405685835512
-0.593132212409
0.42059475446
-0.458484687928
-1.59067204915
0.420762194858
-0.505935246736
-0.883957399809
-0.64940372136
0.271915036819
-1.22548276749
1.31258830392
-0.393039733718
0.736277239865
-0.342330852856
0.126526284405
-0.835332985875
0.136802775652
-1.74331453547
-1.0806926809
-1.12577746881
0.107709951878
0.645274091844
-1.9885666603
0.392066277756
0.0708042604465
-0.487566107975
0.117501417577
-0.413714283033
0.570279728519
1.60363670782
1.1461046636
0.188564951214
0.80686854035
1.56713193339
0.215839162116
-0.159149169308
1.01474566546
0.110357007651
-0.142370489888
0.941882082835
-0.118364714352
-1.10233722613
-0.467883017428
-0.811261195446
1.63961604814
2.02379800948
-0.481411912215
-0.209075157703
-0.268202661376
-1.52074977396
0.338886833215
-0.0328072761431
-0.976918254253
0.412668808805
-0.629521579667
-0.369948077886
-1.29020130278
1.80422953783
-0.719400598993
1.26503902538
-0.157897621375
0.331269265731
0.49543111436
-0.359227719874
1.12770072236
0.073298751326
-0.251697490586
1.20405587415
-1.14132837405
-0.120293489795
0.384028369155
0.0703264542643
-0.446635866381
0.659641627599
-0.874973335082
-1.38450236869
1.17568577218
-1.88758502365
1.1455729934
-0.526450577255
-0.325142783326
-0.47086069099
-1.14592751773
0.0104898247904
-1.87332762322
0.450532085118
-0.449698825502
-0.397095253338
-0.234605464909
-0.149853261659
-1.44461432861
1.29873665716
-0.764834631232
-1.50914612078
1.54658666651
2.49452812918
0.0612053674147
-1.050646319
0.896307402007
-0.707005506112
0.748756684328
0.127511369758
0.188527731891
1.22914092174
0.531851949194
1.23006329781
-0.623055148601
1.17822468494
-0.760484040683
-0.960079581497
-0.143087101619
-0.932597879037
1.26215431273
1.05759982044
-0.26603714902
0.314606834014
-1.26108129711
0.261350542574
1.47859968265
2.23859149679
0.0733775893071
0.898898471941
-1.66236132403
2.63269948547
1.70999530735
-0.0931189389639
0.348469452036
1.2947662852
0.211443197614
0.324267712497
-1.18346054458
-0.839264640655
-0.341290610329
0.660614114046
-0.417290278881
0.914268639098
-0.184675607684
-1.61070292677
0.307028369202
0.0913988706386
0.275723605432
-0.521477728356
0.272245741214
-2.3448685223
0.716092833265
0.430824680553
1.38826644948
-0.266362295391
-1.13369303673
1.06119913046
0.125244723322
-1.44680727399
-1.33435466508
-0.0503166318443
-0.443756448807
-0.67068636639
-0.0640008781868
-2.34402153675
-1.41041270575
-0.672873559809
0.520185652188
-0.276237082609
-0.216544281618
-2.49755883364
-0.768034659945
-0.572605778836
0.277010547418
-1.15718036769
-1.28718598217
-0.282582247273
0.711040373406
0.317172598347
0.31982839469
-0.296021092755
-0.509634833367
0.262083064257
-0.278248786154
-1.8053321179
-1.25150444761
0.0031870939262
-0.446129948139
1.06010808334
0.252638862031
-0.0364610792026
-0.181300098889
-0.392483195328
-0.233716075688
-0.217326218233
-0.174372568122
0.823603231315
0.725763501166
0.587665054706
1.55040604147
-0.351883133714
0.18563299687
-0.364581623311
1.2449671242
1.20179488144
-0.623332595801
-0.219154186099
0.265988795139
-1.39973841573
0.215557048752
-1.22151675148
0.12656306869
1.25502913281
-1.03800401694
-1.21549022319
-0.805241527555
1.20250978183
0.999777250638
-0.523872024616
0.485598061323
0.157308785777
-1.07158021169
-1.59756753078
0.586950349683
-1.0422724586
0.27046042031
0.662563541673
-0.518831288523
-1.21817214734
-0.339791754956
-0.154776615562
0.771866781373
-0.584239775404
1.2680933345
-1.02343021016
1.42471520534
2.10943820289
-1.86015144358
-0.803413491814
-0.528910601305
0.0702265686447
-0.314477273305
0.156016318273
1.70542227471
0.0929945143251
1.08021021388
2.08623262127
0.19463125072
1.12932505042
1.91994128179
0.414028823309
-0.118146113604
0.443663703154
-0.982267165007
0.335450115552
-1.54213225694
0.585274404485
0.518959020312
-0.877372221184
-0.37497261834
0.352308805867
-1.07210472176
0.479588350969
0.888810792427
0.501656047771
0.632175375829
1.25393891854
1.42357639738
-0.568424095461
-0.405413194256
-0.85403688799
-1.32892812691
-0.443724800297
-0.0595986101792
-0.545873945326
-1.24141929802
-0.344764347219
-1.03290006278
-0.462389293823
0.358211017295
-0.82401776284
2.20512464074
-1.0601900019
1.19796976343
-0.727024508579
-0.0518936948165
2.59681095126
-0.136025575913
0.513513600166
-1.0911708192
-0.0163528737054
-0.435853389265
-0.780086983488
-1.63809615668
-0.383164323765
1.26092040624
-0.474145320357
-0.846640507684
-2.0162685393
1.45497991253
-0.940993084616
0.45400705668
1.53391042076
-1.08013930281
-0.909396376893
0.175262304092
0.746923747477
-0.740168034498
0.383539509234
1.14580316554
-0.263743511019
-1.01375066867
0.0723958088857
0.598132121992
-0.750772382205
-1.8683836671
0.0235103927213
-0.0138073981295
0.457591516593
-0.380195680119
2.22106204848
0.186598967391
0.558210363686
-0.987879801168
0.565367921943
-0.0952914332628
-0.405011808388
-0.36540596605
-1.04763299424
-1.98892582779
-0.146630787607
0.875383559016
0.379236855851
0.896359125936
-0.714652251583
-0.0707861606984
-1.20411457168
0.607500452398
0.451403255707
-0.37751779439
-0.924228569785
-0.327195533184
-0.763086257766
0.65608401068
-0.29770270309
-0.433958159989
0.214693378934
-1.55866034639
1.21301989122
0.220982714459
-1.06366640531
0.437631856635
-0.0224269593099
-0.283225548239
-0.29968778981
0.976556489877
-0.531529406876
-0.200791381838
0.191298816393
-0.669669374354
-0.472619776786
-0.000466006150484
-0.0136944858952
0.0519805900574
0.176139403751
-0.931821683036
-0.295483966999
-1.72654057082
0.976829133197
0.107296870318
0.381300483665
-0.287018963218
0.143434483642
0.168801016532
0.891155235831
0.404374218038
0.357603627636
1.45932982438
0.78234853202
-0.792631457813
-0.837921852996
Score: 1