3
44
10
3
-0.621777182265
-0.661258774576
-1.26284612137
-0.87906930439
-0.0778710534258
-0.506441198545
0.864067028164
-0.240854454538
-0.758993615745
-0.127164533116
1.01563793832
0.354568840934
0.381459553507
-0.302580487565
0.085210851503
-0.956671014489
-0.323529393815
0.338408546891
-0.648144568488
0.000833798960012
-1.3569659309
-0.0911755882272
-0.185541073541
0.778268918898
-0.0683783203327
-1.91104391128
0.666025415129
-1.11585052089
1.32731247001
0.932941151569
1.5177319864
-2.59657048694
-0.880169873295
-0.670691501612
-0.0917843652694
-1.30706230551
2.2512375179
-0.618787818774
-0.181206609181
1.66913894399
1.44643669545
-1.4084189208
-0.855461631582
0.612321470558
0.0561759627789
1.20775599371
-0.893663972376
-2.02213719752
0.35260612711
1.10810538038
1.15536031024
0.433875442224
0.0676108030422
1.44956371255
1.75606454949
-0.833301922457
-2.8133680017
-2.53893542385
-0.484290476405
-0.169258709387
-0.0762713745644
-0.667326123
-0.885270467599
-1.28774307007
-0.996681182143
-0.534914057274
-1.6907154872
-0.0587588211177
0.0558134537053
-0.586934521799
-1.43843780577
1.25769162609
1.50142016286
-0.52459456976
-0.38973894821
0.288637868875
-0.659183989653
-0.64635390623
0.149590081985
-0.345804895057
1.81604922517
-0.494014543392
-0.5833785512
0.390772566959
-1.10138014105
-0.866846891625
-0.534096540286
0.107582147336
-0.224167110708
-0.739353826481
0.760056121352
-0.569139269307
0.932897798924
0.437537000816
0.528786029548
-0.619407399557
0.840220898703
-0.107241584885
-1.9830081667
-0.976854681615
1.03494385819
-0.347133159978
-1.66709740233
-1.54154815753
1.66221866055
-0.0494093093388
1.81093694784
0.285389634
1.32299568181
-1.11073265911
0.0406323022991
0.294934228238
1.39731337609
-0.355567113141
0.0537605805765
-0.657313837175
1.2239265151
-0.881559777407
1.64922077631
-0.935936278434
-0.779990434553
-0.426389611077
-0.435036853316
0.458222451406
0.989860132087
-0.451012039176
2.09090518924
0.428013563351
-1.37440717839
0.596833688526
-0.189036129944
-0.268264489513
0.331441006873
-0.316689068196
-0.251767180103
-0.608293593495
-1.28863343419
0.700302609376
0.896360414675
1.24823767809
-0.782833274076
0.75824754564
-1.61306207691
0.621047616227
-0.416108689744
-1.15338429515
0.45767841813
0.607157835875
0.10920272764
0.389589528359
-1.43817561635
0.846774120976
-1.79066790868
0.819615453389
-0.558845971773
1.53236532222
-1.24261669586
-0.563267544377
0.262918206424
1.89112048707
1.20607305209
0.161573311968
0.0622112073823
0.27121039764
-0.917191207546
-1.16118502824
-2.31534914807
0.27393801104
0.616220635896
1.09412804586
0.615873043803
1.14064556148
-0.169701685946
-0.0550046679698
2.8062142787
-0.424491395504
0.258712218575
0.699244909696
2.00992185767
1.43848775283
0.231021628359
2.02236188028
-0.211066572742
-0.0240754516284
-2.19797047489
1.24401170988
-0.385744512959
2.08977942709
-0.351672565158
0.523593209608
-1.64906558457
0.967439949639
-1.86950161845
-0.59303181766
1.4272745326
-0.0755487936032
0.171193343775
0.0338596260763
-1.18053459047
-0.415505350315
-1.09290712448
-0.690628429996
0.978881380402
-1.65940329726
-0.96432796208
1.00338986649
0.609297975693
0.552102892185
-0.933168640179
0.379281953293
-1.08571088011
-2.05081524531
0.402393798688
0.686172277816
-0.40999940853
-0.5595999458
-1.35548946858
-2.38527964596
0.376990376597
0.951703079169
-1.25968194768
-2.57295636158
-0.207668025286
1.59263392046
-0.349581786332
-1.28722654808
-0.175551826704
-1.02456785878
0.125815765024
-1.12439531166
-0.469797204756
-0.476497499938
-0.535212053651
0.603476851206
0.175285308278
-1.76720381391
1.31341133754
0.136859749233
-0.744445700271
-0.471941352826
0.463882825014
-0.502691345621
-2.95508344648
0.62128840125
-0.0472159743278
-0.000498915098738
0.52918393717
0.320804866787
0.860091913841
-0.154438897146
-1.43712451228
-0.868133115802
0.817229049826
-1.10693604919
0.0988796778734
1.30597163434
0.572941867853
-0.197596648656
-0.0346690922148
0.349304460958
-0.557447426834
0.0317711656778
1.08926592989
-0.282494025693
1.18822866272
-1.06349326955
-2.12030060828
-1.77392767201
-1.43179272705
-0.0423885301473
-0.336783504526
-0.244945819186
-0.0488638504801
-0.53749797054
0.171007185734
-0.37320121932
1.09388201065
-0.0624904988213
-1.53724424249
1.6948491455
-0.267645116559
-0.253023187991
-2.21881667189
-1.27461856722
0.517438114437
-0.360055072283
0.712334321277
-0.184917899292
0.594469421881
-0.874219739065
1.21792630846
1.09613345773
-1.33850270487
-0.497921104551
-0.773018928852
0.810488293317
-1.17196790465
-0.212155244457
0.625308430895
0.767016365505
-0.277519948732
-0.0452320650417
0.122165189342
-1.1975789486
0.307998494587
-0.367188028766
0.200424968333
0.392726335403
-1.36711630582
1.35024992935
-0.873033325812
2.72057983467
-0.664798639541
-1.56990927952
0.184582323498
-0.188572499917
-0.143578266617
0.890356395872
-0.0436146458293
0.925593797494
-0.290635682503
0.348665229053
-0.199020613295
0.491486763264
-0.15857279147
-0.437432821876
0.37544254548
1.93027527878
2.19687893553
1.1737441953
-0.353951831481
0.0831893476772
0.205791604318
0.160689871592
-1.14539427465
-0.978895759695
0.733058611797
0.230276862721
0.761026918629
-0.436848790996
0.299091477555
-0.57129882969
-0.228454111913
1.95067648762
-1.24605783562
0.315638211355
-0.366738220348
1.03544272247
-1.16903845593
1.40248172164
0.283699797883
-0.840109513818
-1.2062570664
1.30131965545
-2.16982379409
0.285183721132
-0.437058811187
-0.281820609555
-0.419396673145
-1.77137413172
0.752532438113
-0.221600531699
0.0722831981989
1.94073940494
-1.38090313101
-0.25162145137
-0.578261706455
0.821303435552
0.872574265654
-2.19932801979
0.996223002736
0.313293943136
-0.325686765679
-0.687243402983
0.566171683917
-1.31902003439
-0.498743804101
-0.759261717622
-0.105109256417
-0.350214444257
-0.595072987656
-1.84993015938
-0.595656547688
1.17938364915
0.417933456126
-0.707738842174
-1.39727155017
0.377756045132
-0.691971610458
0.141380706511
0.625693822714
-1.6642530112
0.2261342167
-0.171086430368
0.894316534905
1.51726318679
0.783502889656
2.15145240795
-0.357719484758
0.791142204988
0.260602613097
1.76659968465
0.94967688034
-0.787430791861
-0.804468936536
-0.249654911666
-1.2644002226
0.780380130402
-0.831351729418
-0.281170858033
0.0889749570461
0.43033345366
-1.54526535759
1.09864239773
-0.119418659806
1.12025455409
0.0296677308955
1.00637153169
-0.697271615943
2.35118495752
-0.510560139227
-1.21253054473
1.06215028933
0.251489309366
-0.661656460553
1.1407063819
0.939745407911
0.0808948628262
-0.815029313445
1.27775288614
-0.149399214632
-1.79278833831
-0.361055647618
-0.152215358809
-0.512313995534
0.176184428109
0.0803532884023
-0.0866743899149
-1.2332633898
-0.142835289895
0.98125361351
0.244838948962
-0.186028695657
-0.204796132767
-1.18547798913
0.167948270698
-0.563989027547
-0.647650719405
1.19241066464
-0.263370473023
-2.21401723789
-1.24936201077
2.1309705907
-0.805819973626
0.957429617156
-2.58969599846
0.00452242625831
-1.08493683447
0.263767588689
1.62785769656
-0.318270514492
0.372177908821
-0.894870931095
0.92526468593
1.70389129936
-1.60608545114
2.28141311315
-0.697110584237
0.547896585559
0.399914716291
-0.677734218314
0.634340616063
-1.39908675404
-1.10074524523
-0.124204413503
-1.18989761064
-1.1483685159
1.00994615794
0.873257700546
-0.0877421998509
1.03455901532
-0.317838050424
-0.841937598895
Score: 10