3
44
10
3
-0.595851594341
-0.418303100271
-1.39322979425
-1.0036613749
-0.130380213004
-0.66818082714
0.761152555002
-0.0631091097622
-0.878602857032
-0.0551552825207
1.01012751934
0.607543638574
0.439539176624
-0.35586703046
0.16750106309
-0.940628508982
-0.462843695475
0.418406733479
-0.712198446991
0.209385090879
-1.51629756933
0.113468049934
-0.0970345830202
0.746270914821
-0.21086516556
-2.07423905492
0.608285143232
-1.07760322817
1.69066770809
0.865159157776
1.43871993198
-2.43934399559
-0.839670105204
-0.672982717065
-0.139761600536
-1.13801938694
2.07661898875
-0.729981237333
-0.374116896642
1.68266321565
1.472135222
-1.35631432686
-0.838689944678
0.764616862969
-0.0606471785616
1.14207459332
-1.00419418517
-2.06776723234
0.28328578902
1.10647261718
1.20380708142
0.311975444725
-0.181276400911
1.42204102966
1.71063088644
-1.07721061543
-2.97424593961
-2.58749591243
-0.385337282976
-0.320699713023
-0.216413886231
-0.587102534973
-0.903094733923
-1.17997662997
-1.13237515684
-0.368318037919
-1.81321377977
-0.159002050624
0.260380095682
-0.628875218607
-1.36932964222
1.33959608026
1.44687981728
-0.577735157092
-0.475832449809
0.197790549985
-0.673182164372
-0.473366025914
0.0896098669799
-0.509290985975
1.76253388653
-0.476951475525
-0.452853369047
0.443616767044
-1.01344280866
-0.501145299744
-0.671332198614
-0.119135436099
-0.414454925544
-0.975596678846
0.793766655141
-0.201029490233
0.951565962947
0.311306637435
0.904197103194
-0.706573684204
0.908618926051
-0.0712006394557
-2.19283405919
-0.938946269072
0.966062719077
-0.314809166913
-1.57649911461
-1.3153839644
1.53806445835
-0.0906395628349
1.76418113988
0.612811638147
1.35732014191
-1.37870994624
0.172380774032
0.140559782332
1.37505343004
-0.34720181498
0.281493068005
-0.47496518887
1.03776432613
-0.528215447697
1.69392236595
-0.983196243659
-0.711722175481
-0.352875064362
-0.467715563971
0.572997957975
0.860397654302
-0.415315624494
2.37576200818
0.529225049549
-1.35784303835
0.509212345584
0.0923189433677
-0.60314943906
0.236120439756
-0.397420149753
0.0236296019981
-0.726649639029
-1.1804320855
0.557221534972
1.16112099583
1.22377743233
-0.847225303525
0.525239883767
-1.70402591032
0.59364089962
-0.460935748478
-1.12118653417
0.399380179852
0.616261322367
-0.14832015725
0.407018984874
-1.43307436701
0.568990817189
-2.03086183144
0.722747130494
-0.270149437434
1.7154312665
-1.21637574454
-0.465757147457
0.302370155476
1.79043090286
1.18287415305
0.33710021822
0.147830547864
0.161996661508
-0.802696213104
-1.23973903954
-2.18480789066
0.265864128341
0.593023722228
1.10874060101
0.635290114634
0.989565337947
-0.00467878870489
-0.030721599274
2.56382473106
-0.245401314588
0.373812042319
0.69812298325
2.2032726856
1.32830997
-0.00743238817616
1.9499220738
-0.309966526888
-0.0167935712227
-1.98056295084
1.12770131777
-0.40362057831
1.90931093167
-0.427165692797
0.505707670594
-1.70660361383
0.868691874394
-1.70936002254
-0.621810622099
1.40732310239
0.0802521415342
0.0482434271873
-0.0730708906074
-1.14441388314
-0.311127413242
-1.25613984439
-0.872675274089
0.907451344606
-1.47466500403
-0.982880076953
1.04933222111
0.321684611292
0.628530371564
-0.846960775248
0.16051557274
-1.00429734073
-2.27643204448
0.469997895259
0.69218749604
-0.450979172853
-0.485786865822
-1.3157593968
-2.27790768417
0.578728769151
0.639449162952
-1.31053101215
-2.77119134859
-0.449087440398
1.4329655927
-0.52749913768
-1.0732858336
-0.151597068767
-0.806193161529
0.207299344646
-0.939339545543
-0.598898477167
-0.424551170922
-0.67154627894
0.53839833753
0.270811631738
-1.66472172542
1.51013480776
0.191355010014
-0.964257184234
-0.337055881619
0.190930508697
-0.523835659794
-2.89852219938
0.629928569125
-0.0892832156389
0.351579904598
0.430471689402
0.288651350821
1.0248960739
-0.214620817552
-1.44890079199
-0.695285801521
0.568791620476
-1.30885915282
0.0459858412013
1.54870227812
0.822888721709
-0.39168490614
0.176844015588
0.421393149022
-0.543111148694
0.141068791628
1.30380698531
-0.0569457674071
1.12822587678
-1.09521113339
-2.29862100279
-1.84502251008
-1.3741336064
-0.104045761357
-0.370453795171
-0.299542956392
0.060735651917
-0.367987922356
0.115417171717
-0.383519905452
1.18470315463
0.00730000373146
-1.43507858445
1.67850390997
-0.249966339469
-0.322463280021
-2.21545177248
-1.06135044783
0.279360520388
-0.304936441126
0.941323134864
-0.108152222838
0.681936297884
-0.816289136345
1.42083565826
1.05591599488
-1.42392399603
-0.486097692109
-0.950122233354
0.520486461652
-1.14764529593
-0.263455857849
0.467656743054
0.975196625772
-0.195452996672
0.0885465692526
0.0983373243696
-1.51791489438
0.220037524299
-0.218188575274
0.103473906764
0.483693322063
-1.25607057678
1.66544626948
-0.87680194354
2.48462540767
-0.499232614944
-1.62836540874
0.161759650899
-0.151541109103
-0.135242022789
0.770940912498
-0.388916509771
0.857698881581
-0.202272363145
0.407298708514
0.00381848521284
0.583447875402
-0.37886511721
-0.420072919224
0.527800851244
1.86331376057
2.37688306665
0.83977056632
-0.23348221129
0.383363128832
0.149481755926
0.0505376478619
-1.34466594662
-0.931934602503
0.534182217766
0.390892066376
0.703769750449
-0.450309064763
0.109276623234
-0.601771844916
-0.319629417512
2.00770191766
-0.891124629069
0.289298922531
-0.451385342597
1.21638241936
-1.26403378836
1.59332533803
0.138358521119
-0.820294384651
-1.2693460233
1.27282357983
-2.35771916825
0.395735312865
-0.338449131469
-0.351697792572
-0.265752169153
-1.59769680438
0.6523018271
-0.271996205891
-0.0835070496905
1.97388147716
-1.36007364587
-0.347707449918
-0.331427897236
0.993004692371
0.78863554234
-2.3322472276
1.01110730483
0.149050067623
-0.332398935568
-0.496113462231
0.541300807698
-1.69607143586
-0.544090453979
-0.753141919558
-0.285938095696
-0.305753752965
-0.718146001486
-1.73279026571
-0.66687986743
1.06515096945
0.163393451481
-0.579147678356
-1.31817550049
0.39335241026
-0.746649385249
0.282796457706
0.519656873537
-1.43592441426
0.109744047145
-0.308726217879
0.89703070695
1.20528401949
0.829274147185
1.84909820552
-0.436979774636
0.947847079484
0.330708999108
1.75561157869
1.03438437297
-0.82562334746
-0.713589507578
-0.360056223035
-1.17695941372
0.8465186622
-0.800168068966
-0.265852557324
-0.13082252287
0.369889475698
-1.50456409494
0.871259209233
0.212960660139
1.1283602953
0.0362214480045
0.948591793445
-0.8705344021
2.21051299033
-0.475168717946
-1.08648383651
1.19318530023
0.358004548572
-0.790629074211
1.05256416796
0.752165508366
-0.0621066740764
-0.64603777666
1.4734327396
-0.0310721098974
-1.81099551545
-0.186074396746
-0.258709798496
-0.525609233559
0.270553668724
-0.0414272075995
0.264113548549
-1.20741531782
-0.137463825077
1.25279311644
0.191366116545
-0.177441141499
-0.0323690007959
-1.34127164906
0.114492749296
-0.742280468609
-0.468731290633
1.21827484654
-0.165592368459
-1.86386622932
-1.13255728424
2.11614967399
-0.71016590238
1.17706469535
-2.6187384848
0.062624531315
-0.930878703839
0.0500254248727
1.56324093951
0.0733772467347
0.246009714755
-0.932277987029
0.749489117923
1.58443352375
-1.60286425632
2.06777375443
-0.466276818306
0.415843436207
0.434071007276
-1.03225621712
0.544532107332
-1.49857478964
-1.07141390862
-0.107045702917
-1.09103851826
-1.06446761994
1.11559946649
0.817608132192
-0.0542018420418
0.93759989974
-0.309624267289
-0.722009920149
Score: 13