3
44
10
3
0.744793215676
-0.471344669657
-0.0630928499123
0.199368519019
-1.35058624122
0.0126283958269
0.914846805948
-1.09931329972
-0.102368067837
-0.146637697145
-0.325384219718
-0.676765674362
-0.00321466175048
0.506531300844
2.05253652848
-0.917059947064
-0.052786779891
-1.82212828386
-1.66100249011
-0.947113832514
1.88747261969
0.919765291772
-0.385648183092
1.98620091177
1.1895710871
-1.09874801812
-0.973356314396
0.16867008858
-1.88049314903
-0.27956754893
0.109957259413
0.63837034992
1.3747753709
-0.828609861266
0.0545761013806
-0.305174713716
0.184208567617
-1.17870386631
-2.05525799569
1.86460453527
1.22145474188
-1.92023444417
0.702229199739
0.589445001468
0.00753839762953
-0.0479258827555
-0.361646048543
-0.0439108936521
1.99527837186
0.371144771545
-0.0888548128014
-0.92168232558
2.11563946143
-0.742652587499
-2.90722787087
-0.204131903522
-1.30751124627
-0.420757505795
0.145116547677
-1.79630238734
0.335717463651
-0.581621491181
1.18832907643
0.476745282148
0.502723571526
0.932018221164
-0.0437557196326
-0.0295461038494
-1.28751123897
-1.21848508394
1.06615769492
-0.61805762479
-0.788951964795
0.048059852913
-0.532100901187
1.14122056852
-0.447642373848
0.180423506412
-1.06196825405
1.28434627004
-1.08560910008
0.751235417735
0.221478412796
0.0317237124961
-0.242129212681
-1.08294852318
0.0495038073724
-0.211346911109
-0.950537289611
0.2529980446
-0.0590948089616
-1.08174608648
-0.462249689193
-0.730152683935
2.57584231049
-0.448549693328
-0.452026770153
-0.713230045351
-1.04147881356
-0.0264036901791
1.32754443659
-1.63888603159
0.750620790887
-0.151528744085
-2.73608811047
0.602197686787
1.20357443921
-0.836909075278
-0.300226564082
-0.354702085375
0.317106861856
0.617217100902
-0.64496022441
-1.71148762806
0.178593065464
0.494057794278
-0.267482386365
0.924030000412
-1.40395376154
0.638920795174
0.366721706238
-0.576748956504
0.269506812013
-2.24397652883
-0.0149158219472
1.2908310546
-1.45905029691
-1.2257163542
-0.749671973962
-1.13780615603
0.374523748281
-1.55785738594
-1.52812854797
0.764832404189
-0.0880623158979
-0.572454122342
-0.101181782907
0.668479616966
-0.033736415743
-0.576721593301
-0.867488866113
-1.13560745956
-1.80335225268
3.01755057934
0.593240056555
0.728822278948
0.497480827717
-0.376009259855
-1.3241843255
-2.01767154737
0.374408709042
-0.40616202474
-0.178518176967
-0.931475437301
0.536205824107
-0.25943932234
1.89516235483
0.702242271087
0.462588949599
-0.0604889537563
-0.902023245273
-0.385566990466
0.152671233058
0.840193029282
-0.357653884784
-1.34807591151
0.458687026326
-1.09538472554
0.192713147189
-0.619323047082
-1.23623586798
0.465165671209
-1.07069409989
0.313366743778
0.546321665791
-0.280198585478
-0.676491327721
0.301221991066
-0.00936542864635
1.38602998463
-0.861649755336
1.75936451611
0.484521785032
0.0440920928732
2.6275349315
-0.239298085234
0.225221960368
-1.20145300069
-0.212451615271
1.48273427322
-0.0127729586517
-0.132181069138
-0.0248822361438
-0.152060516462
0.109416524213
0.0311796238063
0.858496289522
-0.505037560426
0.304865896759
0.853872392673
0.156977885071
-1.30419175183
0.324574995174
-0.310000998823
0.272028326946
0.102952567065
-0.208509418539
-0.31251975327
-1.48769813227
-0.0972851252948
-0.0436154193041
0.571093999305
-0.132560746344
0.188613019544
-0.283867008158
-1.68459971895
0.0288596212137
1.69482297051
0.38558153125
0.898568866797
-0.351662984594
-0.45653461124
0.363062444996
-0.655723313766
-0.600579826824
-0.490143362877
-1.90947595743
-1.9297199023
-0.865997879951
-0.558554740752
-1.38583425978
1.58545955152
0.0394110879251
0.559005164911
0.605921067393
-1.06753701158
0.22487079119
0.392366279154
-0.290985395842
-0.365645365752
-0.646273514969
-0.40362682259
1.23189985079
1.70835777907
-0.392818966622
-0.464639957264
-0.583051002175
0.0131126999598
-0.337341988451
0.310812832225
-0.991084548603
-1.75674586023
0.510877848439
-0.275805300501
0.906596150883
0.386194617464
0.913021162586
0.740756459665
-1.26323287689
0.592846325836
0.179829674137
1.59947053033
2.02565255771
-1.42794333533
-0.739914469325
0.473607875857
0.107824332087
-1.20391662176
0.865170469385
-1.29308428467
-2.43979090145
0.501595774319
-0.129473807802
-0.628998702043
0.596935498443
0.952776326967
-0.685509732688
-1.95181719103
-0.81429326416
0.938455401887
-0.728141855066
-2.18360992954
0.0101370437143
-0.0890875695485
0.100754606619
-0.968122622834
0.356351064655
-1.67354680223
0.183756417134
-0.418826050793
0.687307704307
0.418391645861
0.796698756406
-1.0255294071
-0.235222135671
1.12804511452
-0.6789189406
1.08801277057
0.231955788566
0.469904601363
-0.425113712826
-0.292319860185
0.191216322507
-0.266456150939
-2.54260228747
-1.74197186283
0.224940193904
-1.78551756925
-0.617026370147
1.18010878818
0.467624091634
0.286549618004
2.0027332518
0.136163469905
0.943640508908
-1.2138535576
0.226451117085
2.81296627026
-1.24146439806
0.454266405733
0.0309066842329
-0.611440066638
-0.650364950686
-1.27532510063
1.47857680187
0.77013611704
1.03742923151
0.589412929002
1.75639852709
-0.0960599845611
0.974873035181
0.230341804741
0.504753003156
1.40567222328
-0.373377381595
2.20939768717
-1.24089704506
-0.456257111895
-1.26387663349
-0.901250215228
0.774489761548
-0.615201498053
-1.28137661484
-0.0686809919451
-0.311988591863
-1.29183797356
0.715983727707
0.371824294409
0.632847923882
-0.714743894197
0.444608649611
-2.10267686464
0.205284817702
0.135775471318
-1.29977710418
1.65971372616
-1.19875841674
1.82203317935
0.789252694273
0.100446829458
-2.01616561383
0.124286199003
-0.279705598773
2.7281759223
-1.43291803425
-0.557570733747
1.3897148855
-2.0623184333
-0.497403873112
-0.461179149935
-0.200582493169
-1.93715230843
0.0498303066106
-1.88816002483
-0.235567480263
0.30396173613
-1.1876250492
-0.175903695877
-2.44182473987
0.578805009789
-0.0277687107953
0.186095375893
1.23536168805
-0.540714045735
1.76174741707
-0.0217988149448
0.210874743842
0.18202532839
-1.30915718614
-1.68195416174
0.840657537735
0.00109157003525
0.719784297723
1.13537700359
-0.949241751432
-0.25225191701
0.394715730217
-0.504105168403
2.13527365972
0.682618538523
-0.715482574419
1.25267105613
-0.374813189888
-0.704938743429
-0.689459637411
-0.761044559203
3.14017361688
-0.895745136692
-2.32770376967
0.37399775186
-1.04615561388
0.535394216084
-1.08375149206
-0.96481562071
-0.838426929449
-1.19916107608
0.755854470959
-0.221750374063
0.6988695343
2.17573005135
1.24750456452
0.249510746687
-2.29342745851
0.55796780037
-0.588780986327
0.409177940286
-0.0548776764828
0.080327401888
0.173987137682
0.896983493945
-0.252176364652
0.656050602806
0.0858851432133
-0.643135525644
-1.9239892184
0.830241279598
-0.420293032484
1.07624597756
0.483702851357
0.680855658034
-1.27851101158
-1.32172543813
0.28359622912
-2.67069729835
0.926916516372
-1.82223178302
-0.2730256645
0.14895754975
-1.84922772791
-1.52634402228
-0.682735140714
-0.619870659049
1.0542834148
1.24568091954
0.288266761495
-0.891330594875
-0.3541715211
-0.316995675114
0.103873009752
-1.02968410385
-0.720546099607
-0.69187502934
0.0150881978717
0.950513907089
0.166344413589
0.172136440271
-0.773907290702
-0.531196636856
-0.67670739401
-1.75366452627
1.34341695492
-0.885890765455
0.423134676427
-0.251281500437
-0.248305397601
-0.129861858715
-0.788950451314
1.27478020468
-0.211625647501
-0.0478312304156
-0.562309463129
0.217620148834
0.902026339833
Score: 10