3
44
10
3
0.447632811644
0.194496991641
-0.966888637765
0.111473803464
0.319828030388
1.17061396427
1.09721908893
-1.15829128171
0.918101282476
0.0743809364108
0.340610959156
-0.140172277421
-1.01632466707
-0.0601829284906
-0.841317049257
2.66211015016
1.00976140988
-2.0345963813
-1.74041995871
-0.606453891641
2.16820936217
0.742654145384
0.343160832835
-0.105117523695
-0.498657179174
1.07031627608
-0.858934345026
1.82321520993
-0.691050231595
0.654950730499
-1.99143876507
-1.70399207967
0.834060415497
0.832697410186
-0.763967798238
0.531157765578
0.590516300708
-0.468207104375
0.749594667476
1.23055720521
-0.821242565245
-1.39712474156
0.0760607286714
-1.59579433868
1.43457226333
-1.59583990187
-0.118577232903
0.27235456938
1.79395208276
2.02752820351
-0.091347516612
0.502727438374
1.17095597727
-0.707218909844
0.158114680628
3.22451324791
-0.857204466228
-0.346229960678
-0.731903377512
-0.836728948836
-0.961767746445
-0.147408315404
0.345242322224
-0.373841376996
-1.45747948116
0.654422029281
1.5775076775
0.963992544186
-1.2221869831
0.526305807916
0.919820693337
-2.68478911209
0.758891157805
0.696880001996
-0.42851939127
-0.576439793836
0.301458067698
1.46653432271
0.689364327219
-1.19147716279
0.0916989549285
-1.86472605598
0.15372972862
-0.424156956245
0.443151477667
0.864734796303
-0.824837783824
0.883820488041
1.32730222368
1.34053098294
-0.651219702212
2.1450476018
0.370936197825
-0.63880791282
-0.984524202563
-0.771181896735
0.157448368166
0.246502390809
0.159815114153
0.55672579638
1.14560411263
-1.02610869938
-0.726470518097
0.0769837222075
-0.290252676579
2.04602766787
-0.203499292609
1.33403790133
-0.344663336631
0.18214540044
0.945973581597
-0.0886128027087
-0.237119329434
1.82634827883
0.490885459316
-0.545353734576
-0.86779054288
0.79647711845
1.24240844667
-2.08738850922
-2.42229306974
0.72310372843
0.551140551923
-0.286699081087
0.605480313483
-0.198582480199
-0.148398047457
-1.33744942087
2.04076483485
1.23126596831
0.516055701588
0.102922809218
0.191786586754
0.989207876802
-1.793419738
0.475259118852
1.44317180571
0.947954581874
0.851954960967
0.338608573959
0.622044330104
0.81531094209
0.532664693212
-0.390042603038
0.599720672716
-0.626952317189
-0.399013088202
1.39613206659
0.844733651527
0.719056441286
0.869903017143
0.878172974764
-0.246046790074
1.13421696942
-0.534333703389
-1.23927453089
1.48699789549
-1.23476670712
-0.747595405806
-0.863259826076
0.469078157323
-0.47762319643
-1.0012170246
-0.874264783892
0.0309393548639
0.390473704884
0.798763894479
1.54552873612
-0.567842459419
-0.818150999433
-0.609383871474
0.3658474952
0.652801066736
-0.115694440267
-0.50054999376
1.73215606133
0.234565362992
0.759416179619
-0.626119590954
-0.196968127513
0.422420252045
-0.233854722863
-0.695353226346
1.66852185675
-0.00464749437723
-0.410696998281
-0.652571976087
0.24725695675
1.76395266609
-1.63160269787
-0.745884969913
-0.170281160271
1.57402059456
-0.00367092517926
-0.525240531003
-0.717924260878
0.973911153832
-1.09412597513
1.04342041476
1.23770273977
0.571278718049
-1.00957881111
-0.654097332449
-0.754034653997
0.350835178301
0.589850920787
1.37319362591
0.0803347198614
0.123785685142
-1.64235965873
1.48321700005
0.394758859199
0.13930678903
0.117417421645
-0.770192242853
1.62959328593
-1.77946675816
0.581510044959
0.994027125918
-1.43855548479
-1.09873419203
1.17184015725
0.91383097857
1.21488030866
0.0949366153467
-1.39858434167
-0.336018965287
1.35542716006
-0.598165151528
-0.786663228948
0.603382032237
0.335180319947
-1.4517358743
-0.570296355485
-0.588647148089
0.131166528724
-1.46172103016
-0.889249469118
0.946742593047
-0.11910857493
0.603804661229
-1.94643883275
0.10936238699
-1.11476302774
1.86606537647
0.328463904788
0.419545415129
0.210328246558
-2.73077466124
0.174113677391
0.189193735579
1.00391490321
0.0296011078947
0.173685134141
2.30862136277
1.33212309006
1.90361863765
1.32126292467
-0.0483824119573
1.0821246959
0.695608365663
-0.758968915528
-1.49651698681
0.529391254943
1.03819739549
0.157233274795
0.733867103596
-0.471695816327
-0.0701362007281
-1.10122013438
1.20071538994
0.263614441206
1.17542003199
0.461482837682
0.206904916098
-0.242809604622
-0.15630381936
2.10809218214
-0.246111094306
-0.546739554863
-1.98125930649
0.176863353021
0.190186333791
1.14175379331
1.34218523443
-0.883247376427
-0.19243451009
-1.46101705012
0.490888126455
0.623046845493
-1.97501819027
1.38299677631
-1.02389488796
1.07762259852
-0.375598997251
0.925255710926
1.26613297204
0.158692791204
0.471633592093
1.33904130542
-0.613348250947
-3.54524650915
-0.417657858208
0.158590855518
-0.341507085528
2.49666249914
0.0978969106977
-0.493661687356
-0.810512618583
-0.491969496075
-0.993413385441
0.0973413899587
0.317357088975
-0.946061615818
0.195732235922
-0.410101658897
1.60465478664
-0.563017055485
-0.0647646516825
-0.54447094233
-2.40322058539
-0.643064688302
0.921489301823
0.650066658586
0.952330380012
0.0927342864619
-0.432412790649
-0.941435360241
-1.99051066273
-0.218231018929
1.22495357037
-1.35411179053
1.12334097447
-0.757969872571
-0.28687367054
0.711681500315
-1.25274897011
0.575728616385
0.582637732863
0.444638790915
1.31751988633
-0.00203385434438
-0.317934896732
-0.305001799893
0.747338841633
0.308939248384
-0.800943900576
-1.32777605164
0.510136191941
0.0320617623862
0.140696195039
1.30125870372
-0.312766071771
0.934414587504
1.38979293558
-1.51593479343
0.338470968403
-0.540485899221
-2.10201409779
-1.04774904017
-0.587162264349
1.02409134398
-1.68362026573
-0.025746861401
0.629298315714
0.155574130334
-1.49040357973
0.544101947309
-0.929403894591
1.7778985994
-0.131704952499
-1.19502665312
-0.859528806419
-1.73773178053
-1.0857051403
1.16752080317
-0.909674775009
-2.24210227997
0.99165532938
0.206479442526
-1.04049506824
0.33598469909
-0.0359513230553
1.518361857
-0.468432433269
0.439340394638
-1.28627022957
-2.12740544757
2.24580696249
-0.102477163417
1.97471102233
0.551728522836
-1.73136668573
-0.099383938347
0.0101506285359
1.49453524259
-0.338093553825
-1.68874797817
0.892203374717
-0.0203592642987
-0.594625791011
0.0906738491608
0.372228039501
-0.512746519407
-0.694267492339
0.598193828518
1.91274231512
0.902400710247
-0.661024337051
0.56893313406
0.39166363023
-1.14562521698
-1.09183733821
1.14657196025
-0.318063869307
0.151845181438
1.42506094562
-1.05318044998
0.940492463007
-1.77110582845
0.580793609852
0.0807086857818
1.86112562694
-0.324870247522
0.247527285522
-0.52341091974
-1.2410139543
-1.39644804388
-0.174622941467
1.55316242113
-0.96796675637
-0.496957826925
-0.237663110951
-0.349400997922
0.572115742622
-0.699606838839
0.0719501018819
-0.852945167299
1.40354885041
-0.876010019047
-0.534753265849
-0.537554770113
2.27078918317
1.15317446165
-1.0356319884
-0.202735396537
-0.64958924413
0.399862293636
-2.08822066183
-0.62809294084
0.0545008293356
0.298133892118
-0.707908142917
-0.292178414005
0.803541865885
-2.42478475987
1.03305257459
-1.07932993979
-0.21615163802
0.406165950273
1.12678685838
-1.02783316801
-1.03850345493
0.290697667192
-0.188645404443
1.57931484051
0.314311320161
-0.558564115984
-0.740223097135
-2.1809516579
-0.289033294475
-0.450861876877
-1.38549356428
-0.803602669204
0.820439959126
0.791494865147
1.69348274832
-1.25524318399
1.66434922053
-0.408869820637
1.97047334527
1.04513153135
0.555326868461
Score: 10