3
44
10
3
-0.770488345799
0.527561756233
-0.578167072653
0.995247430733
-0.0012367464091
-2.50936592331
-1.57695453951
1.31683811485
-0.804967895364
-0.069218973394
0.219555320524
-0.950241261311
-1.47003476432
2.03440000455
0.996604006351
0.0186774053021
0.421585904019
0.978300720655
0.0585379901358
0.295075132023
0.237225166667
0.957384235923
-1.04444731445
-0.257927705251
-0.939844323592
0.272931448719
0.112324284128
-0.994220803335
1.02631170162
-1.64140389621
-0.512814838458
-0.450979263086
2.10923617062
0.321014656826
1.45534306935
-0.417121521478
0.824812349281
1.78103138625
0.490598939124
0.550231112938
-1.44912593009
-0.57192148716
-0.925175373643
-1.10904768586
-0.282082183836
-0.993191183394
-2.04012379609
0.298137780622
-1.91908885491
0.527007968991
-1.96315138597
0.930890522704
-1.32248232581
0.676286108084
-0.0338159009939
0.323506253332
0.195383730327
1.26511570343
0.922174790561
-0.851210744672
0.0419453621463
-2.07247997952
-0.569983244546
0.209910459824
1.47386862001
0.288534732515
0.0212125841705
-2.00252075556
1.29360695061
0.10520325306
0.129672166582
-0.297526922132
1.98980688881
-0.289368575982
-0.706627919931
0.516652566831
-0.879015765953
-1.11331707195
0.337534146751
0.892037858977
1.94384109197
-0.347121961344
0.416571178266
-0.0035811975398
-0.462312692921
-1.2449293164
-0.0582584383983
0.09149177397
1.91214611458
-0.141036480672
-1.13009544907
-1.06901566979
0.565334834576
-0.17867077775
-0.18693453622
0.502492251202
0.12639765173
0.449286187725
0.0457959995114
-0.186252479859
-1.91360950736
1.04160270396
0.8575625579
1.44775289867
-0.371498652403
0.602497456609
-0.32679980032
0.691129426818
-0.444948856891
0.348402870602
-0.0161466643334
0.4998663521
1.82763947896
0.430415969927
1.08437331166
-0.74607378407
-0.59045998659
0.520425448753
0.206829767219
1.08008034599
-0.581817716383
-2.03694832262
-0.92134697149
0.026395664432
1.299391999
-0.352326677754
-0.377767625302
1.01919562387
0.00255289753237
-0.470622349743
1.9546215716
-0.545381951277
0.159899516898
-1.31097523543
0.891639325957
-0.879620937475
1.36090235763
-0.254695098723
0.0619236430871
-0.641389781682
-0.725242578382
-0.942409174408
2.08415417006
0.676456207147
1.28704307175
-0.28233887575
2.3173964355
-0.499928723573
-1.38065875949
0.199025420456
1.82527904665
-0.401214254593
-1.12046785045
-1.15042115166
0.0159216162799
1.03911587328
0.269270776656
-0.450457630757
1.45337741121
1.26078059645
-2.21247066057
0.849711649345
1.16949820189
0.195888851695
-0.762380529894
0.428115369075
-0.606316886852
-1.73489234686
0.0612271084263
-0.23859106588
-1.09063035785
-0.786142264117
-0.279909020549
1.49723092057
0.630898071425
0.886700755674
-2.15075775565
-1.72404183413
-0.93991548881
1.23489982439
-0.881550574962
-0.0995883806081
-0.79104053206
0.521616994895
0.319657032297
0.559934554978
0.46881459536
-0.44334919111
-0.711418558321
-1.26816094474
1.6647953527
-2.60339980501
-0.698457501024
-1.45359435437
0.110678452599
1.6298052271
0.355229286274
1.11553917004
0.0850763684231
0.735484102826
-0.343549497431
-0.742058272462
-0.628825471864
0.0799052330722
-0.346243759917
-1.77933486178
-1.28353536262
0.237057214102
-0.10018220425
-0.088847176358
-0.330956070641
0.780638729866
-0.383138415638
-0.351292601224
-1.5662527056
2.56484954381
0.603528576033
1.11947055312
0.898325656667
1.36582218779
-0.107985000293
-0.683592274927
-0.992976370227
0.742112390976
1.91361980937
1.2270284173
-0.649268522434
-0.507676764346
-0.103220045586
0.653595580979
0.816108062318
-0.0570146348954
-1.44004461436
-1.35759610097
-0.191827685269
-1.25778166637
0.123804499314
-0.235240104663
-0.329084348562
0.0222453945572
0.889523109165
-0.0979820231009
1.73873743384
-0.620956507754
-0.655850507775
0.227233060931
0.00558517916996
-0.126931648832
0.52938707144
-1.4464354143
-0.949541110288
-2.25202862221
-0.60041039119
0.630109908599
0.672269416526
2.10921149891
-1.04750808965
-1.48055322418
-0.854126984356
1.1226732421
0.607992262997
1.54324511172
1.37352886103
-0.0928903958915
0.377941085134
0.925674833892
0.0644902731751
-0.231930134359
-0.913800182177
-1.11145977591
1.23360769528
-0.319373283464
0.125385672332
0.50337507542
0.22953151348
2.02172184383
-0.000833026756321
0.854738441122
0.869556837591
-1.18355567407
-0.323086528975
-0.44543677196
-1.60742061453
0.627658849876
0.82955229346
-0.703672808309
0.866803752813
-2.06121171031
1.40424125394
-2.52883490219
-0.168225275159
-0.156701823802
0.748196699828
0.62208603915
-0.0888977039989
1.40730872525
0.921164431554
-2.86044133042
0.576157130636
0.551420766793
1.09699285215
0.141730527635
1.69978531496
1.26599182943
1.15278612387
-1.07171655557
1.35449063694
1.95787309931
-1.35670716613
0.275416731178
-0.885751006953
0.00340024535165
-1.12405131167
0.205980108057
-0.263573035281
-0.700771192233
-0.502128222233
0.343967899397
-0.294139676032
1.04483155045
-1.22404852199
0.229889203528
-0.384139849999
0.326007625816
1.8859046519
0.664013552117
-0.0721000133192
-0.877783304649
-0.869622444797
-1.07362250483
-0.908670419404
0.727441624629
1.10764271763
0.698178929463
-0.743507132792
0.151758797916
1.61123313543
1.32379024648
0.501520832492
1.21442694682
0.170090723102
-3.55123629365
1.47185593751
0.324050068365
-0.530313817593
0.704376596005
1.30977699638
0.638796680162
0.386755283999
-0.120692382986
2.15445739427
0.183277377222
0.16075260696
-1.34932368532
-0.403520501619
0.0602420545135
-0.294801075709
-0.751839084761
1.63637125662
-1.45437796078
1.83492208504
1.13320425041
-0.752183034587
-1.76189575043
0.248911935052
-1.31976484738
1.24462165161
0.550889172959
2.29380294712
-0.726410185775
-0.362968119929
0.0211832990134
-1.85002401881
0.0269553320282
0.269569566111
0.0094853691366
0.147802965763
2.14564147114
0.748112245181
-0.632450002721
1.63711316182
-1.88067876629
-1.00373797734
0.268364686588
1.4122206798
-1.47810081592
-0.0968298930981
0.958481126417
-0.0596465373584
1.1234031389
-0.577228569936
1.14085464537
1.21888273156
-0.506556950244
-0.0944686075809
2.06797865941
-1.24539511817
1.23275335859
-1.35739490724
-0.0672339221391
-0.161857285553
0.939559320704
2.11462247356
0.726748385407
0.866981529589
1.34847478181
-1.98057337099
0.125996130667
0.340265763519
-1.00197576159
1.01376162947
0.343685096878
-0.417524588829
-1.9183661795
0.37886024496
1.59858639592
-1.42907422076
-0.519699087098
0.752488091195
-1.18998258757
0.297368851446
-1.32006739973
0.802130613556
-0.206373812875
-0.353268947531
2.08125679691
1.37840073632
0.430386375971
-0.00920177159257
-0.290391425852
-0.535907780384
-1.01416595845
0.415561220574
-0.527815794819
1.32180369727
0.688882222255
0.0615834736598
-1.09580501025
-0.729500190874
0.633832727227
-0.67295744354
-1.76450718979
1.48904688499
1.25052025469
0.614184639212
1.70483151288
-0.0328978210917
0.612962183915
-0.0957962788078
-1.83887392933
0.684008416394
-0.363940685708
-0.200330478438
0.184156199965
0.0223023368816
-0.919185260173
-0.471849285515
-0.0549883908852
-1.67945468928
-0.147825639829
-0.0234756759343
-1.16870446127
-0.374590844599
0.293390219765
-0.164914717631
-0.0886221763553
0.230521679763
-1.61951640501
1.43727763433
-0.247418444853
0.644576319182
0.541825862141
-0.454323659086
1.8897751977
-0.0855911053078
-1.42779243825
0.15682231011
0.757697783678
0.89623632489
-0.340661202989
-0.278318859012
1.52559936786
-0.459226982085
Score: 1