3
44
10
3
-0.590392883669
-0.570653970894
-1.26515697312
-0.670615115505
-0.256175327964
-0.69604315822
0.727951444027
-0.092106095852
-0.990536906184
-0.00704973850296
1.11375026995
0.332004080011
0.360635352582
-0.144534804025
0.0473541295704
-0.904151563541
-0.272120167685
0.264342080923
-0.485008743936
-0.126462132303
-1.36125321822
-0.0763785131911
-0.0268240432828
0.827104295047
-0.142133400595
-1.88571345111
0.488654052462
-1.18931501347
1.37793793431
0.84284672573
1.38237005724
-2.60331088997
-0.892136706705
-0.869527031101
-0.15033434838
-1.19724902758
2.05669809735
-0.515320312701
-0.43494354549
1.72884036347
1.46480647749
-1.43358039039
-0.881489393544
0.681850106407
0.032177814706
1.26815090215
-0.665689302589
-2.26523606755
0.0526938115605
0.998322231817
1.23535928887
0.531731842346
-0.0305992352257
1.07913855971
1.71799728929
-1.21837927935
-2.76537796734
-2.46686579863
-0.438253858056
-0.315944643282
0.038498230201
-0.610478496847
-0.923904304799
-1.36320604638
-1.06792506728
-0.360022110356
-1.60663673403
-0.0237691172265
0.132036349758
-0.482717732455
-1.56321290666
1.56832308933
1.45638806592
-0.576668349068
-0.473971601287
0.287052860846
-0.654905025517
-0.537068040267
0.140671790772
-0.426190863216
1.72311544773
-0.325776712385
-0.590540184443
0.345126460126
-1.01828506733
-0.608902907745
-0.760034793788
0.0343208880268
-0.380637528723
-0.824553537471
0.702760701341
-0.414130039897
0.984224254873
0.338294710669
0.682722809155
-0.814015350284
0.827657561485
0.0243317937633
-2.1731777016
-1.00697289537
1.07978009408
-0.502861739733
-1.54002626565
-1.15815186664
1.34898173774
-0.0705745518361
1.88129988451
0.426851226363
1.37131708337
-1.29832981834
0.171426698944
0.240082007009
1.2698501992
-0.301881243457
0.163713405436
-0.454035666975
0.960411985434
-1.01490660605
1.64969494086
-1.03232817556
-0.741635629554
-0.437804822851
-0.223085565829
0.484304926942
0.835245970943
-0.374838683789
2.27090504185
0.418436317693
-1.29503201483
0.487696678787
-0.202181245562
-0.353400885356
0.379122320103
-0.333283344695
-0.251983904476
-0.470697810647
-1.37391262528
0.54106981694
0.833051129525
1.27301165659
-0.737533599038
0.691712401241
-1.51497070708
0.701070420509
-0.381269324346
-1.09468695243
0.28911527017
0.789308731635
-0.0117222179725
0.475634043841
-1.41209294437
0.697986426305
-1.74905225879
0.847418676114
-0.508042356957
1.6725053189
-1.25315563542
-0.374376316165
0.112452315313
1.84961071863
1.2129170586
0.269725550461
0.101219044666
0.272028712738
-0.864132424614
-1.31189449069
-2.23482267051
0.16645293516
0.508875674439
1.25757092271
0.775724244558
1.19707205212
-0.0274850593031
-0.111365878807
2.64295846018
-0.293262783836
0.0765406147957
0.669778455034
2.00125091948
1.31418236018
0.0192049158514
2.01847908328
-0.412654535205
0.12392267083
-1.81894352931
1.25238275256
-0.538137196217
2.02961601787
-0.222582811786
0.590469794834
-1.47244254185
1.09614185581
-1.60501661324
-0.569947797207
1.41147759939
-0.029277290031
0.184797475958
-0.100490635771
-1.25425488585
-0.378567355158
-1.0686715637
-0.682244008335
0.851001831769
-1.5563530285
-0.975188007438
0.808771362908
0.31838579902
0.498967669225
-0.78636679239
0.323308838947
-0.837270056917
-2.15132327324
0.397890048042
0.723549821621
-0.221668874852
-0.400378593748
-1.24566144419
-2.33237387798
0.339404296733
0.812240482177
-1.34549486345
-2.53806902611
-0.17543382791
1.60331708582
-0.166533780917
-1.13879217269
-0.167015273146
-1.14126147934
0.137406423531
-0.924772056764
-0.83758098254
-0.378769737781
-0.611964848615
0.74083140998
0.0801027442916
-2.02763133058
1.03958730475
0.133483613769
-0.974101506094
-0.47646277968
0.528723178093
-0.799420133692
-2.71272680366
0.656099731524
-0.255437676332
0.186052714488
0.5747313353
0.424547882184
1.00012191697
-0.139873572894
-1.32605319193
-0.815514771563
0.621967825588
-1.13414484535
0.150488364802
1.40459918644
0.688560412385
-0.258181343163
0.0429608887941
0.275187796775
-0.61936544018
0.203539546797
0.997372229956
-0.196625752665
1.22205076106
-0.926263304639
-2.16364618698
-1.82052692132
-1.28592843016
-0.200916168629
-0.502779632262
-0.212546157986
-0.206998305705
-0.478581706647
0.471172444868
-0.339846443164
1.30521641198
-0.0288296500958
-1.46305298667
1.75595329448
-0.539607413016
-0.189490717347
-2.15351318721
-1.15608116982
0.705932894212
-0.45419754313
0.952836640708
-0.0586604684357
0.487846552799
-0.761768610717
1.15246783143
1.03261150342
-1.4455584417
-0.473953473375
-0.884998141532
0.635523449745
-1.11201716658
-0.209989449149
0.500013718572
0.557336749238
-0.257435360024
0.15741658931
-0.0570155089801
-1.15665079243
0.0737656327178
-0.399985328279
0.012355094422
0.152185111574
-1.26151645861
1.44394774716
-1.04541322783
2.7392315338
-0.69554324538
-1.67830087603
0.202927000732
-0.23857956608
0.0141964131184
0.755625943045
-0.431350126286
0.733120808185
-0.208775186599
0.491471934893
-0.164196563731
0.563783648712
-0.323103022185
-0.628531931792
0.519865947979
2.02496510791
2.13255036951
1.08130793528
-0.509154010517
0.252508457184
0.209971703196
-0.0109874641038
-1.07573221219
-0.795936515363
0.67822759349
0.199928023602
0.947421984125
-0.564710758253
0.317703293057
-0.505335389418
-0.174612273453
1.89053012779
-1.04658142814
0.32600674009
-0.250818665207
1.1744891854
-1.16838657071
1.60567557229
0.101478092395
-0.719819266649
-1.33857864764
1.1551222754
-2.10589017315
0.424213966311
-0.522758841263
-0.10503920402
-0.398103303467
-1.6490535533
0.473348503088
-0.0469726743659
0.01566027482
2.01828755917
-1.45684138813
-0.321316500951
-0.426369534895
0.911752443403
0.763832802832
-2.26687212106
1.15224750359
0.139611666614
-0.453409044037
-0.315578013983
0.582373444082
-1.48434193319
-0.477642225662
-0.701087526427
-0.26943225112
-0.372196340579
-0.623722964334
-2.00004710263
-0.655978503908
1.27456631036
0.469846060399
-0.717819557545
-1.18863372838
0.456417194031
-0.538715207122
0.368679693716
0.544956799402
-1.60365312945
0.134256560451
-0.320045885055
0.679562495855
1.40228664346
0.794875395579
1.94442428511
-0.279159407468
0.959865951277
0.222604257035
1.71386788855
0.870385093398
-0.798008779996
-0.822084611739
-0.401681732587
-1.26356928824
0.827343076881
-0.764798251903
-0.242866020524
-0.159653690627
0.611954246009
-1.57071116865
0.752571367037
0.00610468385141
1.16203913053
-0.168108416433
0.967065390365
-0.84144194074
2.1559244878
-0.311269398753
-1.26138382726
1.14307006604
0.196499316238
-0.816350234516
1.05404124307
0.818940149953
0.0745174984593
-0.77988322177
1.13731420719
0.0058256164467
-1.63044678762
-0.347430024751
-0.123621669168
-0.790809316022
0.215646659317
-0.0868167413328
0.0920873443696
-1.2521317889
-0.134536665537
1.11196962863
0.107146259146
-0.0934500759376
0.00546234246791
-1.25465355105
0.284334124391
-0.607172893206
-0.641160867416
1.07527223923
-0.0858613095764
-2.22044210494
-1.1892829098
1.93265087579
-0.610271030376
1.0297621823
-2.41762651919
0.234959852865
-0.873602708128
0.182183497067
1.34683954208
-0.302628274211
0.246113824578
-1.23560886378
0.948535144066
1.78361422404
-1.44377385925
2.02470638863
-0.674727802264
0.45781827168
0.437696423172
-0.918579983847
0.592189769736
-1.38725584107
-1.03385511464
0.0219205472244
-1.09689172905
-1.00784707917
1.24108006436
0.654504947981
0.0663280470518
1.00243025648
-0.508222669575
-0.977037723492
Score: 13