3
44
10
3
0.633138719433
-0.253247493543
0.167738790026
0.653611441885
1.00033081205
1.2511665316
0.654073450329
-0.724445468643
0.360082456175
0.636027969487
0.75033189479
0.613474861287
0.104858407154
0.731593817679
0.458718769018
-0.431832548077
0.524505322225
1.97500275034
-0.667122612615
-0.6348969641
-1.09661035165
0.566458397166
-0.0773024253853
0.660719362164
0.496492024457
-0.167875770735
-0.577739605208
0.744895709344
0.515594142351
0.969835149309
0.978658252879
-0.467032099714
-0.572216156815
0.344861593594
-1.19919204695
1.44173734134
0.506653064802
-0.285410551322
1.14388908067
-1.38228485255
-0.387903141107
-0.841917190391
-0.0588472920778
0.130033865119
-1.07065684825
0.840368999284
-0.0240524344663
-0.904672251312
-0.543577522775
0.276404563192
0.39778289781
0.0141161909826
0.25567770159
0.320564111303
-0.232121837184
-0.534407065184
-0.307143713786
-0.644387963437
0.916633559746
0.594978393108
1.6054079801
2.58520850667
-0.251849463301
-0.868062946649
-0.0863334137135
0.965233649837
0.490822247857
0.505495339243
0.415354156836
-0.374690535982
-0.813801401578
-0.40882844477
0.665218239144
-0.214887572753
-0.621086392881
-1.5383272821
0.414482062118
0.208295046376
-0.74981237748
0.202282052924
-0.175807265614
0.51938678105
-0.410842896411
-0.829466397263
-0.0995496109541
0.242042689797
0.432342714539
-0.966971627418
-1.01947158804
-0.459686113041
0.179972451701
1.54715397859
0.320665924744
-0.758231444845
0.320969911214
1.05737213748
-0.64286247494
-0.283576835675
-0.0359907817891
2.83184344732
0.382458591953
-1.34616846416
0.460613578768
0.788150425071
1.03234836382
-0.777809164799
-0.692186624403
1.09346549358
0.026248344933
0.141452498059
1.15096910604
-0.226315605472
-1.05034324699
-0.419943048331
-1.01955137877
-0.198537911435
0.0729512791789
-0.606316795293
-1.25211363401
-0.86473492247
-0.161138089145
-1.24241396794
0.172284489642
0.374675526524
2.62067365956
0.954642500003
0.994115300823
-0.313820879125
-1.02494471954
-0.809342760079
0.273636900722
-1.48554347793
0.150324533357
0.340661883212
1.79913554397
1.61949084293
0.461406865241
-0.967856666388
-0.125163922986
0.920909869064
-0.361228421927
-0.74469035683
-1.45859480174
0.0453057831051
0.70903552337
-0.233941892871
0.979374622752
0.359511779796
-2.00978994449
1.08717424463
-0.749694972706
0.633285337349
0.701250934326
0.810577692551
-0.143426551264
0.311544966713
1.05016015148
-0.437807760203
-0.608065500712
-1.81149032726
0.493625917725
0.147509809127
-1.078595639
0.139684730882
-0.170269376497
0.400237874044
2.01751433788
0.606642485025
-0.00324163530946
1.36126224016
3.06129633009
-1.63054505831
0.452838788378
-0.729583751313
-0.549749883874
-1.54646540232
-1.24730908899
-0.797363867886
1.57950138347
-0.388377992616
0.0462567498851
-1.81288727051
-0.778241236545
-0.423381060972
-0.511614412677
-0.912602230094
2.18767344304
1.83032464201
0.755225170753
-0.915003327335
0.897252827471
-0.0968165521865
2.78942846694
1.27538540448
0.467727916436
-0.360703138858
-0.616157566924
1.04854722012
-0.0311477952468
-2.7890725454
0.893736206444
0.811067963404
-0.0431981500431
0.0385651750594
0.242112189859
-1.48685093278
-1.33598014798
-0.210055705904
0.526440387131
-0.628633167323
-0.602272814998
-0.218980644815
-1.70928696255
1.95343642239
-0.397470436716
-3.05869094885
-1.3294437866
-0.333355215398
-0.268350031597
0.112627903858
-0.937773988091
1.08405786532
1.074835649
-0.433494534542
0.487032582296
-0.428253714104
1.6199789054
-0.608324965476
0.7581834676
-0.279742298207
0.138525989145
0.247897491494
-0.344679719614
-0.992169708265
1.43858829976
-0.904469430019
-0.0863740144428
-0.0347454220871
0.805770652253
1.20625106862
-1.91524402532
-1.97194868361
-0.098776635215
-0.214127567716
0.254741600795
-0.272317044926
-0.278370314396
-1.27171154956
-1.02109241912
1.41502732469
0.73270845481
0.994885418973
-0.113182146642
0.136390827128
-1.42007466792
-0.860963847569
-0.366806945913
0.486859253581
1.36497779728
-1.00741539442
0.241492564521
1.14869834601
0.980937262737
-0.07726276796
-0.526652730386
-1.06130953335
0.656736646779
1.25153744348
-0.899219656628
-1.43451803191
-0.226983772326
-1.42764936057
0.521610816912
-1.39334410897
-0.469730122985
-1.13544855842
-0.256055079029
0.614245818169
0.047200598414
0.66618687587
-0.358907789899
-1.0674324921
-0.912988355818
-0.969161224605
0.0780289652907
1.8077372716
0.427477451151
-1.96014467447
2.08366940276
-0.402655898234
0.820042114546
-1.12861463257
-0.974323367542
-0.233559182857
-0.610517043547
1.14255381643
-0.593431355962
-1.3494541428
1.46225489421
-0.462698369332
1.87229128636
0.369312366905
-1.11129206787
1.33701485241
-1.07137573303
-0.61073373647
-0.76225115156
-0.657050163443
-0.123027373829
-0.946418341034
-0.52259419083
-0.391102208398
1.34802461531
-0.238378492263
-1.14823240463
0.591118410004
-0.672281284366
-0.501290672825
-0.427579189145
-0.546219825895
-0.342785964361
-0.250660527102
-0.715542508627
-0.462446442325
-0.659478772031
-0.246248353271
1.24089878887
-1.3020840366
-0.634713208512
1.34516191933
-0.479678930876
0.701310738943
1.28564101748
-0.685001833369
-2.10134772631
-0.514135503624
1.34344611533
1.97531455072
-0.889068214751
-1.48004369882
0.362421671132
0.60456954338
0.595341637482
-0.035602505014
-0.816782651109
0.947285856445
-0.639190657787
0.445310436911
0.436961039282
1.4315551173
-0.377389979097
-1.78344572079
0.319228269581
0.704008693221
0.128852752422
-0.25288600947
-0.192217345397
1.40999833029
1.4802290452
-0.520614328909
-0.441605340096
-0.993245756504
0.152332850606
0.881933190145
-0.0178546317312
0.46631805091
-1.85018362012
0.432688479531
1.3275550328
-0.126674561803
-0.118829980346
0.904603148076
0.742369079843
1.00418194861
-1.03350982951
-2.45549510448
0.13299233624
-0.275614084806
0.226287598338
2.67531888295
0.845000820566
0.245338999779
-1.25401526048
0.298346182236
-1.35396434061
-1.07872447187
0.17556424513
-0.336423274322
-1.52680347112
0.345406537378
-1.34356389711
-0.351146065379
1.35412147823
1.07437346675
-0.818761244701
-1.09495381367
1.20534933571
0.386657189572
-0.00795463044482
-0.0721885643757
-0.094957489133
0.734417384135
-0.883681182049
-0.701564635667
-1.57703290283
0.527350570272
0.219089479187
0.0564831112468
0.038254475649
0.375923244057
0.191417033851
-1.03711968943
0.364050011851
0.6327827056
1.35431921485
0.119412159162
-0.343404722651
0.154693946001
-0.830204781016
0.804619798972
0.369394706879
-1.9016998557
0.168678424548
1.38920988839
1.77544429431
-0.671421833643
0.175967989916
-0.31144400861
-1.01960421176
0.241512875027
0.86963421147
-0.268004656658
0.886219289232
-1.25606766178
-0.22408886639
0.683614876338
-1.30687017312
0.96866334561
-0.608802521439
0.505391449559
-0.642962587807
0.909607420692
-0.391864486038
-0.791062424773
0.3544027578
2.59343243579
-0.313927341432
0.076765659327
0.0860021300859
-0.384882712273
1.01344018872
1.80005819692
0.018199069926
0.436171940937
-2.47797016321
-0.148916759395
1.19395091817
0.263427672123
0.366171257909
-0.271274608629
0.117337261861
0.842299221916
1.4206256432
-0.280601900412
-0.150863572654
0.0803481624656
0.266542874708
0.501872887524
-0.455691927887
-1.20903272944
2.00260703557
0.487757408792
-0.626443051275
-0.076701656574
1.23080075974
-0.653031274849
0.956837572844
-0.166059810409
0.192198841676
-0.948127575927
-0.841460281194
0.46396018562
1.83749553136
Score: 1