3
44
10
3
-1.46953243607
0.146667291769
-0.500257311189
0.690389022004
-0.555939622533
1.59141455045
-1.1085081977
1.18254872217
-0.840830538762
-1.67429520082
-2.62591293664
-0.769782883012
0.291515122608
-0.244143254317
-0.971964319267
-0.475321590106
-0.469881464695
0.132118003876
1.69602047868
-0.995343055277
-0.248435802319
0.701110000951
1.20183829534
1.16556064256
1.40093056705
-0.817344008063
-1.84894419573
1.29093476976
0.355010479071
-2.01746082493
-0.0206133057024
-0.572498362698
-0.370754420522
1.56521981522
0.261265931471
1.19090144584
-0.83809050205
1.83616504747
1.71186441884
0.479434714137
1.42970145506
1.60004371924
1.86267593461
-0.519762403695
0.789309594151
1.50658174621
0.369025915652
0.950326582199
0.656220154157
1.34869258836
-0.995158715168
0.0744182326535
0.895748008112
-0.255528692691
0.662271822453
0.142690560965
0.322458038111
0.808600744903
1.06399807044
0.751582859494
-0.89560817123
0.497947959255
1.44030755472
1.72661075395
-0.907251553582
0.458554600709
-0.165940047676
0.121045403308
0.687652250953
0.639228359533
1.52363640753
-0.559514557812
-1.53245894261
0.582163883007
-1.36955676971
0.848186529575
0.188141774788
0.0911014772356
0.582064034944
0.957828009239
-0.616104225757
2.42703815388
-0.0502935569902
-0.869114806958
-0.572091682251
-2.37982682964
-0.0720944035755
0.997207851485
0.730358698165
1.84395376808
-0.8098208744
0.0203565572606
0.151169013567
1.27146541237
0.342229068469
-0.238199993228
0.367700234177
-1.54885032634
-1.44634202267
-1.84270271125
-2.57134240178
1.50067073963
0.813459549696
0.586226368899
-1.82598748528
-0.715035781441
0.294476915912
-1.21417312969
-1.21523678118
-0.772993875753
0.160336881795
-0.697168771512
0.0259006514927
0.138872096871
1.15641967644
0.629732116002
-1.54164750799
-2.26989926987
-0.730971201428
-0.237871903816
-0.470603108521
0.968206593
-0.244837578728
-1.62174990685
1.33954800668
0.401230134393
0.791085516928
-0.821948119012
-1.69478374318
-0.0451534135381
-1.39671392362
0.0312675124422
-0.453210980512
-0.325296899234
-0.998612612818
-1.35584661735
0.661621387258
-0.337318318957
-0.587490681291
-0.54710775996
1.28194205658
-1.3839592085
0.662553010263
-0.795182561297
0.173566843916
-0.0439755065622
-0.237251458163
-1.19515772956
-0.807075382315
1.3170347314
0.0397384135588
0.025624141368
1.06776789952
1.34857857515
0.698922094115
-1.48681972302
-0.330953286681
-0.635272132355
-1.53615054287
-0.678505065508
1.11100176464
0.49292911036
0.264284428379
0.272917809451
0.759052820057
-0.918185586043
0.965968551311
-1.17268268511
-0.699327068953
1.35219124024
0.637960533959
0.981747875987
2.20011688054
-0.958109513963
1.90613553674
0.220703047322
0.346775613399
0.506423524866
1.53813983794
-0.00529452859732
-1.52961580978
-0.15429640348
-0.185010107874
-0.994905942614
1.72264505894
0.559855637095
1.06912095626
-0.831930752577
0.369546830048
0.218474080605
-1.16774395623
-0.509388682437
-0.258370980154
0.168742746184
-0.221097270567
1.02730573748
-0.141918411425
0.865390030572
0.413295483376
-0.459188969641
0.761288958699
-1.6663548303
-0.388071594198
-1.16774867648
-0.636866463807
0.641278484569
-0.497656860015
1.41534528468
0.803718047623
0.442609250181
0.547355664529
2.0523193075
-1.99729017153
1.19906878422
0.491745566052
-0.204017695956
0.476761808967
-2.39484513386
2.07782336151
-2.50828579556
-2.20725141088
0.548041742887
-0.0148742481032
-2.09656152127
-0.982898421689
0.173293061195
-1.47400548256
-1.55197333969
1.05443184896
0.023311503173
1.1204380045
-1.29199024763
1.04357577927
0.591107981523
0.384955388317
1.06903412792
-0.771474451576
-1.77751074684
-0.859459218842
-0.467304645529
-0.270373336063
-0.00497966825947
-0.268470618177
0.0388827011486
0.387845891982
0.882219883951
0.999026348613
-0.953009100478
0.741970662834
0.248078641806
-0.391160235985
-1.05036030043
0.964653174175
0.253989331573
-0.593534622135
-0.0648488162355
0.747155347549
-0.250409592781
0.862270202201
0.0662662237771
-0.188276960476
0.609951665587
-0.085751754388
0.38213235601
0.318077222107
-1.69898737236
0.128168637677
0.325417688295
0.848691838964
-0.213914150712
0.0174466022322
0.702690886418
0.762698019652
1.69802942958
-0.539008711472
-0.622996829751
-0.344033711314
-0.307500866538
-0.255884311863
-0.160841348086
0.139690542064
0.223384103719
1.26542696179
-0.633842560492
-2.18564970908
-0.0530410354434
-1.18056378897
-0.36220268898
-0.923042257855
0.554786425956
0.829813135463
-0.165968997537
0.18987725644
0.0929769262899
1.17770902931
0.257261953163
0.299659433967
0.34339359855
-0.844854095883
-0.657244932939
0.019709518381
1.15061000093
-0.299095481241
-0.179601794472
-1.16869800534
0.376096061506
0.062156927596
0.97101674225
0.357021335926
-0.81806518184
-0.501031849008
1.43753258358
-1.85195221082
0.310634317097
-2.30636497858
-0.914911739069
0.843313721178
-0.454326919678
-1.24586888148
0.574339039544
-0.162380650789
2.04891381365
-0.772679792906
-0.30015589376
-1.17528029199
-0.860987753834
1.66706451599
-0.867159173911
1.18953110883
0.688827082398
-0.54383285818
-0.213362277437
-0.9256460701
-0.0166156277484
1.10004445821
-0.431665831665
-0.328542106612
1.08231719903
1.84007802088
-1.53630867197
0.755222400008
0.68395542838
-0.692328551402
-1.10122957654
-1.25585487347
-0.983425077133
-1.14028566054
0.877948472368
0.236586878607
-0.660981169906
0.578791702688
1.38808468451
-1.16807634415
0.357803728416
1.0757077372
0.301881264911
0.3142927195
0.790347404694
0.141893846279
-1.01457795428
-1.18833767933
-0.51504541411
-2.23636712197
-1.1506752871
-0.0886279844005
-0.025959863195
-0.248013657636
1.89993428095
0.646334927293
0.869498008856
1.06732459689
-2.67053240483
1.26799475865
-2.58503634949
-1.22697360481
-0.842181434499
-0.969652684619
0.469103611545
1.10714242232
-0.679584505213
-0.885103758574
1.05180135057
1.08957247808
-0.116217017717
-1.30029155757
2.43016294187
1.28795812894
1.3751504664
0.194169053255
1.22069387879
-0.391076082578
-1.04140490736
-0.345633538925
-0.833543244963
-0.30479705364
1.51983038809
1.86784856778
-0.648180657143
-0.942137688118
0.874439261064
0.376800417313
-1.48094007642
1.22879456804
-0.667414676814
-1.46218604806
1.22104685357
-0.712258487101
-1.26694238313
-3.2923065943
-0.641974129839
-0.512508405332
-2.81127361287
-0.676842579146
-0.18414569756
-0.75285311304
-0.256688556993
-0.236803790675
-0.0374891548618
0.263672859126
-0.117218330925
-0.848572839654
0.391335384985
0.603200084964
0.331032936752
-0.331957045091
1.22407811782
0.0829471753295
0.454884156818
0.704355997217
0.921873015491
-0.88482171932
0.160054107789
-0.441998364
0.317387374227
0.838283204581
-0.163648732233
0.82934239062
0.888789362308
-0.688789496173
0.00092636913423
-0.320228242143
0.191107410125
0.423398412354
0.0206490371674
0.79203295144
-1.42884174935
0.863398989434
1.56386890255
1.87763958617
-0.112165794611
0.898913266435
-0.251540145285
-1.13234514427
-0.4339047188
-0.342729993204
-0.0270256290195
1.18715587135
-0.717168863867
-1.19527625439
-0.743348077737
0.175904713697
-2.11072530617
0.122913103508
1.37155251423
0.677095377507
-1.63272244282
-0.670536496458
-0.443302172059
0.501213105966
0.951975386048
-0.523475112165
0.377251095366
1.09717789834
-1.39113485862
1.66346643373
0.40967223667
0.519923158311
-0.220718672393
0.999738110897
2.24962677894
0.0201391676559
0.116620302302
1.25978476633
Score: 1