3
44
10
3
0.299538988085
0.626127475862
-1.03234740388
-0.125169233916
0.379041034774
-0.0878999842919
0.796022287647
0.032166675868
0.496048429191
-0.432195946079
0.0433569232654
-0.495370533062
-0.519686645696
1.66766321225
1.4150355585
-0.387396536415
0.715260766475
-2.8346148952
-0.849453480194
-0.729871212542
0.566310312993
0.0595455518161
0.591118950667
-0.908682142061
0.307753458938
-1.12229318776
-0.25308557407
-0.0523902420152
-0.539622611698
-0.32039553864
0.562441193951
-1.82040655558
-0.698554422255
-1.00440415643
0.27085218221
0.79622572683
0.919150981831
-1.44813542043
0.532571829372
0.461181057805
0.445412887365
0.720955888996
-0.0157119225039
-1.04517625951
2.01321867782
0.451204901601
0.445278572563
0.999649154284
1.01022085781
-0.439575705016
0.902863140717
-1.00201539191
0.813839889801
2.15846802882
0.723726965603
0.460647696304
-0.595969115582
-1.99858712121
1.777352139
0.644378689196
-0.37901823725
0.80369234928
0.175438194973
0.0478012055022
-1.75459996289
0.735966475803
0.636928557225
-1.03267470931
-1.00325777169
0.44489924524
-0.669511875745
-0.556532854375
-0.81591666576
-0.144048895722
1.09848392832
0.572734945517
0.490017045001
0.0949276873501
2.02292155137
-0.993644992768
0.774830963611
-0.542606325852
-0.751345488775
-1.47044144003
1.73638177536
-0.641420152769
0.216680404103
-0.0460617968366
1.0229161194
0.303441790006
0.480436011727
0.0769229101601
1.09986972575
-0.425724554948
0.418698376683
-1.11973750967
0.66102784646
-0.786640972403
-0.370684659322
-0.890595698745
0.528389596595
0.762349729482
0.593979015205
0.750907482137
0.100368126231
0.0898815057383
-1.05990877964
-0.106409873433
-0.354141926573
-0.751100108944
0.0143763663184
-0.272955143758
0.274866532348
0.903716542829
-0.131750913347
1.49978980088
-0.467729160882
0.514556067689
0.12975575527
-0.247666415731
0.197291172217
-0.262159806532
1.541747709
-0.230894499447
0.519067686482
1.56479289815
-0.409214258235
-1.48744136813
0.312976192967
-0.725905326072
-0.752158301874
1.00881874456
-0.584042556776
-0.490877159211
-1.3281501812
1.43958686356
0.59055804331
0.594159856149
-1.06809028638
-1.56556301983
-1.0089729214
-1.4155256973
-0.562935558818
-0.505123123285
-0.80058526882
0.76168575663
0.0682569367414
0.645850908583
-1.32535778871
-0.852723929267
0.357059563895
1.65404070346
1.17931146591
0.689784723694
2.16341304139
0.952959853165
-0.168414293799
0.309140270872
0.279058484928
0.435486657043
1.16975186388
0.277173008576
2.09901903375
-1.35020289908
1.51170275188
-0.135673625191
-0.259596902108
-0.192380602791
-0.372947697695
-1.35273488356
-0.922163065054
-1.70614166017
0.131747391423
-1.14884662312
0.323939654795
0.127040552561
-0.345421459474
0.862493549928
0.307809856771
0.514286664923
-0.245174443655
0.204287723234
0.677651133339
2.78336329314
-1.86946949387
1.10668480354
-0.78983803329
0.488249144309
-0.979981950643
0.15429985434
-0.827284227021
-1.18573055656
-1.52321506946
0.768950965495
-0.425859283975
0.5460339846
-0.200229158246
0.569378383491
-1.93845391611
-0.49243245254
-0.796280881717
-0.144713228419
-0.794025430329
1.55341606537
1.36745676072
-0.650103239254
0.958095066297
-0.00244866922797
0.806337712259
1.160317671
-1.01941559387
-0.509815341309
0.241029988952
-0.107374693605
-0.578258581701
0.0368772756748
2.73395163035
0.302039474927
-0.920107223738
0.572274762255
-1.05621008831
-0.555802283869
-0.429261743956
0.565981576281
0.0446745769565
1.57582216093
0.834305480417
0.198259281873
-1.64073560471
-0.483955565184
0.463910651878
0.635921079887
-0.893362131857
-1.21057061775
0.265833983533
1.22142733346
-1.54361061982
-0.924053300679
1.00653132081
0.574025121945
-0.0749697873681
-0.278367438166
0.643662681822
0.957244456672
0.441188615921
0.183278608284
0.612047231953
0.14271100687
0.328977914819
1.1268131108
-0.769126042919
-0.707160174625
1.26679757804
0.882106097152
0.0493971324921
0.0370678348846
2.20757868041
-2.74148909134
0.450127235713
2.0972012997
-0.395981826519
0.217315075045
-0.441673019378
1.19325426863
0.934809741257
-0.630577377467
0.322681280901
-1.1635371297
-1.33771727848
0.260193637124
0.114379240996
-1.8693948519
1.0678345033
0.0647072437227
1.14842633655
0.60266747547
0.965395568502
0.110212821641
-0.359020226227
-0.849381957294
-0.122286320783
-1.55482571963
0.433716729304
0.17746959074
1.46635617763
0.109238299316
0.150313737844
-0.0349890903734
-1.18598522904
-0.232309776251
-0.11347541191
0.0506486687254
0.0199085458484
0.999866342391
0.232558609609
0.406314191314
0.353551945357
-0.256335246067
0.842283666453
-0.626345380886
-0.318493677054
1.34669009803
-0.305169644759
1.12357921803
0.415176201924
1.3920441669
0.318939108757
-0.0317627362014
-0.575831966817
0.3555484605
-0.18823465095
0.708562506321
0.111455593664
0.92659787783
-1.11533743155
-1.04136750914
-0.834696757753
0.321976983496
0.720093182343
-0.365753719749
-1.43307331198
-0.417651147106
-0.72069886399
-1.02809849724
-1.58959740581
1.16297662592
-0.0922532300737
0.586041549606
1.47602960728
1.09647049781
-0.459850333775
1.89177000625
-1.54618393215
-0.980743154459
1.21024504616
-1.96896151166
1.0581835895
-0.137092287636
0.887342226829
0.0402301278775
0.133077341815
-0.95905053829
-0.570487513809
-1.92301929625
1.09635092415
-0.377926004427
-0.446442891237
0.821155814182
0.0382682052678
-0.100837780783
-0.225181739537
-0.449924832668
-0.849915204893
1.33493583808
-1.07900422413
0.297981819068
-1.17279872721
-0.451087568629
-0.504228139027
0.177277856918
0.823954197892
0.595804370015
-0.620686351061
0.896609605526
-1.85635800444
-0.521800132884
-0.409801328421
-0.0397998766885
-0.737623283801
0.401430865476
-0.873458117844
-2.64899582228
-1.91708397439
-0.401304876147
-0.996976744316
-1.47173257972
0.5283397631
0.664150169498
0.561330912682
0.16880908987
-0.836333874816
1.27097655284
-1.23941424262
0.548506432289
-0.819617303691
0.816315277167
-0.155681065528
1.5579856722
-0.599542419538
0.534047361687
0.0925594060683
0.659212201718
0.537511724487
-0.0382643551016
0.814583911668
-0.746091709143
1.40552530781
1.6074616692
-0.800519505098
0.846460116018
-0.0139022954352
0.453465948366
0.0238963883633
0.105368113632
-1.4453452145
-0.371291977282
-0.39976192631
0.943265334551
-0.551304728408
-0.0508755501197
1.01458483204
-1.6588093033
0.816152904745
0.480289934919
1.77952692121
0.309097724108
-0.474942118203
1.60011775267
0.584490924741
0.676966047945
-0.62828711891
-0.924925256319
1.19384293753
0.26991798479
-0.726759654423
-0.859285765395
-0.554443783173
0.144958685178
-2.1492258863
0.303612003076
0.748312815484
1.48109804153
-0.69739982256
-0.0855978593279
0.692454250272
-0.403478493989
-1.25512614667
-0.447965057454
-0.641724489881
0.231213545286
-0.402611133519
-0.455866991312
1.26587298217
0.346047785389
-1.14824684049
-0.0982648417893
0.14516682641
-0.858007152654
-0.439635454012
-1.18395404676
-1.4584132744
-0.821840886985
0.85508919203
-0.240712420541
1.51968765519
0.227888923045
-0.571665306094
0.570417472188
0.689478490588
0.0415432537599
0.786981880502
-1.04019778302
1.8615191808
-0.266609754503
0.176356720984
-1.01096693943
0.223913458256
1.00595576144
-1.59706569019
-1.35693940257
-0.143104001574
0.48370585452
0.851803749098
1.15820509024
0.695417415048
-0.828365786249
0.437884196011
-0.21564351934
-0.387040808489
0.206820836542
0.769085671989
-1.43521755197
2.16509193498
Score: 30