3
44
10
3
0.097391903304
1.66242633572
-0.673908533901
-0.909953238679
-0.5599202993
-1.79935178744
-0.0315321669234
0.845679651735
1.62351515623
1.4413142381
-0.803828739699
0.843722349702
-0.114139522095
-0.935878026266
-1.93726588182
0.149386621548
-0.348026144328
-0.0211086200574
-1.23665480211
0.762260084154
-0.217599984677
1.05985122852
0.500857961672
-0.919525471188
0.455040738379
-0.378346364573
0.425960020355
1.42774343204
0.941139602411
0.899977642532
-1.53556970753
0.435801245164
-0.457309878901
-1.84998515489
1.53471327876
-0.386943707003
0.125870238022
0.546913334083
-1.31432072727
-2.4074533853
-0.977082966587
-1.44613661206
0.144425067926
0.0326442366105
-1.43065608126
0.569297489169
-0.807793360349
-0.827041366874
2.64974572096
-0.760496432727
0.487594573531
0.284985794225
0.552042554124
0.697045940721
-0.540726084999
-0.356658579339
0.826551836166
0.140101117936
1.70876322266
0.530300639407
1.01937943174
-0.819929406726
0.595181242683
-1.30966098818
1.13275573685
0.576889315833
-0.0565158008435
-0.772859947868
0.16862477273
-0.295605594124
1.29773174514
-1.72520188009
-1.658544228
-1.29241461127
-0.267824064358
2.05070371829
-0.66963401904
0.0899331957812
0.415338037986
-0.44518386248
-0.472852872883
-0.507703723704
0.665604879052
-0.0117798090708
0.26482607008
0.251540857425
-0.802300683175
0.742199886227
-1.12564436577
-1.70602127647
0.11640923033
-0.769093381052
-0.100866383483
1.93643208592
0.133696461811
-0.74346842941
0.511811562361
1.74800943802
-0.274519731844
-0.265282173916
-0.446963698495
1.52694371486
-0.389453623493
-1.29881198219
-0.819612691139
-0.191343461103
-0.125326214734
-0.19254055454
0.769111430792
1.2584686571
-1.49002494862
-2.72907435595
0.439068981558
-1.08648880928
1.5778990544
0.702557786512
-1.71623390177
-0.850960887911
1.07650841242
0.204344705072
0.50443885578
-0.94350241108
-1.59794426918
1.24650053997
0.387988944161
-0.280074636843
0.548688483644
-0.79537961291
-0.928512890367
1.33455857596
1.53287563704
-1.06492109343
2.01745125584
-0.776510493807
-0.531715253828
1.32953641497
1.39008270585
-0.494023123462
-1.57439049871
1.27580003288
-0.799209085732
-0.349192289606
0.7614863749
-0.229896965383
-1.62082666933
-0.814178143031
0.83534068781
-1.81466557888
0.672849641674
1.46449616183
0.602079880463
-0.64545969801
-0.986338898028
2.98733071895
0.095099112376
0.936168359243
-1.73219418732
-2.49700180584
-1.47885545308
0.346973444076
0.811847706026
0.564380294337
-1.20798142005
-0.185132630636
0.592869012474
0.270501343695
0.900649247057
-0.889469890827
-0.147271264069
-2.20982011396
-2.02589511449
-1.07710392262
-0.284585467042
-0.0932181866691
-1.13346557057
0.148612399215
-1.21703023512
0.192724531604
1.87625241547
-2.59870572908
-0.511697225477
0.0398878551401
-0.20444174747
0.664821727349
-0.0857222826848
1.30553580824
-0.415977987221
0.340072426524
1.24234766518
-0.681354054417
0.596596455246
0.0168547211835
1.27648861159
-0.895445187955
-0.324967177381
1.25225419873
1.31114419624
-0.479844349831
-2.20207283623
1.383742637
-1.02955978429
-0.0895733578957
0.0413803957136
-0.957703205952
0.167763790491
-0.730982504509
0.627076867557
1.19175502749
-0.17135398276
0.592346328939
0.695001380535
-0.533839619663
0.361223034827
-0.940630983773
-1.2946232827
1.61940151459
-0.661461566571
0.586057835137
0.180140871707
-1.14548599
0.114341346955
0.987562889156
0.468525608473
0.750563992529
0.684580168571
0.537912402914
-0.391914459602
-0.867081635984
0.00558287902854
0.478216426467
-0.800749658805
-0.333215322651
-0.280051568094
2.02570066584
1.46691610546
-0.916056593589
-0.882131948136
0.442632662879
0.0788884215885
-0.33052898462
1.41771908557
-3.17301533109
0.576699968534
1.28096261159
-1.71466186257
0.52218734791
-0.959072025856
-0.333353681283
-1.80238703261
-1.19757462078
0.00759238468609
-0.294683581732
0.725944932526
-0.110957609597
0.342346415395
1.00040229489
0.310766569327
-0.301363285808
-0.737457139549
-2.16696430991
1.23056412597
-0.335193518505
0.510751813841
2.46481331406
1.19484952747
0.100020975453
-0.406309256873
0.0302280821968
0.0307541009007
-1.57194483955
-0.0917653131757
0.758478664014
-0.759795023372
0.0505037464645
-1.0783623728
0.984296445233
0.194074344789
-0.591799960668
0.895477314235
0.315672897155
1.03261008005
0.533877454114
0.36089864318
1.37188291435
1.04906680717
0.0913304645279
0.240731451336
0.189423336027
-1.98348295211
0.388087878065
0.682989373729
2.17385650279
0.72916538516
-1.20362646345
-2.26730771815
-0.395236097122
-0.561585914574
-0.36667853021
-0.480310960481
1.01267129631
-2.1245029341
0.950253813897
0.570285948549
0.853653376083
0.154006716303
0.583790969191
-0.509848078194
-1.06934233717
0.090452683634
1.03368136204
1.55100123229
1.01807451147
1.17608925585
-0.326294432613
-0.00423650676359
-1.05067540673
0.0499887504971
-0.292212791471
0.82746611531
1.16696961333
0.455845404438
-0.495796045165
-0.217687553565
-1.28860585345
0.998239388414
0.704854666575
0.289094879591
-0.401262362453
1.28087986639
0.837239415744
1.42376834343
0.148516466659
-1.23182153507
-1.63553246473
-1.24175316613
-0.0199812727536
-1.3404135264
-0.595013199887
0.658522778068
-0.949381387084
0.027464879776
1.32262363855
-0.663530765307
-0.825525999091
-0.586444369196
0.515613527369
-0.611920026971
-0.066903375184
-0.149921974681
0.213393735622
0.532891556458
-0.570422593836
0.494484408489
-0.393166869979
0.0702793247573
-1.41561582531
0.0677183587803
0.744947144921
-0.51657678576
0.677714215203
1.03538028822
-0.133814145558
-1.67354353641
-1.5579688966
-0.305494309779
2.27037611707
0.0814152138231
0.66142576295
-0.567676488701
-0.57674359774
1.0554266288
0.715683827526
-0.0979502512574
0.244815328738
2.28656155125
-0.0354476140087
0.0862349416555
1.79967622034
2.75278568814
2.78667724255
-1.2593452267
-0.231507081777
-1.95381733498
0.604004531613
0.21343938553
-0.521067736827
-0.163311643928
-1.18929616508
0.182993786256
-0.132512398637
-0.374568036703
-0.873389113058
-1.50399344759
2.0771385816
0.530866357409
0.650453868073
0.572735964586
1.22886686155
-0.0517958313101
0.358150712111
-0.108029431176
0.895532241822
0.43932071215
-0.31049567237
-0.502028064796
-0.916320708427
-0.202954751038
0.616268163702
-0.165803117562
1.31541834293
-1.46053338708
1.60243704216
-1.00555124287
1.32784535176
0.38387363987
-0.377024615271
1.13281404494
0.719806690164
1.20952235635
-1.84648182747
0.797853384808
-0.886991023407
1.17394819211
-0.631977271085
-0.0593159613394
-1.58357637432
-0.811702635843
0.743401780623
-0.182044672022
-0.116014225615
-1.30100949089
0.648698049168
-0.871873589906
-1.02989863318
-0.307186921123
-0.0453851009103
-0.479280441591
0.239125719038
-0.444881914394
0.134369954579
-0.00843215260564
2.08786828429
-1.05633301881
0.138469545582
0.0377716824048
0.138480501532
0.215517447057
-1.21523645189
-0.183117481466
-1.70203788793
-1.14850452998
-2.58471496141
-0.795918691932
-0.537094981725
0.98639124592
0.163754152239
-0.192536509744
0.737457192
0.373239358624
0.859114767125
1.52241560595
-0.15791523319
-1.43456413141
-0.482564591304
0.135569370726
-0.00716010093404
0.199731622979
0.400661543466
-0.308584560181
-1.11357438425
-0.428541915308
0.875713817998
-1.22460213929
1.34774150234
2.69660994711
2.03657631292
-0.0364434906507
-0.460632696557
-0.390047736151
-1.06312836866
0.348228100612
-0.137630348731
-1.63205220307
Score: 21