3
44
10
3
-0.7418798458
-0.612695943192
-1.40955873593
-0.751456490043
-0.071644033294
-0.47768364669
0.852240513386
-0.0626073024629
-0.954949136031
0.110743301693
0.913236941215
0.398109476201
0.441200240566
-0.180563865796
0.0898146851289
-1.11085682248
-0.517190091059
0.569405288333
-0.678720680966
0.0272724916065
-1.36345104817
-0.0619034245702
-0.140136443724
0.580340400985
-0.331518065644
-1.86618386731
0.526880652291
-1.02022577097
1.52554101921
0.571255932711
1.07294108058
-2.71190939746
-0.839995632827
-0.687052017441
-0.305306794235
-1.20919255208
2.00310855159
-0.514909230403
-0.18129345253
1.63703730745
1.35630631697
-1.14477748066
-0.877800911741
0.628579164086
-0.246622689537
1.07237269165
-0.897023696787
-1.8277126068
0.142554291319
0.935573906152
1.1304355616
0.728403401585
-0.246721477958
1.19981443754
1.80769924078
-0.687841612245
-2.62996381444
-2.32560337179
-0.527511643224
-0.225099846452
-0.0210089720561
-0.426013934633
-0.850655639129
-1.13952656472
-0.94771668746
-0.490973688164
-1.64882249909
0.13553455214
0.162693341953
-0.662144122034
-1.43279757953
1.4024843978
1.70757703645
-0.538145345879
-0.485320277813
0.338801152087
-0.459338747663
-0.590772490945
0.0211609948472
-0.400796374151
1.71020877639
-0.450754463264
-0.459762959656
0.531187333286
-1.14983700631
-0.859267241489
-0.587083202841
0.119448714057
-0.203729031176
-0.86170714852
0.901564875679
-0.378269299039
0.874702652114
0.435099972251
0.576532638002
-0.650221746351
0.981536325621
0.359366874778
-2.23815495639
-0.962777484581
1.09429348876
-0.418272801017
-1.63916122237
-1.35690253946
1.47420652757
0.035096343644
1.78057196663
0.29465181993
1.46651524042
-1.30319980596
0.0883186648823
0.331114950444
1.43661267506
-0.345673649862
0.255603396669
-0.437230103795
1.33395735808
-0.842277355534
1.73343875498
-0.89715139132
-0.803223989527
-0.691041859564
-0.335154150174
0.407701796551
0.975796523473
-0.424000173207
2.18034201464
0.377052647015
-1.30900947619
0.426968226354
-0.080924940355
-0.480008419465
0.358084199496
-0.309719124925
-0.0974518306203
-0.58031884523
-0.987099807622
0.586380956644
0.863457500695
1.32834022918
-0.655077645702
0.619800090795
-1.62513483851
0.626023415601
-0.222454971182
-1.20838209883
0.527631449546
0.863660007921
-0.39574135591
0.560165040285
-1.2728064997
0.653841562506
-1.69506041088
0.608401232745
-0.643763019317
1.60441502853
-1.32002974373
-0.553853421404
0.286833131497
1.72172615466
1.18209659582
0.439344739852
0.172717407813
0.241474473162
-0.7836285854
-1.29897132927
-2.24331543425
0.351885890641
0.608905479288
1.24097050418
0.623313453012
0.803915139862
0.0365295174771
-0.0202866962275
2.59315097235
-0.248394347853
0.0869248282827
0.605715594275
2.20621889801
1.40284193122
-0.11783652646
1.89036007796
-0.142930518671
0.116800471241
-1.93776428862
1.27705632618
-0.458804050247
1.98795094934
-0.159623703443
0.524527024521
-1.46233792638
1.11908891233
-1.74904016164
-0.743513073696
1.52278538877
-0.0948150479123
0.232987999308
-0.248616763813
-1.13081708682
-0.352849684134
-1.20076638602
-0.974168798204
0.798799529244
-1.6027829829
-0.966501953929
0.732874389087
0.683292448894
0.629957580271
-0.936147652932
0.307271082026
-0.877080970198
-2.12145428112
0.448060441255
0.609229484086
-0.324440791585
-0.518536248634
-1.31250401976
-2.39073577677
0.425277172677
0.634397551073
-1.51443527145
-2.5820069001
-0.252260572227
1.51785571419
-0.441200183882
-1.40849050664
-0.273529952668
-0.8934647731
0.385368074331
-1.01731543009
-0.682409746014
-0.358385643984
-0.575227938276
0.395534620446
0.139181629942
-1.56588547767
1.46837721758
0.143802837067
-0.807857824172
-0.427023579403
0.30868598825
-0.600795212182
-2.94943074167
1.11941882602
-0.140824872507
0.330053747547
0.632963171524
0.462892884121
0.762173718386
-0.404666142736
-1.58947881627
-0.860958382292
0.809494893409
-0.989052883339
-0.116159671915
1.01538913358
0.861808993216
-0.241059395017
0.378459149266
0.205442947435
-0.717865897781
0.132060184431
1.27433584298
-0.23775346068
1.04670203423
-0.822129465694
-2.17838265037
-1.97955158489
-1.30859343809
-0.179109353394
-0.32527571155
-0.235853052932
-0.132007279585
-0.591416573565
0.176686707261
-0.577279824287
1.2249089269
0.0358539340627
-1.60104805733
1.564925541
-0.267706792562
-0.470232479059
-2.09961719887
-1.02458261959
0.423882517389
-0.541757562353
0.779939306096
0.108709346649
0.461026011361
-0.877968969769
1.36983935925
0.844927695413
-1.26848277448
-0.732467479457
-0.830220786339
0.530779150805
-0.900773516724
-0.165112375451
0.38777798512
0.469125894473
-0.434951449945
-0.129911486441
0.277608472377
-1.27937153681
0.169034502323
-0.219592678007
0.157460629505
0.364503750937
-1.21081802487
1.47988175094
-0.766768604302
2.44389654813
-0.607968674254
-1.66644069721
0.166582290962
-0.353621347396
0.180225663062
0.419878844265
-0.326125941636
0.911284218693
-0.532613998384
0.332268658642
-0.233646112953
0.618165298657
-0.0908382482483
-0.500608115486
0.609106347311
1.7587983656
2.17723337005
1.02915343311
-0.249224071179
0.0696660098395
0.204246599021
0.222011661591
-1.27215711587
-1.00868938851
0.607223084026
0.440129995634
0.914497944396
-0.505500872772
0.252459330816
-0.350558588884
-0.436904488916
1.73945254482
-1.33004512756
0.102575088842
-0.343934536059
1.04492043148
-1.00423302556
1.43748458132
0.347000431752
-0.790521797656
-1.3957874762
1.10755702595
-2.19338363537
0.149688943205
-0.742250588719
-0.0404118003599
-0.610157271407
-1.59704992146
0.614769095478
-0.460791892915
-0.0840940278419
2.08103811739
-1.33138971831
-0.190266808953
-0.649648292566
0.975971350525
0.729911669286
-2.14103859751
1.07683672834
0.179024563406
-0.42135657168
-0.301503305722
0.469350851164
-1.53764310591
-0.875298231564
-0.761467452847
-0.484689802752
-0.266256577932
-0.672342855953
-1.74159757097
-0.418669170614
1.11134544789
0.0837217442282
-0.439461228164
-1.12132286569
0.441933081838
-0.345868479933
0.138137148473
0.496846477653
-1.78826324556
-0.1712954141
-0.219311812035
0.757181289408
1.3141087059
1.03444823834
1.8058824083
-0.520315238059
0.846819506505
0.34905893957
1.49974480208
1.02315921592
-0.811276793123
-0.993130139014
-0.396409846243
-1.13847864363
0.657694962063
-0.608705193522
-0.0928630031467
-0.117113265946
0.460829206644
-1.60576865214
0.86397758106
-0.0231381051637
1.01587218165
0.055820942181
0.873392544293
-0.849914053099
2.35569238421
-0.413239299341
-0.945387593917
1.186450334
0.376166858103
-0.859870509585
1.20203711379
1.03636967434
0.1059169474
-0.952036127817
1.36769639248
-0.269455689252
-1.54165235424
-0.37854347937
-0.286951204953
-0.657511184337
0.309604501112
-0.0260371039298
-0.353060975392
-1.0134046728
-0.392541301937
1.05394710934
-0.0512857683529
-0.0385692139173
-0.197353015752
-1.43499552957
0.137528447204
-0.668525856639
-0.566271830407
1.10248887765
-0.149224420584
-1.85825101931
-1.1476865851
1.82607426872
-0.76659008733
1.06372822022
-2.5123697622
0.0555189566744
-0.794086920118
0.115718624519
1.58057425394
-0.0336984541128
0.317639320137
-0.744457378483
1.01339698195
1.80915805561
-1.40072597865
2.10562665065
-0.70085267159
0.489055900551
0.464740952001
-0.867673492213
0.512504797881
-1.26174931165
-1.06519322676
-0.118866580866
-0.921218378085
-0.994377213818
1.05627415103
0.964800454653
-0.148575845672
1.03595738247
-0.199337150211
-0.936971877301
Score: 1