3
44
10
3
-1.36410347741
-0.171942950553
-0.847692777434
1.26621187829
0.695589544527
1.27769555737
-1.79742471418
-1.48848779222
0.642637778907
-1.15446372913
-0.472382988347
-0.276714542535
0.188888328146
0.23251531782
-0.414005442629
-0.188435404639
-2.20353367077
-0.142450915239
-1.26821104615
0.673912276749
0.54446649844
0.0787059180379
-0.955073048625
1.33907451464
0.941832693847
-0.0623169161615
0.0862828268022
-1.81252116245
-2.30024750529
0.608919870117
-1.35679542138
0.476479289211
3.2269257562
1.21752635967
-0.870161457579
-0.0355864344142
0.529877553429
-0.78936363937
1.32641763068
0.552274109243
0.829519140931
-1.09842146067
-0.282012560485
-0.789443115104
-0.710431559398
0.413006722093
-0.136379906457
0.0781169778616
0.300204170309
0.150402030568
-0.283305784422
-0.449575687593
-0.535709145678
-1.44626346921
-0.83146743722
-1.75563293165
0.132747196394
0.961901819579
-1.09123917599
-0.896751713064
1.12359709571
-0.202181448795
-0.538437498979
1.43729895378
-0.0532809784571
-0.0754705172708
0.204755366336
-0.41793173578
1.18510891289
1.16687775669
-1.49410215739
-0.855030808297
0.463357967133
0.173051023416
-0.569374168272
1.26886188153
1.23940314056
0.351818347099
0.40656241805
-0.796447236396
0.879083739527
0.742970961228
2.69373282903
0.0370803838518
-0.0175904033176
0.0713987971938
2.41813973329
-1.78565286275
0.314402512053
-1.15521997909
-0.0968542082857
0.360130124752
-1.68391688985
-1.70571607658
0.219715720678
-0.936077452544
-0.459801184372
1.14302892121
0.00350778607965
0.0294781776265
-0.423798034077
-1.02851314388
-1.26877785544
-0.363153321102
-0.322406441198
-0.340668665197
-1.76184865682
-0.075288364552
0.304569446962
0.889210860073
-0.381440761248
-0.291641929864
0.407467764127
-0.407733055148
-1.31543032895
1.92993425835
-0.187137632609
-0.817613339341
0.23126280435
-0.626225659753
0.208840051016
-1.80983195639
0.152363045536
-0.557766846629
-0.220649471712
-1.23300186992
-1.90335621208
-0.108107892415
-0.711369700935
-0.339853598831
0.268659126923
1.22680506251
0.940406024558
-0.977889513276
-0.837501524794
1.36388191949
0.541150122639
0.901995555439
0.633922593302
-0.039684816636
-1.9719566223
0.00826995018711
0.668809549105
-0.0110735571685
-0.107016983951
0.220085902707
-0.947249678905
-0.133842938601
0.0689044107733
0.380112965328
0.135568055086
-0.256230366119
-0.73965960336
-0.386234193127
2.01126007168
-0.703011774551
-0.29407717386
0.941895254321
0.0240372973053
-0.780952286823
0.348571587938
-1.20611040067
-0.570727666438
1.26507647235
-0.828915912997
0.550967379098
1.4331854713
-0.00435991355943
0.854571512872
-0.558853282684
1.29430270791
0.454820879026
-0.42653255582
-2.17599980675
-2.46548662357
0.0782073599829
-0.212977942875
-0.29868374896
0.798218175873
0.0785816139396
0.648125831013
-0.0751555466278
1.13915541835
0.479508082754
-0.492461589027
0.0727133615615
1.94560211602
0.323392435185
-1.00459370746
-2.32172493766
-0.291515506206
-0.0755830934328
-2.83791615876
-0.207063309825
-0.240096137321
-1.05315460778
-0.00918560174142
-0.172450544536
-0.156587190965
-1.00669306469
-0.262999085212
-0.228984659072
-0.801073031342
1.28665945959
-1.47684592182
0.199877996224
-0.726446426527
0.375252457458
0.692207907884
-0.443096561521
-0.804119573525
1.08083864562
1.73020132498
1.75370018729
0.0984430810635
0.5357770029
-0.684307378151
0.17376309426
0.146643208184
1.19475834782
0.739084769736
-1.06570330604
-1.12835330545
-1.23444840912
-0.273486075461
0.48369327283
1.42479665188
-1.78377973801
0.224850053312
0.260675569643
0.390458495764
0.395244949331
-0.814842934286
0.125432802372
0.474871011122
-0.449559307787
-0.132856956854
1.51912666044
-0.215411113679
0.955301304896
-0.261905478287
-0.322600835199
1.03319721715
0.108508261775
0.728511346254
-2.25950584028
1.37230556909
-0.994969991098
1.04131643244
-0.330729330226
0.769643900674
-0.573700349608
1.33653172133
-0.184320856118
0.621549072711
0.254451324807
-0.803385806015
-2.0840764856
-0.000249993026213
2.07742093118
0.487265003157
-0.164553677086
-0.0121857089157
-0.185625411732
-1.24470832074
-0.930805953866
-1.65650806257
-1.51941827843
0.144876192877
-0.22348697527
1.28122294524
1.98282280511
0.793744380322
1.18010464982
-0.0684651089243
-0.984717287302
-0.952969784048
-0.119935605734
-0.0868813783675
0.261856897031
0.609647616133
0.218339413717
-0.441621903054
-0.955660344969
0.0473919789995
0.964943034259
0.0137052319328
-0.95251095659
0.783048253807
-0.469939754862
-0.822347801236
-0.00286436527174
-0.724962003356
1.88368171394
0.124550214688
0.42633325992
0.763515798385
0.442359330927
0.713285407933
-0.229740577694
-0.346546055775
1.77499951253
0.828564392404
0.438426700519
0.0196736131524
0.759887071918
1.220116627
-0.66504285375
-0.48521959817
0.990844244288
-0.087264208553
1.38247116373
0.999387058927
-0.245781604975
0.753047210969
1.61753154008
-0.253411634476
1.06294663944
0.207866538496
1.96873356352
0.536838858671
-0.878132830422
1.55970753168
-0.0114544130603
-1.15213064969
-0.948198927912
1.93037588626
1.05866290288
-0.384075918282
-0.0270978703844
0.395115428047
-0.218135752314
-2.25584216787
-0.00984013391906
-0.51764793839
-1.55221080533
-0.791929335044
2.06626015738
-1.2343423095
0.321683512632
-0.794212082196
0.0346112252373
-0.42433805806
0.502897888612
0.25895473205
-0.778005493461
-0.499675276729
0.532030256054
0.267665282246
0.275900264427
-0.359249776609
1.70414320339
-0.144196632625
-0.454767057317
-0.347808078396
-1.26782723081
-0.239328670493
-0.0793265162415
-0.228489737162
1.81136536018
0.0713805742405
-2.37325995764
0.673131328429
-0.62769429792
0.0301362678526
-0.752759112612
1.55216748156
0.272529174907
0.117778187065
-1.37854168883
-0.370117201314
-1.36431797669
-1.14877793775
-1.66828950356
0.266414337792
-0.356525550245
-0.221940640875
0.742421338784
1.83304978815
0.497351453664
-1.79062735825
2.40761359769
-1.23430008829
1.10177570192
2.20307933809
1.38941170865
0.530071360632
2.19144874241
1.08602523726
0.0750707163827
0.426789562116
0.340578798598
-0.683668556626
0.649844831605
-0.715490209126
-1.68883374352
-0.0449139552715
0.8210529605
-0.878836631347
-1.22396849827
2.35200537063
-0.731184030043
-1.2881964836
-0.60519883552
0.509495909387
0.442363671634
-0.155461652271
1.12289585625
-0.415428979993
0.482087174832
0.560267655173
0.732018134142
0.409415373881
2.24192468916
-1.44428753527
0.505569880017
-0.474268788477
-1.34997399247
0.463440627484
0.207537492054
-0.390645383047
-1.56603387924
1.66686182432
-0.223453662186
1.41380689446
0.377894878691
-1.24526624938
-0.937665284897
1.00920404058
0.976989881339
-0.586132802474
-0.183111603782
-1.02379233914
1.0343206391
-2.31658797616
0.470530284821
-1.25007180033
0.89812319933
0.282726020089
1.55936280605
-0.666035764941
1.07590487367
-0.219117143255
-0.886351402242
-0.0243339186085
-1.99171398358
1.393587993
0.451684711066
0.234855386902
-0.370045788731
-0.910044773552
-0.777367428583
-0.484323148658
-0.0340204425596
0.528137475491
0.406705184955
-0.74656384213
0.979579693558
-1.01011428435
-0.144150589649
-1.78771108681
-0.341122991553
-1.38283580056
0.451884769174
2.19853675008
2.22125514511
-0.677601249353
0.465399163598
-1.51984734585
0.278732486825
2.26411759035
0.99104012948
0.53964957222
-2.02005588985
-1.07020528207
0.287605651905
-2.36104353461
1.45100511093
-1.9091307329
-0.590388765565
0.447579494883
0.569513900248
-1.79901809101
Score: 1