3
44
10
3
0.451259499324
-0.735188078602
0.71889192547
-0.125124755439
-1.45055723484
-0.736540409949
-1.91032105793
1.76350870951
-0.702872821207
-0.5982707552
0.750825938959
-0.314502125705
0.619710194086
-1.08593394133
-0.35545747165
-0.587671636028
-0.234312975318
0.406405604553
-1.82733722917
-1.19459758425
-1.60302562056
-0.451618965064
-0.0707255208869
0.191487125737
-0.00163452654466
-0.31251820679
-1.56023917865
0.644272198434
0.200169620756
-0.456372027918
0.211409012789
-0.799856653367
0.87227344736
-0.494194709823
-0.347586549142
-0.161163605579
1.13829053049
-0.312620383516
-1.1690919043
0.169303613245
0.307298302896
0.207241190737
-0.0184212584363
-0.0852891529025
-0.526655337603
1.20294018544
0.854419436627
-0.592527241448
-2.10234355997
-0.790486359091
-0.127783049352
-0.50107872125
-0.178687232881
0.873640687323
-0.951364260944
-1.40592043272
0.316545551359
0.22156950057
-1.01018293424
0.791889370333
-0.80065355587
0.106704723384
-0.202441041001
-1.20087745949
-0.722535914607
0.693272423489
-0.0615277795223
0.715327760286
-1.44272049369
-1.60037743954
1.16993044761
-0.248974571557
0.521313989645
1.28919828232
-0.477861324446
-0.731288809751
1.06003155223
-0.81034565127
0.725961994905
-0.28479636299
-0.349171997313
0.230767867606
1.04530178949
0.956181415518
-0.972037920862
-0.292209525001
0.929915973847
0.788105910626
-0.324464792553
1.83219944191
0.614563779701
-0.897239175825
-1.42226568993
2.54161424976
-0.535929169536
-0.313081322989
0.267489695659
-0.115410666312
-0.778323558485
0.963654161719
1.06830758943
-0.155614120602
-0.187998502258
-1.41287964717
-0.0485861294617
-0.426580061559
-0.0147512102541
0.864434004179
-1.02559149636
0.547586875055
0.592164230647
1.48878050051
0.963488999383
-0.816004680331
-0.0551277296252
1.0097808966
-0.78608015655
-0.422120701685
-0.360281612992
-0.980610765185
-0.0151164846273
0.0260780466748
1.98720342024
-1.49139145084
-0.797483431744
-0.917708116178
-0.294335707626
1.45443467209
-1.10740344965
-0.142718136921
-0.248039932996
0.27183693873
0.870904797675
-0.137154973321
1.23628022244
1.45603867413
1.33098230146
2.03093251321
1.03414808313
-0.232442827686
1.20393021763
-1.72295142913
-0.661346353743
0.742673020594
0.119775396518
1.41134252246
-0.422556884188
-0.561805318557
-0.694040979738
-0.15942469978
-0.378702049933
-1.42144797361
1.46093938992
0.788615077366
2.89931404025
-0.155041166484
1.99070341358
-0.421742968055
-1.53765802656
-0.0218694219321
0.480046468829
-1.00096964691
-1.47820752617
-0.697767598046
0.527483010019
-0.574841805972
0.680010424961
1.4504528713
1.35168057142
0.668481464216
-0.452833395322
0.153217202378
1.50169560574
0.137093969144
0.343975848308
-1.09942011203
-0.266988542069
-0.933120369694
-2.61393122642
-0.352897680848
-0.123403000458
-1.40171330297
-0.803436598105
0.243550703852
-0.291819370835
-0.303635115183
-1.22253818444
-0.261247769067
1.85725237933
0.0921214473575
0.13382045142
-2.90881096288
-1.93862015017
-0.165632413885
0.795536154911
-0.345892797036
0.870287860781
-0.698747789787
1.10549029433
0.382368219903
-2.97802878882
-1.66805723819
0.391291851091
0.381891816508
-0.545127720858
-0.87606600515
-1.1773006463
0.757217095279
0.775982770917
-0.692974935326
-0.676714085248
-0.361029353639
1.46947438509
-1.35896937575
1.45790328233
-2.94453475863
0.760028799757
-0.558903370751
-0.289560050929
0.481846636623
0.46489962836
0.383105760289
0.180583750204
-0.426273576691
-1.07098666401
2.76452717844
-0.233890033668
0.967658623288
1.88076505428
-0.599090206164
0.397108711883
1.06055309218
-0.0956218076317
-0.361429980952
0.959694108164
-1.07661183907
-1.54628281019
0.582990830125
0.256212457893
0.685094900621
0.956568091427
1.23156838668
1.70431310054
1.20521060206
0.598695000699
-0.236705508141
-0.285812641898
0.805589860558
0.156939244377
-0.501714312682
1.31370929538
1.3019070821
-0.807208474474
0.0123536549474
-0.385535053179
-0.35975142048
-1.06787827501
1.24680285732
0.219034115206
-0.00175843394478
1.54971346032
-0.831416785494
0.331554588778
0.86063272798
-1.44900214698
1.02834432854
-0.737657956145
0.672406660124
-1.30380903467
2.60117399567
0.401547983648
2.62521069157
-0.920797336636
-0.211296681629
0.253227841051
0.627125620621
1.75267174052
-1.06293147275
-0.76494890289
1.26625147623
0.432897001983
-1.73053423416
-0.0527614839285
1.7393634932
-0.477709566634
-0.0826878936311
0.708698106107
-0.729515911307
-1.38621963848
-0.535676607277
0.166030445273
1.38087670568
-0.0510633554825
0.16969780271
0.0370248492374
0.537026747459
-1.28723113026
-1.20417055031
1.0727593809
-1.09764140792
-0.172524949145
-0.123140627541
0.191571070878
-1.04625940211
0.856180453694
-0.759714118829
2.19730037285
0.965820456604
0.084934359978
0.271910842038
1.11346499038
0.620279832683
0.00556705598161
-0.859128304976
-0.445452288038
0.0482904157726
1.81269854812
0.787256679059
1.01166825019
-1.56062583524
-1.103893514
0.172135456277
1.05040078122
-0.186766468024
0.017331404427
-0.220892961616
-0.989231228379
-1.51447373048
3.14792447553
-1.30727199599
-0.344836469789
-0.717965817471
-0.0404190936347
-1.79617150205
1.74287343237
-0.343376345456
-0.886806919693
-0.708528506347
-0.365672276291
-0.361227813599
1.31677312572
-1.12046677749
-1.46574594568
-0.0265192888067
0.925130828059
-0.227060319548
0.135675956975
-0.928936079583
0.343706437624
-0.778790801713
-0.281639889849
1.50689550425
-0.76347392637
-0.168299322294
0.207699025104
0.67408936219
2.15924251424
-0.62018135617
-0.331156995445
1.91299644364
0.486673188572
-0.0583840620133
2.76162568731
-0.273536560054
0.441295420635
-0.780828266285
0.161859522688
-0.27710884216
0.759673968871
0.0961909601221
-0.410622264437
1.75657128728
-1.68543324524
0.415904864638
0.011460532412
-1.31638095161
-0.380546156562
1.17732151479
0.470060683387
1.08529166508
0.773927638898
-0.264209126446
-0.820138162192
-0.537896821421
-0.721974949256
1.15340265734
0.0206546413212
1.06542341125
-1.02303809069
0.158757551367
-2.14774232736
2.00926605308
-0.545395394416
0.306876237163
-0.424141914424
0.895490519932
-0.415784031831
-0.300059995372
-0.379618918187
-0.245923480679
2.49732066899
0.722172595551
-1.38473537606
0.417883620648
0.437788258894
-0.118735296899
1.0003297057
0.415396128529
-1.20218606958
-0.607542567957
-0.25844957691
2.06267910979
1.32147398174
-1.09938004865
0.197960123817
-0.723890724481
0.614218628598
-0.268760677745
0.616502509344
-1.55298400326
-1.06448680499
1.03188917492
0.956721734568
0.448630381951
0.686559084918
0.0165848297526
-0.225514304444
0.162315338833
-1.01819515242
1.14829551991
1.4037699885
0.701169913355
-0.482233886983
-1.20595744137
-0.32394264656
0.257271355616
0.846787148483
-1.0369795103
0.438154388677
-1.58531824196
0.723809503521
-2.68401507309
0.477589513062
-0.0890654431369
0.863426854387
-0.364576758883
0.184906493977
-0.0890139135635
-0.0898701440269
-0.862528361509
1.19113834425
0.613875774338
-2.14243579858
0.845882893852
0.925266966771
0.848288767149
0.43365018988
0.101820733594
-0.335564150531
-1.4464161923
-1.99403951788
0.837554434999
-0.543438818437
-0.580786221726
0.457506061137
0.739106185279
2.27667742958
-0.973352135523
-0.01580492383
0.0169308254776
-0.942953603476
0.0992636325627
-0.947169536702
0.0244653715956
-0.0335109295689
-0.515635398199
1.93643029625
-0.889757605308
2.14966196424
0.111260053495
-2.43878630955
-1.74056013233
-0.882291168628
Score: 1