3
44
10
3
0.692181386253
-1.61322570633
0.723715444981
-0.350013564241
1.10065268613
1.35599382297
-0.0532255548275
3.03184036079
-0.178931402133
-1.66330088507
1.15729875688
1.78673527367
-0.392051620028
-0.344796074449
0.57240258249
0.483892568706
-0.987330664026
-0.00639734978432
0.655272314117
-0.699070637543
1.58637504988
0.520666613492
-0.829982440369
-0.220041660609
-1.63216769397
0.243224103966
-0.282881798501
-0.429091376426
-0.245494251089
-0.111844145386
0.892747395649
-1.74051029347
-1.97048017681
2.75120132824
0.00592386241685
-1.55517893275
0.896911383699
-0.521238824535
0.428855599697
0.124011037681
0.650484484022
-3.14509520797
0.0378888425649
-0.555996885946
2.18891032318
-0.319732135002
-0.304834080346
-0.0939002802931
-1.03174731669
0.433775218334
-0.891791685282
-0.304286689462
0.0717514267783
0.186288868845
0.698325829531
0.16790830593
-0.366637396252
1.41237361659
0.858811354458
0.597470614249
0.826757630339
-0.426734750333
-0.214681717208
0.581100393149
1.44032760183
-0.23618886163
-0.408827310433
0.989593287926
-0.383668985392
-1.1227732222
-0.0626888777583
1.42465291189
0.308067598542
0.635097071738
2.13922676662
-0.603738976266
1.41445477257
-0.867536764251
-1.88407634963
2.3622871452
-0.862501349608
1.05481498065
-0.521044269814
-0.434181023386
0.248481684845
-0.393895441308
-0.513637440648
-0.174145806618
-0.444783717768
0.811203623583
-0.941219483062
-1.96912256039
-0.307140069234
-0.613444396734
-0.539400714239
0.413639578265
0.60766351964
-0.116427443411
-0.169116552084
1.60434390497
1.19992369438
0.818077705894
0.662103373883
-1.45270667294
-0.262654277695
0.696129394662
-1.50208777028
1.38803146475
-0.540554127057
0.76672888468
-0.885008805269
-0.276552986014
0.861428987664
0.845243377626
1.5208665586
1.11951602571
0.185485466518
-1.07753849099
2.5355411653
-0.440363033705
-0.111134546109
-1.77317687376
-1.20102652331
0.107662798821
2.1722863307
-0.0802836612679
0.305021337479
0.160734591539
-1.36786285525
-1.48678638119
0.852547280467
-0.200371666859
0.565817735169
0.0893324568964
0.113145885411
0.42359780919
-2.63380032449
-1.10809455138
0.102041144043
-1.0626195197
-0.125831760536
-1.32518388816
0.18985707604
-0.309955043032
2.14670061564
-1.15520348099
0.342877171598
0.921281054248
1.68877912042
-0.334085434145
1.35972069892
2.5604112589
0.807860736601
-0.471515194683
0.123905064775
-0.989875213319
1.92035458475
0.828856669455
-0.0114245941993
-0.218220397207
0.0755057726111
-3.19177366107
-0.147700286343
0.429782153628
-0.837006162291
1.46778453091
0.245599958645
-1.46458576261
-0.0660210618309
-1.63528991137
0.646625199251
0.743006750633
0.790367629691
-0.497233206432
0.456412407522
0.240991965704
-0.495225361201
-0.0964149612516
0.054512951057
2.65957604201
2.04512464049
-0.138454091573
0.482659700309
-1.93843718644
-0.658655993484
0.733142309995
0.0114297884095
0.781414079027
-1.50045288186
-0.466150806436
1.56688065077
-0.149299958253
0.0881890033462
-1.16977949031
1.93907031166
-0.220710309723
-0.404416209777
-0.219976629755
0.506303199359
-0.735992666721
0.53864881024
0.365990114017
-0.0995943280872
-0.026924813111
0.503835447992
-0.935050338878
-0.450646244869
0.222795727556
1.05024999907
0.379451406243
-0.406016589126
-1.29157398792
-1.08083414329
0.61758107877
1.13012061675
-0.102216595341
-0.108361818106
0.704909753981
1.09129839976
1.8605735074
-0.175219190792
-1.07845580538
0.110952399281
-1.59738266174
-1.88850013882
-0.57317946024
1.22585128944
0.600616862355
0.898408000608
-1.31439725175
1.36626516255
-0.0896637267836
1.50010855796
-2.2118167952
0.626156286371
-0.0378103329322
-1.2924886457
0.978198154591
2.40174793256
-1.88370768822
-0.410685280274
2.31489870853
0.687518230583
-1.03903743669
-0.966420723983
-0.761501263436
-0.983670091128
0.451556022628
0.133609519015
1.11219425615
0.96120920712
0.479536841479
-0.3489848742
2.51754529789
0.683816757709
-2.30037130282
-1.48151774987
-0.621694361593
0.141708557221
0.385983467017
-2.30119157239
0.839652088616
2.09277381209
0.193015167488
0.480473341823
0.0126612476945
-0.0953794214755
0.728052213048
-1.12095759735
0.242273298764
1.14374397557
0.323066914415
0.110870854038
0.0165195832469
0.32041071806
-0.526302474365
0.270201821247
-1.54950605322
-1.9514827662
-0.972346983795
0.513780082842
0.493334584168
-0.147478332251
0.43243405395
0.720468557407
0.823871316321
-0.681776697499
1.32184514148
0.987190004829
1.76749395987
0.514068669334
-2.40219807922
-0.831337207027
-2.03777823866
-1.09056102217
0.363324292904
-0.422602687273
0.0288998400576
1.39343728318
0.444548475659
-0.692179006589
-1.19544668525
-0.0603825790347
-0.0626711893934
-1.95366869179
0.986797854741
0.445906916647
0.647692570752
-1.45055178563
-0.808191734402
1.14335286876
-1.84887561097
0.554822185578
0.108481732978
2.11009598441
-0.860523535951
-0.635451834184
0.159820559746
-0.159022225215
1.63216201334
-1.46417096082
-0.636749877987
0.680094030822
-0.693396666708
1.01514060971
0.687182969066
-0.218624428651
0.760190791117
0.954234941944
0.350463669683
-2.00892439283
-1.74993820013
-0.298681391557
-0.727814005594
0.077079504002
0.668129600066
-0.698318133335
-0.919344633715
0.412071323842
0.603563815226
-0.98735817451
1.0167837089
1.08121670416
-0.118466714111
0.372468804366
-0.760603624413
0.877370494026
2.18804177427
1.94636732775
2.50813756345
-1.08950123159
0.423563865023
1.81031993473
-1.3210418522
0.48973595602
-0.504152219936
-0.917242083543
0.18206303136
1.99162558175
-1.74250883702
-1.41110512545
-0.525477660663
0.333874603101
-0.890130865642
0.888747306555
0.725474544693
0.854670245962
-0.784275025891
-2.18882634577
-0.0890334944737
-1.25202137144
0.411802037685
0.254387294711
-1.85974649241
-0.767897356753
0.138065907772
0.43568295435
0.114429752701
-0.865438950664
0.929735902163
1.12157606488
-1.14415885735
-0.069175571804
-0.0957162159913
-1.54756896518
-0.792358090443
-1.6424020726
0.263220094098
0.111269827848
1.20493714782
-0.921944611785
-0.815103876838
0.469096528569
-1.10491526431
-0.0618467057055
-1.83326270341
-0.0566121987838
-2.17220558986
-1.39064469058
-1.31586451894
0.0314278106798
-0.828694486874
-1.86354855775
-0.781547299205
0.256289487351
-1.06749943241
-0.480351136324
-0.714314630434
-0.488915614693
-0.217163397622
-0.0286431029169
0.148244033488
-0.674270649099
1.05464737871
1.15613924371
-0.31849667265
-0.428215391409
-1.53123203573
-1.16362679113
-0.938491142208
-0.154021484827
-2.25822895442
-0.287854693135
-0.846275621819
0.403065125088
-0.157630454162
-1.34130920657
0.0196599935466
0.278439908463
-1.3108610443
1.64432160109
0.792187842603
-0.737203175997
0.813876313787
-0.332020663224
0.605636226823
-2.67957669655
-0.731151936853
1.47925045753
2.41890320141
0.702861655263
0.0516619193083
-0.738589715022
-1.66789389566
0.118928455756
-1.06219338195
-1.08654625634
0.441586423395
0.536019382769
0.934823572727
-1.06990968395
-0.145155654524
0.83347618453
0.7835674896
-0.379854406141
0.209483819819
0.10247796536
-0.852052777654
-0.218426459971
-1.52066731519
-0.495143054833
-0.255336996915
-0.455545406309
0.245267713192
0.239666031339
-0.892398874059
0.135091689403
0.315935833835
-0.308059866344
-0.771229680863
0.208223031883
-0.473487319177
-1.90611659627
-0.346334283378
-4.23464411306
1.0301304531
0.381301215532
-0.19295582209
0.0412635391677
0.878419748051
0.269376217922
-0.775562862056
-1.08064149337
Score: 1