3
44
10
3
-0.646875160035
-0.342108768365
0.597465784478
0.494637065476
-1.0754089906
0.701396940591
-0.0737833755119
-1.16340401722
-0.764619818316
-0.0677735070663
-1.49144184533
-1.1035488097
-1.37153560862
-1.43712934562
0.871656556995
0.924264241573
-0.493818007022
1.02295271102
-0.700061079608
-2.29497053554
-0.153800777871
-1.06416380464
-0.106992373788
1.3419896126
1.67550238064
0.495919749829
0.0144739657101
2.30295152983
1.29649108646
-1.79015573279
-1.32583791338
-0.712501791294
0.898714651026
0.621011863252
2.13113032408
0.0955044205064
0.648905070428
0.554036269814
1.89273969057
0.811726453705
0.372777418512
-0.559983551879
1.30065242241
1.39568386005
0.428388648395
0.0141007525087
-0.388921214952
0.929823381507
0.739059531764
0.322246671486
1.42840834399
-1.80245379065
-0.456522422916
-1.20098831784
-1.63164648097
1.53736312935
2.66113425364
-0.0768647431244
-1.62939112775
0.607074113794
0.717629189365
0.35064581047
1.92505810674
0.0554592316237
-0.40284613449
-0.574378357176
1.80805660595
-0.890980003055
-1.09479362324
1.42869679215
0.096406698666
-0.556171632713
1.41017213777
-0.422822444494
0.361352330159
0.826622637447
0.94913049938
0.503963390299
-0.879816145597
-0.192784893429
0.800443100326
0.806462400256
0.715857361002
1.10572182752
0.506068860842
-0.399293257649
-0.850869775043
1.46772046442
-0.389767332261
1.00101677689
0.0192449429823
-1.7077335758
0.575443279862
-0.477421335698
-0.324426873191
0.00820324313243
0.81071012003
1.13323231678
1.14547138289
-0.506272474421
-0.18274512758
1.61158880845
0.780138729458
-0.434821957589
0.717657244834
0.57594168781
-1.6048026556
0.838371048752
0.426112890247
0.300706400619
0.987863506528
-0.945511810094
0.834763925323
0.222471297748
-1.33670051648
1.24686140582
-0.176643343357
2.28133976667
-0.00139297908966
-0.00383570501886
0.538029890825
-0.0460261276031
1.17935102713
0.19076557159
0.448575695308
0.189948283465
0.461820792019
0.618479503269
0.475953645864
-1.95780285507
1.90147609252
0.13978207616
0.483392782708
0.455882541697
1.19548105103
0.922542774717
-1.23005367337
-0.412731594667
2.30327221401
1.44991280641
0.612472971214
-0.977762007842
-0.22796247203
0.0252564929504
-1.58039784622
0.143252789981
0.371809693526
1.17674326529
0.219023954511
1.50316549344
-0.860685718932
-0.101603708722
-0.660268343292
-0.0258218521439
0.442779709828
1.26346133323
1.19087276111
0.483336516759
-1.1509700471
0.368248651967
-0.950454428652
-1.25458924365
-0.410242903601
-0.837379540406
-1.8421823306
-0.376357336097
1.66564725478
1.79742750294
1.05297181978
1.55655246983
1.23527273987
0.0405852203494
-0.571416550984
1.26830181512
-0.270106690434
0.932966272276
0.433229699682
1.26267227471
0.911583454638
-1.45214251327
0.577861847958
-1.24118837462
-0.724171236633
-1.34247303721
0.857241729537
0.726827991045
0.300243224053
0.153574282768
0.624979345298
-0.0686619073663
0.793841625809
-0.538706788017
-0.218500266162
-0.39177679107
-0.570802268503
-0.858741702659
0.72184796069
0.884457260403
0.201772190914
-0.638958321779
0.387349227206
0.932967926385
-1.68637478126
-0.714405852571
-0.665876216822
1.36484153869
-0.807350519031
0.0304320009655
0.520484840372
-0.707138284943
0.551559783392
-0.0813889886985
-1.60465738465
1.2591409708
0.713452086268
-0.24811627546
0.55225413034
1.63331044757
1.01359675598
0.256519983925
-0.446599784102
-0.378912136051
-2.23023759245
-0.412901987849
1.03089141902
1.36373622192
0.368145239996
-0.761685296414
-0.657968405966
-1.75602460818
-0.21920680332
0.374038089495
-2.12407563282
1.05399329589
2.86040308966
1.47469543152
1.02176619955
-0.0536456108404
-0.467831111508
1.30947999365
-0.336129023503
-1.31572800827
0.214309921963
-0.62288045137
0.294401980586
-0.223294508171
-0.139220731223
0.633208025956
-0.382631859649
0.0482056257393
-0.903481639425
-0.102930219887
1.85036728657
-1.1000626239
0.284381242215
0.313414825726
0.970035430714
0.7005489976
-0.611219592933
-0.80047143452
-1.07307244785
0.350998217441
-0.226570657486
1.88228637958
-1.96335946144
2.22138728204
-0.813340833313
0.444722748755
0.171130060372
0.976564141304
1.94642156507
0.246496434715
2.4962875512
0.984826736173
-0.0379632410509
-1.42348678294
-0.0748293832428
-0.225762391696
-0.901596610049
0.142125580774
-0.981688806057
0.239653622669
-0.831339288636
1.47078111916
1.04706328231
-0.212564608233
0.880313287268
2.62635482152
-0.0725067381579
1.13516275573
-0.219926552713
0.131007655919
-0.254081761415
1.21198055966
-0.373717902102
1.08313543746
-0.0445607257068
0.454392976987
0.440382112171
0.331096135952
-1.24144752082
0.306093513728
0.257957563131
-0.888898446102
-2.34128274912
-1.55408078639
0.216693083759
-1.23396244225
0.0749930380611
0.781113545815
-0.133848192033
-1.31887737626
-1.21357705074
1.81631573589
-1.48592009366
-0.531781259082
0.33932471051
1.66624542889
-0.317963965883
-1.08534726323
-0.145940134087
1.76253546994
1.72679937135
0.382842862814
-1.54467467449
0.139316869223
1.52814877572
0.465822492275
-0.0252438501131
-0.199421842874
1.96234567341
0.915548605141
-1.01247971129
-0.247946699067
-1.49463215811
1.4294489836
0.39089318166
-1.14278782947
-0.0389393721748
2.41950070797
-0.144328270459
-0.189091236429
-1.88299027522
-0.0802766670021
0.919574219792
0.914749902076
-1.14339732402
1.59343441282
1.55725199509
0.913227848206
-1.60320435877
-1.09618301459
-1.14595116071
-0.950889555649
0.00757589304048
0.138594688998
0.676424116906
-0.533679852999
-0.623123401361
0.989694003592
-0.324389241142
0.590346054422
1.65547266895
0.57679848126
0.326637544865
-0.93985277911
-0.417582505911
-0.133236279802
0.328881144272
0.147282604296
-0.136077970375
0.613867352547
0.950502273208
-0.716825894625
0.514517616268
0.0628128928256
-0.984317767678
-1.19676242281
1.37421822692
0.420348532072
0.0258566220653
-0.752378548799
0.0247082318151
-1.04732354008
-0.204277266852
-1.32390849771
0.627351873686
-0.0296680045136
-1.52109885743
0.555451698467
-0.682680688484
-0.287269934677
-1.31235551801
0.157810924481
-0.908679533168
0.595336079137
0.8898391429
0.737308687485
0.824691936104
1.00460261216
-1.49684362824
1.10598157397
-1.12866824834
0.757965974105
-0.546783992497
-2.14879118344
-0.12342156112
0.788613726171
0.495333439567
0.638719661354
-0.387617955558
0.732075893806
-1.16503266658
1.06111083139
1.29164166413
0.0504676464204
-0.0736301474225
-0.623464543129
1.69496849498
0.160583183332
-0.324883485185
1.20568289119
0.4040283669
-1.03953276984
0.502137360898
0.664566796457
0.630892100731
1.20613907574
1.79680918408
-0.597643482949
-0.458664539238
0.224767454198
-1.00041349678
0.188134668879
0.343817790439
0.115571475256
-0.328473962421
0.939048846303
-0.487698820521
-0.132455924385
1.71835891355
-1.28484895068
0.624617146411
1.54804883997
-1.02639784123
1.24227765324
0.694218905698
-0.746368178505
0.276857416678
-0.382319256158
-0.701697254563
-0.736367451679
-0.391797681761
-0.889895054044
0.778633076296
-2.61979065319
-0.0472906235975
-1.25372326656
1.01595895693
-1.37771674533
1.00596424223
-1.53138916383
0.0706706391766
0.278014434464
0.500155120532
0.0742832687406
-0.297007298896
-0.839220352391
0.023137503735
-0.590986641722
0.597748303993
0.822707217458
-1.14313304924
0.749098618159
-0.5417795442
1.03719317943
1.82360072815
0.846550840222
0.0592519099413
0.426953112498
-1.00534909619
-0.681139408262
-0.544469033957
Score: 1