3
44
10
3
-0.754337700693
-0.603612916317
-1.51159823513
-0.554757999195
-1.34122144233
-0.636511601708
0.729054731183
0.739236813565
-0.470692830239
0.745417980969
0.259962741039
-0.0178666910506
1.01678566178
-0.224602089064
-1.04916595522
1.34311740104
-0.945505542967
1.89426544903
-0.768759476305
-0.63832514647
-0.984308409746
-1.08437901059
0.317252622215
1.68715551529
0.260396465053
0.0414785336101
1.38295912341
-0.73340074325
0.615805666467
1.2580270551
-0.276406304239
0.114975978111
0.749151684387
-0.785055749113
-1.45489209458
-0.405350235685
-0.668351517333
-0.295679088472
-0.336566526131
-0.738233418301
-2.20918285545
0.0900146424646
-0.710096948665
-0.723296297862
-0.29018400092
1.28784022714
-0.887559189286
-0.134120296139
0.966003745489
0.387610740301
-0.492999402595
0.35007140278
-0.358567611505
-0.536678391771
0.472275023485
0.178754708126
1.53695242043
-0.0256836256443
-0.282426923478
-0.377196441222
-0.656878871425
-0.853231312503
-0.907256199854
-0.14392439519
0.232487675774
0.75164778363
0.019685433252
2.16619139628
1.93457907244
1.6521023425
0.511655203147
-0.222442799804
-0.210665040465
-1.76631153486
0.948059880868
-1.24415244742
-0.656709574167
1.0689147709
0.20635403516
-1.05275012693
0.472392912782
0.323184819163
1.1835011664
0.770985068484
0.323342134034
-0.486397189591
-0.303042134222
0.221981589068
-0.749573003814
-0.706334332685
0.868927718185
0.64878569085
1.43981213918
-0.148285170416
-0.940993182527
0.0872710117749
0.350562655696
-0.84081063184
-0.837490708166
1.84908639384
-0.603878474189
0.772234944164
-1.51514745908
-0.335388083869
-0.424505191482
0.149317645578
-0.801800690289
0.857781687351
-0.739875038437
-1.12290256891
2.02637531943
0.248158890411
0.489139851883
0.912381552931
0.28439438692
0.250782490072
0.0609001424733
-2.4687638618
0.302102585555
0.550484357563
-1.76896135119
1.10923260608
0.878690227228
0.269174557152
-1.46697870666
1.66599438355
-1.30301200414
1.71212189166
-0.937681600814
-1.28210595877
0.322129745886
-0.330357461977
-0.744987970441
0.572620735527
-0.505917842343
-0.258544521776
-0.148347411794
0.684921127785
-1.15786997419
-0.532005970128
0.395637558852
-0.196334360843
-0.259870448791
0.068893309024
1.98881819442
0.424354239756
-1.04652342897
0.651378959716
-0.0824672576126
-1.18565018395
-0.623915254012
0.356856470337
-1.36171222867
1.29351315868
0.373543963619
-0.859028868737
-1.52814271855
-0.345377149002
0.245595323533
-0.891675999875
-2.039708237
0.263734821994
-0.576907905519
-0.0108464270594
-0.821939685022
-0.370159448886
1.2828703487
0.208184988138
2.65027661601
1.31271742422
-0.288527591433
-1.67883574597
2.04683945907
-1.54573615104
0.857477998198
0.0497518723189
0.0494899392211
0.803649529451
2.33940418486
1.52508086127
0.19017674739
-0.263626948954
-0.982997018092
0.273805393313
-0.42808638551
-0.788658348288
-1.20388774055
-0.328749235688
-2.44016943535
-1.18678152005
1.05709719711
0.536512166241
-0.292586745714
-0.103615964968
-1.29235122279
1.03176339645
0.752633646546
-2.13590073225
-1.94062264311
-0.066386446233
-0.254448345072
-1.30141093381
-0.495097102596
1.16464592538
0.840168390443
-0.218060075264
1.24730400135
0.020119298524
-0.278078356267
0.425312175357
0.169845204393
-0.517856376475
0.0408524735565
1.3137616278
1.65164364678
-0.184329896022
-0.820547129372
-1.01934577082
0.687869885457
-0.135178699878
0.375059914037
0.0360472901873
0.906800109282
1.19594540893
-1.82831895434
0.270947457172
0.410972886463
-1.76480665144
0.456472291797
-2.31675194346
0.166453070089
-1.23315823821
-0.850554865091
-2.38756948677
-0.684839187695
0.325926979435
2.31963652149
0.383527486
-0.601775149065
-1.82203615642
-0.299640161427
0.697735590872
-0.680451316663
-0.766906037915
-0.554499325297
1.07630882363
0.714344112085
-0.896524018693
0.392471300792
0.773539436205
-0.674210054067
0.480038475408
0.899000176838
0.722254385507
-0.849111457847
1.02425746542
-0.560229853728
-0.64819613317
0.979003739527
0.775749106877
-0.470306336001
0.0946422237069
0.507835453973
0.0759009473073
0.707199752121
1.50086857086
1.18373391832
0.863541124279
-0.311489736278
0.189073825652
-0.300407137525
-1.05621606239
1.38412157094
-0.751800840846
-0.275464046316
-0.0228480371762
0.145591568751
0.102762230043
-0.391198858722
-0.19173597963
1.08779693921
1.82337548601
-0.161243002501
1.52310134987
-0.653113753159
0.555200519735
1.41412700223
-2.31801797302
-0.68465934746
-0.310031364687
-0.0394519401249
1.13658959017
-0.281325417822
-0.177390522226
-0.0214270145778
-0.535156660791
0.60137190086
-0.72343783791
0.0846328053868
1.44097686429
-1.48905165379
-0.814237720199
2.08807182174
2.17084264045
-0.936620331098
-0.054067153391
0.904752083026
1.43471251507
0.113676840159
-0.0657286924744
0.199252494169
0.878176237789
0.524599417908
2.43636175971
-0.659722099906
1.33722406049
0.137614370626
-0.692115585523
2.18042346974
-0.16162312998
-1.48615534249
-1.17293649691
-0.079111317795
-0.118512514098
-0.890009980316
-0.513753923357
-0.785087406375
-1.53012799882
-1.30088881455
0.455420937195
0.0209392396822
-1.49902591257
-0.732390568718
-0.413155626754
0.389086370866
-0.219694396162
-1.34534703502
0.82062542244
1.06874623216
-1.07355653978
0.349487721597
-1.11177281036
-0.146122622232
0.96415686548
-1.28270673246
-0.634300530287
-1.41694541223
-1.0876374398
0.020832559194
1.39137576056
0.105371370978
0.00475323056202
1.32291129255
0.791019502509
0.288499589656
0.69978434074
-0.0578012197474
-0.162364216853
-0.436930455506
-1.47956024998
1.97394413463
-0.325500494259
-0.937622857741
-0.649385785759
0.0560246283566
-0.565174351464
-0.387587833947
1.42504464496
-0.0298927717264
-1.49574265423
0.531688019486
2.1786857867
-1.64679631543
2.00457089743
1.68298213067
0.12352332082
0.496584884992
-1.59774972891
-1.84947460834
-0.717895713276
-1.90185674937
0.963132203565
0.525106031522
0.53704251812
-0.578679222808
-0.666809546804
-1.14389489422
-1.28374328029
0.447339229847
1.48440203121
-0.530047315284
1.01972903478
-0.00528608830284
-1.04867628818
-0.235423700008
-1.21032579848
-0.105956594492
-0.844905170594
2.02237781372
0.604868064359
0.654293096661
-1.9355208308
0.827202079059
-0.286850113642
0.15987560535
0.70896828972
-0.102192273195
0.448858267063
0.228550183858
-0.978296172947
-0.364532990027
-0.647690476548
0.905625866199
-1.23385965816
0.284935279946
0.154135925019
1.08413292672
0.437372016536
-2.21654307922
-0.68808810729
0.158652506768
0.157716374695
-0.557720671935
0.76507871196
-0.726120581399
-0.995052229414
0.57551847579
1.35036635364
0.309702449301
-1.87685670376
-0.270890460055
0.509435793629
-1.65304161125
0.670116977901
-1.22017523598
0.365024918074
0.00108165070585
-2.11319895007
-1.48368136175
-0.456472498126
-1.43450129819
0.970383764388
1.07239649575
-0.309877460052
-0.638960784629
0.861399537211
1.68606658656
0.0381449733765
-0.354335572092
1.09795905032
0.118355752084
2.31417401216
2.37739266441
-1.6209406476
0.832855130584
-1.62566557411
1.11281886528
1.0047369155
-0.137833745826
-0.103251992124
0.448458955108
0.652712267216
0.448493832783
0.147563394083
-2.08611049835
2.02994354247
-0.123345941561
-0.35154271798
-0.516085860207
0.746143187133
-0.670394560559
-0.236249567579
0.197658708809
-0.0928098289386
-1.74339401544
1.8290967494
-1.59637202746
1.03611458435
0.0316076252069
0.567210054541
0.249442905832
-0.528671236631
-0.611869467104
Score: 10