3
44
10
3
-0.302664819071
-0.990039596573
0.171827517144
1.39610645518
-1.05290963199
1.88148461228
-0.381580866452
-0.363131200585
-0.889941156491
0.759518183118
0.00029187739013
0.456900918304
0.24946407377
0.831894277994
1.21481636058
-1.8768139377
-0.215921224857
2.01292332337
-0.774480779528
-0.345534018691
-0.0654005653581
-0.700469867454
1.09593040648
1.16350174733
1.06492393988
1.06577295791
2.89791934276
-0.564325076904
-0.823738229237
-0.805095215383
-0.258007304858
-0.638187932074
-0.393038924655
-0.658910791308
-0.6242713711
-1.21674785682
0.700034704341
-1.44135902409
-0.14791633331
0.015365972111
1.58904533123
-0.254647534679
-1.19807296019
-0.821008143559
-1.55492321719
-0.570943304463
2.36252405583
0.198626784454
-0.582305065613
0.326396435765
-1.76001478003
-0.954938070758
1.35774089724
0.295924860837
-0.610362631362
0.958859922607
0.0317690088046
0.46444480136
0.994451654241
0.851128906238
-0.184359001735
0.0449828325168
-0.627265278423
0.571075359455
0.928694607826
3.02769609225
-0.478924583068
-0.806118100934
-0.302163583513
1.17819953855
0.609714516659
1.43737606281
-1.30384074479
-1.45000992999
-0.802837685285
0.620596899806
0.362455000483
-0.90994456821
1.08957327105
2.13004792362
-0.655387697864
-0.073297250098
0.257879094671
0.526905648855
-0.820137252193
-1.68635390609
-0.713829770061
-2.34672012191
-0.862975321924
-0.463410034054
-1.23098689057
0.984536383317
1.69479800169
-0.110541462312
-1.13471223373
-0.54200211797
0.950032724439
-0.384462868718
1.53889444454
0.904016466858
-1.48127979788
-0.338553347247
0.807750952131
0.520275486862
-1.0494941431
-0.159919233725
-0.164242136776
-0.153535962773
-1.05313200145
1.02666934005
-0.14555376608
1.31364013624
2.23691470924
-0.6451001077
-0.583741111724
0.398644558072
-1.94955270456
0.551884272888
-0.343860672218
-0.534676638022
-0.203913249384
-0.748526153102
-0.970858126224
0.304836318054
-1.02088860506
1.34070378132
-0.698953884222
0.613644345653
1.60128437902
-0.532233584435
2.13027415217
2.8813370749
1.41663006096
0.739149129819
1.73733601438
-1.37846318471
0.338385623245
0.73825185734
-0.521479115297
-0.379145770111
1.69403889545
-1.12711357782
1.0217398614
0.601689937016
0.377630760691
-0.83810555038
-0.734269470559
-2.04080597052
0.122177477962
-0.541518570347
1.05677856522
0.285072109787
-0.611318969518
-0.108040282664
-1.41561119475
-0.931096938718
1.7824223997
-0.794417444402
1.79578501797
0.0133987568737
-0.529455069062
-0.419170438356
0.569589652331
-0.16083688451
0.0880612662263
0.430109400489
1.25640660914
-1.30980852477
-1.22125507992
-1.12845058372
2.51407003206
-1.46278355979
-0.905531145027
0.0817289557281
1.07500437642
-0.0772000107771
1.57557697283
0.868933479803
-0.114627562969
-1.08745132487
0.175194329857
-0.157259348255
-0.157120679833
1.38358891356
1.22365465135
-0.714667773556
-0.14765553733
-1.76753190229
1.75940294892
0.876882990259
-0.197085998892
0.492606684957
1.49529227992
-0.238971305823
0.401335701317
0.908492806674
0.703191950846
0.619077784549
1.40543699597
-0.243193660213
-0.297481711245
0.153390960153
1.25169189341
0.535567802359
0.986162227285
0.789733916134
2.96699893484
-0.47493331924
-0.867011956059
0.233600293154
-1.41401280911
0.131812296422
1.01099158794
0.313133185096
-0.861386579511
-1.51779913991
-0.48643949449
-1.90430077111
2.71319511649
-1.5576132662
-0.691804331378
0.8645749117
-2.01776667109
-1.88571810492
0.245159422076
-1.13365166502
0.124756649555
-0.857443528391
-0.458589365799
-0.707767137898
-0.677411798371
-0.112754279359
-0.120224042978
-1.10238122286
-0.167254230244
-1.37038157616
0.32315839972
-0.605138660761
0.950409300606
0.390564515593
0.143734182203
0.99590943769
0.187401042063
0.341733558184
-0.456008215059
0.313481056283
1.81924556779
-0.932841749865
0.702257403695
1.52072564752
0.708232405609
1.09986089468
0.828949899763
0.265655968784
0.625525176873
0.833114726827
-0.247577584367
-1.15909816442
1.23108001202
-0.827583993383
-0.570426395967
1.20859236671
1.32236884898
0.155851340195
1.62123263349
0.750014457878
-0.448499086313
1.00347239135
1.26343078459
-0.765882558949
-1.48962276588
0.211830483829
-0.848089177764
-0.24549049351
1.09403026675
-1.16642527206
-0.00949898502921
-1.1718883285
-1.06066436076
0.773878805928
-0.116327317768
-1.04889892096
-0.777175191483
-0.494870088188
1.76291366985
0.770408728031
-0.206744200923
-0.224405470194
0.0170377387312
-0.312789249622
0.970532144665
0.00263188451622
-0.627890167485
0.208121895432
0.547927895888
-0.100970002678
-0.101741308394
0.0544799862363
0.223054098331
1.04940071387
-0.535834455504
-0.182269563009
2.03973603206
1.4060660948
-0.228525363797
1.05567682416
-0.367291087408
0.450480677444
0.567389246574
-1.66049271031
-0.25512044108
-0.572302508261
-0.833045455832
-0.0825661744015
-1.09119405923
-0.0107126329681
-1.12309735582
-0.693035844148
1.31255191009
-0.886519725703
0.793784501809
-0.0889662928205
-1.54432930459
1.044857366
0.336022047727
0.458221936212
-0.118729873861
-0.548176345595
0.33673696176
-0.207905770155
-1.72543236989
-1.4563151863
0.30512754356
0.318674116275
-0.334169884776
-1.48881103185
2.5466855264
0.0998123179404
-0.614521107869
1.12866887293
0.363668523523
2.92706230763
-0.817190282554
-0.510932431262
0.371226357756
2.64593200348
0.209367129646
1.48278980747
-0.245688046701
0.201175632459
0.149474342207
-0.0519503154234
1.55922176699
1.30227785676
-0.513976726944
0.361597719319
0.0282891372032
-1.57990574372
0.322925088182
1.15970640269
-0.332121220339
0.96977660978
-0.576737051424
-0.451130163881
1.09754794628
0.328874009262
-0.089580862623
-0.251247641365
-1.62779253206
-1.52402202604
0.493156517217
-0.641474900262
-0.948714445799
1.06539075535
0.236827841768
0.790043749906
0.134169766997
0.467791437809
-0.580956585123
-1.04340381912
-1.45503359439
-0.424803050373
0.36323623852
-2.55671061699
0.551268371651
-0.316311182161
0.400583202337
0.645009505345
1.7335728877
-0.542627991411
-1.08131096262
-1.68016928484
0.350071411147
0.79482798148
1.44774020092
-0.606503409575
-0.294092726205
0.162727186685
0.0540345902313
-1.74232821246
0.886448425343
-1.48142232175
1.19195815347
-1.50652225012
1.24197254479
1.10338436857
-0.813491829906
0.221153423539
-0.651193848303
-0.530922151116
0.831743994087
-2.00447639988
1.06369252972
-1.11406366238
1.15094806895
-1.2240515834
1.04135103869
0.0186426394915
0.494201960373
-0.0775725660947
0.302744894382
-0.810998998362
-0.00951120739122
-1.04833827576
0.758207692355
2.26810841011
1.25239353052
-0.423874404357
-0.780549963654
1.35448818722
-0.774605363999
1.00892839834
-0.83442566301
-0.114777232272
-0.43312772252
-0.0401077538762
-0.763849324583
-0.690978124913
-1.07907026128
-0.597664646901
-0.0190933621725
1.22655415702
-0.665025527085
-1.72211961511
0.23435492126
0.614411087729
-0.388621459505
-0.150163430431
0.849454843257
0.443468948138
-2.21432671004
-0.230710802286
0.26359189532
-0.297873336069
-0.394884341598
-1.29665984325
-0.20709529469
0.380388592952
-0.0141201005251
-0.525473186575
0.818438765369
-0.66004855208
0.871595094816
1.92553788989
-0.797439213737
-0.577968959107
2.44412090528
-1.93338427189
1.255627126
1.04138180067
2.32424941183
0.698550931196
-2.3058604258
-2.01148540444
-0.0453394452675
-0.585530336359
0.0803070182201
-0.843144070456
-0.145978118408
-1.23393176908
-0.888052263282
-0.0288000002244
-0.482291873021
Score: 1