3
44
10
3
-0.493009294852
0.672304410318
0.391184816676
1.38756070455
-0.42563536533
-1.06591815389
-2.09975837359
0.94989182308
0.180953158652
-0.851706876655
0.188821396182
0.824454293888
-0.442062875556
0.38205817035
-1.36542119906
0.581055350709
1.00742576866
0.769721805341
-0.502165086259
-1.09979682567
-0.570881820529
-0.845375319658
0.98783911089
0.817528407713
-0.252645396887
0.311383378986
-1.41962892078
1.42685116555
0.517327764525
0.194625806119
-1.78663790288
0.437233424775
0.783001275473
-0.452220978167
0.122211782674
-0.982436639857
-0.0115629170774
-0.584978630788
-0.193274658517
-0.496853717217
0.804828322341
-0.302707336616
-0.0681392932052
-1.10675179226
-1.42328793145
0.603181549051
1.36418492759
-0.0557163956572
-0.300489854838
0.721104947956
-1.04625914964
1.25564495168
-0.371290081014
1.06812980688
-1.01082472916
-0.149711204316
-1.3544699104
0.190433332821
0.251375394254
-0.926052164575
-0.91709271646
-1.26463349137
-0.689649011883
0.543687236484
-1.15817121277
-0.252664035133
0.59441128615
0.780351857274
0.816639947659
-0.727458872526
-0.760773497444
1.04898069172
0.126618511687
-0.108700850201
-0.832578191012
-0.768719009164
0.405496931716
-0.387103914083
-0.27316531845
0.626097568196
1.52249265893
-0.292094717439
1.41318414792
1.09324754242
1.54707482782
0.87827720335
1.86937515101
-2.10634948098
-0.0530137025726
-0.136470236074
-1.04349865223
-1.12272382381
-0.133215913714
0.110004860391
-0.495382717923
0.551353029374
-0.825950472985
-0.432766816818
-0.931744388791
-0.258394602343
-0.195752896261
-0.674784079106
-0.124918267053
-0.905285159773
-0.191409983852
1.17670658634
-0.418490999489
0.174771445565
0.639572135796
0.0236738667163
-0.833788346803
1.6022814976
-1.51740983154
-1.30370676603
-0.612648732912
-1.33187685496
-0.0221557848779
0.303371626303
-1.67736116275
-0.670755149157
1.65179262465
1.13955648747
-0.0236626396388
-0.0356717959343
1.23532699235
-0.25972866729
0.531287910389
-2.04445357705
-0.489805213552
-0.685806341562
-0.992800686458
-0.493646504356
-1.15688613179
0.902497545936
0.563544886115
-0.39161296823
-1.62062530031
1.25070542242
0.682322558866
-0.0276598869161
-0.21239077178
0.345944018363
1.1250170134
-1.02866296037
-0.627957925799
-0.427176086194
0.247749349135
0.242430131788
0.499320524646
1.64191355091
0.213792355647
0.330788580299
-0.0188241555253
-1.32877995788
-0.0126735344793
-0.971464131027
0.870809664275
-0.269508290854
0.852905141127
0.666515706715
-0.114533475801
-1.18831407571
-2.0547631218
0.185966553656
-0.218149728184
0.625130326027
-0.261679440902
-1.90916207754
-2.08562883737
0.0278486225281
-0.62636254874
0.684034431543
-0.376959535047
1.43546270047
-0.833371979003
-0.987683209302
0.282381325451
-0.442615649906
-1.02933870906
0.654424342714
0.740363006316
-0.0682178278815
-0.605691844388
1.24191305684
0.610073595035
0.413404502582
-1.13563472074
-0.0982790709878
-0.371407897454
-0.194241090868
0.101415980548
0.131623522414
2.02117048095
-0.488415914294
0.851752065426
0.0948018858214
-0.586781931517
0.426696135242
-0.386622140321
1.96738515342
-0.889781322314
-0.219446640987
-0.756211541393
0.551194768868
-0.989854219373
-0.0771355176935
-0.663643797128
-0.0842691648409
0.159542524535
1.60935464798
0.710675842792
-3.16356701566
-2.21368222849
1.13803777978
-1.63566863091
-0.5152372492
1.54819767926
0.23002434008
0.958833914931
0.022637752222
1.13990583343
-0.0503627087445
-0.19647424659
0.199190011393
0.941133665942
-0.504778371335
-0.659921467518
-0.259410074439
0.595463483528
0.0163472588921
1.03052981998
0.136179925675
0.676669242096
1.17588145747
1.4350946925
0.545823373452
0.423778907066
0.0277581277328
-0.0794178061034
-2.27602219651
-0.098227611534
0.684648428873
2.36307731461
-0.787299693673
-0.764819669677
0.0564773335825
0.725712995165
1.20114210166
-0.670562952509
-1.85498922594
-2.58811370599
-0.289716033642
-0.19251321458
0.65592598992
1.96948608351
-0.0564688078565
0.817539186758
0.353935705096
-0.285554294114
-0.412431010301
0.623351210229
-0.41928050177
1.80889681352
-0.184539192897
0.354505348915
-0.3804349361
0.117128370923
1.37508640245
0.877087035306
-0.261132650811
0.696361859097
0.200561175297
-0.11631480489
1.02058272555
1.43745269944
-0.234644392299
0.655415475025
1.5241197719
0.161710699672
-0.0970778963218
-1.15349295209
0.465780019384
0.517550969959
1.57635745208
0.36918832801
-0.938708693024
-0.279818489685
-0.0915159613116
-0.0186094555062
-0.840578772929
-0.789020521956
-0.751412889926
1.46085531814
1.25964944166
-0.370531607239
1.05326870167
-0.85593876152
-0.652498798567
2.20662262305
0.210161745466
0.152477456073
1.09975545983
-0.486315082294
-1.65468954029
-0.213563084632
0.462692548195
-0.139123724575
0.162130415844
1.15339995448
-0.0767170035006
-0.108368935428
0.816168618053
1.27172374135
-0.0635703625337
0.757245938449
0.945587994173
0.0895049240341
-0.173714949587
1.00199120192
-0.421263488272
-0.164671156504
-0.842624125394
0.0524989677503
1.0759941189
-1.09474738802
1.62382453681
-0.569839461379
1.50649385705
-0.578744338601
0.297292615217
-1.84982966865
0.277932659236
0.921560735448
1.11063765481
-1.55483683906
0.848555838281
-0.50888695409
-0.0264857223737
1.52918119775
-0.974165062455
1.12283164645
0.428379865669
-1.12004501622
0.843569192752
-0.132903305101
0.962546188889
1.73964332667
1.14862359609
-1.58206106976
0.0228094512999
0.00384036493731
0.512231252721
-0.207830581344
0.460436919671
0.230727820695
1.55561979324
0.615352428697
-0.652074701723
-1.70261066508
-1.2417464655
-0.451207196462
-0.583892528545
-0.0172761532625
1.71538338573
1.22753936956
-2.13680597457
0.577726495745
-0.288940148759
-0.260025517882
-0.751611658232
0.50309979299
-0.623718230199
0.321059047316
-0.543808769829
-0.57675895828
0.87199819224
-0.138186949681
0.0332045298335
0.034715749829
1.05719729198
0.816773359428
-0.46682413704
1.16917484832
-0.230785910927
-0.288374094996
-0.105320281816
-0.447486902328
-0.448693081695
0.869411882016
-0.592773068074
0.233482651289
-0.103957318376
1.51754650436
0.550820745523
0.382045645521
-1.25768030146
0.649862836859
-1.53904729433
-0.39494542588
-0.163339280066
0.77368528653
-0.0830081300467
-0.469291727477
-2.22556573154
0.0998984552819
0.784527611154
0.785057705391
-0.0354099761294
-1.03831527902
-2.21897095761
0.19813910886
-0.580935479015
0.262696998284
0.0776227779985
0.499913625295
-1.31990366906
0.279654293219
0.82569156564
1.40106887098
-0.522160841206
-1.61607435294
1.41661264684
1.08608854619
-0.0226707623052
-1.65094704086
-0.242847665457
0.51688004216
0.828991021929
-0.0103460941269
0.0744809848523
-0.157881031959
0.400697211152
0.55487808051
0.0142909013454
0.175513892732
-0.265217312655
0.876002160786
0.0902299984306
-0.438234537713
-0.454120865314
-0.136324126868
-0.0278492313888
1.13940528284
2.01712117365
0.733038893106
-0.0253424594655
1.16814628379
0.873172379271
1.26551458638
-0.995148516904
-0.340087718761
0.38057684673
-1.88832059203
0.222251977015
-0.4258749442
0.44843350752
-0.816608058902
1.14979342734
1.11149917876
-0.357803620492
0.890789169932
0.8511519742
0.483874470472
2.33220993606
-0.408269832866
-1.09839948382
0.532991140215
-0.653663021738
-0.0948350984582
-0.719957137656
0.462683859388
1.01406002594
0.71249114644
-1.44751007421
1.02591243917
-0.624013404709
0.254131614358
-0.613714252057
1.45477263075
0.274625767318
-0.93850996267
-0.185981550447
-0.000740612795362
Score: 13