3
44
10
3
0.918011125195
0.387026976249
-0.943842924706
-0.375195276804
-1.39867455395
0.826630649927
-0.120960020244
-0.406046510031
-0.676388486087
-0.917923753718
0.0695917379761
-0.566310436129
-0.130742395053
0.277804182464
-1.61272600414
-0.447561238501
-0.748993141036
-0.212565468505
2.51514239945
-0.52890005756
0.0535894083088
0.206680991992
0.278869377267
-0.854741339144
-0.194977666164
1.16706524721
0.0824408082693
0.382279422703
0.33532105504
0.704690205225
0.547976989948
0.470525210888
1.41180590746
1.17425365608
-0.167240010952
0.0799967726754
0.648907561943
-0.744333405761
0.620303314721
0.907776846715
-1.23472778494
-0.625838715387
0.468671604862
-0.403728392756
0.937080824869
-0.746987694982
0.918206499692
-0.174319142104
-1.24011158676
-0.268173011531
-0.459185361933
0.563389877105
1.03260753862
-0.92111903968
-0.0910364829918
1.64642362356
0.405081343124
0.190665836892
-0.380485573109
-0.682746598151
-0.489748652847
0.411013598128
0.849204871585
-0.907345875174
0.733230357275
0.450668150261
0.0551129617809
-0.823229433533
0.248957094731
0.489358154681
0.842561834004
0.128629357623
-0.857464222296
0.0818854788933
1.21814706198
2.09779186649
0.429190839327
1.55748892088
0.317296337844
1.86283494916
0.407550179419
0.159456287038
0.862989616338
0.782901587863
-1.83117723575
-0.346870163378
0.71679362261
-0.822551037508
-0.657479850608
-0.358237179023
0.107402461287
-1.6685028133
0.566213459966
0.891714422422
0.622278394127
0.022640625955
-1.60770507689
1.83733978618
0.261319265876
0.155466029729
0.0506349525067
-1.11708632104
0.704935355601
0.390230425496
1.29262076393
0.278609778972
-1.7673680239
-0.00392062846216
-1.11830164989
0.529404552533
-0.0398382591097
-0.835261777827
-1.06317316328
-0.719572366782
0.0909489232831
0.700739603385
-0.879735482813
1.03142366418
-0.224565392835
0.357572325956
-1.33163672745
-0.0492142906168
-1.35006415981
-0.203530148534
-0.594036245417
-1.66727524699
1.17490137117
-0.800977654325
-0.0286341371133
-0.475708016209
-1.18411240326
0.171220024441
0.311692072232
-0.926513140811
-1.96135367398
-1.00629304003
0.151144716059
-0.423623675423
0.394283632071
-1.53169684562
0.238237532459
-1.83104203217
0.803674478604
1.3437432467
-0.290053758548
0.0826249476568
-0.459376033062
0.77349392726
-1.23450829798
0.233116570739
0.21261961679
-2.66914576849
-1.15472016279
2.17542067875
-0.503891723399
-0.21664949249
-1.27422358798
-0.995895728298
0.440359241439
-0.19471642757
-0.708973882277
1.21728103613
2.18791490379
-0.490604694053
-1.29734319046
-1.39900910771
0.38500298081
0.507760104037
-1.12642152624
-1.06100075025
0.888565392986
-0.0195856702661
-0.392112509864
1.70371779379
0.934220724042
-0.484108712214
1.46973301599
-0.0400411003679
0.328580521837
0.999260433237
-0.928581173539
0.697402343313
0.341822652187
0.746155816063
0.19549738077
-0.250077785503
1.03518279538
0.835059841087
1.65398162561
-0.475002590669
-0.403307167989
1.66544025769
-0.626851954012
0.563876654505
-2.23438994429
1.33781577532
-0.664170949202
-0.44824359259
-2.09564905786
-1.8688511816
0.622420452733
-1.70292419718
1.60750808873
0.375673632746
-0.225613694201
-0.814720377506
0.554669769955
0.175327526164
-0.0574977046047
-0.0364873939382
-0.0659807882309
0.0604665714619
0.335558591893
-0.0916046206132
-0.106091548576
-0.666521729093
-0.494521362409
-0.371702177353
-0.656982618352
0.0762008176654
-1.3039665192
2.45461347043
1.14883420282
0.21700916933
1.33441013571
1.08510942253
0.732707899264
-0.507172852388
0.0615219844532
0.640752915686
-0.729252144428
0.891431242069
-1.01842194159
-0.916086257818
-0.547202875213
0.825153923116
-0.849027374225
-1.07364797639
0.951881654456
-0.104444584221
-0.236586499033
0.296011631193
1.43189123855
-0.413246243268
0.862239983409
-1.00035537334
0.205612812219
0.21112734377
2.08675918095
-1.00522420437
-0.307041649355
0.213719366473
-1.02270777221
-0.802399034428
1.67980740764
0.0577139309515
-0.674110830366
0.122844860125
0.431932864323
0.340557912434
-0.819648664753
-1.18789876329
-0.192848031376
-1.06411013749
0.336351879531
0.772978206758
0.842742580903
-0.770323095965
-0.192175414418
-0.0770387620791
0.347557498262
1.59893512278
-1.3388328448
0.480421706569
1.18012234522
0.131381477405
0.380593710975
-0.238660738876
0.245065393861
1.62071736266
-0.537154224178
-0.697848299305
0.747362640076
-0.627578908798
-0.421347266379
-0.116112587181
0.256640502328
-0.85294740354
1.54283303795
-0.218738746055
0.868724712877
-0.634605683921
-1.18827742581
-0.335513512448
-1.50871948377
1.35626497001
1.46549516221
-0.347908673883
-0.225025749692
-1.49273365847
-2.20539595871
-0.43854412109
0.30584258828
-0.525905113998
-0.103557507725
2.54185521321
0.837143196179
-0.384271320361
0.426897218105
2.36654845945
0.161495963726
2.99859461777
0.208190046106
0.440325322748
-1.43721594757
-0.251320342405
-0.18553044731
1.79456734514
0.599964209497
2.44497425303
-0.0950780322538
-1.10599870224
0.419827443962
1.74456039313
-0.27309168084
-1.95773196656
2.49430817983
0.451341749946
-0.19049741138
0.262471842453
-1.37157402056
-1.12140070412
0.362750473508
-0.384502356015
-0.779533562679
0.228872140241
-1.13375089117
-1.23792330733
1.87946647177
-0.628542510628
-0.680996291074
0.897531652727
-0.4459941017
0.421956783998
-0.492595736533
-0.373223521853
-0.535366865022
-0.816306210108
0.0518127584053
0.175109430814
1.27811299348
-0.424569795477
1.15573688944
-0.630994910225
0.88145387121
-0.407263895242
0.731388709753
-0.999692103772
0.300233558908
1.50012559104
-0.368177687223
-0.340198088817
0.910147276063
1.17772625036
0.352606863815
0.194087645865
-0.792813815038
1.85390312467
0.594797553305
0.0154098663715
-0.471528037891
1.03202442262
0.347257186488
-1.86655664857
1.07948025474
-0.355263314827
-0.765270213979
0.0466202858156
-0.609593404469
0.898639667656
0.108323169352
-0.73322080221
-0.500906629585
-1.91845299456
-1.14505182763
-1.23424095307
-0.611471423373
-0.738435332776
0.926067882974
0.655885467925
-0.317618436135
-0.926399021868
-0.162490244286
-0.373811892535
-0.86823789667
-1.32332217949
0.29885401199
-1.58503522952
-0.0297936642697
0.180392788094
-1.96421931075
-1.78155783237
-0.203045079199
-1.76777215891
1.74142871533
0.154943882586
0.869371262011
-1.1832627614
0.350836404899
-0.372871364138
0.533116958646
1.27657705174
-0.406403480415
-0.556321763397
-1.44746641482
-0.469438933586
-0.474248472058
0.354209468758
-0.76639796332
-0.41550243587
-0.161653119152
1.60417502348
-0.994271280471
0.420182030672
-0.395400875873
1.45837660192
1.84855429401
1.28704613491
1.23014927292
1.11109067807
-2.23589061416
1.92303705161
-1.14312386063
0.19227009516
-1.10896736548
-0.0392515833797
0.658260283637
0.908965374087
0.709871241225
0.388100186916
1.64022385001
0.117292203106
0.735917532159
-2.33522961315
0.459782066589
0.893331885059
1.38428831365
1.03806428647
0.282701068229
3.40107377236
0.640943522389
-0.154483947809
-0.691827764867
0.0981328102575
-1.71253968853
0.0282673661189
0.451918933601
-0.0403210401027
-1.45929639277
0.268301375703
1.63852137473
0.951393518769
1.0217482114
1.42253086042
-0.126044586992
-0.228674213903
0.660658273298
-0.87695687304
0.204213966651
-0.676969735181
0.548248779448
0.672888827995
0.738234843195
1.10664826701
-0.572419244458
2.02975466266
-0.717315338469
-0.680575347862
0.703226708471
1.67261365298
0.53454785508
-0.0599597757808
0.00720092190782
Score: 10