3
44
10
3
0.034931355537
1.49260704709
-0.537621733019
-0.915102837026
-0.453599295853
-1.74653206212
0.0613411746415
0.428340829051
1.40553536764
1.384375222
-0.824531993112
0.79317126892
-0.224916152699
-0.829076952605
-1.68754665477
0.0592881265393
-0.349627438699
0.0816486467825
-0.891351941359
0.847562621192
-0.29781556947
0.719374944279
0.534803832472
-1.23142191586
0.248420802447
-0.508763177418
0.383054199228
1.22202389777
0.96613723416
1.01856533099
-1.70635604363
0.406675756374
-0.558886609985
-1.89103621913
1.31167459818
-0.34610891333
0.191556239061
0.579245111551
-1.28065662306
-2.40489265892
-0.820859757021
-1.59813929881
0.0146846566645
0.0262633572452
-1.35300463128
0.379642255539
-0.996025950707
-0.859294368885
2.41768795232
-0.797235350466
0.572207141378
0.318508991677
0.266425779208
0.889267679335
-0.970019981031
0.00609903608052
0.86117067656
0.0125606599537
1.48037281897
0.394944478602
0.955471079541
-0.871090236767
0.57633831386
-1.09792865996
1.41488272587
0.424807420941
-0.161859258962
-0.822347510028
0.322188742494
-0.254909474376
1.17249224764
-1.55288265849
-1.40054015579
-1.22991478772
-0.322842807649
2.00213803018
-0.530373847064
0.0829833706666
0.314044281743
-0.228041897568
-0.529487055142
-0.459461319632
0.616676424824
-0.0711989118761
0.0638001963105
0.177112312801
-0.929963505528
0.710369136361
-0.94808564744
-1.78806940842
-0.0875010899337
-0.609690005057
-0.0171446045484
1.96456501214
0.283240315606
-0.806890538822
0.525765791056
1.57249886534
-0.304757981821
0.0651186866172
-0.385537722497
1.53271092007
-0.451863163661
-1.19292965279
-0.903208575539
0.0615403600936
-0.236305589035
-0.389738753764
0.935724517585
1.33077210862
-1.37089007856
-2.65271159999
0.413118974031
-1.03898777507
1.74024743522
0.791807758304
-1.73623827923
-0.659203902987
1.10433987159
0.0739567917158
0.489633590348
-0.944276530166
-1.79263084927
1.1501642599
0.384277827312
-0.296798556365
0.445634867208
-0.520749223308
-0.899632307996
1.48904619633
1.42280706952
-1.15742902412
1.86978302773
-0.901423939813
-0.365558569102
1.56398175457
1.22025967562
-0.696150062725
-1.59300611552
1.07939437966
-0.742800246901
0.13423315633
1.00834387942
-0.429927729069
-1.50780026928
-0.960177572998
0.787708138117
-1.60494014673
0.735717187864
1.50484537014
0.620003305905
-0.572186774921
-0.918625633346
2.86512045558
-0.229579593828
1.10120192922
-1.66131668129
-2.28945342474
-1.33153007223
0.133472409741
0.681054450464
0.542467754542
-0.998419728941
-0.185467720382
0.542473562464
0.115363747945
0.663333039226
-1.14057548576
-0.17262517463
-2.06522343822
-2.0232642572
-0.893966540539
-0.502485235534
-0.0434721761783
-1.18906118272
0.130692838633
-1.11639552495
0.0275976343649
1.87896961736
-2.46018476155
-0.635843291146
-0.131418942521
-0.227396899722
0.824544975155
-0.193775225787
1.4119830176
-0.577434904011
0.26278583604
1.40635789493
-0.776238121386
0.529757529385
0.214654973197
1.10370801006
-1.18741026527
-0.31387396326
1.41267413922
1.12446637896
-0.543175026955
-2.08549658071
1.19949909051
-1.03569941931
-0.138451388916
0.157951509432
-0.826041500662
0.0529106327218
-0.560205114147
0.670224131785
1.13826317746
-0.126725994917
0.500634230325
0.623744023234
-0.687325549745
0.026219450372
-1.13617417106
-1.33703304759
1.5594081783
-0.664373899942
0.985187171957
0.264123892757
-1.08508662608
0.294550145618
0.769637896123
0.294975674561
0.63137996078
1.01154704337
0.277965711428
-0.315246433877
-1.00845567835
0.0434062460192
0.497830745786
-0.914830572036
-0.318310103676
-0.524188301049
2.11017562682
1.46257535923
-1.0671794772
-0.894514915744
0.32621812846
0.194490166494
-0.294373102402
1.46842985437
-3.13100128864
0.736695032527
1.25709349079
-1.70474140349
0.521381955199
-1.07656234208
-0.157411039529
-1.64762219085
-1.18787881271
-0.00051486788099
-0.30573125627
0.855454739709
0.0682620966577
0.556386200405
1.09539535885
0.525775059475
-0.405378114306
-0.808619118863
-2.21575505489
1.32289005069
-0.372927871421
0.569078846199
2.59333268342
1.06692856085
0.306929218666
-0.385467694195
-0.0444130103513
0.283872012899
-1.53946840957
0.035799669873
0.866790807741
-0.602933251879
0.090943472795
-0.850450360754
0.965037445701
0.452853222539
-0.71659784948
1.10158839745
0.197143800885
1.31974650803
0.529290277658
0.179464893538
1.29074690872
0.892696607137
0.106660027258
0.286436370594
-0.0422267133074
-2.1789887714
0.339429046719
0.850871170961
2.11998907636
0.485391929582
-1.14823552386
-2.28096520257
-0.585281141899
-0.514911582433
-0.279918348275
-0.522798064591
1.06430005011
-2.23795035722
0.931763774408
0.463918254975
0.826056374056
0.203469917147
0.45598032153
-0.313945690154
-0.907510136509
0.400775639615
0.895070947401
1.52297327898
0.808383735114
1.17245499862
-0.191240210142
0.186696766662
-0.969973394108
0.194214130807
-0.434470153613
1.0340698333
1.1646915406
0.403002783337
-0.431257704699
-0.384541120096
-1.32484064818
1.06547630792
0.578651979261
0.253157661519
-0.266272847902
1.32626798982
0.779481038282
1.4479043691
0.306571938364
-1.51769139563
-1.41246339001
-1.08936291757
0.0310022382372
-1.35531386143
-0.44155356941
0.965182624722
-0.822920915317
-0.0481127462704
1.54016917112
-0.867870608505
-0.914697196132
-0.658072230361
0.361783621332
-0.59763916876
-0.177149641707
-0.192981616063
0.240619740708
0.509303678645
-0.396514192344
0.729933773998
-0.54414836399
-0.0120392138146
-1.28679980202
-0.124760194364
0.695010759152
-0.454825753122
0.369724595409
0.932418301861
-0.167809729123
-1.58054348739
-1.3617708673
-0.3016283823
2.27036841109
0.139705629903
0.480274147012
-0.766805595917
-0.505818695744
0.946202728592
0.506070529183
0.0436907336359
0.109767793535
2.42381709032
0.394346249061
0.0727849801193
1.90238603061
2.52638961977
2.95457932281
-1.22479065393
-0.20405073419
-1.72080324466
0.37234161846
0.0820928838407
-0.57252819267
-0.177056940847
-1.22896238167
0.127449106041
0.000607050787231
-0.320462019194
-0.996454770263
-1.36987175759
1.94715874238
0.603968427982
0.353041277425
0.34144314626
1.23749708838
-0.029653668664
0.29163853676
-0.294204230789
0.955357251865
0.50076432633
-0.239725123631
-0.464627991891
-0.902491686695
-0.306797706654
0.435973515573
-0.0299428832304
1.39260874723
-1.50476797074
1.60761169076
-0.687952904052
1.52405559747
0.35891827005
-0.583519419476
1.31950939128
0.738047434095
1.23819564592
-1.79082642406
0.569212776398
-0.921445598263
1.11840493115
-0.516751432477
0.0360287854786
-1.54851842854
-0.731047725291
0.912992174
0.0264948421276
0.0300089320841
-1.43859848949
0.604921021922
-0.528331263125
-1.1101496423
-0.174206227363
-0.167809398458
-0.434353880343
0.366526221513
-0.424493531889
-0.12770162988
-0.076312853429
2.22058798356
-0.840237938697
0.192399533663
-0.0791779100993
0.40346233048
0.0579812881524
-1.25724195093
-0.130784209855
-1.66820695754
-1.19638570262
-2.8550905826
-0.531299175395
-0.744519332247
1.04812855237
0.242973701646
-0.178887541632
0.716504573856
0.197235501496
0.81092201022
1.34499538331
-0.194453859166
-1.38830456214
-0.342365391378
0.210274931028
0.0688118800022
0.129363491334
0.551925142308
-0.38478813253
-0.79790399641
-0.326051675994
0.794588761415
-1.17317522094
1.23727604999
2.6440226775
2.0393771722
-0.110071797063
-0.48751495626
-0.252649944573
-1.01374760172
0.397965665284
-0.352767208663
-1.26064488909
Score: 10