3
44
10
3
-2.26705463453
0.524902122204
1.57475147812
-0.422340597604
1.21955906586
0.256470442284
-0.895289942194
-1.14188809025
-0.438146419097
0.190839080447
0.0966597675409
1.51243326569
0.913870895058
0.465891812812
0.100283020424
1.27432664113
-0.823150410615
0.881233330035
-0.183824140578
-1.43666742346
-0.406724199574
0.095257456829
0.279984264532
-1.30683516877
-1.78077326933
1.6361934094
0.32237249314
-0.321164398656
-2.87776430932
-0.416860195386
0.156484813717
-1.90305263953
-1.25887149416
-2.00550609693
0.355483299072
0.31414125638
3.35614321601
0.567273411911
-0.696134914886
0.350028126437
0.00507407794645
0.0372869552803
-0.67100324135
0.0424396465054
-0.289877905233
1.12964078411
-0.321404169412
0.0331139426739
-0.355303857832
1.63875360949
0.463441041925
1.40498230267
0.113391179598
0.85416779889
-1.69194662199
0.0560949773449
-0.165364711896
-1.18955711497
-1.0583644329
-0.426072519375
-1.28585251742
-1.69745491174
0.443983782979
1.2789649781
0.616618045107
-0.320918861748
-0.660116797581
0.824316938325
0.988296253124
0.507719301504
0.0606875878723
0.203788976556
2.2728979938
1.31831079274
-1.0923036434
0.116126762956
-0.182487338599
1.34226433748
0.395819054742
-1.86753749312
-0.945250618868
0.94201500579
-0.554482305725
0.976033440625
-1.79100709022
-0.441490313332
-0.194494484932
-0.039403606502
1.43140657659
1.21516968066
-0.0509173750788
0.0141357077557
-1.10247556566
-0.681847389253
2.7579961407
0.950038015156
0.962646401002
-2.04168944822
1.55777643715
0.798073032844
0.832818213594
-0.326959548385
0.036605780032
0.250016279605
0.09071265785
-0.400419450241
-0.166023707683
0.174571258248
-0.984717864998
-0.749236478543
-0.177788059749
0.597024194687
-0.0125823320045
0.00767043742024
-0.427917450271
-0.620655237267
-0.336780358865
0.518504387255
1.33912719342
2.70166113731
0.754236021357
1.17411746634
0.830650475398
0.12662175427
0.219994800023
-1.04445174892
0.771270132246
0.692519089618
-2.10699928325
0.182573833017
-0.616771120287
2.13183014789
-0.683489549444
-0.537295368751
1.11688395477
1.03343790829
0.430110050787
-0.330243104502
-0.990428529914
-0.773174658947
0.305340012992
1.04011422911
1.27853859045
-0.937075368138
-1.35611198561
-1.00701725889
1.91798183032
0.638760735591
-0.0356084143505
0.860068368744
0.278309391732
-0.318030701154
-0.33358071681
1.14563197932
-0.138845863318
1.47922676676
-1.84352965397
-0.366948462795
-0.284639536459
0.594719824528
-2.14383182313
1.39570015311
-0.0481795462257
0.626633113907
0.513710684492
-2.11028161181
-0.406528120122
0.931629806201
0.782666549886
0.35018276187
1.35212714817
-0.766256738161
0.94453605615
-0.831914584862
2.4784678062
0.889815525323
-0.0217384150625
1.49737474081
0.555539227109
-0.736243887874
0.769216328959
-0.348865746996
-1.14179670803
0.932259370173
0.987741276137
1.17510180619
-0.986130700008
0.252745477045
0.144745675314
0.518355690548
-1.98879379212
-0.942444286168
-0.135014998913
-0.365821471697
-0.193960077904
1.52577909599
1.58792861145
-0.897637929325
-1.57921273436
0.144738992467
0.383801966391
0.824489701
-0.27930765195
1.24333853216
0.325753993371
-0.0481851741045
-0.785193764174
-0.582043889147
0.596251737888
0.726984415389
0.132443224934
-0.488686592809
0.689297383549
-1.46308250033
0.651444599756
0.351314444802
-1.20436063062
-1.40409636759
-0.540914785372
0.94491289984
0.845885738862
0.230681066335
-1.17568157007
-0.414336514374
0.358889893203
-0.573444782933
-0.340446711308
-1.28797920732
0.646494961126
-0.771690465173
0.369881702672
-0.438986408292
-0.159788873493
0.655520882052
-0.342694886825
-1.09425921689
-0.0543106901486
0.726661363065
-1.59937609438
-1.49500242109
-0.654100534538
-0.903734994762
-1.30111649359
0.753110154723
-1.5053897991
-0.316937950873
-0.373209753409
1.24040856329
0.918165975631
0.786328679714
0.591894191718
1.0416713382
1.23048135725
-0.241197248891
0.266318363964
-0.897189026748
-0.260733390331
1.05427158656
1.18840239123
-1.54605906674
-1.76621188121
0.817825838258
-0.206126538329
-0.455170677018
1.36548155365
-1.11526263978
1.81462028761
0.28176325134
-0.956882243161
1.33048382257
-0.966955947403
-0.254450511471
0.272050128462
1.26645007977
2.41568292021
1.25931125749
1.81862952446
0.238055318463
-0.136818320439
0.128518331282
1.25871003762
0.101199437367
0.775620757586
0.161591628708
-0.229208349232
-0.975092334967
0.674807445674
0.913585997201
0.0905303450405
0.936197529261
0.909578919789
-0.140095287878
1.91032075801
2.27198056843
-2.31094135938
1.11883471026
0.197155559311
-0.0871547313457
-0.727450337611
-1.68650778984
0.000726786025347
2.1980328627
0.949211396606
-0.179161171162
0.358213909543
-0.456260190626
1.34999712314
-0.50237539887
1.48899160765
-0.399847027554
-0.162260230035
0.979452557943
-0.189842335018
0.629903912
0.152894506965
-1.16804802323
-0.0318440409469
0.0665564615061
0.766623146456
-1.04955338861
0.717851124161
-0.579950257292
-1.78521375113
0.509095028329
0.498627022612
2.36818842497
0.256717031295
0.658634764184
-0.453723627472
-0.129968275499
0.0210760675969
-0.765592679147
0.680858513513
-0.403457998063
0.136051162442
-0.900393065772
0.7665353389
0.407510273462
-0.330383961687
-1.58440522546
-0.198583988479
0.319014778428
-0.162469207432
0.946626618234
-0.516239822188
0.251772765249
-0.201209802226
-0.241887723656
1.36825295118
-0.387571883516
0.295097510515
-0.419111649428
0.460320668824
-1.19297761742
0.867010581372
0.336360352599
-0.067126194062
0.451869374839
0.0935720555536
0.393816434123
-0.306063293022
-0.341900891942
2.49397614649
-0.525833893724
-1.49850998974
1.28874422829
0.467665420438
-0.726386489346
0.678393332814
0.259620699856
-0.18118666923
0.519633562725
-0.390619570187
-2.28875768045
-0.453027108303
0.0658105589854
-0.852113379423
-0.0417182175595
-0.0995647456667
-1.14694484922
0.391824754824
-0.758425403303
0.19288653799
-0.809732964941
0.513630702591
0.557971404821
-0.862864631109
-0.921332083201
0.309197551104
0.773178817566
-0.537516652995
-1.47124200453
0.0401519913591
-1.07209396998
-0.961914721911
2.07344638277
0.314750810146
-0.449562768053
-0.844375629822
-1.25603939842
-0.210802136754
-0.134219578652
-0.965492634408
-0.282591272049
0.672175577266
0.352053942965
0.788534997377
-1.52580960538
1.52326827477
0.233875234888
-1.40390642303
-0.200163000162
0.106522478485
0.40533685644
-0.321710904359
-1.94472080672
-0.189396397601
0.359700781969
-0.754484252504
1.35701836518
0.525810968526
-0.220894443399
0.4441644277
0.689969758285
-1.02071376533
1.40186001589
-0.0825336185723
-1.19316412787
1.02639496207
0.952513569579
0.811984056472
-0.182884626851
-2.16601529292
-0.800594559509
-0.928332955634
-1.40798539253
-1.42787731505
-0.87168681138
0.743384331267
-2.77388581135
0.196284628547
-0.873179915492
0.677442663463
1.29418004951
1.71354786769
-1.33090255016
0.393828656077
-0.056190160967
-0.487333657872
2.39990253717
1.76190315752
-0.092354079543
-0.425923502699
0.747045894169
0.165906923619
2.88224061004
0.597551591038
-0.827354714341
0.00420948144223
0.749902221824
1.27287463829
0.868116375317
-1.70363480317
-1.39091617389
-1.7427427242
1.11410495431
-0.27663018838
2.21200339635
0.378070949663
-0.701249179189
-0.749244126304
-1.10695241212
0.948119895403
-0.694610564702
-0.528959739309
0.125453542219
1.30770993273
-0.301074080364
-0.161974059861
-0.429537995076
1.94908585421
2.19377142539
-0.151936891301
Score: 1