3
44
10
3
-0.843712235512
-0.58043567865
-1.35955810246
-0.72663558897
-0.189699471572
-0.489647338888
0.904318185449
-0.357390504507
-0.988302663208
-0.0917561000315
0.843878447613
0.515266298591
0.268159614195
-0.356686742138
0.177253204955
-1.30147055651
-0.490998671773
0.427523219492
-0.513073756761
0.0837681262892
-1.48982340114
-0.022104779707
-0.113767891914
0.50241214883
-0.137841811598
-1.86583265137
0.560360829285
-0.959765553623
1.30966538969
0.675494904007
1.11245668583
-2.5948424339
-0.610319067953
-0.872557237813
-0.0504287836149
-1.3866063418
1.91007906273
-0.664314924169
-0.0887722041862
1.6271581604
1.39404237466
-1.2445957638
-0.897016764128
0.693531879982
-0.11410923026
1.06245496672
-0.799564937863
-1.70941188577
0.0607552711737
0.987782957095
1.10967011302
0.771411086905
-0.195269528039
1.51149584832
1.72744840493
-0.878086410111
-2.75806163552
-2.11225683003
-0.318131969921
-0.195780201366
-0.147817774607
-0.532339583834
-0.753400791716
-1.07784165419
-0.998827045729
-0.548086691028
-1.77084649385
-0.21371004252
0.148950210151
-0.495503561521
-1.52222203091
1.41093356312
1.42676470242
-0.455276914712
-0.367514345184
0.287581258147
-0.748867875386
-0.609864093648
0.0429167561668
-0.451880932083
1.83871339957
-0.145004438395
-0.512907038686
0.355998712552
-1.24163487761
-0.838139031595
-0.704452246604
-0.0976855399039
-0.0924270702255
-0.80304235776
0.909824744859
-0.343027393005
0.717971241013
0.59637802743
0.678379645344
-0.587306717387
0.907435008373
0.178896349104
-2.23095682203
-1.17442506619
1.04171456557
-0.320734699923
-1.81300655126
-1.45393157644
1.46120470706
0.123297385762
1.77448478162
0.29621564124
1.3775333069
-1.23909806567
0.186152311956
0.379993168861
1.32417861022
-0.294271124751
0.157513332556
-0.599369912239
1.20447554339
-0.620741473946
1.77314426601
-0.950794003369
-0.701729329532
-0.548196890096
-0.3050310652
0.501418353198
1.01679460267
-0.819279609478
2.06031270794
0.445996127151
-1.40864925661
0.766718233728
-0.127238882425
-0.411843182531
0.505230895152
-0.491519262694
-0.210785580997
-0.624023516875
-0.983639945523
0.588400011587
0.84978079962
1.50593174055
-0.742984362719
0.720816285747
-1.5682959413
0.798308249257
-0.511896712727
-1.17929021352
0.453706641625
0.797248670288
-0.218104911442
0.175099023177
-1.25879256679
0.717942580747
-1.86828434704
0.771779595233
-0.665542631263
1.67820848016
-1.3016255295
-0.445492415188
0.283231628151
2.04013365589
1.36450424753
0.322391296285
0.197473076796
0.390696672664
-0.72877148063
-1.24266362877
-2.29186498135
0.220871848585
0.579932492255
1.25826882686
0.82817084091
0.693189129678
0.0202521020295
-0.124891730481
2.54460088937
-0.381737513208
0.118140887777
0.597917109385
2.13828396002
1.42175987435
0.0405178585241
1.97991087028
-0.34881369944
0.0495288560328
-1.98383094454
1.44053591856
-0.504253393694
1.99539502369
-0.183936341054
0.446777444501
-1.39978254706
0.884859871
-1.73718721452
-0.66320019012
1.54272924746
-0.170814329839
0.180250885816
-0.277562392196
-0.976040311143
-0.257097181776
-1.27325394721
-0.791768573502
0.767793611075
-1.7114485456
-0.789729972963
0.825997262912
0.452295202803
0.557388875931
-0.999926285045
0.375048777811
-1.12633781467
-2.37223357105
0.369541402417
0.672828709864
-0.363174272317
-0.544244392155
-1.18990015155
-2.38449707168
0.582221792668
0.741020336948
-1.17275101007
-2.65559896882
-0.122543290952
1.48383158496
-0.47915367728
-1.34628132377
-0.279508663441
-0.800362823655
0.182122258658
-0.92168419632
-0.452710291622
-0.109252225461
-0.773226063252
0.353527462248
-0.192435607525
-1.63989203562
1.19543228281
0.266900555058
-0.899294951925
-0.326899219504
0.485202211601
-0.432147794875
-2.92742576766
0.868826764467
-0.175402781135
0.137811118995
0.463494195512
0.220498328593
0.838936121335
-0.219113087367
-1.66359660451
-0.878838931912
0.851121248995
-0.941072743573
-0.0803556805101
1.08972242418
0.939663545127
-0.0436134866037
-0.0344399115754
0.373783672696
-0.613881781006
0.132420926058
1.2456346533
-0.0137508698493
1.12265376788
-1.15472581519
-2.05843924888
-1.87676398302
-1.38097233423
-0.27885833991
-0.222040394821
-0.106873899878
-0.0401697553748
-0.415671814151
0.110965128511
-0.39879773945
1.20945563992
0.057384329164
-1.53901800494
1.68546811038
-0.108585724906
-0.24596267523
-1.98549593482
-1.04630592897
0.423217159115
-0.441094684668
0.748852399943
-0.211701671069
0.491928458401
-0.797687248583
1.41020820201
0.691968468282
-1.44386055122
-0.715013880341
-0.965350017744
0.779602517005
-1.05117933349
-0.255250573635
0.555647679943
0.507686224483
-0.309252483527
-0.265990804246
0.105702441279
-1.32181311397
0.248611860977
-0.156116241648
0.164767442737
0.407910355305
-1.37760075232
1.50250841887
-0.962813348008
2.45351319231
-0.731452407425
-1.82059149342
0.490981062345
-0.529821331579
0.0620618557272
0.645705466115
-0.397338334542
0.851143934735
-0.514956145417
0.313400380165
-0.280692389037
0.470320592276
-0.0525719739875
-0.522412571726
0.666072961566
1.77039253641
2.31600310024
1.17593928038
-0.683009898568
0.168533176228
0.219241045315
0.24088448828
-1.13074756967
-0.89018108385
0.248602154963
0.254628207025
1.05556948808
-0.194781301239
0.0794425124898
-0.449112494205
-0.3441967375
1.97070837395
-1.06737623158
0.265613277264
-0.2614725166
1.10248080926
-1.20317643888
1.43626153162
0.208073347877
-1.01331650611
-1.41804037317
1.32691709247
-2.10139220191
-0.00503166547318
-0.747007340825
-0.296788579466
-0.592605220716
-1.71585224927
0.599697659872
-0.222783490969
-0.0909152999211
2.05072418123
-1.3226254009
-0.0184985059256
-0.692966496263
0.939372612887
0.741385074411
-2.26304412741
1.09169866671
0.226924257768
-0.30373735572
-0.450030390276
0.535464126111
-1.68047988511
-0.64224718588
-0.763148561087
-0.426659168571
-0.167224408518
-0.438371855528
-1.82890454202
-0.623601730035
1.27773045559
0.412893835109
-0.613772959493
-1.087560811
0.496176005908
-0.53780239508
0.302007175686
0.61768952138
-1.61106233201
0.0218722132844
-0.169586461481
0.647299674022
1.19728570938
0.874905485619
1.61785033525
-0.592652725014
0.999584861903
0.291805511919
1.80776958569
1.08589886295
-0.696380025683
-0.933674182132
-0.181931572196
-1.36379617877
0.775327703646
-0.479493820573
-0.0112559140555
-0.124774469349
0.422947530148
-1.56249001835
1.0591662745
0.334308439369
1.02130059664
0.000832215247215
1.00180700742
-0.805793792476
2.08564517069
-0.379514249848
-0.981601666251
1.24300885748
0.385443579056
-0.902399897547
1.17875599674
0.957965698409
0.0356870799414
-0.874924851931
1.4751551702
-0.282782584215
-1.78787206781
-0.264407463331
-0.122057564338
-0.71357715754
0.303206473667
0.0160194002473
0.0137162514459
-1.14911291478
-0.337780449595
1.02178796393
0.0490396633624
-0.23310428267
-0.0988885156109
-1.18106341701
0.246344969474
-0.666225215796
-0.34851023032
1.04573871777
-0.178946078699
-2.18948919325
-1.32638200173
2.00251289697
-0.732273017586
1.13644672729
-2.5484493226
0.140446056775
-0.632463893509
0.133643748037
1.43903379103
0.0201003348311
0.38753209696
-0.702957493908
0.865157016265
1.70332885748
-1.8045551854
2.1160809619
-0.605772066467
0.529906700539
0.272493770171
-0.849346975076
0.490473970709
-1.28234431883
-0.970445744698
-0.254226920238
-1.09301909685
-0.980762989676
0.954906304885
0.963390778942
-0.075934481583
1.02735569685
-0.306275282125
-0.858005129086
Score: 1