3
44
10
3
0.378034809076
0.774262586149
-1.04275325317
-0.110589080115
0.321645121883
-0.130987162063
0.830465419456
0.0382963498893
0.603713375595
-0.345016127273
0.0225310497192
-0.564198374578
-0.704665692745
1.74470496501
1.41207783339
-0.410791745788
0.788308274801
-2.7438155546
-0.876411696006
-0.782465574499
0.633280800089
0.0361201361934
0.731207650886
-0.895570907749
0.233497405434
-1.20702410498
-0.32205440148
0.0678825558925
-0.518063851273
-0.325300063044
0.630310586962
-1.65776566444
-0.61054763176
-1.09334949436
0.309018182689
0.613152974791
0.778940175004
-1.58594042734
0.61621063104
0.430529334409
0.344431482628
0.715026205747
-0.0564237653961
-1.03421754958
1.90813741017
0.525962739208
0.356167624118
1.01916204625
0.923257326977
-0.350325580345
0.979682989844
-1.06953721957
0.913290832153
2.24562514213
0.740487259544
0.484496220105
-0.564109509604
-2.08717461308
1.78820318185
0.651177446369
-0.449172614533
0.911555599516
0.191215831089
-0.01985103339
-1.86998104528
0.727651145276
0.678776441491
-1.02678525418
-1.04854832982
0.561888427818
-0.700738549088
-0.581272373908
-0.749004256953
-0.15078059697
1.093056249
0.633911129495
0.583840317833
0.0665025221198
2.03432902083
-1.01594707614
0.908115635113
-0.431489339147
-0.800825343471
-1.56529325103
1.60478938701
-0.662136488984
0.151896824777
0.0152877320737
0.979569818388
0.198923714904
0.477957278559
0.119318506941
1.12373761452
-0.416364397089
0.483609773207
-1.24334649255
0.768197663047
-0.779659194261
-0.441378136678
-0.871109341434
0.535092081002
0.820452208657
0.575364645327
0.79158162372
0.198800705838
-0.0296556921922
-1.01661637032
-0.201989426358
-0.402601908378
-0.771637456063
-0.0634626697657
-0.310867402093
0.285296000359
0.849319889866
-0.0669431088271
1.50896723607
-0.463468616777
0.615090048322
0.0567816024346
-0.281486911529
0.27445243834
-0.359006600054
1.66704424519
-0.337234569037
0.523292507146
1.51096929579
-0.42004410162
-1.55460784082
0.32507721265
-0.796243695942
-0.811044867519
1.11944944254
-0.593315852353
-0.499513480004
-1.35452394197
1.44767262343
0.71922987083
0.531051702821
-1.09182248781
-1.58715462068
-1.0776777528
-1.37413104399
-0.410767982589
-0.470735370983
-0.738070277266
0.68104706706
0.0718696723552
0.65496769174
-1.29755262709
-0.858802531474
0.257010424454
1.72017573581
1.23750808559
0.626533143321
2.20543172565
0.80579947572
-0.0118270811695
0.403856649239
0.265499163386
0.480490035318
1.08537760328
0.342972172587
2.16570744207
-1.36959221975
1.48725602796
-0.146804807131
-0.270135087248
-0.153203275706
-0.461229031016
-1.30914450661
-0.832219216743
-1.74220113919
0.171723353866
-1.2112960155
0.406996500812
-0.00939489461092
-0.434376545692
0.823794869525
0.298399566323
0.502700913854
-0.274638769846
0.213729208644
0.699705538827
2.60613784862
-1.8619511487
1.01296914732
-0.76878539045
0.516338124523
-0.961037020446
0.0344680585371
-0.783204932566
-1.06503783409
-1.52490335159
0.863821679812
-0.445558733309
0.484385137114
-0.14225140587
0.547588142128
-1.89940163888
-0.557285846568
-0.84721105082
-0.0176412761634
-0.872623899868
1.43541280773
1.2565549048
-0.564690550605
0.956074265678
-0.112313774851
0.848794461642
1.18316202772
-1.02301108451
-0.522331080207
0.201027911785
-0.0304448304737
-0.546600026811
0.0648178001601
2.76216041717
0.292027761057
-1.04335729128
0.513438786268
-1.05831673046
-0.679793949891
-0.392296266203
0.550547962405
0.0901257198687
1.62332937807
0.869528945692
0.175390856909
-1.73139196095
-0.473490136559
0.508820015828
0.731785653305
-0.849465420133
-1.14912734007
0.277908252187
1.11876096749
-1.68738639168
-0.90099360204
1.12742918208
0.582658901191
-0.138108274163
-0.228534654404
0.56787842647
0.864428275173
0.502545959811
0.174856214919
0.662097023448
0.213815211374
0.32120206646
1.21402770102
-0.818954193122
-0.755467493095
1.32786755347
0.927894064826
0.0314735709884
0.117985097762
2.15602581597
-2.71236560646
0.455211839205
1.95942044343
-0.368128676922
0.262264021062
-0.39007418107
1.01400282862
0.858238493007
-0.701188921609
0.344746811884
-1.25109013064
-1.38704515617
0.277804676065
0.0141972804788
-1.85865225078
1.09853431347
0.0461711914063
1.15410508538
0.631618233986
0.88052776849
0.10243109934
-0.369804322004
-0.97201587401
0.0248436795728
-1.50811302163
0.516078120847
0.0802381806128
1.48517853026
0.0751947597215
0.0631443643124
0.122117155765
-1.14403263381
-0.186962546626
-0.095227448248
0.0908652754477
-0.0297850106748
1.01002077917
0.213517326356
0.462011657231
0.36928760273
-0.350029666251
0.704803558524
-0.568469329707
-0.338095431947
1.28221581492
-0.341856871207
1.1405639214
0.416443267148
1.4568303346
0.484026895688
-0.0455012037592
-0.494932624355
0.350516990415
-0.19241511729
0.606209580102
0.144932454069
0.846141816475
-1.03337769185
-1.04930115718
-0.747674121322
0.151573838869
0.788541707638
-0.373768855623
-1.54058192519
-0.456295025506
-0.772343062133
-1.03523262487
-1.6196107538
1.16329152
-0.00674833932458
0.561251983333
1.51650503938
1.05594033304
-0.497702669661
1.86723038665
-1.58112729368
-0.906508448655
1.12454920962
-1.96776079325
1.04486148047
-0.0945193782811
0.840576290901
-0.0231210960698
0.0811068083961
-0.97597468918
-0.575132252043
-1.89702360923
1.13021275312
-0.340576978997
-0.306533605117
0.8497580896
0.128440964767
-0.0996341191557
-0.304295076773
-0.323644155612
-0.770615306756
1.33505963504
-0.990443915438
0.300769000173
-1.14688315825
-0.531449948721
-0.616036505031
0.120682542237
0.775416393378
0.699456635716
-0.634294785576
0.924640356777
-1.93317443095
-0.544880570616
-0.429287736331
-0.0454996599252
-0.621383711218
0.326903123876
-0.858897661813
-2.68555607714
-1.86021347915
-0.316628268603
-0.93685920422
-1.55613384154
0.491216117855
0.647195929618
0.568619847137
0.133577609561
-0.853374931256
1.23095020129
-1.28074759031
0.545087483366
-0.878669152519
0.684067762283
-0.13775432173
1.61780035774
-0.665877941625
0.521763870441
0.0104118528352
0.684143392361
0.587118891839
-0.0672805751895
0.963447990264
-0.863529896027
1.42291680965
1.62766723118
-0.850299708644
1.01056161823
0.0624204632205
0.353234306808
-0.0306312800769
0.0518595058009
-1.46852485924
-0.311734132043
-0.295300919493
0.856369252567
-0.545263011731
-0.0708860208262
1.16301508275
-1.52280133181
0.864678995275
0.316517923845
1.89401061153
0.41069222841
-0.466155577389
1.55527638413
0.589933695534
0.63210231532
-0.740860107549
-0.815167544938
1.04544093645
0.146402134238
-0.645793062012
-0.843301543031
-0.576806871172
0.20843594682
-2.0298213152
0.322793296302
0.72925938646
1.57805153401
-0.793562293697
-0.256192980761
0.695897712478
-0.370263854863
-1.30392202927
-0.497453209436
-0.546785511127
0.223735834009
-0.385004268123
-0.369367664827
1.14518230067
0.183584851017
-1.14903192115
-0.11667193863
0.246897759538
-0.894857221804
-0.421473980292
-1.2849181118
-1.52656995188
-0.80385728259
0.79289889062
-0.314679991318
1.60388104516
0.12992016393
-0.522428111472
0.647411327669
0.699993759201
0.08603172982
0.828652886679
-1.05780689579
1.97633835704
-0.249788538726
0.25990037778
-1.02482561531
0.204958049526
0.992630150778
-1.46696986197
-1.18448087342
-0.11254016426
0.536583088908
0.750968893169
1.19509435457
0.590229713917
-0.874436107845
0.491169777048
-0.257543877377
-0.340853439341
0.0247047696694
0.790206894679
-1.47601149837
2.34033327652
Score: 30