3
44
10
3
0.754817326303
-0.470541975169
-0.110490328548
0.253580536521
-1.30676896096
0.000669346515984
1.02115308905
-1.01087614653
-0.0330070814529
-0.0406380115723
-0.370944933778
-0.660299157679
0.0998815908244
0.560635252796
2.15722991896
-0.920532168767
-0.199054074344
-1.82969088515
-1.55241473894
-0.987324047522
1.90804272587
0.976535661717
-0.442307728896
2.17763962239
1.18578423737
-0.90689982439
-0.972697316774
0.133313663414
-1.87381856403
-0.204163959402
0.259545756169
0.629497637538
1.42865732137
-0.916224252161
0.126253573101
-0.184896977909
0.354748908234
-1.508995778
-2.02981527047
1.86825077666
0.979987143094
-1.92930741191
0.693503315508
0.644655387712
0.0689886804594
-0.041357781897
-0.308504579746
0.0651056664797
2.00218331413
0.336647690948
0.045759954616
-0.968702399889
2.09681662381
-0.750561995406
-2.76778450638
-0.153329083909
-1.28430047257
-0.290294835231
0.134397242383
-1.85970317515
0.45521647042
-0.629465958289
1.02719702618
0.541266664564
0.713150793372
0.73888589331
-0.0148937775607
-0.0822766967201
-1.36367870753
-1.18698593041
1.01221833777
-0.643780317623
-0.811421983366
-0.00869607381111
-0.553926094189
1.12397604699
-0.395642704376
-0.106788018518
-1.13490333488
1.23671309271
-1.00694355439
0.749080841985
0.361596445008
0.0382155762154
-0.355082924431
-1.15556859442
-0.00143574885822
-0.300851076187
-1.04458294886
0.154939644997
-0.0534400317753
-1.05323642556
-0.386865206541
-0.69172774804
2.45550250527
-0.550095358788
-0.317350874535
-0.776451054067
-1.00505634742
0.0423926696436
1.11940855158
-1.74112279902
0.647630025203
-0.165770636855
-2.53859103951
0.726983309712
1.09349118409
-0.728759387331
-0.365278266208
-0.510398946873
0.229622006193
0.612847287201
-0.764151503778
-1.80088209719
0.277473827697
0.501533192441
-0.31356032052
0.84333042028
-1.38886784061
0.650931499242
0.426475350275
-0.796380978118
0.321864896715
-2.11938272372
0.0309605135529
1.25347751113
-1.27710109577
-1.21893863192
-0.791774970277
-1.20354294859
0.330741664501
-1.56178485506
-1.49467670982
1.01937380081
-0.08942241061
-0.682694210273
-0.0531667891423
0.680134095772
0.0509703251936
-0.566045229301
-0.970295676997
-1.10642321053
-1.76910493666
3.12258665236
0.405255955357
0.764921047924
0.446650100922
-0.382762936446
-1.25757647368
-2.07949978392
0.428741517434
-0.475931012723
-0.134361726188
-0.724442495873
0.472535037052
-0.330800371226
1.92627538962
0.565345144754
0.455343904498
-0.128683461137
-0.950917667861
-0.418565056108
0.0807739176312
1.04188203498
-0.393576183428
-1.34848974929
0.482182548111
-0.957475643915
0.275170288721
-0.677769673293
-1.25486614968
0.451942014793
-1.19333334548
0.3693806344
0.62365120269
-0.39590701944
-0.737311933173
0.313076695854
-0.0326725889648
1.36338553134
-0.902087002155
1.81226260976
0.582814514803
0.0430722646293
2.5439934112
-0.156766833728
0.296948052069
-1.31374291898
-0.250230590458
1.34669978944
-0.0528750460246
-0.179558237927
-0.183393040759
-0.122549596564
0.227641010408
0.0283761984416
0.950518767765
-0.468115165964
0.356415360319
0.94171591948
0.115841593967
-1.17552836238
0.364118714531
-0.331222501504
0.176397970239
0.109928797184
-0.171085783794
-0.206987976769
-1.48630388067
-0.266139589658
0.099653932431
0.545003800447
-0.143354257628
-0.048260673086
-0.130082708449
-1.70160459729
-0.1163397734
1.74648536324
0.474990575743
0.979898946579
-0.290489697899
-0.491425624262
0.493564363176
-0.425630864326
-0.478762574352
-0.283157461957
-2.00905320665
-2.0745288236
-0.980545277767
-0.623500011328
-1.4181242675
1.63893828823
0.079387914605
0.4707123983
0.717306019684
-1.02434601414
0.210596386123
0.453056768753
-0.156381107866
-0.457844892222
-0.694858032687
-0.357359599654
1.14013809315
1.50617192132
-0.391512781303
-0.577428794692
-0.703183799579
-0.125999438773
-0.331621405343
0.390364207148
-0.917734825592
-1.61925674495
0.595573665565
-0.268523686318
0.927070103679
0.315325511639
0.954313018139
0.709508487255
-1.38310469915
0.51581246503
0.344571586709
1.69312863873
2.19115829043
-1.53514337248
-0.623529100786
0.576806179942
0.203968294672
-1.20353960995
0.857775389462
-1.16817075294
-2.56514993938
0.459760132843
-0.359932387746
-0.549721106141
0.499368493545
1.07036939151
-0.776391542257
-2.00296666757
-0.645318814819
1.01336102059
-0.750678335449
-2.24765790403
0.102253843487
0.0839376918769
0.266008470992
-1.13327406552
0.577320301145
-1.66568756414
0.0751534539153
-0.489634392981
0.576914214396
0.542357075605
0.866680352225
-1.18064386004
-0.244713449287
1.15805685281
-0.801515967165
1.11391459199
0.225889461041
0.502277621683
-0.41878187906
-0.259178619936
0.0562505185545
-0.0595407935583
-2.47470680795
-1.92176708945
0.367636272987
-1.70587129754
-0.584195618959
0.967461232602
0.39038208796
0.36102518953
1.96748356917
0.120998733475
0.878742684036
-1.11511041838
0.080003628167
2.85074520317
-1.15201108157
0.642069201796
0.0236813137535
-0.573124998967
-0.595596578914
-1.24139364701
1.50412518017
0.842378592399
1.08026606177
0.579906407349
1.83734939395
-0.0230633418788
1.09635134423
0.277853405771
0.627339912653
1.2898970095
-0.331085061396
2.32711690638
-1.25225734615
-0.309914640055
-1.29218183675
-0.866182897355
0.723429485908
-0.447722784029
-1.1990885219
0.0834489202383
-0.469030462012
-1.34851631652
0.845096766026
0.334871073669
0.692023600112
-0.698736539267
0.457557448965
-2.121767744
0.148290711914
0.0645678492338
-1.24748696897
1.64524719475
-1.38905695113
1.90553636778
0.880847221481
-0.0554429279499
-2.16614218685
0.121860205334
-0.375072627001
2.75820619494
-1.30069722782
-0.676796292299
1.37550466548
-1.96429697119
-0.441885202979
-0.336197028944
-0.0188682075501
-2.16212158857
-0.0899309469205
-1.82188131311
-0.239992811636
0.370089192883
-1.14047808266
-0.0613272163214
-2.39079773865
0.567469099366
-0.219475147692
0.14561530039
1.15787227544
-0.624387810428
1.8082130756
-0.0831987623481
0.167023361175
0.405488654596
-1.27029372293
-1.74818668708
0.627594092562
-0.231519885642
0.790416957028
1.22333412185
-0.907630364674
-0.0735076289516
0.521360874337
-0.424664130938
2.25210137194
0.570814203332
-0.618252537432
1.34246141476
-0.447770010844
-0.648332124764
-0.813328090624
-0.769990616926
3.13552282192
-0.927540258756
-2.29095923758
0.611036653325
-0.970852171239
0.470763127258
-1.07970822077
-0.956572764141
-0.845872793768
-1.27558355251
0.808752793205
-0.355878401335
0.762646629349
2.24040402699
1.39473539217
0.0893374644447
-2.52851054844
0.547402998965
-0.685242109384
0.280324953532
-0.0791629463572
0.143021002844
0.0330874143671
0.948191005374
-0.344354953712
0.588662533343
0.153475681139
-0.65773556283
-2.14330753786
0.719392088962
-0.434186539113
1.08032540642
0.573873835366
0.632870328589
-1.17079025033
-1.37668166491
0.21369170844
-2.60497876505
0.951027093284
-1.9630042298
-0.228441497512
0.221330481645
-1.71784174267
-1.59731123325
-0.600373945705
-0.598111734888
0.917055241578
1.25798514191
0.139558845698
-0.877411971289
-0.320759479926
-0.238659302303
0.113972799833
-1.07465838837
-0.781218647226
-0.658276579439
-0.126772667726
1.15733459248
0.0222633082203
0.175156420426
-0.816969103037
-0.530886129559
-0.496105096868
-1.61811639178
1.39491177022
-0.919817625422
0.364549033765
-0.251718087182
-0.260524024282
-0.0229831193435
-0.719738511695
1.18043445653
-0.0913648681222
-0.0232565423264
-0.569999109321
0.215992872372
0.91803417308
Score: 10