3
44
10
3
-0.675014209572
-0.625172451201
-1.34622699762
-0.925543179511
-0.206546906311
-0.608140267744
0.7333666585
-0.0140190526453
-1.0836391426
-0.110194258099
1.0503572265
0.543624862645
0.366245443963
-0.297639500991
0.0996220015789
-0.717581053053
-0.460410769655
0.346112120029
-0.557962638246
0.405324091322
-1.5297469878
-0.0190789861363
-0.214999556643
0.447488585581
-0.15299383757
-1.84190647202
0.416771037773
-1.19707308856
1.55896718895
0.772834327318
1.3112053678
-2.6521169798
-0.940427396432
-0.770384926153
-0.194087423929
-1.23020513273
2.16736699498
-0.622923960975
-0.106093969045
1.67113229491
1.74677330594
-1.20098328912
-0.793052158367
0.884254317611
-0.23933043691
1.22426960627
-1.0885525891
-2.17231728146
0.474161755842
1.15107111455
1.13715502117
0.41611514705
0.0645241551155
1.25106051938
1.78177733853
-1.17283939134
-2.83276985323
-2.39287924559
-0.395563173366
-0.167891765349
-0.141655633759
-0.461395769593
-0.906258619678
-1.14128449283
-1.09351182152
-0.441039959216
-1.64769100342
0.170867450595
0.221816111006
-0.504454648765
-1.47925485807
1.41945312624
1.46271599701
-0.603815702712
-0.6501204077
0.161847739331
-0.77225998252
-0.669451513582
0.185030946136
-0.473121656731
1.79152250364
-0.28254143971
-0.747591600014
0.396588607703
-1.11151591572
-0.55811923716
-0.762240180166
-0.224367720719
-0.391814847707
-0.816750671315
0.771338857477
-0.554636707407
1.1316296553
0.0758947309033
0.709904342944
-0.831695228501
1.11693260265
0.14548602596
-1.96469402121
-1.07123873136
1.12185543799
-0.552064758745
-1.63239248284
-1.57641195797
1.46706547928
0.0212338260176
1.83190933588
0.351440466934
1.55340713171
-1.36649941005
0.0861629312748
0.0692592330303
1.39722476845
-0.435246326847
0.166898572224
-0.548254675938
1.09646254573
-0.785597351499
1.7309822358
-0.904969815489
-0.813390334006
-0.198318047079
-0.412884727969
0.39032251544
0.898824643818
-0.371094279842
2.27401757759
0.496991366004
-1.1618768805
0.461344404299
-0.101548750754
-0.394098039188
0.350308243049
-0.466655894277
-0.359502846152
-0.716170619179
-1.46287301241
0.602336462469
1.10277181243
1.32359544441
-0.73769252866
0.503819919846
-1.65662600795
0.597706848872
-0.431872007374
-1.22974523535
0.450932684079
0.65661448863
-0.201150108655
0.465236355348
-1.31978060713
0.845317727003
-1.80629880517
0.749685105709
-0.185018681493
1.52954528602
-1.10924201187
-0.400312779746
0.372667101067
1.90287942827
1.08277159981
0.32732411159
0.134400781588
0.196620746265
-0.870023750884
-1.12214052545
-2.06838835835
0.14548816347
0.636838980086
1.11853403395
0.725249493771
1.16700168554
-0.210810457674
-0.186880455428
2.59744284817
-0.203748348744
0.325010507155
0.523916828445
2.01031084032
1.25178675448
-0.187475217933
1.79582801439
-0.194086216652
-0.186151507862
-1.85963835916
1.27226336884
-0.305005244363
2.18840690293
-0.449731506552
0.617125687187
-1.53356316244
0.899891678368
-1.6330741851
-0.427598199656
1.63605317056
-0.0734554518254
-0.0381575058418
-0.101907435552
-1.34973180897
-0.267818078049
-1.41606221875
-0.667475376038
0.876408518001
-1.46795276607
-0.998808833314
1.01213185917
0.497079980456
0.355775738718
-0.776910871924
0.320206070677
-0.964678964222
-2.51470078684
0.602647041687
0.751755202438
-0.601770055727
-0.340384415188
-1.09580201446
-2.37414852663
0.58354338024
0.778315758619
-1.38181807495
-2.44323395276
-0.127531987473
1.50760779616
-0.369744004152
-1.33711489652
-0.327444738288
-0.738595408391
0.477939057773
-0.873139420316
-0.526620162253
-0.371089372629
-0.887698973539
0.587964921558
0.0747451636934
-1.70065600928
1.05578411557
-0.0186965507377
-0.923344337982
-0.421759652573
0.0305110743929
-0.69968846766
-2.70166380819
0.644247493039
-0.0970564321204
0.397413757186
0.480844234705
0.340096359514
0.824375525206
-0.254375359254
-1.38074044577
-0.866953774411
0.631828447515
-1.04972487214
-0.0158329421052
1.29937005581
0.664289058553
-0.283312313927
0.219471763238
0.392899305884
-0.776998401422
0.227642154513
1.2932790191
-0.00496908551868
1.1695651274
-1.085019638
-2.17450910768
-2.05342132025
-1.15662763007
-0.0451771769802
-0.477136311968
-0.362023126066
0.0522181468518
-0.53052012744
0.15011749863
-0.116297931596
1.40279537183
0.028331654421
-1.70871841832
1.51041591794
-0.471834647929
-0.268198433808
-2.13344639395
-1.05339027318
0.372038525534
-0.471963551561
1.1529136856
-0.0804186671042
0.52213090292
-0.931583466337
1.46234822737
0.806813098047
-1.5196376143
-0.57714264323
-0.853818406376
0.538289295738
-1.13071616658
0.0161487252152
0.683763551992
0.613427852847
-0.224515487411
0.200559732037
0.0781648835257
-1.40312993694
0.154701197309
-0.390615372113
0.20371544445
0.470538770792
-1.32780376418
1.76387728311
-0.753359298544
2.70586631595
-0.74358387516
-1.57316394299
0.0955346974222
-0.219934305717
-0.200166760562
0.657315454204
-0.216944687672
0.969098346393
-0.28433327899
0.2940821133
-0.0208033683648
0.317354207919
-0.136532639619
-0.2855835675
0.492324704661
1.76510101248
2.42672463978
0.965737960375
-0.363487271715
0.17978632363
0.171610395414
0.0281186846951
-1.23325876672
-1.05331971113
0.483700957311
0.303019347203
1.00307708119
-0.486286141538
0.247292093208
-0.61347611945
-0.0416170591467
1.78827196534
-1.03449264201
0.377820401042
-0.33884485712
1.0955672961
-1.22950046113
1.54511462151
0.117380733389
-0.871403137649
-1.56291639473
1.29208835123
-2.39299167508
0.380536124639
-0.490793311944
-0.218260023942
-0.490624358825
-1.40542297163
0.758932891658
-0.342027233952
-0.055197799743
2.04177057253
-1.44375100096
-0.192993247004
-0.501964811584
0.885844464657
0.860585763861
-2.33535583494
1.01001295235
0.30633545868
-0.304825818332
-0.360215208889
0.538154416797
-1.27013972632
-0.615155757309
-0.827565012024
-0.313134538606
-0.413101533007
-0.789457411148
-2.02447355182
-0.468032975867
1.22469767295
0.30277627139
-0.690720337953
-1.39062938484
0.229198975883
-0.59404759779
0.0606614474467
0.546691876013
-1.71778216548
0.126912265859
-0.10258609434
0.809287200648
1.02275417663
0.768409286944
1.7447094918
-0.459004110436
0.887888343017
0.378722520931
1.77961480955
0.795964648632
-0.927031540994
-0.887889197666
-0.472385777776
-1.03809220488
0.924409393618
-0.758206320262
-0.232132430826
-0.0933584928001
0.573418978817
-1.48713030809
1.12579042174
0.0623191102666
0.994462088699
0.0325320166921
0.852548009896
-0.619450748304
2.14164319123
-0.659453007268
-1.40475829394
1.28784232891
0.271654961284
-0.924417210034
1.07478630963
0.913768903339
-0.00647189701627
-0.910588949053
1.45339947269
-0.116682706525
-1.70211190138
-0.134186295289
-0.142533772586
-0.77795279397
0.139005928232
-0.0708602066545
0.205894606094
-1.29428101087
-0.305957502442
1.12289241611
-0.0196405410755
-0.225821283919
-0.38819399404
-1.27162401512
0.377526438199
-0.493864040095
-0.3629347161
1.07246709883
-0.226538829744
-2.10558411787
-1.19350339584
2.21851653184
-0.52862982427
1.09770505192
-2.53786649629
-0.0947252626895
-0.842260092376
0.072507304105
1.59546128736
-0.12677393975
0.295902153695
-0.913997328487
0.984957569038
1.86074382541
-1.41896304817
1.985802826
-0.505165930727
0.209497535668
0.646578483006
-0.883597465169
0.364531471537
-1.47660396891
-0.790377801725
-0.0446480379232
-1.04923135728
-1.08443010805
1.27390586779
0.776927977809
-0.125856186256
1.10005400633
-0.343754437522
-0.783710418619
Score: 13