3
44
10
3
-0.751715877112
-0.595206690055
-1.1978906892
-0.790646967331
-0.124507012039
-0.679969530638
0.740536786075
-0.0638290774142
-0.855581608294
-0.118424262738
1.06041264009
0.525909968234
0.310574314457
-0.366003617073
0.12674133002
-1.0258325655
-0.48353264618
0.426618190763
-0.826747085104
0.0771433419252
-1.52691616762
-0.0947449822349
-0.124055804243
0.635323019134
-0.179775214021
-1.84654482397
0.531835440222
-1.09183573261
1.38916644172
0.813454117816
1.57502307971
-2.53811252813
-0.796916229682
-0.614810962861
-0.209301987781
-1.28987288398
1.98137612312
-0.733844859644
-0.105689646908
1.52363501146
1.46003744127
-1.32415734746
-0.90009446445
0.704943662999
0.0465828876848
1.12517854924
-0.997227733781
-2.16209077451
0.374831804217
1.0848086847
1.11334108532
0.379786485878
0.00186117230024
1.35364216536
1.86223510465
-0.967204643784
-2.71730472163
-2.337274241
-0.403644603983
-0.233789285357
-0.186330053521
-0.650213040317
-0.753759994894
-1.30550300248
-1.03102942679
-0.466406576302
-1.71797579257
0.059812300016
0.138373861988
-0.778190463351
-1.55011310844
1.46253425647
1.43246476762
-0.533888345605
-0.378053520697
0.326011132037
-0.679512721826
-0.490181780641
0.0392440096001
-0.66678617908
1.59559933967
-0.497106332487
-0.545476791098
0.252536291184
-1.11325018738
-0.505089276897
-0.761496903203
-0.169025157973
-0.231229764338
-0.871571173194
0.662407490381
-0.406377741625
0.956753520946
0.574473628306
0.589639498606
-0.536490579929
1.11432155942
0.0870425685835
-2.34748662401
-1.01603368047
0.946721312997
-0.592159839491
-1.74978269156
-1.431595848
1.67237407725
-0.0963344691342
1.91075306071
0.475470163795
1.28311985208
-1.19511235498
0.0211840574994
0.0829189059842
1.44084255861
-0.30305986304
0.190441939992
-0.409861368287
1.08498594728
-0.705364512249
1.73428348994
-0.950467569402
-0.701886273554
-0.473657729566
-0.408136430465
0.549232568521
0.929203574064
-0.511208624435
2.2268545004
0.398498606417
-1.2402494851
0.44673144977
-0.174065098509
-0.627194373826
0.522800942582
-0.304185079017
-0.191602237116
-0.59060994051
-1.1542758794
0.511908967372
0.781513664797
1.29550629453
-0.622831027111
0.599343178152
-1.4658023117
0.623611580299
-0.594425121595
-1.14532600641
0.410941013072
0.799585243919
-0.176148231666
0.150022188196
-1.33925107982
0.779175142617
-1.91518951955
0.950495842216
-0.264884201061
1.71648036199
-1.29605053395
-0.265223213875
0.416428235807
1.84968165074
1.23003996196
0.30056938021
0.185401271053
0.212444819488
-0.771731035949
-1.26406020425
-2.20589353131
0.0902986637477
0.485809072031
1.34312734703
0.657647838716
1.1671600124
0.113557992021
-0.155391211257
2.54664042796
-0.180787453499
0.28195518091
0.768932877904
1.96073751283
1.64139660991
0.0818660415086
1.99724946109
-0.172213591849
0.172870092372
-1.9946695672
1.14677349908
-0.442910555403
2.15591079766
-0.52843866917
0.577737249752
-1.62179598618
0.924106148803
-1.84530208122
-0.489895463779
1.56610397405
-0.159723944539
0.0537711040126
0.0934222093883
-1.24867297329
-0.362155810679
-1.1257918476
-0.875023886908
0.864166329676
-1.5873468573
-1.00406369667
0.975714928949
0.573510296053
0.599421503365
-0.765719553241
0.153968931222
-1.01357574682
-2.05006070153
0.554423818614
0.669431070841
-0.172678516241
-0.726916884211
-1.3233477581
-2.25900147587
0.401872117872
0.611152173588
-1.30697320557
-2.46729548688
-0.340991281588
1.52001588014
-0.389456709916
-1.18601940157
-0.191421221928
-0.720892490428
0.158802257315
-1.04113982812
-0.450324873533
-0.438886530452
-0.785309626966
0.581007528654
0.207369811338
-1.62723658979
1.17420653161
0.0795488952618
-0.847973906551
-0.56142577764
0.220839526008
-0.287182530656
-2.7023717533
0.685027760667
-0.124885452287
0.278478049586
0.627845039129
0.257082242483
0.856175071877
-0.205631911717
-1.39657507952
-0.747981130266
0.691746157483
-1.11518227731
0.0120714835175
1.43764556151
0.732396204631
-0.469285266392
0.0189781068492
0.275244775327
-0.545086709726
0.0675592272008
1.06700196462
0.107705961082
1.01200178833
-1.02052745111
-2.00313855645
-1.90156951908
-1.25599566669
-0.118924261955
-0.474467258356
-0.0767021709501
-0.0255287569558
-0.442098001947
0.150696162737
-0.209519505531
1.35655360873
-0.159045112941
-1.41245787894
1.6116415652
-0.146379888019
-0.152513254752
-2.26807656363
-0.966977344732
0.596650673441
-0.240413135404
1.10383750477
-0.241385596679
0.421313544121
-0.775973002256
1.57596695904
0.784469607221
-1.48795710256
-0.434290771142
-0.970945805366
0.430395728994
-1.1142421894
-0.243741386173
0.409462947681
0.769125001157
-0.0336047909382
0.0108828843621
0.327440950619
-1.42664010612
0.166599451925
-0.150954882454
0.2551621701
0.288961196544
-1.15577758905
1.36848705778
-0.955425430861
2.66492112799
-0.636201177002
-1.64216831329
0.0602015478294
-0.159589109426
-0.05023297889
0.461108533794
-0.302699576279
0.915362592494
-0.331039128443
0.458597203298
-0.195888361902
0.43372706535
-0.306791927658
-0.267027221333
0.458849594218
1.89222510069
2.23669702066
1.05656947105
-0.377127287017
0.337248149788
0.128819016007
0.14789209882
-1.38591046295
-0.877892758177
0.523703933455
0.30274677657
0.776554590092
-0.430054822192
0.197032325921
-0.453639340675
-0.468593432239
1.86355570037
-0.939927072095
0.309859292273
-0.334535013948
1.06691607116
-1.44502534212
1.43863751644
0.225284092569
-0.967222125993
-1.27898631756
1.20598725544
-2.02297544564
0.340987981298
-0.575344269271
-0.347507312282
-0.415420300499
-1.57052339241
0.751238123413
-0.261345226626
-0.165830396336
1.92549520836
-1.47209992274
-0.175187785843
-0.322258189814
0.929089963165
0.935021815784
-2.31048016995
0.91302719992
0.0233896792716
-0.427919274263
-0.548984795609
0.669222043939
-1.47665194037
-0.568593029058
-0.818745573359
-0.191853174713
-0.331393825521
-0.659039035745
-1.85766473833
-0.590302422782
1.13456001941
0.395909175503
-0.437865394352
-1.43805385908
0.517416902278
-0.654144409868
0.211738208427
0.436639036773
-1.61200218059
0.141811216879
-0.22352380588
0.785287359639
1.10294393699
1.05347761711
1.80523189716
-0.550956709038
0.661595546044
0.399967099419
1.63879077449
0.879959919137
-0.857363142765
-0.806611133822
-0.366484111951
-1.17746807024
0.611763617324
-0.728459328851
-0.312752873171
0.0425681514462
0.47256229821
-1.69264065914
1.05380870609
0.0325445638609
0.958922136008
-0.0150447429397
1.01832790124
-0.723140038729
2.15515702192
-0.581370042855
-1.20741935883
1.35929937242
0.444547192127
-0.903956026032
1.14909556173
0.950867145819
0.107996819184
-0.850373751174
1.46298046483
-0.0510088843253
-1.74585112171
-0.54060307963
0.0107654696952
-0.674097887541
0.268376358312
-0.0131852435129
0.134204486767
-1.27164988218
-0.450809635186
1.23564836034
-0.0106040141387
-0.0887161170988
-0.0694823680575
-1.09035994541
0.244477339464
-0.686449730451
-0.345671753976
1.01090632342
-0.204732725234
-2.20587650802
-1.31222615429
2.01139646925
-0.628436547395
0.933632365545
-2.58969928135
0.115140920085
-0.893168354119
0.0596172233023
1.44120900918
-0.120190716741
0.307505132851
-0.886328537845
0.899135722464
1.6403918202
-1.376913574
2.09043272007
-0.493099456691
0.6018286937
0.487810817125
-0.839487861354
0.665400713376
-1.37635015303
-1.01404958774
0.00825443884975
-0.898348363846
-1.0536831628
1.09954693524
0.867675110479
0.0528493111546
1.07829088302
-0.322273556851
-0.810392979713
Score: 10