3
44
10
3
-0.126340996817
2.33881122456
0.504150426294
-0.558170934183
-0.0977271908867
-0.251079489532
1.32879718786
-0.652552101228
0.54369579982
0.842013819269
0.126480577425
0.865241504933
0.57699734542
-0.425269323446
-0.0822334385483
-0.659238487869
0.33952838919
-0.981161884129
0.657610625763
1.43096625624
1.47517074514
-0.13989986804
0.277574981822
1.30082634431
2.23283732542
0.0704297091872
-1.71416083777
-0.889074733981
-2.92244917609
0.786232298315
-0.6008849206
0.708408332904
-0.20761758883
-1.27830105297
-0.146958080712
0.0705656450455
-0.87963164762
0.282662714415
-0.382903906703
-0.899787187652
-0.0414766856041
0.551710225471
-1.50079172079
0.876212787372
0.635316673778
0.56919044838
1.04664185065
-0.798111534718
0.126006474373
-0.244045867604
0.740659629818
-0.488321716877
1.57277042254
-1.46601197717
-0.632452573794
1.14389327694
0.0186362187205
-2.35122398811
-0.511586750417
-0.0282865157476
0.0180082148374
0.0261837106033
0.682391487585
0.117782524194
1.3676978174
-0.541156368291
0.0985343083863
1.17307471119
-0.959098077631
0.464884837358
-0.19781488158
0.0141984517821
1.22841312624
-1.23773062917
-0.440087408497
0.379020039197
-0.250340778583
0.805497123538
0.80520822458
0.763263832343
1.40667202493
-1.46184948313
-0.101603909445
0.292593333778
0.316779213822
-0.570401440717
0.43620110377
1.14642845436
-1.44268105385
-2.0330780007
-0.764469663173
-1.40745604074
-0.76517563484
0.945871296257
-1.43858821935
2.3507918378
-0.0397533498049
-0.420739246424
-1.31955050688
0.815466292746
-0.909937888436
-1.36111206978
0.232932042046
1.55862762632
-1.28585568258
-1.80574091105
-0.147633393947
0.663211169758
-0.935510509883
0.185091131616
-1.74519286812
1.62368579672
-0.210662104846
0.241004427699
0.230258358002
-0.620534335013
1.56544253727
0.876989981863
0.906067933368
0.791555987899
0.0675674950944
0.353218127718
0.580959113956
1.12127959405
1.22745349714
0.05852552382
2.11191599992
0.0773985239503
0.250234365131
-0.974586632481
0.505821168667
-0.336597761582
-1.73584254054
0.748973789821
-0.183133442999
-0.353216674451
0.0693018071169
-0.982788623127
-0.825917944064
1.32702699707
-0.82458715407
-0.0929860829912
-0.540612378618
0.571308513847
1.9973941146
1.19970115334
-0.270468555991
-1.04606843167
0.184651086516
-2.10904307172
1.22383504604
0.755620826109
0.862826458249
1.02030090599
-0.210888995884
-0.110455129784
0.991592544301
-1.17938907531
2.60145068288
1.40747926959
0.306779367307
0.022647393797
-0.729711961754
-0.623648712649
-0.834224440816
-0.437767591359
2.22790383855
-0.0740555051214
-1.14862642768
0.426233997997
-2.44692431729
-1.77884207852
0.775697016704
0.843296383127
-1.18664018557
0.393632455927
-1.04006373841
-1.61042286497
0.103085483479
-1.2095451851
-0.786463486636
2.64569327265
0.551522068
0.28040581036
-0.324479281047
-0.351145594418
-0.298191431304
-1.40723402844
-1.02471654516
0.37557611282
-1.35448843562
0.690671431046
-0.59212552588
1.94270721282
0.355262620216
1.25428076116
-0.156158986282
0.567404843778
1.48981174268
-0.907263099179
0.0213016490724
1.61415010488
-1.41401395292
1.64327628196
-0.583678458372
0.758451230195
-0.618930807081
0.402715742742
1.82191150153
-0.215105090918
1.70891364715
-0.249320527351
-1.15791328787
0.0844018792035
0.863673517128
0.100822686814
1.49721394425
0.36565992625
-0.639443222957
0.559366366378
0.0265014716932
0.132030773339
1.06869314062
-1.07003323485
-1.25130759281
1.58323958958
-0.848975306418
-0.0277167172558
2.14143786346
-1.25698141231
-0.482827537291
-0.0634687439131
0.000621103145712
-0.472211472803
0.260898842198
0.571650160515
-0.933049863089
0.85912597982
-0.0942548647657
-0.329635046076
0.999424531744
-0.432829848659
0.559777971229
-2.46539655444
0.676840995245
0.357807832766
-1.55562276907
-0.7267103704
-1.42638256603
2.06918357652
-0.0366912606793
-1.50157494575
-0.53753735965
1.66015237454
-1.74091386994
-0.146427752613
1.23440061079
0.459103657027
-0.453240574391
-0.529992448913
0.52080544043
0.153077451677
0.0128196623312
-0.628457719079
1.50399912657
0.811298363909
0.103412295791
-1.15307218515
1.33966968677
1.53948569154
0.266652875297
-0.0309024002326
0.737115709864
-1.94645161074
0.169117946047
1.43426126718
1.18740991729
-0.0517126298644
-1.83541375413
0.755624529149
0.176034664198
-0.770056629039
0.433345301738
1.28193136037
0.529187112315
1.09478515285
-0.430435459319
0.853439104212
0.749210168649
-0.545846400578
1.18040945911
0.122590401423
-1.71129021583
1.78787434795
-1.17161543629
1.21394496399
1.51075529416
0.964121214931
-0.121246870337
1.09152333802
0.966047367216
0.299381636861
0.00179054258533
-0.103259937779
-0.693511095962
1.03906692921
-0.751792827275
-0.112330811685
0.135410758937
0.74236928468
1.11897244472
-1.74432440222
-0.72940775022
0.806384328417
0.669950337199
-1.59914324366
0.527459307723
-0.898470383737
-0.158423493137
0.113929049836
1.26720181208
-0.153971594448
0.672875208586
0.847433143576
-0.396855578007
-0.244678712578
-0.215783427845
0.0214083044591
0.606941133296
-1.05226044567
-0.390458830486
0.932442068214
0.535952227714
-1.31165743067
0.338504488493
0.33163975256
-0.874835323937
1.58495075719
1.56502394573
0.714681015727
-0.533058146726
1.47938320383
0.107808053612
-0.960377054584
0.737995742255
-0.134902486366
-0.214199468499
1.733987396
-0.801889624646
-0.538962849879
-1.05013268496
0.201596020382
0.890689718965
2.9854483938
1.07009450589
1.4092340294
-0.587216398664
0.145919946962
-0.28260857999
-0.0816066703111
0.445498443677
0.025101844838
1.17490203259
-0.0745103437071
0.954303881912
0.7575806461
-1.13932759714
0.482153346189
-0.205218937495
1.15608878078
0.608330548904
0.721136430136
0.811809175646
-0.515323808862
0.482462613618
0.359839208152
1.13174624755
-1.27252389713
-0.364415758208
-0.710044577459
-1.2178443542
0.699865432887
1.24722379743
-0.314375756045
-0.998386875337
-1.63931356063
-0.157439263143
1.1050613199
-1.72331251549
0.0470071445966
-0.863206134262
0.855888935321
-0.352878489154
-0.488523425297
-2.10938267667
0.554415601376
0.653832431293
-0.246772955054
-0.955377219667
-1.42236419144
0.757599601798
1.14318552485
-1.45061295109
0.454047342448
0.0165726186966
1.50196883106
0.0291455574334
0.117495442531
0.309475619374
-1.44855279182
0.0160647573381
0.196259062355
0.409706014166
-0.747496958963
-1.78496587532
0.0847876345526
1.66126608031
-0.381339750558
0.613420608373
-0.489054715103
1.11836630777
0.998031592239
1.59070565401
-1.05357700613
0.127214703026
-0.286099790764
-0.187612135962
1.30232990196
0.889723594753
-1.16860069397
2.30370409876
0.802605567431
0.0600812304244
0.720893463088
-0.631382634492
2.13919525425
-1.69638964422
-0.480561774852
-2.69745038795
-1.77062709784
-1.48862153817
-0.880527580593
-2.60230892025
-0.094044878553
-0.0780754568669
-1.3258209404
-0.431619079512
-0.169108803007
0.395235369601
-0.280976556719
2.47036513616
-1.56561532883
-0.501533781563
-1.05886651415
0.576872857864
-1.28241695643
0.877790539091
0.246803023111
1.03107036656
0.180546512926
-2.29488989891
0.297354632383
-1.11554107934
1.69218827517
0.252562922159
1.1118994616
-1.18816970584
0.609426134903
-0.78768497595
0.533769750656
-1.33324162011
0.488156265047
0.610471822047
0.485986000803
1.61436736353
-0.161740137267
0.860994884729
-1.16211825558
-1.15761825997
0.798668906767
0.0256244562898
-2.19844603808
0.0834976827821
Score: 11