3
44
10
3
-0.819558229419
-0.598108007159
-1.28725104642
-0.968641110898
-0.156175559389
-0.421435325831
0.847246358316
0.0976352804045
-0.914597777881
0.104028542023
1.0095683614
0.488911196893
0.307596458279
-0.0927387068705
0.0229923100853
-1.1274446999
-0.484731351709
0.336873641911
-0.659935535424
0.199184751776
-1.30462811507
0.00279813780308
-0.347339590943
0.527035135456
-0.367932058676
-1.95306190952
0.362152125951
-1.00423435173
1.24698045955
0.534183908426
1.24358840459
-2.57934970735
-0.762038350677
-0.75293439458
-0.236322764885
-1.33108651706
2.20063596787
-0.590629194876
-0.30634119726
1.53001430282
1.28077073689
-1.00653839959
-0.790112233055
0.667442443372
-0.00747502736133
0.98687149801
-0.805444845131
-1.9149164678
0.210015684084
0.87969675705
1.23556486895
0.519202619382
-0.299781162287
1.13379745746
1.48394784896
-0.863114259807
-2.91060738972
-2.29643970107
-0.350342810444
-0.104042013613
-0.0814737417299
-0.462302478848
-0.89203037686
-1.06254207525
-0.906485488532
-0.408447765198
-1.71907510054
-0.131804144913
-0.121545337038
-0.719659275256
-1.32477194771
1.23810314675
1.32794129593
-0.471240708128
-0.363882057515
0.121894981364
-0.626794811725
-0.400729114597
0.0357111292954
-0.497282450178
1.88678793998
-0.399053766569
-0.467188943925
0.444392748964
-1.11446073469
-0.900376193789
-0.59802629927
0.0584206513681
-0.222557878594
-0.838289014519
0.725685101256
-0.599393251335
1.1228038769
0.410272657437
0.577990237063
-0.543154265078
0.96027628013
0.102751851092
-2.09979917218
-1.11769279257
1.04272756925
-0.282263251652
-1.73751728783
-1.32498298726
1.44958570116
0.024293128699
1.70807345639
0.388580092718
1.41131440493
-1.2743203691
-0.0230223587044
0.261733828016
1.27603082425
-0.260945821731
0.321258663302
-0.469398327788
1.11913634331
-0.601653055877
1.69162072945
-1.07728508138
-0.856667035512
-0.504976283053
-0.124163555293
0.388194562797
0.999755506296
-0.535421889437
1.91717872314
0.405859079388
-1.32548110952
0.650166232796
-0.28937560175
-0.484248290013
0.405914085349
-0.384222145188
-0.142106616872
-0.54330746716
-1.12882949271
0.571488268563
0.925938155482
1.287015872
-0.659752512066
0.507185592628
-1.55578576953
0.687512088803
-0.230505881799
-1.29656463306
0.390860776435
0.788738270097
-0.146866984093
0.250489352975
-1.3432601317
0.644639645769
-1.73232091707
0.623451540173
-0.680560645115
1.67956457542
-1.22767585617
-0.5044190988
0.189225417233
1.70860279809
1.16733708364
0.387404023914
0.239529999985
0.273855986292
-0.723984419017
-1.40942834156
-2.2689027638
0.243002635345
0.525458717642
1.24745375233
0.68029199945
0.764003246405
-0.241036448286
0.0063226357857
2.62155478941
-0.397853810618
0.164950562988
0.602837425788
2.05440082478
1.30376852936
-0.118709182377
2.02723258779
-0.0853298898236
-0.0719082778837
-2.12588737059
1.57281575916
-0.358975574595
2.07308407223
-0.324439067546
0.571777887705
-1.39097822556
0.95404272292
-1.64259304922
-0.593956172451
1.54910598748
0.0501012728792
0.287765395819
-0.191967640748
-1.08720277838
-0.203825842577
-0.988461978722
-0.981143830825
0.865258967369
-1.75240862999
-0.806094715096
0.729331660814
0.559971677329
0.617944625816
-0.95226202203
0.297281731934
-0.967810972896
-2.21180107534
0.382916119616
0.707057512815
-0.247408491429
-0.576579330755
-1.19760478751
-2.12069656922
0.655349057678
0.726447900405
-1.37190594069
-2.38536398147
-0.232029849582
1.55004236514
-0.360500130661
-1.4527849721
-0.308419783683
-0.917462378159
0.314757702918
-1.02164697551
-0.767060794136
-0.372596661172
-0.818155336893
0.48938930203
0.140240188864
-1.77931022991
1.27230571468
0.0340579979023
-0.840863176653
-0.535731056214
0.600463635013
-0.609045713778
-3.01870288641
0.877966605003
-0.0188570238235
0.352914372424
0.551676824937
0.179017816556
1.06482421856
-0.35874690143
-1.57373559581
-0.93885311533
0.661777175199
-1.11378947628
-0.125452100875
1.20493974749
0.922301720047
-0.184105842548
0.290225791646
0.266325590617
-0.766236461846
0.082737576377
1.2275571467
-0.360606466695
1.00283803901
-0.755117549552
-2.18428060496
-1.78731859245
-1.41496916487
-0.291758271814
-0.313539369655
-0.262014558424
-0.0238546467355
-0.423540884395
0.108567597137
-0.440521933125
1.29668004276
0.0203935185176
-1.72267215627
1.59582271407
-0.194652441767
-0.370927235021
-2.10563400002
-1.04819071961
0.432510513009
-0.483520330524
0.799920781924
-0.158556768639
0.598602209411
-0.931642206584
1.48765891744
0.931072975816
-1.34235387637
-0.680109178523
-0.840875597532
0.693222367293
-0.787200175049
-0.294610768314
0.603858756662
0.542098709287
-0.439296458467
-0.176045049573
0.117290587027
-1.46779098377
0.0165887929695
-0.317877160849
0.198091005407
0.416761741872
-1.18826826751
1.48122898772
-0.817919020223
2.43017762687
-0.614670199592
-1.78169893738
0.262658364313
-0.324117350512
-0.0127082334848
0.729261021493
-0.316411881207
0.902464815378
-0.464617092643
0.313536838486
-0.151192922273
0.465905966704
-0.241594763909
-0.462261334952
0.619641041318
1.88034153484
2.03605422977
1.04990571057
-0.342178676808
0.25359887804
0.117042881427
0.351273669283
-1.14733082686
-0.989574155278
0.587138091657
0.336515704581
0.979284763728
-0.350842640858
0.358989365883
-0.470263823212
-0.378496910363
1.82056666109
-1.07461419859
0.321761400409
-0.31987413958
1.0797921841
-1.25058535963
1.48549980739
0.292454225562
-0.894041633321
-1.44440077608
1.09206828055
-1.95260859388
0.222260190317
-0.609038048821
-0.28221336616
-0.539032525811
-1.66049443728
0.411885948037
-0.307467599615
-0.256102384063
2.12274743429
-1.44375743916
-0.204015326947
-0.4811696581
1.1328285205
0.826458573391
-2.03263897186
1.00230547269
0.408433275397
-0.506283780148
-0.550964511092
0.632513821683
-1.6239157074
-0.575368310427
-0.748585533843
-0.391996529241
-0.270213601401
-0.545322810277
-1.89688403207
-0.700207097969
1.14466623529
0.208283363635
-0.598772365326
-1.22522879825
0.41568650149
-0.401463254422
0.0332887245824
0.558251382828
-1.70979717917
-0.0182558875218
-0.159882206741
0.759007595028
1.36292907387
0.917689941641
1.95417429802
-0.416110184369
0.925226289399
0.350677453596
1.50178697811
1.0581269629
-0.922796714961
-0.953504093685
-0.393090433028
-1.06643932166
0.895988762174
-0.502192949488
-0.186287115311
-0.0508633122069
0.363323357144
-1.46502325898
0.826149496179
-0.0456699247432
0.92608831293
0.0938353391796
1.00945243662
-0.847822208347
2.33486640437
-0.458430423977
-1.10420915281
1.40282205191
0.460145030254
-0.815518766313
1.33219982429
0.937112016793
-0.155983030688
-1.09903523269
1.39656066932
-0.378341673718
-1.69906460603
-0.139857150576
-0.156185573216
-0.747798173386
0.39037734524
-0.0455866808977
-0.176329171178
-1.11236406839
-0.143572141733
0.996794408112
0.0994872917359
-0.103886808748
-0.0891108270843
-1.3394170834
0.295255154923
-0.6734347843
-0.392260837768
1.10074304652
-0.260700731564
-1.88586153025
-1.25823959838
2.15439438748
-0.788479120783
0.902602859645
-2.42266967863
0.0857524074948
-0.738563573525
0.0919377194312
1.56478978821
-0.00244458385218
0.256670115446
-0.673650900194
0.908345071504
1.95474957376
-1.44913077536
1.86478405952
-0.654009828837
0.54548339363
0.683488475478
-0.905334773632
0.849741635398
-1.28967609764
-1.10273215401
-0.154219329558
-1.01854605526
-0.656203349496
1.12024505811
0.918085679408
-0.193502192127
0.949312731402
-0.335897146285
-0.92378205331
Score: 21