3
44
10
3
0.571918022559
0.336205175049
-0.897441191054
0.177679937686
0.29343827357
1.14469599951
1.05374041397
-1.25584827322
0.829361002014
0.0723928767639
0.41940253376
-0.0834328081927
-0.929609305725
-0.109273675991
-0.776839756493
2.76414136676
0.968050256969
-2.14395392488
-1.77045214661
-0.640864414343
2.28490901975
0.789909325697
0.300518641311
-0.106443344504
-0.451822753912
0.949123247297
-0.941457818469
1.75232081387
-0.633346157762
0.511804146825
-1.86354771456
-1.73879342578
0.979134572479
0.783882609184
-0.824698950193
0.522448406742
0.584611512862
-0.496574939863
0.708018118843
1.27700349717
-0.725817071309
-1.32891985718
0.0521690608082
-1.45015822748
1.52025845933
-1.63699152012
-0.134840099178
0.394724360539
1.83665918443
2.02427435205
-0.164416464736
0.478540303011
1.17240478442
-0.566012574602
0.0550559640387
3.1050948678
-0.875219930628
-0.392069592134
-0.686490461268
-0.910659985399
-0.914674339292
-0.329168766662
0.247283937383
-0.432267141666
-1.25495211227
0.564667215012
1.50445997141
1.26406678347
-1.26639193858
0.553391429745
0.887149404073
-2.59112777469
0.818606989265
0.713846883932
-0.486103099451
-0.572328251883
0.244708829323
1.54061572879
0.687885016383
-1.20056572636
0.0899882269863
-1.6989596375
0.177763291529
-0.396951508551
0.513111594321
0.866249004769
-0.934606890728
0.725261950035
1.59372427095
1.25560860332
-0.590743189643
2.20235346677
0.365982882114
-0.581710249403
-0.919995078711
-0.698596779648
0.131691275719
0.280821323743
0.129701219441
0.593081746939
1.19301783815
-0.997063739132
-0.588024526349
-0.0166974060713
-0.221332676602
2.11223714775
-0.0712449323402
1.35256636282
-0.283608332409
0.156227833283
0.901715994461
-0.0148213917593
-0.345771527037
1.8435997478
0.490882887615
-0.612362033902
-0.960220603709
0.708262326114
1.20943721653
-2.10541726136
-2.40424044166
0.827997063752
0.603850541683
-0.341573219883
0.495232924819
-0.103429520694
-0.23127229803
-1.26492345533
2.13863265681
1.23739844801
0.486591069633
0.0900699680097
0.271190173967
1.139285938
-1.82335403534
0.613782383989
1.33334158591
0.967767774595
0.882051578507
0.429445896539
0.534519046368
0.808655271849
0.674461332985
-0.488725263049
0.557299805034
-0.636037637612
-0.560499608226
1.17517567801
0.838753187989
0.97315170951
0.695513182446
1.02164791316
-0.237155825303
1.06008453375
-0.430823427273
-1.39238523135
1.64246115018
-1.1746115256
-0.828401293354
-0.912866695993
0.436852785408
-0.598536470772
-1.11784041827
-0.989673004058
0.187441803542
0.375568755569
1.00269224961
1.5247205907
-0.492046874021
-0.758565728606
-0.577891676798
0.400733980403
0.628434789326
-0.163929306296
-0.465518370174
1.62741469233
0.253211277229
0.823562147888
-0.519226527562
-0.158212439852
0.63368226817
-0.325169733838
-0.750596235608
1.50353151527
0.138356453827
-0.282856902605
-0.651571184839
0.204001183745
1.79059687411
-1.6781514976
-0.593729271155
-0.266063047384
1.49815539046
0.0617747516137
-0.6411169977
-0.786754678229
0.826360582017
-1.01177109495
1.05476424726
1.14190198299
0.615107205887
-1.04348923842
-0.599961049645
-0.840441363233
0.192555333855
0.577067330837
1.24018134937
0.000891953022337
-0.0479732231228
-1.76830071709
1.36414013047
0.515378154919
0.149536292678
0.136577066887
-0.733500975775
1.47324809557
-1.7724793056
0.477643868337
0.925950695031
-1.61697131826
-1.06827273697
1.13237958937
0.879867724187
1.22903945867
0.0497498395727
-1.36984913251
-0.391227310259
1.16426688614
-0.408890188716
-0.683257515816
0.625999590948
0.174242700859
-1.51016659143
-0.54894878793
-0.623872212585
0.0467623576317
-1.44288206157
-0.902518846113
0.941383738585
-0.139776928175
0.622600571173
-1.95922703285
0.0587559824162
-1.27177269189
2.00919997298
0.549129575513
0.340752038809
0.383892025206
-2.85421677214
0.21814971108
0.0804592174885
0.935884705415
-0.102848734716
0.266435866538
2.46027650328
1.39392766082
1.99983346409
1.20800505276
-0.0737723896588
1.09713477152
0.752781127625
-0.810731298374
-1.56083307433
0.45921488853
1.07857243348
0.268679158197
0.735394223698
-0.459549183129
-0.101676496584
-1.16716043729
1.25599741137
0.392261819128
1.19458375858
0.555474254055
0.243397736235
-0.251962715697
-0.212438107589
2.18620095124
-0.327888258174
-0.487943433383
-1.95672585274
0.0960638328061
0.107457377933
1.17383837169
1.41257774008
-0.904480262433
-0.308491748568
-1.37064143096
0.547035726253
0.479949965691
-2.02835165541
1.244471321
-1.09458601946
1.04000031685
-0.367710078242
0.902506118692
1.23590779377
0.34739122582
0.422000611199
1.25639955148
-0.685671763963
-3.41281755719
-0.223466846371
0.231927422235
-0.282847419602
2.53996860354
-0.0570964324338
-0.467693047585
-0.781561385126
-0.425614405266
-1.0988457016
0.251719478637
0.227247688789
-0.996358202772
0.210992888381
-0.338631470983
1.53907200043
-0.583303569253
-0.118677796622
-0.554446194589
-2.34997640158
-0.797011602373
0.912443953709
0.675282570112
1.03812011355
0.0788209447166
-0.665985684044
-0.84751039487
-2.03827964149
-0.216612402106
1.17110475423
-1.22328260852
1.1487386657
-0.646354609893
-0.16013536829
0.739784391954
-1.19971089214
0.547818734174
0.613010302416
0.4897507167
1.38019855128
-0.0437414577625
-0.286058996261
-0.458119073114
0.751882503971
0.265500540999
-0.598226175044
-1.2970622784
0.510509410221
-0.0202001731995
0.0643509378048
1.19245817959
-0.174003973976
0.938084001678
1.25538731074
-1.55478715504
0.470350711196
-0.468175914832
-2.07517848784
-1.05232751187
-0.581494922468
1.14620124949
-1.64005360675
-0.00028134740796
0.565631425657
0.173882284672
-1.45576796935
0.658796170747
-0.901570554149
1.66634355249
-0.220260863283
-1.18591049448
-0.792154758343
-1.76245254654
-1.15071300192
1.11018696824
-0.884426556625
-2.20269844341
1.10222778524
0.106779707861
-1.06667790181
0.36400940339
-0.00857784793054
1.5705740017
-0.532854296437
0.561659036054
-1.31678198183
-2.00247933482
2.26428030029
-0.0933591566687
1.93370211676
0.641413805586
-1.81084152542
-0.0719646006801
-0.0866831675395
1.41956808911
-0.340552438236
-1.60282261278
0.850287037325
-0.084156516417
-0.513438879275
0.17772480181
0.421383792613
-0.522229726799
-0.653706914398
0.636504392177
1.99147336155
0.83243693653
-0.80587907504
0.459721078819
0.180659887842
-1.14649703566
-1.02798536487
1.12026202671
-0.287494578733
0.152794987636
1.45921215441
-1.02673221289
0.976436947942
-1.61631916616
0.582623293338
0.0070563801787
1.8386292098
-0.363872573191
0.199311469991
-0.378296141214
-1.29391660199
-1.34034590167
-0.124569412898
1.53540458247
-0.811272353384
-0.362381660839
-0.227916140902
-0.335911867527
0.516895005299
-0.424904755879
0.00276289657447
-0.878750709822
1.52940140673
-0.861024351789
-0.452827652715
-0.665013044274
2.32455399366
1.18810079398
-1.02864579562
-0.291493269151
-0.718770972594
0.592453291193
-2.04731043119
-0.62682216894
0.118362112879
0.160375361604
-0.569334229769
-0.209721898538
0.784998019124
-2.17856914872
1.03430101524
-1.13898169294
-0.341599199927
0.497208786366
1.1166413801
-1.09278029975
-0.894768033635
0.294180522321
-0.195130471805
1.64775020455
0.314055183758
-0.560117478421
-0.787459430437
-2.10354691097
-0.433563043513
-0.321042949664
-1.33682059678
-0.764617212174
0.825742481386
0.572276943754
1.63362822723
-1.2701519549
1.47669075655
-0.3895282683
1.98660873604
1.09071385061
0.646856890649
Score: 1