3
44
10
3
-0.6460579112
-0.686293987853
-1.45337813884
-0.900379582261
-0.0651504143301
-0.578750727779
0.712283902938
-0.123613781579
-1.02622161783
-0.047685153286
0.781258973275
0.526668186246
0.401614789407
-0.231850873657
0.0145023251255
-0.935368314858
-0.531474479925
0.111366824412
-0.972417360482
0.302382879446
-1.35430081771
0.0916314787558
-0.0287791369105
0.604452503576
0.0428732486532
-1.82611677533
0.35646839473
-1.08326265073
1.52280154234
0.762209623811
1.70232609394
-2.54122129923
-0.905468920799
-0.783072580628
-0.0797646106614
-1.27775568791
1.98407628363
-0.609361237052
-0.0887549350223
1.59615674592
1.26431838327
-1.3440091747
-0.91973698391
0.812363056443
-0.0495625704237
1.16618362789
-0.711160106297
-2.11066709035
0.3031655896
1.05190903967
1.15119033914
0.414652978874
-0.0526112817152
1.39722423896
1.81551036038
-1.00197130204
-2.88313230603
-2.38151069825
-0.386759174279
-0.269859090665
-0.14839433217
-0.62654350203
-0.630222083037
-1.16538818601
-1.01346021102
-0.537022488425
-1.67123259707
-0.0999753695588
0.0388568629377
-0.682286794793
-1.27223345005
1.19250989767
1.52719529517
-0.668095382245
-0.596103978138
0.248216312395
-0.877194049279
-0.662559908889
-0.0408728408005
-0.36369826592
1.74130875933
-0.238803357003
-0.562749376765
0.342157282995
-0.921770565588
-0.591570328133
-0.673949799104
-0.150522181011
-0.186074537173
-0.979603535055
0.792682281826
-0.402619879599
0.897373417629
0.310121180211
0.928924187181
-0.407425559379
1.15727420156
-0.0466836104608
-2.23993730093
-0.864731818871
0.947395055913
-0.489751905186
-1.89851803822
-1.24993911239
1.42393126929
-0.203596134917
1.90715135058
0.494079476045
1.50504040551
-1.33296684583
0.180896156222
0.0274064315197
1.42306601907
-0.429376439116
0.259590176433
-0.410304250909
0.994779849501
-0.732950152251
1.56120911631
-1.03965313421
-0.55970193333
-0.467390719103
-0.297525923276
0.490372642091
1.01645952313
-0.487883324035
2.29452017775
0.65480110275
-1.25214397192
0.447326771442
-0.372042036164
-0.503155174182
0.345284275306
-0.351708722388
-0.339187336251
-0.343701762733
-1.372591404
0.706264501197
0.952300104183
1.48184794269
-0.627478102621
0.646052056507
-1.72418466243
0.638401763161
-0.406461755045
-1.16952823967
0.255230759527
0.732576505657
-0.0871833326558
0.410589254454
-1.45728407003
0.77809136439
-2.04216348551
0.811556346361
-0.285204124866
1.93585446463
-1.37444516632
-0.128588551074
0.407910066225
1.71346710271
1.13388059917
0.0510946248361
0.145513621292
0.179881831286
-0.987887359151
-1.22952800507
-2.21286038726
0.252789954965
0.235251370722
1.40808488288
0.691880142327
1.31909855181
-0.0826153157931
-0.13937463314
2.57565250523
-0.417683994997
0.351503536356
0.779552376874
2.20812066216
1.36810282383
-0.164869834427
2.06690150099
-0.273702842635
-0.00282941679959
-2.10163220909
1.17544619052
-0.321633417759
2.11689957812
-0.441248857209
0.458686980708
-1.6780013434
0.712714738891
-1.75346746033
-0.522241076555
1.56754437607
-0.121139846171
0.0987156447906
-0.105301890186
-1.31052775688
-0.360528548838
-1.22139177921
-0.928488154221
0.753172484507
-1.7499366056
-0.811066458007
1.02801630102
0.528111723214
0.539674195557
-0.842033044984
0.345671775624
-1.0064352784
-2.31996939377
0.398894953691
0.643276104785
-0.407018878751
-0.429712310151
-1.27985833051
-2.54947597924
0.670676694857
0.73487093189
-1.38070150435
-2.76930419024
-0.579174101807
1.53877243377
-0.388661779037
-1.07381300609
-0.201263706723
-0.770411407206
0.199946386869
-0.990834980627
-0.529004065919
-0.549078875277
-0.75570296217
0.515074950893
0.112059891744
-1.74333582152
1.15722441604
0.0190872612999
-1.04981855312
-0.402878649992
0.31361018288
-0.410426591474
-2.99445411617
0.787123774265
-0.1335189377
0.339481075715
0.587389693045
0.20486796192
1.02145569888
-0.29144060926
-1.53034976159
-0.807360409683
0.66619005408
-1.23285029974
-0.0168520840498
1.41596028752
0.717206243692
-0.344909681052
0.261241233842
0.326187423057
-0.602463853473
0.12898852916
1.1549872842
0.0887494552434
1.13855503222
-1.14337202941
-2.29510659507
-1.8609685826
-1.03965891013
-0.214166752492
-0.318387960325
-0.334464748236
-0.132099005492
-0.363949522194
0.140010443447
-0.303789290199
1.40789809282
0.0299534353257
-1.52515252226
1.75818277154
-0.248139466055
-0.283736424815
-1.99340014487
-1.00779409148
0.495756797309
-0.511404828708
1.04278920538
-0.0408095167761
0.568786648669
-0.85630416716
1.54817884458
0.834385497625
-1.51403554893
-0.600388758252
-0.835158508708
0.381063600862
-1.14361495243
-0.0635736383781
0.690023758098
0.42526241855
-0.0806376343669
0.160508670692
0.0459609611195
-1.47786841495
0.253975002331
-0.199977988528
0.104708236869
0.431228724892
-1.40779783001
1.26830276066
-0.807200884146
2.72476393422
-0.642785551641
-1.578573193
0.219413790042
-0.232725601403
0.0458399192097
0.754695061625
-0.200224975196
0.816818411611
-0.28800483221
0.396396018056
-0.287728269419
0.500362085938
-0.148681067012
-0.24564788248
0.266231107615
1.78650782862
2.41127558526
1.03121830569
-0.464165908208
0.199944234496
0.155134188974
0.174247151755
-0.988620686099
-0.930015032648
0.529092401805
0.291914023618
0.821430364463
-0.625162670088
0.23641989614
-0.573690555776
-0.460722108769
1.98996651164
-1.1393893812
0.392800457729
-0.241205785875
1.29289859699
-1.39354654342
1.43209309145
0.131867437718
-0.864771556868
-1.4330774119
1.03590546498
-2.09343319153
0.293221733685
-0.544286229965
-0.246654793226
-0.570862327831
-1.64901015585
0.59231120958
-0.430549735693
0.061550572256
1.92524689925
-1.59160169728
-0.297461176857
-0.717921127448
1.06123854498
0.739341324232
-2.35238354402
0.96991492697
0.290623966056
-0.418170953801
-0.587086601664
0.748471846013
-1.56615167091
-0.58924201068
-0.71307931472
-0.173345083937
-0.506381934962
-0.814217680944
-1.85279011593
-0.644578663681
1.03347611201
0.399768435089
-0.683433928083
-1.37133442994
0.435411935704
-0.74998054139
0.206028795284
0.521312800928
-1.77701108439
0.263354367406
-0.207967998982
0.689909108448
1.12322448235
0.776364115573
1.81204807907
-0.576391512708
1.0027863805
0.302627340224
1.66784512654
0.858596241937
-1.04424316624
-0.867077121944
-0.325996322195
-1.12435914834
0.731379424937
-0.843114723487
-0.394833505445
-0.0694687101695
0.337767997812
-1.71836702593
0.847387617531
-0.103812350994
0.930488525564
-0.0713770259769
1.27767529517
-0.551345022393
2.17239961958
-0.504627806109
-1.06242328945
1.1952268845
0.260116252058
-1.08870655757
1.13858371875
0.811208593314
-0.0133881336306
-0.796573427101
1.10718777514
-0.118110086991
-1.69107597764
-0.426633558037
-0.276083536148
-0.772430248287
0.296423843924
0.214606802258
0.302424138135
-1.06551242226
-0.291245235103
1.21239194262
0.021722847803
-0.243990986308
-0.303794891362
-1.19365201192
0.296090459146
-0.400155889319
-0.37787324024
0.94941056951
-0.062743392179
-2.16388216983
-1.39285066143
2.25144340096
-0.758658966827
1.06505491194
-2.49641458294
0.181274118241
-0.752468772795
0.106681779267
1.6601690257
0.0193973258306
0.314593779528
-0.75517791852
0.862218864335
1.84748562709
-1.44789946044
2.42039260563
-0.586796749669
0.457399453258
0.458790647983
-0.834816675856
0.56243463335
-1.41376752296
-0.888160131128
0.133731362659
-1.25673220401
-1.19852540269
1.17396392419
0.818078078086
0.00172969366157
0.999842499549
-0.262066305781
-0.82880362351
Score: 1