3
44
10
3
-0.157989639438
2.30854994416
0.398632081363
-0.53149022878
-0.155175642291
-0.233454950777
1.3506760849
-0.610158516511
0.395201490864
0.895267372636
0.184823669301
0.795381590904
0.512489165248
-0.345916997765
-0.105916733116
-0.521472108715
0.328455699912
-1.03825167911
0.792162925137
1.59498007217
1.53046009768
-0.130187168032
0.166702160442
1.34733080108
2.22416125136
0.201640140106
-1.61929397588
-0.811105949454
-2.86402445196
0.717135111874
-0.743021625763
0.605663419107
-0.136504453428
-1.38124208452
-0.152650423629
-0.0223515924714
-0.719422015555
0.291230495951
-0.317934493728
-0.853979698551
-0.142726518722
0.560585140569
-1.52930917458
0.937623822937
0.753287340074
0.543122316647
1.06481762802
-0.913857227215
0.277158645212
-0.184183214783
0.773723884147
-0.55261492682
1.45773073041
-1.40831132148
-0.604406185115
1.26367666463
0.107078586633
-2.31160522855
-0.617234035506
-0.0259063343007
0.24789605218
0.140589424031
0.704218573575
0.164024887769
1.37140734374
-0.457475709984
0.0651471099493
1.19929082753
-1.1010611697
0.512754314561
-0.345351943407
-0.0224651098459
1.2661961692
-1.22300610772
-0.437499202286
0.34380296794
-0.270563740533
0.8582531017
0.737253819445
0.630831183906
1.36098887999
-1.42636180855
-0.223777469855
0.326647002793
0.393186240838
-0.461774049342
0.425113175614
1.01537895568
-1.50005399472
-1.9568766381
-0.802882376275
-1.44072983017
-0.725924970862
1.04203521364
-1.47016334701
2.53599021369
-0.0065586675621
-0.442300912315
-1.41805649897
0.869172512098
-1.12096370243
-1.3708721491
0.204933783234
1.50694950493
-1.24123839404
-1.90706550722
-0.22656164495
0.669085059903
-0.952100658668
0.0121872884235
-1.7087841869
1.71700471813
-0.0830503600155
0.274618930414
0.34613060177
-0.655019267757
1.5203949985
0.862217059209
0.852926779483
0.662604304282
0.180350905565
0.289431013652
0.594129481748
1.06113718548
1.32752450318
0.0364496822935
2.20186672133
0.117461146854
0.281240593444
-1.06962140067
0.549942924064
-0.589409946191
-1.69382695383
0.721242258125
-0.0325401983203
-0.465024910757
0.0475725141597
-0.993765565077
-0.729164370173
1.36169602326
-0.673473833648
-0.181898145261
-0.572119773426
0.671115538339
2.06175934136
1.14803814564
-0.338469943871
-1.20137898531
0.14899978176
-1.94413152217
1.13548239611
0.716110820499
0.652548415245
1.00683210762
-0.261072045022
-0.125389008172
1.03148266386
-1.16482673817
2.4978989501
1.42744938196
0.339748953501
0.0108834665515
-0.705846448898
-0.704793770483
-0.934519186978
-0.374196931087
2.26619422918
-0.091035296131
-1.18846729039
0.166508304767
-2.54196773009
-1.72953617854
0.876058041524
0.716235027121
-1.15509388822
0.491759582262
-1.01552368148
-1.49054735317
0.248099209438
-1.1461296842
-0.872613492129
2.7516638759
0.644765897982
0.417700007573
-0.327212444617
-0.542582766065
-0.331850848824
-1.41518129786
-0.968944273883
0.407798903021
-1.29508579381
0.75513782087
-0.723286521555
1.8364041602
0.304734365436
1.29620547885
-0.0710645636823
0.489750964472
1.37956453096
-0.782861986601
-0.101390731232
1.77573129219
-1.60773280498
1.72438685925
-0.722194222616
0.883925659779
-0.45894001942
0.471597613991
1.83478086077
-0.226160088553
1.54737298293
-0.175932742157
-1.19937537674
-0.020186006993
0.778723770221
0.173551273528
1.54317048749
0.424449851265
-0.695554827827
0.50668720474
0.0976159779861
0.0476001160609
0.965433559526
-1.14628223591
-1.41450457893
1.63235411729
-0.755901271305
-0.0982121685537
2.16701645585
-1.14148753168
-0.612980364479
-0.0534544122182
0.0449552697596
-0.397778349898
0.140785580422
0.552387806292
-0.924669475311
0.922977072928
-0.12067019171
-0.380796668013
1.07027115693
-0.39282236634
0.511311008539
-2.30231249724
0.874652854169
0.230001018254
-1.6151688015
-0.69313096514
-1.44586226214
1.98958673326
-0.0750948319782
-1.41412501581
-0.587897247336
1.66314891326
-1.77019284202
-0.244310137621
1.1278827504
0.626957856206
-0.353763132603
-0.62524401998
0.314770463371
0.15307835031
0.011363300288
-0.7034765165
1.54034906002
0.817182500294
0.0908038252916
-1.11026752073
1.2196665381
1.46904218556
0.126022385731
0.0773947430143
0.652364535146
-2.01859982695
0.283915064812
1.48604815738
1.23135477492
0.0265882506333
-1.77655045145
0.651291382492
0.0488576747672
-0.757324502297
0.5563728891
1.3843293189
0.600208381369
0.939663173299
-0.516666925063
0.866595144534
0.667304419591
-0.490323223021
1.27547677154
0.148565558261
-1.58048546504
1.77719539551
-1.18840146333
1.22647002437
1.50547070133
1.03583673838
-0.215763135617
1.08797011831
0.983121079652
0.308061534534
0.0823145377958
-0.052091854767
-0.665338566524
0.886160908861
-0.774288982645
-0.134437874859
0.0354553961172
0.632496538579
0.988588710195
-1.8015606738
-0.704472332854
0.927437573959
0.62558003506
-1.60717327283
0.491733569649
-0.945941993856
-0.186231437773
0.140973768257
1.28488290735
-0.0636971361999
0.666898430761
0.679599179315
-0.417319600801
-0.133626276317
-0.0330228675913
0.199174695376
0.647326302118
-1.00190102037
-0.3555939331
0.769657960002
0.57967450853
-1.27047051343
0.308808957817
0.290184032378
-0.854091257866
1.54072341466
1.67033297591
0.811380585351
-0.588564116657
1.37509757577
-0.0509920193268
-0.933931079753
0.598337880614
-0.181754010927
-0.134648301395
1.81331019657
-0.833280755813
-0.509388000046
-1.08077163831
0.145989504858
0.801707402663
2.99941276637
1.20998645742
1.43435649541
-0.540184438499
0.127357484965
-0.280983534665
-0.150071190394
0.636699675263
-0.0245685791739
1.10046347673
0.00179980123701
1.04742274379
0.819574505938
-1.17614457311
0.517625780082
-0.0873243920491
1.10616821108
0.461525346945
0.684735565421
0.77195837887
-0.310789043539
0.557399699625
0.389229865782
1.06900543657
-1.27841670935
-0.383388241491
-0.694296135737
-1.37108069884
0.640866418856
1.29761292963
-0.326201758413
-0.952212301612
-1.62107718311
-0.0813827322062
1.00853601295
-1.90178569377
0.0383840146016
-0.968418809935
0.928957216637
-0.199044555341
-0.601734272916
-2.12274180726
0.589776009473
0.742952603922
-0.233320814152
-1.02504314518
-1.44448037947
0.795894643789
1.14397208485
-1.58771497151
0.509233176411
0.112216265762
1.49475379226
0.0502448504637
-0.0794652263416
0.470440662005
-1.29920928351
-0.0923219709857
0.19076862482
0.533851130651
-0.845096329194
-1.83442060776
0.0843217853145
1.61200501419
-0.460145960623
0.702528822331
-0.478163204372
1.01756030866
0.809038863135
1.56787885842
-1.16698011563
0.0454375481867
-0.304512455447
-0.221555719122
1.3808719111
0.925078922567
-1.23995592519
2.33446565727
0.659294181044
0.0132134180014
0.637742108388
-0.450273258066
2.07800802943
-1.79948591151
-0.676025680802
-2.82305262324
-1.7629523739
-1.63206625541
-0.860672076245
-2.46789428171
-0.258293024319
-0.114843611616
-1.35600621108
-0.322965008256
-0.25902265768
0.404272322459
-0.325792074262
2.31567156287
-1.67545423896
-0.540262128679
-1.07184726836
0.616301496766
-1.212861569
0.964869570017
0.185198454721
1.1120806179
0.129046983655
-2.2945205577
0.1917064198
-0.944971428039
1.65408223759
0.200706012382
1.0969421935
-1.1839456003
0.694548773268
-0.822689728109
0.645262921787
-1.3073948011
0.386560502388
0.524782841626
0.493943039287
1.58277898054
-0.154572161223
0.799007495454
-1.19009710948
-1.07199274919
0.833487279993
-0.000556140225488
-2.35197946216
0.17676939107
Score: 11