3
44
10
3
0.244663915659
1.6251873798
-0.347260124544
-1.06368856364
-0.282719154413
-1.75225380767
-0.093626245062
0.675859434592
1.526558717
1.53891329757
-0.803633416359
0.5305380763
-0.0374025698665
-0.733105988771
-1.92193153164
0.157827619081
-0.287884882877
-0.169129584382
-1.07590898713
0.679614527367
-0.372293643807
0.777581242708
0.636697587585
-1.00163551752
0.517143435198
-0.222628479317
0.331658146646
1.31008912774
0.944614710019
0.879771424727
-1.79102767013
0.25956342466
-0.525939311509
-1.96301502168
1.17084520685
-0.265847217296
0.257353779152
0.502850840777
-1.13282504884
-2.44221357414
-0.791970187594
-1.4860362693
0.142202452093
-0.0255478875321
-1.27108961378
0.300942833326
-0.858269373904
-0.88506550776
2.55927182676
-0.761352087867
0.589390520958
0.396171937719
0.514316348901
0.57769207057
-0.753234390658
-0.213112987214
0.996110872041
0.181252659055
1.41934592013
0.33991289901
0.899348711523
-0.77408155159
0.785105614847
-1.17596796428
1.10284590505
0.393888707035
-0.0494166019295
-0.770327704408
0.300251904934
-0.458042638338
1.21851073075
-1.79777203994
-1.18567150755
-1.27700061935
-0.354872549641
2.30108164372
-0.632142119115
0.159013461659
0.485764428958
-0.444142192828
-0.666400723657
-0.274972090391
0.80276884506
-0.14837239807
0.228852519019
0.288848260377
-0.984240395876
0.592231337379
-1.00617232937
-1.72114824745
-0.23308513422
-0.692618113268
0.056212913832
2.08235956706
0.244335160526
-0.893328060262
0.578917832777
1.54218858606
-0.30269810498
-0.372123171774
-0.308074052037
1.4659093995
-0.37576656748
-1.35640621822
-0.717607429364
-0.0125055563873
-0.242016278816
-0.13458908145
0.863676388398
1.3312732463
-1.42291818231
-2.70168680076
0.294291388077
-0.983510265157
1.60425342267
0.902767869266
-1.61654736772
-0.841773242515
0.896672741181
0.0950546567584
0.464005743085
-0.824654294861
-1.60534943961
1.3278056819
0.252564430032
-0.112259886751
0.726398225325
-0.724076025388
-0.91444359898
1.42355069838
1.42471280377
-0.987469375215
2.06576800198
-0.721176318669
-0.651205239161
1.41195880326
1.28729204881
-0.657447506516
-1.52671898897
1.10587518225
-0.890968532885
-0.407804669021
0.942831630367
-0.401336266
-1.36549814457
-0.921522661248
0.882262516588
-1.74299327945
0.762222137588
1.40522464913
0.775582838594
-0.506927315646
-1.09305264308
2.93175030255
-0.20106315966
0.778087035942
-1.5380057903
-2.24528798219
-1.36317783818
0.183353590954
0.758273153468
0.561378973445
-0.83974035039
-0.273339012263
0.522321313062
0.287640259638
0.720156636628
-1.04301335222
-0.510318957789
-2.29048356819
-1.99645611569
-1.08088710549
-0.315644166284
-0.097185165382
-1.17274459829
0.102748789511
-1.04861339708
0.308144515317
1.79272716633
-2.66762414122
-0.828544442999
0.0310605747587
-0.469264267046
0.845207797038
-0.217090123336
1.46139958059
-0.18435775995
0.438614287585
1.44156475565
-0.777921612965
0.69822423099
-0.228482730841
1.37425984388
-0.873544283345
-0.195145624002
1.3492208304
1.26420819404
-0.621059019078
-1.8680085621
1.28637754357
-1.00954236262
-0.144292245344
0.10051099023
-1.01322900662
0.314807854232
-0.619008756763
0.602275432178
1.17559308396
-0.215753255885
0.772828449183
0.626549468043
-0.6217349681
0.101491239854
-1.02212091217
-1.37202399846
1.40508982783
-0.722581201196
0.683990097258
0.263707481058
-1.01943468137
0.0565540297137
0.974401858759
0.618806010374
0.739870851349
0.621562422548
0.423130881581
-0.532439914832
-0.841210991915
-0.0453506160304
0.633227095156
-0.805549411202
-0.126418725378
-0.441360696498
2.17856371188
1.52894936622
-1.01062397699
-1.05578928592
0.567046386034
0.225423270852
-0.554098649558
1.34290687691
-2.82757233309
0.653508492557
1.28414665562
-1.62512092022
0.332245225554
-1.03205195236
-0.273118701292
-2.02214973033
-1.00126239126
0.186409918398
-0.21334922095
0.544216057519
0.102877016574
0.44330812058
0.945889743315
0.20337079342
-0.281736299854
-0.691201813777
-2.31495558316
1.17434168851
-0.450440641167
0.597957471944
2.33789208126
1.21586865078
0.157317032719
-0.405802512595
0.115438792353
0.105386749193
-1.55977602324
-0.114674632721
0.825651255696
-0.696052925862
0.0462528318231
-1.14360968389
0.773050778121
0.398694936217
-0.431152916427
0.780913324365
0.357975329556
1.01929440242
0.537317741553
0.391490002495
1.39770751716
1.01696986754
-0.0063679861448
0.421606729398
0.177892310187
-2.07446274915
0.399298314128
0.92235913145
2.33109963206
0.766614614373
-1.28824454262
-2.41676826344
-0.438022391748
-0.671988732592
-0.466224814842
-0.569315600199
1.11905026583
-2.20468562176
1.01768822726
0.596963673054
0.746990808981
0.295507653829
0.580346276696
-0.270023161047
-1.20564357321
0.137799750742
1.00176106757
1.46784303701
0.949035685442
1.44154702351
-0.393661185555
0.0690942791761
-0.878272274718
-0.107369457273
-0.250208810632
0.888342738183
1.14921023363
0.549923384182
-0.585342701063
-0.42116980167
-1.31354162858
0.952717147871
0.619870175969
0.539818742651
-0.256656282304
1.07610724195
1.03875621951
1.30660482968
0.00573842936093
-1.38427133498
-1.53706063229
-1.10878213034
-0.0946892967403
-1.25235873302
-0.314404404147
0.858576653178
-0.777843660265
0.0143317384984
1.27274837659
-0.935557112483
-0.760925044059
-0.490698762302
0.432750666256
-0.668514076125
-0.0145262341652
-0.336284199916
0.288737306697
0.359118320854
-0.366251566826
0.680198138727
-0.415539751198
-0.138908197569
-1.30484150162
0.112625038
0.772432191906
-0.356123497311
0.560667776216
1.14574911934
-0.154988192329
-1.57626572253
-1.56588540372
-0.359207950984
2.27341288291
-0.0550442285563
0.609543829021
-0.68745102828
-0.725640776131
0.84723609743
0.667773397214
-0.181859530495
0.149229786001
2.55377137775
0.20651855095
-0.000389879320558
2.06871768059
2.36584096897
3.05829626516
-1.07583375893
-0.178725253028
-1.84744279787
0.404894969273
0.40754147806
-0.640850258334
-0.071433926467
-1.12163390187
0.119139080088
-0.184367829895
-0.49675415658
-0.846611523309
-1.48230363772
2.10673891857
0.486494089553
0.446069388342
0.558916022073
1.04623368492
-0.132880877589
0.284552982831
-0.123883963344
0.647160536167
0.457834890839
0.0753769163244
-0.424079396451
-0.806571749361
-0.329501567338
0.536586232114
-0.127535308328
1.30922550876
-1.42990709591
1.6633171884
-0.797645507902
1.2785103348
0.46460799997
-0.557697997699
1.31340657179
0.636247679424
1.07838726551
-1.82842008137
0.656755143813
-1.15737066253
1.11873341038
-0.678112749649
-0.00346588896615
-1.66510074418
-0.662298055722
0.802819944541
-0.0420750384913
-0.117243991268
-1.40616208131
0.665313421039
-0.869849840009
-0.878328440869
-0.14786212739
-0.549278625814
-0.497076901123
0.325288385276
-0.459394779578
-0.0925335189214
-0.0446313121379
2.26216266439
-0.810744984784
0.259920827014
-0.100191237205
0.458178687061
0.0782993833036
-1.28155189904
-0.188446550705
-1.68858086997
-1.08395189564
-2.78654251536
-0.787888661709
-0.580194287836
0.896182927681
0.0576321010818
-0.168276099481
0.87805116543
0.373572061173
0.997421552412
1.53761623756
-0.243899215146
-1.63272705799
-0.441476177684
0.068893462418
-0.220964186994
0.123718090119
0.149849479912
-0.293478346362
-0.943641475224
-0.509136881232
0.941453754464
-1.15618489452
1.25495442881
2.48311683909
2.01219982855
-0.113984782299
-0.473801112022
-0.355512853983
-1.08608373576
0.430213536963
-0.271797667487
-1.56625161954
Score: 230