3
44
10
3
0.665671736955
-0.566436633221
1.10545097613
-0.442656396586
-0.768351436311
0.160129873394
-0.201988362761
-1.21746390718
-0.679346061083
1.63400898664
0.971114047793
1.33207987291
1.32591250135
1.04482629007
-0.386809948938
-0.291692885209
-0.308543261455
2.25766651294
0.233161048723
-0.137527955646
0.0369992040325
-0.944607277735
-0.513845516883
0.132747399163
-0.651137766699
-1.35374879189
1.34534896747
-0.0997715478295
0.934246209005
0.991231186779
-0.293805029993
3.34241491463
-0.486664080614
0.089014423229
-0.777177610537
-1.01837100585
0.75843601419
1.11095081707
0.566484430625
0.916390411228
-1.15787328925
0.119462888378
-1.59399846916
-1.70066479983
0.333514252993
0.665112209224
1.01168532186
-1.02069316803
-0.129521659993
0.0409204935653
-0.229357184934
-1.2819753313
0.65505748449
0.567762489002
-0.242770329793
-0.399727203406
-1.08849091984
-1.29184839683
-0.489307163675
0.0111151908364
0.99770938799
0.688601676782
0.450168175476
-0.220478481972
-0.747530256557
-1.61140302605
-1.09604053609
-2.12074591241
-0.505447011655
0.231314789924
-0.394795975965
-0.135277424846
-0.377062246117
-1.47425599157
-0.385521612306
0.667894612504
-0.166758583579
0.182829211738
-0.385247876268
-0.224793088811
-1.21068820009
0.125610935641
-0.266766507039
1.21021207432
-0.440485214419
-0.15417411921
0.381946593031
-1.47438994047
0.279854301418
0.526527754295
-0.0797488107374
-0.528038664779
-0.530271079367
1.01910329488
1.84829820987
-0.0724828241504
0.180689327383
1.52205847686
-1.44391957788
1.19563230927
-1.42983244165
-0.444500043352
-1.45477992015
0.212519257422
0.494430178089
-0.715734410437
0.94863606015
-0.17524935575
0.0903661455703
-2.54901791299
1.79966618065
1.32068463559
0.0627463370224
-0.362780763027
-0.824611637748
0.310457794178
-0.0326572116433
-1.78232525232
1.85532173446
0.370570838028
0.746292831473
-0.0862991010023
1.17139437407
-0.306481660927
0.9887087354
0.00436421020432
-0.0168694883677
-1.19724999957
-0.732857958511
0.853659381935
-1.38688817812
2.01110684947
1.45186911547
0.156673733445
0.955087538703
-0.265869935617
0.424869723026
1.31681663797
0.229214833798
-1.5581175537
0.118862721111
1.54795255887
1.20636544325
-0.00998659284976
0.193819171353
-0.736544769718
0.178190566044
-0.260805859126
-0.179317145217
-0.035406446706
-0.56452408606
0.304419588364
1.52653572643
0.428283482046
1.04817670318
0.573689085947
2.33825476135
-1.14496479387
-1.51943253811
-0.184860527784
-0.030646043081
0.332916166159
1.16922373993
0.918095604684
-0.556828684704
-1.64163290365
-0.751631177045
0.870776400336
0.440272910476
1.33290990505
-1.27065350008
0.0107523158265
-0.164189706373
-0.402289106422
-0.803200401129
0.533907016553
0.148840752503
0.292650755348
1.18592808638
0.014371559551
-0.339194616403
0.324685998972
-0.33064140832
0.528174275439
-0.23497959635
-0.280220370723
-1.17325234404
1.84524187408
0.435139909226
0.880739471328
-0.0642183631238
1.04027908826
1.84670209782
-0.89560353467
1.64051274879
-1.14471017717
-0.617187287503
1.44989411708
-0.542349256473
2.21024523881
-1.61670484911
0.0585891560622
0.0473645920058
0.790846154487
-1.86286070716
1.71336945302
-0.339081527165
0.889847630164
-0.536807931151
0.269994537959
0.499473522378
-1.74753875536
0.927664722375
-2.46256107757
-1.62609569791
2.34607836919
0.136578043867
-0.788380924146
-0.560988681033
-1.66691778827
0.105756274756
-0.0517339348633
-0.522932167061
-1.44255808966
-0.117268253413
-1.45617729484
-0.774340573167
0.419598196731
0.271815389609
-1.32986594922
1.28775996523
0.530446492138
0.251575885946
-0.0671092877312
-0.287621402766
-0.791002153988
0.523680180212
-1.53985274379
0.367976737874
0.144348710481
1.69945922889
1.08219039079
0.834708626333
-0.0666416224601
-0.281239558909
0.753884637251
-0.4446664916
1.72931158901
-0.287401442793
0.416520265816
0.771519061683
-1.12119778869
-0.405549072722
-1.63782362314
-1.60906616538
1.1562575351
0.286694067947
0.716868241205
2.07617554051
0.142005339124
0.552330990053
1.0223093795
-1.06471484713
-0.0446434172852
-0.959786257757
-0.414511753324
-1.73151130082
0.401038659087
-0.772402831902
-0.276495754916
0.49936283042
0.316437750069
1.0445124349
1.4098694188
0.80291483498
-0.538146067077
-1.36827607029
-0.786805495815
0.422065723367
-0.366209455462
1.3001743487
1.55555271666
0.532966969741
0.0242660651717
0.914474025085
0.376751415095
-0.542426802676
2.52912963837
0.745791782664
0.507754048934
1.94201491368
1.16348049146
-1.74090645468
-0.804043511456
0.118276460545
1.2339975216
-0.502368418315
-0.200198692436
1.1876730477
-1.54663466547
0.147607046818
-1.24412161525
-1.4196735203
-0.0496381988497
0.421737035565
0.649301314973
0.490438545749
-0.795972246391
0.522418445496
1.47014631786
1.19972400368
-0.613158545862
-0.246836361064
0.569495568599
-0.678432258117
0.56149417806
-0.455470710549
-0.684088615918
-0.48423894638
-1.81404191523
0.911340547442
1.03770886502
-0.748920518298
1.53278341265
-1.77096023042
1.6492365053
0.865850266953
1.15814277761
0.0114003375412
-0.396624890595
-0.649367218119
-1.05284693274
0.753885119128
0.802340855588
-0.13184446079
-0.256658398472
-2.15221560985
-1.50968564761
1.54476453953
1.55091634228
-0.116493280696
1.74421422374
2.74628505183
0.712209563066
0.426013841733
-0.790468687096
-0.452865089717
-0.110834175413
0.885995366662
0.883906654941
-0.338457189324
0.633751434878
-0.906030505798
1.50571074995
-0.503686400924
-0.202866564595
-0.311522584098
-0.555717176597
-0.81970045704
-1.81422040843
0.0867428228138
0.605854212833
0.685160410402
0.514892588001
-0.197805195269
0.880728419505
0.84773332847
-0.0249666728371
-0.00588356793812
-1.38966052034
1.00226466764
0.588857615848
0.92375442034
-1.70059455012
-1.30790552705
2.54117617286
-0.697651508541
0.314728674067
-0.276078218616
-0.127478833058
1.41776805573
0.559499716432
-0.715615656003
-0.229071303162
-1.35889850091
1.49302400471
0.52184143983
-0.241273110934
0.778219586503
-1.2590611933
0.713099746192
0.750808923297
0.0534234716102
1.10490432518
-1.99877575938
-1.2836505548
-1.3565677481
-0.23197883919
-0.661377502314
-0.469360044195
-0.0259691116091
0.537005120021
0.522057855627
0.899220220903
0.0824084069239
-1.35719819488
0.097307404365
0.955936568143
-1.42291634991
0.652379320503
-1.40935927604
-1.73365366119
-0.630630257208
1.03648178854
-0.355615718409
1.0328695125
-0.20028307795
-0.350833102573
0.103050730079
0.677703945377
-1.9227202366
-0.24991806408
0.820849522038
-0.182755998615
-0.0234773834776
0.990239351297
0.334835185016
-0.3719690301
0.389978431782
0.261039320537
0.730154664328
1.37855573193
-0.0506554219546
-1.04710080252
-1.09178225913
0.462770948923
-0.00620489657306
-0.0237438254619
0.461094400839
0.478254912817
0.680579829879
0.659422533321
-0.426384532164
-0.0147931243662
0.280693296386
0.0320026181733
-0.512250330719
-0.652450985248
-0.0975611744346
-2.24355837447
0.138749666018
-0.363472552017
-0.195683496391
-2.48262589763
-1.5634117813
0.399270631043
-0.0987847949125
-1.17202442081
1.35420987529
0.310662259695
-0.218884634382
-1.10513924755
0.392233776188
0.597578078339
0.145748207124
0.363475680257
-1.07250946295
-0.764032683862
-0.255352100991
-1.45742454865
0.294596761705
-9.6137063432e-05
-0.00869034602952
-0.863112555299
1.26254682683
2.9195031236
0.127533918329
0.987121184257
0.399504122057
-1.21818966349
-0.558936605828
-1.02994110977
-1.10306982256
Score: 10