3
44
10
3
-0.133141077692
-0.0838576852364
-0.150589821966
0.875246293212
-0.874747990263
-0.108854664673
1.19895449397
-0.0094664562679
1.32151723548
-1.76469848041
1.39690108234
-0.537613520849
-1.0008038683
-0.195082198929
-0.919903648519
0.0369097181411
0.57865137588
-1.05097815828
1.58489506401
1.15851270434
0.364758522029
-0.00164523645394
0.0830621559842
0.834232664595
-0.0679658547843
-0.00567104627679
0.484396067004
-0.573581442943
1.30829413401
-2.44428908138
0.0160896740071
0.352018831926
-0.528462279
0.431810419349
-0.980343876135
-1.20460189729
-0.248010751186
0.400968696756
-1.21788504832
0.776292425881
0.2784680306
-1.20263877697
-0.211347446337
-1.08076146674
-1.62641373106
0.50853493811
0.645542962333
-0.905459741707
0.993018315699
0.281878460769
1.14432356807
0.276185164549
-0.364449240641
-1.46374827807
-0.373486496622
0.173681625201
-0.222785483061
0.296080344904
-1.19815063294
0.404880584194
0.00842012505219
0.897953179031
0.709046219669
0.787836575169
-1.62184478653
-0.635770038033
1.42982022825
0.112293754344
-1.94065520248
1.444937176
-0.551477770007
1.65881245477
0.0892832064574
0.363650502995
0.711548249184
0.276804527924
-0.550396857147
-0.576418776008
-0.737705358838
1.16733750064
-0.824939128981
-0.0754020549914
0.26856125663
0.963177109528
-2.2833456148
0.0945456245377
-0.0933195595435
-0.258993744334
-0.397447369955
1.70654188952
0.689600373005
-0.250987844617
0.66267144554
2.19461555408
1.17814621758
1.33591086043
0.122431461901
1.30148364931
-1.47081564953
0.81888553566
0.764870447532
0.196997981818
-0.121478567342
0.356879150497
0.515288941697
0.240531139577
0.0424484457474
-0.0197706786119
0.310235442967
-0.844698472215
1.29878916533
0.748899591068
-0.698973459504
-0.00419101929751
-0.236746736536
-0.232764845258
1.22535798847
0.927318469204
1.16589639177
-1.37458457716
-1.49255137445
-0.478657806722
0.854328897262
0.0548114598946
-2.5654215291
0.550478548133
0.0645559650898
-0.678321773778
-0.657452902964
-0.500687791225
-2.34832117385
1.1203645193
0.707186107281
0.0718404781324
-0.821831838207
-0.117832055646
0.369524113045
0.674833915187
-1.51296124984
0.974506854597
-1.79328543601
1.41784063163
0.116585111202
-0.481909949913
0.426998731175
1.02554981445
1.51544030506
-0.783463989111
1.10289729794
2.23934788418
1.59681753475
-0.745194792533
0.650080620951
-1.14758266894
0.0767100796725
-1.15148466294
-0.520568380748
0.242830550061
0.834385412458
-1.03039785167
0.635968522096
-0.25300759927
0.474496559039
0.683146198272
0.405443561908
0.475197183484
2.09007181343
-1.34938579792
1.20904711253
0.156284009174
1.07080177493
-0.73556421367
1.85332436036
2.47312161166
-0.114319696093
0.417731059551
-0.0303440079923
0.0800502141747
-1.76374295189
0.625255408958
0.0299262698029
-0.881906406982
-2.16843945507
-0.729672654413
1.21525971595
-0.598510930507
0.708745512812
-0.823559951434
0.644723323977
-0.0756055891493
-1.61209989763
-1.36536791042
0.864465325098
-0.268947020448
-0.559940451134
-1.67991672204
-1.65644320531
-1.77488969899
0.194611000303
-1.0053370169
-1.19173711737
2.07229348463
1.20471463235
-0.646616932701
0.0107613290825
0.567964874153
1.08901804779
0.735447616929
-0.0664986443313
0.0269423483412
1.22748006342
-1.08574062574
1.73503417112
0.715603532233
1.53508299602
0.833034728044
-0.148184106779
0.37956650855
-0.518628054185
1.50139333391
-0.420537774847
-0.951908119898
-0.339171962405
0.378834534097
0.779819919911
-0.0225997806173
0.0449102212617
-1.17079101148
-0.583633828987
0.402306441555
-1.03428832599
1.76563753338
1.3882805445
0.484579031323
1.0246292392
0.0230364761273
1.02724391645
-0.560277946728
0.404735497444
-1.36558308293
-0.986030872061
1.6873626035
-1.17555358969
1.89962057992
-0.0463035601451
-0.540178125058
-0.393260545769
0.802653236905
-0.870155960591
0.894400793857
-0.833815458842
-0.781515221817
1.21627108846
0.0276607600232
-0.237304342595
-0.205509985416
-0.206669293594
-2.31522255
0.453802484917
1.02626344877
-0.901051012283
0.457666300669
0.86636221204
0.2916701701
-0.539971601591
0.253349336724
0.572473934561
0.545912832828
0.212848364785
0.283193291081
-0.189347597114
0.782477033147
3.16239126666
0.215420194597
-0.407239803933
1.81565202774
0.553572334273
-0.121804588546
-0.0352765529335
0.834232205779
1.17842317264
0.548436530576
-0.376265230142
1.73501455438
1.5224078787
0.505585061327
-0.73948389882
-0.251961334552
-0.224283535964
-0.500047924503
-0.994630695818
-1.01296467281
0.73567874438
-0.993411037186
-0.993950599074
0.264863527478
-1.15584234101
0.373005392175
-0.137054968133
-0.25547252212
-1.96068595063
-0.974294719975
1.71255386251
-0.650837937859
-0.482942208675
1.64200508644
-0.803928634143
-0.351620695027
1.03667240696
0.851695029671
0.813767782024
0.0788381988641
-0.860278889663
-0.744422172779
-0.685420254565
-1.35321331667
-0.403520432384
-0.795263345186
1.44740648249
-1.30625738089
-0.555144980764
-0.920200787679
0.794894593625
1.75832695181
-0.12859656559
-0.238645517481
0.556614913443
-0.457540474934
1.78084926204
1.80760362726
-0.196046021397
-1.43504112515
-0.875953736191
0.00229045077898
0.241944669626
-0.10378030663
2.22385102229
0.567938956508
0.0895702668478
-0.755652753488
1.80295701321
0.428891584057
1.25118686598
0.240044148238
-0.525192545748
0.0540258507928
1.24572984968
-0.721494789933
0.563284828554
0.470790169054
0.399287195729
1.24266756294
0.311461978229
-2.01786838748
1.08828743595
0.814496975323
-0.176696516116
-0.892236945467
0.541118190351
-0.242815717331
1.48179382378
-1.01215519407
-1.42603759848
-0.449475084232
2.89907465403
0.934850373963
0.77690679327
-0.97096592294
1.03366600982
0.0176538563577
2.2348732301
-0.530375550227
0.767099815322
0.427177163633
-0.777750842873
1.81898881806
0.843959683619
0.75725207908
-0.918032023341
-0.689271399439
-0.360830135642
-0.804194654536
1.36307248323
0.471301885915
-1.10473288841
-0.0559532705495
0.129803344322
-1.50879529033
2.05802351286
0.289322891055
-1.29768541345
0.773605334548
1.89411851699
-0.698119121263
-0.563271260018
1.4061845698
-0.581862488379
-1.36883405735
1.49618104038
-0.233676108311
-0.158592801708
-0.827597174072
-0.298898915922
0.0640766532806
-0.572301657636
-0.806978746207
2.07674580366
-0.603139953289
-0.161088342994
-1.54075309899
-0.405066350687
-1.35991468191
-0.458216714795
-0.266183879194
0.121766369299
0.517128282963
-1.01693222774
-1.15559007116
-1.11409332083
-0.0579358818922
-0.360494874637
-0.55774321222
-0.581956087152
1.96229421919
-0.72626880986
0.996530268374
0.804919591737
-0.392406543702
-1.54826854225
-0.20111734848
0.259671392456
0.390181027749
0.0642267564225
0.450818371056
-1.06872172938
0.221060946042
-0.259029885692
0.455590538192
-1.50746369464
1.69619571368
1.30891403946
0.680851887124
2.24624266738
0.964033146455
0.607043159976
-0.300498731937
-0.521413163496
0.624711950666
0.337705116111
-0.905286758985
-0.24133903762
1.39972910073
-0.549077184645
0.612604396502
-0.845925416126
-1.96374125284
2.53171533402
0.838593836846
-0.245452952978
-0.0204630402472
0.303965556532
2.29913865463
1.62128399999
-0.255352830483
-0.459198113752
-0.963036245636
-0.58561348569
-0.116209035927
0.00808524442216
0.225482088436
-0.572114136614
0.074013246629
0.0293749190687
1.12002088851
-1.66420026687
0.0497124544553
2.0014698671
-0.624642174461
-3.06422764269
1.48222620032
1.65412943061
-0.0337895915925
0.542814855043
Score: 1