3
44
10
3
-0.554745627982
-0.629334991217
-1.18905367646
-0.700616000123
-0.308189046609
-0.552859820526
0.658288793205
-0.0959195887744
-0.954256007363
-0.0664494914656
1.18815789005
0.419726320439
0.402688145912
-0.280380932922
0.0440877036232
-0.839179625948
-0.376118042724
0.195278864723
-0.454989541474
-0.154244768288
-1.50683646554
-0.154889978782
-0.1818449898
0.818679268164
-0.16744875396
-1.81010869639
0.396148628566
-1.2658837335
1.54543308946
0.881126728707
1.34309828977
-2.70141215492
-0.887966707921
-0.9006598649
-0.186816686268
-1.22118679044
2.10976672435
-0.491152150774
-0.295213912256
1.75511814151
1.35519441546
-1.48268918932
-0.885077146365
0.840250161816
-0.0356231557694
1.19351050798
-0.617861779921
-2.14146642769
0.0171324921106
1.01603049792
1.28947516761
0.656062554992
-0.00978124373024
1.05204067835
1.60603427662
-1.07852617066
-2.96925862235
-2.49856432337
-0.420063621123
-0.343268789169
0.226943728022
-0.457320210491
-1.04716143329
-1.13486610756
-1.01032582392
-0.357647197792
-1.6669245749
-0.0474093619941
0.125902636646
-0.542840766162
-1.64246338061
1.4662257109
1.46232439984
-0.419684069557
-0.474001770943
0.096591027691
-0.614362331278
-0.577769885284
0.110356709927
-0.458803881731
1.72994591882
-0.357682209305
-0.68108039856
0.297893556352
-1.16758772648
-0.587010519966
-0.82456610328
0.0617467394412
-0.364023933705
-0.671521164457
0.789607082949
-0.469715431032
0.784946633662
0.373487331105
0.470615704442
-0.790428539944
0.797426797323
-0.208729565441
-2.2081367291
-0.934943958507
1.13496698004
-0.474678313207
-1.48846714577
-1.19201286662
1.14595605314
-0.0734481338077
1.93545409707
0.45534396358
1.25561655445
-1.2621262197
0.240776302432
0.229640058304
1.32535329094
-0.204576693152
0.0616369024813
-0.400957000928
0.767646577363
-0.98511386469
1.68112564706
-0.962739929454
-0.753590268923
-0.520514788682
-0.207355174357
0.508080913546
0.911537090835
-0.402509545721
2.25362770113
0.5143392916
-1.42804295414
0.445570393658
-0.162923551358
-0.341132459157
0.386651380557
-0.395995407232
-0.206894751357
-0.468007195712
-1.25656768463
0.563480475004
0.796721475705
1.24264856553
-0.716380603577
0.586433016033
-1.58548816015
0.749912154161
-0.362818179617
-1.06490227172
0.344082288834
0.655835510395
-0.0933738189271
0.297179582236
-1.31717178875
0.667278950603
-1.5701297557
0.856592064552
-0.452954121851
1.59570652359
-1.27262164913
-0.317359708354
0.208353268207
1.66771809097
1.13375136431
0.333390354661
0.0649231610243
0.165319280572
-0.739274108189
-1.25019598274
-2.1503149784
0.0917543369425
0.423042172729
1.28189060997
0.763935114904
1.2149202122
-0.049940993547
-0.0643915870648
2.77677491691
-0.356724018259
0.0164822583773
0.713695095893
2.06323785446
1.38895779042
-0.0372322387899
2.15901319567
-0.480106981986
0.177655995154
-1.97211604284
1.26771120892
-0.423406300193
1.97133797759
-0.286046971081
0.643297508872
-1.50623805992
0.980624302758
-1.58420185715
-0.710777271896
1.39649745184
-0.038389348621
0.115955985932
-0.136704603496
-1.19915894169
-0.555085893482
-1.12889683439
-0.698534403988
0.829017618522
-1.68652737088
-1.05330471929
0.897707182817
0.418348307207
0.614681743238
-0.92312844813
0.487164164332
-0.919449858562
-2.05978849991
0.393812322027
0.558092804651
-0.232649039008
-0.457867462955
-1.22212005743
-2.64995412358
0.431537421899
0.808901593767
-1.30923337958
-2.46842593525
-0.137510247999
1.6635959576
-0.252553465133
-1.10838568007
-0.248361497153
-1.15831599832
0.146181061763
-0.999847251972
-0.816693515922
-0.411345872138
-0.604278319127
0.554346908871
0.0620668677166
-2.00560385755
1.15156301132
-0.0467091624597
-1.0799850124
-0.38860812447
0.51738330869
-0.62140560903
-2.82442470079
0.683069082105
-0.128622960814
0.142653861098
0.472088607323
0.399970995947
1.02841762291
-0.196276350012
-1.31663515024
-0.808041510628
0.513513284174
-1.09747070524
-0.0348686747459
1.45095410537
0.558897347655
-0.394332952083
0.0677635998524
0.308208888847
-0.639722946011
0.215951921882
0.993252854828
-0.158592680633
1.15281156525
-1.00959457125
-2.0955334313
-1.79780033389
-1.43163447529
-0.129585939382
-0.430921041336
-0.227489171357
-0.0600250686518
-0.436910323647
0.353135530623
-0.471464753623
1.29542145145
0.0484326898289
-1.47601978517
1.86103330657
-0.435063077617
-0.0229941369706
-2.07671251484
-1.22817288604
0.656884926124
-0.432461756896
0.978900931567
-0.11681126999
0.488029416403
-0.69838824959
1.07831439829
0.883896484722
-1.41080175742
-0.382798953193
-1.01023608662
0.502003731925
-1.19410652287
-0.210592947147
0.471923731406
0.57886983915
-0.196669152216
0.154030842862
-0.0225016204994
-1.23303563616
0.134005641422
-0.411891845621
0.00111348658796
0.171749912627
-1.19430734547
1.27559891846
-0.989403046008
2.74129648885
-0.715240068232
-1.69799965438
0.136419561571
-0.208963305709
0.0444864194001
0.826656755873
-0.393438044332
0.730717144831
-0.325447367899
0.565880914157
-0.171592434413
0.644819486318
-0.430478549189
-0.6292980916
0.588459662289
1.96122212441
2.18693399709
0.968913106314
-0.682557175576
0.368776138081
0.308479093562
-0.15280411531
-1.21241414139
-0.886224060341
0.639981021524
0.100982425078
0.778814367529
-0.455477885824
0.252196275206
-0.655837263313
-0.245802024331
1.95064767771
-1.08874475823
0.320194560838
-0.0744144903153
1.18878353335
-1.1920025648
1.49703773543
0.166626252841
-0.730059115521
-1.41656825099
1.19481594487
-2.09219422274
0.299160726146
-0.44153537446
-0.117988340313
-0.302804314249
-1.71881250572
0.602900990576
-0.0107178916405
-0.0501230347661
2.11812433885
-1.43526110898
-0.336263089212
-0.612078490156
0.93558606788
0.814074714778
-2.25532138937
1.1050794741
0.237327122899
-0.521735755487
-0.344639935726
0.589851193542
-1.54051055067
-0.569898250593
-0.756457423579
-0.40637061804
-0.300423232424
-0.65699425267
-1.92499962002
-0.622698400529
1.28993428488
0.543327955742
-0.730616650169
-1.12707047355
0.57517988571
-0.566720001137
0.446346272358
0.424452921943
-1.64455881515
0.0518576162972
-0.432932966247
0.590221286933
1.39316222496
0.750455032341
2.01804823627
-0.397262923711
0.891952506875
-0.002450672452
1.75683876916
0.934499526123
-0.810909312364
-0.795495273899
-0.351543614036
-1.18496208745
0.7816496484
-0.636750756117
-0.243537300515
-0.0887841150903
0.575519247233
-1.58163457751
0.855680502916
0.0227582267039
1.15274904232
-0.0860050541904
1.0602437453
-0.749131670867
2.38219898533
-0.424031704333
-1.2152976356
1.26584593227
0.168786690563
-0.659039922162
0.968910649405
1.01842179689
0.186854432597
-0.867234062199
1.09877672392
0.178786384541
-1.60153051206
-0.423792342926
-0.180706653916
-0.854085849251
0.251130503753
-0.0687172416188
0.0275756566208
-1.19420713008
-0.1611255441
1.19579689768
0.12516728699
-0.0362867274253
-0.0512523901833
-1.24729884589
0.399180936582
-0.487943421366
-0.698076588404
1.08526908308
-0.20737251498
-2.17462241754
-1.11040497865
1.9855099835
-0.644820286127
1.09873813302
-2.41261923198
0.200775412217
-0.962200990908
0.0250364302025
1.35888847484
-0.253870838467
0.250788578085
-1.08784802223
0.766893695572
1.8692431834
-1.38809644196
2.05562587642
-0.663866776289
0.424701019849
0.234082204536
-0.940836306046
0.601368612164
-1.3739627623
-0.977959721992
-0.0933089128097
-1.1692954446
-1.07659246335
1.32728378501
0.6476382529
-0.047277075447
1.00316135029
-0.597281469809
-1.03192752161
Score: 13