3
44
10
3
-0.564727783796
-0.59285226804
-1.29327623743
-0.735505460208
-0.206530655439
-0.545623551426
0.674610942581
-0.189465316202
-0.981118119163
0.0460587838301
1.06516438462
0.459716943042
0.305715311398
-0.22157709208
0.163258101873
-1.01674305517
-0.441549616815
0.236248502638
-0.470061862314
-0.0508575519298
-1.43928005097
-0.0292532798429
-0.0661835818262
0.807550812889
-0.142009887068
-1.7927632281
0.451230306566
-1.25684492273
1.35768626854
0.872439558395
1.4676854613
-2.58741033498
-0.936266711962
-0.926573749443
-0.106401848646
-1.15579286193
1.97511560455
-0.423628429341
-0.4228741775
1.77321694969
1.40118128561
-1.45966464147
-0.782758072904
0.670122054835
0.0322671473612
1.17879275653
-0.718568863206
-2.20017318422
0.0902596134327
1.01032059213
1.34439672042
0.579540995907
-0.0350165927889
1.10310515987
1.72806689889
-1.12240313574
-2.95814874007
-2.40659190903
-0.449418320243
-0.28852036901
0.0445713539598
-0.585828766171
-0.948890843655
-1.30245543289
-1.05695992152
-0.424704285594
-1.58998038763
-0.0352010992703
0.20090745022
-0.490040712715
-1.62080029777
1.47413216098
1.44992901175
-0.395884222063
-0.405409704227
0.214846025585
-0.602699081262
-0.596466644415
0.118442640171
-0.353619361174
1.77646434259
-0.299500913491
-0.584328326604
0.298769542069
-1.07509770066
-0.566449997645
-0.674896611663
0.127135590075
-0.382766097763
-0.665227136167
0.749158343661
-0.51644428623
0.854257680624
0.437427869949
0.533963872704
-0.808487025658
0.785494402945
-0.063078541464
-2.21446134557
-1.00379506006
1.10930307437
-0.572827794277
-1.66060740437
-1.1808984602
1.31592475003
-0.0879640180055
1.83582944019
0.433782748341
1.35126993869
-1.26349251447
0.208146965073
0.24452005896
1.19208629697
-0.26787587621
0.151844121503
-0.433273515406
0.912527080515
-0.981735731558
1.72112702227
-0.909273381247
-0.725782822005
-0.493375188856
-0.326313975447
0.525581422888
0.927054434161
-0.471050443757
2.19067057792
0.476453978297
-1.35398822404
0.379852244617
-0.154112542684
-0.378579463578
0.379017250493
-0.338463372457
-0.0943700943982
-0.478227952598
-1.22034518771
0.606179237596
0.782938879327
1.28265739004
-0.742400859995
0.629246520045
-1.63060918481
0.687058698295
-0.300526892402
-0.960236634281
0.414790613547
0.724781194409
0.135212742189
0.382280269765
-1.45255770514
0.621133104835
-1.83976835687
0.829829134526
-0.511390124568
1.69252792775
-1.21264294983
-0.297934127835
0.242763456181
1.83953261959
1.20908258977
0.206721551735
0.152643458923
0.31131553621
-0.874655822482
-1.25286397376
-2.17480891113
0.194283485208
0.534413001807
1.28883423067
0.762302253293
1.17359162635
0.00381445764886
-0.00163798658385
2.59681237873
-0.2856014684
0.0928045210216
0.520206850597
2.05125417127
1.39063269127
-0.0486758444354
2.03833493078
-0.390000130883
0.0823667088333
-1.90149604143
1.30904400892
-0.414645405938
2.11725853723
-0.337059833566
0.668191625071
-1.44632496689
1.01667414479
-1.60882294709
-0.556557436949
1.45109796888
0.0241549697718
0.146454800816
-0.0975228449254
-1.28067074465
-0.423287345107
-0.937471466174
-0.645720222841
0.98324270855
-1.71780776988
-0.941271881749
0.85744086007
0.421072948545
0.507763952238
-0.793965261658
0.408131360369
-0.931775567815
-2.11959852533
0.240187995083
0.724827627636
-0.204985667764
-0.570599103252
-1.15703924403
-2.39742004144
0.344027355128
0.728117333805
-1.40213010761
-2.55515236122
-0.116924685091
1.65508542689
-0.197128062506
-1.18945754075
-0.123126231402
-1.13593562041
0.202776864249
-0.881478371618
-0.791607099365
-0.464671389664
-0.663501736789
0.641863733864
0.133217293363
-1.96376587607
1.11760636429
0.0561906609796
-0.937587854821
-0.449878063733
0.546398339292
-0.75405434324
-2.78331031664
0.637175478403
-0.324329574914
0.141142973909
0.720464658427
0.365586067904
0.938023900731
-0.0764054114613
-1.33717983856
-0.784686442319
0.616909880502
-1.1402615764
0.220448238069
1.50862180862
0.71792639205
-0.240101654417
0.00172593979036
0.251530999802
-0.516131431937
0.252640922437
1.10784135489
-0.252823062196
1.21711204073
-1.02995531907
-2.24463891286
-1.7220011632
-1.31751626203
-0.182968234097
-0.471931265681
-0.134301916212
-0.146456264291
-0.387322966474
0.420676623023
-0.351031187031
1.21635097849
-0.0310618388362
-1.44791756575
1.73542010525
-0.552085924325
-0.129601645487
-2.02426951239
-1.07577441157
0.604353818264
-0.504310602347
0.94372490525
-0.11577614217
0.542630003994
-0.759677991219
1.10913983434
1.00301397883
-1.44769386984
-0.608659736888
-0.973106065704
0.508912279265
-1.20542427862
-0.103489115394
0.602413172515
0.531371779574
-0.276994987283
0.106033058046
0.0296115844729
-1.22409048477
0.0147828004829
-0.420007455024
0.0737638881421
0.244044882454
-1.18520907126
1.43737789559
-1.03818485894
2.78293511804
-0.8243202134
-1.68250855328
0.216029087375
-0.225769598154
-0.0304106587751
0.624357963334
-0.39451707672
0.730756281478
-0.248378953058
0.548162249432
-0.186433179843
0.650196665474
-0.367209623952
-0.639008031859
0.563100702672
2.0053299225
2.17826698591
1.10042347228
-0.48774779543
0.309894605145
0.219508024137
0.0194347203198
-1.07946036757
-0.827605759653
0.67138600951
0.216631562496
0.803445833507
-0.527531698014
0.333901401506
-0.388670302486
-0.26464157353
1.90064302581
-1.05383872721
0.294883800045
-0.20133757856
1.14311461273
-1.32997634164
1.47443405443
0.244366724268
-0.715701642968
-1.38997396079
1.11526886535
-2.09035168581
0.334511749032
-0.679082360807
-0.205202301874
-0.352554899926
-1.69070951336
0.484848081318
-0.0327978988679
-0.0582937911983
2.05270734353
-1.46359398745
-0.156278251146
-0.494153299459
1.03196843136
0.655090149184
-2.14807560727
1.17912986844
0.169763922558
-0.393028415145
-0.299591243321
0.570798138631
-1.37544139081
-0.529864811878
-0.695415277891
-0.317512102466
-0.388624585164
-0.625715062959
-1.97241979521
-0.721077423255
1.38927411468
0.520524380175
-0.852948942137
-1.22225384101
0.426466542445
-0.569262001002
0.394335984853
0.568262490707
-1.59491396121
0.118462605325
-0.423061666753
0.654332498255
1.32780999162
0.744612821072
1.87625939495
-0.29360089377
0.958363360864
0.209200048292
1.73432285789
1.0074699805
-0.821419786885
-0.928725375461
-0.455007587192
-1.28258062608
0.830755333679
-0.687122322965
-0.269422385903
-0.141803772182
0.62627341129
-1.69560674228
0.772056475999
0.137896548895
1.06576039087
-0.261887384216
1.10401252933
-0.713959055083
2.20712672494
-0.353378870771
-1.22595167603
1.22274517145
0.181363792839
-0.74275344279
1.01978819158
0.875475652211
0.184886360925
-0.947256095068
1.24345191248
0.00244624776104
-1.619983729
-0.400597412966
-0.175423345038
-0.745976542326
0.32290610339
-0.161886239865
0.00522939165045
-1.09879600081
-0.22114424571
1.15669514211
0.130262131327
-0.0248717832471
-0.0852100029897
-1.11815725835
0.183970760352
-0.564199487453
-0.632038565553
1.19218122925
-0.182149976427
-2.28281766586
-1.16521588975
2.0790297995
-0.6758177515
0.972690064785
-2.40088210371
0.213633936538
-0.793212098998
-0.0153107489082
1.33127545455
-0.344523035035
0.344394829736
-1.05284308455
0.859705601272
1.86615248865
-1.49077570099
2.01954445538
-0.70797688957
0.44213516195
0.412088988269
-0.851537196209
0.593007482815
-1.45199045938
-0.986109480152
0.012182522461
-1.14747608441
-0.983528124593
1.32060000045
0.6852557554
-0.0224862649299
1.01161325785
-0.508040653707
-1.04129534148
Score: 1