3
44
10
3
-0.801430584707
-0.520840918288
-1.32256418665
-0.763643946677
-0.196663566024
-0.525659316703
0.74340549419
0.0325690878992
-0.914802548077
-0.0481381488089
0.825496845953
0.416037976289
0.270782966864
-0.346517378538
0.0951807630845
-1.19669151572
-0.456094344736
0.421869013431
-0.66845275346
0.0692997375869
-1.45757621523
-0.113722406542
-0.344206795625
0.485168707379
-0.183721069053
-1.93080560889
0.336296303508
-0.914276413052
1.46986337431
0.814720228283
1.24892470469
-2.62843363144
-0.841924113217
-0.670705586877
-0.223770583397
-1.18758499189
2.11310923789
-0.572427219116
-0.208415275425
1.68745492761
1.36135377656
-1.09434890344
-0.953639181701
0.701427695596
-0.237478694206
1.13089070977
-0.80383306536
-1.87828170395
0.229353959787
0.944413447143
1.15795395335
0.468292715999
-0.187074419365
1.32210184935
1.76785615425
-0.893379605782
-2.89632277569
-2.38205070216
-0.40622551692
-0.262574480736
-0.232935257093
-0.521940707133
-1.03317086944
-1.14986638055
-1.02592840401
-0.463270005357
-1.53852507836
-0.0486183838092
0.216418538886
-0.567714895228
-1.43369270631
1.33490679912
1.43510959517
-0.513164436662
-0.456088052277
0.250987314932
-0.716431819672
-0.588054788088
0.152753250099
-0.464695510958
1.82963377919
-0.394161653048
-0.532359587977
0.325764789563
-1.149639997
-0.763882792264
-0.596128600414
0.179764664691
-0.116202795209
-0.756115933673
0.903482421676
-0.585392272646
0.978589567111
0.464230884631
0.674463202085
-0.542322901874
0.89473280459
0.0346211096376
-2.15490641161
-0.910226020782
1.00098934303
-0.344737493607
-1.82251309599
-1.44612687028
1.40842381627
-0.0323039962885
1.8887232854
0.358064563079
1.53595284991
-1.34907835132
0.213854738766
0.231397224366
1.33277531249
-0.314520426626
0.298421793595
-0.462471692676
1.16853571819
-0.562308192334
1.6048695454
-0.9321483873
-0.862199129869
-0.527085029829
-0.155169603983
0.361129961911
0.848508532616
-0.607105406425
1.95496235465
0.253451118811
-1.34658273814
0.55218796762
-0.0464640374161
-0.437355109936
0.471948593597
-0.444233292516
-0.241033095023
-0.57373819847
-1.14689164329
0.65264798668
0.972322471574
1.30677928873
-0.962417185764
0.497338939859
-1.65539746381
0.698093541819
-0.341634459539
-1.15918117292
0.536020540966
0.883954479118
-0.0982436277695
0.331162411022
-1.4129657652
0.85474404458
-1.85329985258
0.720915770192
-0.560468011469
1.60950463434
-1.24190478004
-0.410331879121
0.356505011236
1.79285734893
1.1097036633
0.308983780046
0.117252336172
0.294344203275
-0.614440703242
-1.19117120257
-2.32022053343
0.468048781373
0.500642137558
1.26258259851
0.709410292375
0.77450481708
-0.0204931782997
-0.0983730336599
2.59769035341
-0.332291371398
0.150027767206
0.63726527692
2.07691826485
1.50377454874
-0.142235477466
1.8086179211
-0.295271085536
0.162882650073
-1.96710758386
1.33675194711
-0.410933564972
1.98957058284
-0.229632591766
0.585908875399
-1.45893707878
0.977073945519
-1.77509624747
-0.558220033951
1.47354269545
-0.163484133061
0.231750744334
-0.104203563259
-1.18048060955
-0.394549454991
-1.01635193747
-0.749358466458
0.881555852535
-1.67659315114
-0.832187730508
0.760532718641
0.615061931903
0.695518245661
-0.86625485176
0.340185690921
-0.96875232057
-2.22980893263
0.510369034917
0.664282992003
-0.439300536911
-0.546390777504
-1.18843378806
-2.4202491708
0.632729918112
0.682466388047
-1.28060580769
-2.64840973363
-0.137143992732
1.50874049944
-0.328893300796
-1.3327824405
-0.399970473503
-0.618291852785
0.408013892484
-1.06409594545
-0.59433534987
-0.310722585098
-0.710002376379
0.653974672513
0.12219779204
-1.69556139311
1.28806827763
0.151275992616
-0.885431616385
-0.188071193389
0.620141525599
-0.569754953393
-3.12979839774
0.855778348424
-0.100652417579
0.182049905609
0.610878090063
0.322201320143
0.965000471558
-0.215834814404
-1.47032382988
-0.772971777962
0.609973780231
-0.987104260507
-0.0770628726497
1.3182948844
0.810401784222
-0.250666112017
0.171275887535
0.200557836312
-0.608013655206
0.149328791461
1.15686868887
-0.17289738037
1.06036704609
-1.01415825025
-2.04365281653
-1.82830648486
-1.31046134226
-0.173120109885
-0.34917165423
-0.110371465594
-0.103170643849
-0.489466744488
0.197180652379
-0.362258149191
1.17565758713
-0.0029187297406
-1.58518048443
1.60678094972
-0.140971958062
-0.344967694096
-2.14100285247
-0.866313062353
0.430636220596
-0.39693630041
0.777226628202
-0.130085841683
0.509617071692
-0.872849304722
1.3676084906
0.860425707236
-1.43697139975
-0.665899561912
-0.902449480714
0.629746690731
-1.02735328477
-0.270189205797
0.626087543325
0.509198725946
-0.258455306691
-0.236725935513
0.259594498036
-1.33149096335
0.256201692439
-0.213616346801
0.0565969179875
0.395735669306
-1.39467087573
1.28710923273
-0.781150050059
2.51287413763
-0.621274530074
-1.7711427245
0.478819989073
-0.352574810576
0.0886555427495
0.62866841792
-0.228650739595
0.94268312078
-0.41624009834
0.43229499945
-0.231505552867
0.511751880376
-0.351935825914
-0.465632814404
0.659991462267
1.69175015213
2.30116881339
1.06233569451
-0.422774009056
0.110085710314
0.114942280861
0.0714761576716
-1.24179049345
-0.952115524887
0.501474193489
0.311455739355
0.752399653651
-0.293166229268
0.0607793848277
-0.39371400997
-0.282771855361
1.85980987394
-1.02808492129
0.385836541223
-0.284481240974
1.09740197086
-1.31338022201
1.67708024511
0.239952371917
-0.980145960606
-1.35733192284
1.02161382953
-1.98538907392
0.381243998346
-0.349684603049
-0.14188356752
-0.669395255492
-1.85616564498
0.624444882671
-0.345850905433
-0.238145709258
2.09414953682
-1.55919283436
-0.307740645375
-0.556240746547
1.07100430141
0.897194112548
-2.20622504067
1.15727400316
0.373768960656
-0.504171491235
-0.492344018063
0.581219301316
-1.65420597428
-0.645914657271
-0.638013990072
-0.2531318911
-0.127422649464
-0.496874124827
-1.94973850446
-0.636141171496
1.2027122926
0.268133629136
-0.564287923695
-1.10735930448
0.460732916312
-0.526646870756
0.399355813071
0.66308972064
-1.62469454256
-0.00906535476045
-0.512661980736
0.784342244619
1.31401119214
0.864647481205
1.7573060898
-0.700758506301
0.875767531645
0.303285847192
1.65112521683
0.932417876665
-0.752803110339
-0.941575126718
-0.158752876261
-1.0925165805
0.841657569785
-0.563385495087
-0.255491953688
-0.18197621706
0.505326654045
-1.49064462117
0.930879473373
0.104124094787
1.04937059392
-0.0572728673968
0.980947771607
-0.863329794305
2.100436193
-0.311033883385
-0.976523070601
1.34173745022
0.352854836408
-0.904404858394
1.12382996883
0.89785398415
0.136139304817
-0.789580041255
1.27342080299
-0.163927126995
-1.62494283118
-0.306914619172
-0.212135010323
-0.778031353806
0.354348962703
-0.0270705372889
-0.106609381903
-1.12329783478
-0.394871204113
1.21327392882
0.162324211546
-0.0666442102276
-0.0801434862718
-1.44767942623
0.309970338254
-0.558475790693
-0.486577349589
1.06446114117
-0.0819810933386
-2.15955839628
-1.18719038771
2.02354292773
-0.838182766917
1.14593316852
-2.4913915017
0.00545814854007
-0.754102950862
0.109385479336
1.59966693075
-0.136894631648
0.415465213053
-0.887224348195
0.903936887087
1.73308541804
-1.39952777348
2.05333375369
-0.603072825231
0.58867641478
0.498765585232
-0.892535479461
0.699234994147
-1.2354175019
-1.14904629643
-0.200595357133
-1.01197817466
-0.97381483556
1.18087729691
0.804800065029
-0.0705180483592
0.9943927575
-0.202036923972
-0.840179144629
Score: 1