3
44
10
3
-0.541683404947
-0.515792515665
-1.28420119264
-0.91883253072
-0.106674780364
-0.683447255181
0.842772779197
0.075736786051
-0.757086958409
0.0866355299327
1.09153408201
0.541979157163
0.436959222552
-0.374177612398
0.0901358998786
-0.887068527038
-0.363996208762
0.365935143035
-0.934839282848
0.118155588149
-1.30260522808
0.0195171575953
-0.333659876635
0.499495369817
-0.17575243432
-1.95557966034
0.536615223462
-1.05393799637
1.62947495514
0.870264272379
1.44620096176
-2.43616044983
-0.776374060191
-0.64519776811
-0.244144446492
-1.22266369547
1.96166942428
-0.646491885958
-0.374650002955
1.56437974295
1.49064161249
-1.52387766769
-1.02052286194
0.819172862704
-0.00787705909848
1.15771878665
-0.875038712506
-2.09911694536
0.250583535804
1.19650707162
1.29017907505
0.173247992107
-0.151795722622
1.24822632868
1.74892531585
-1.01905938215
-2.77658969708
-2.43142621478
-0.601651911437
-0.209703971246
-0.269674126436
-0.536414098546
-0.706477249772
-1.18441248533
-0.983592705982
-0.61954487027
-1.69120076483
-0.235284658573
-0.00125671659952
-0.677304012344
-1.5213915056
1.43716076847
1.37711330015
-0.50192710279
-0.440569412581
0.299270243837
-0.737265629844
-0.474594989674
-0.0342194820915
-0.531393233361
1.742771957
-0.471872411514
-0.623576877038
0.395093661607
-1.14162234958
-0.632379861784
-0.691137760736
-0.146372918932
-0.429582623355
-0.799942425516
0.859446014052
-0.504111153735
0.930115068755
0.255491329001
0.785171614143
-0.753892514737
0.923491317612
-0.0301769488886
-2.06766360266
-1.06231628566
0.80947901226
-0.332011711753
-1.59303107233
-1.44957070004
1.5970331624
-0.192308291615
1.80994036131
0.35842647283
1.37841491703
-1.28686342325
0.14446199897
0.216885009131
1.4847768462
-0.132700764161
0.138497669102
-0.487182244751
1.07872387887
-0.647736057294
1.54153871643
-0.993713976633
-0.582372495463
-0.465256891207
-0.382218127169
0.390174214325
0.886924337861
-0.382503298127
2.28588430649
0.458048829994
-1.27510172067
0.371283330153
-0.195317852945
-0.483179237769
0.211390363335
-0.380167145686
0.0304084731199
-0.720506390406
-1.16874722736
0.548052910955
1.0880721516
1.49853113835
-0.767955517001
0.484411919156
-1.74697461861
0.603385178191
-0.546394470003
-1.09682032872
0.448688201103
0.615638402527
-0.189197920722
0.351773588582
-1.42964321818
0.661564642706
-1.84061068927
0.681898135276
-0.367165168303
1.69075045568
-1.31407729349
-0.474749516149
0.331209635188
1.68966473816
1.21951476679
0.41463091932
0.00908375957409
0.141352550216
-0.826643802444
-1.25040789598
-2.07397529827
0.292760995863
0.42490247916
1.23187233475
0.697074619493
1.02985893228
3.37323007493e-06
-0.0460405685755
2.60138895254
-0.214380641486
0.348560790471
0.670621659026
1.95206750025
1.5395067194
-0.0857931169896
1.99720076264
-0.374657653254
0.0585766785772
-1.94748601197
1.18946645145
-0.455766793789
2.05821817122
-0.485355647319
0.660014420101
-1.53304448856
0.606138239073
-1.51452565981
-0.379710796539
1.39889602944
0.028129233991
0.134126427923
-0.073694631993
-1.1633541885
-0.390108148081
-1.11084490373
-0.818511410881
0.842725398604
-1.56609017304
-1.15661133669
1.12046148927
0.474887112916
0.585927203732
-0.622044252748
0.338812028073
-1.0490233267
-2.207882022
0.357762906129
0.641872186408
-0.358319203511
-0.732766005001
-1.24072550947
-2.11754533963
0.589875258912
0.637738642242
-1.22270781837
-2.64537891792
-0.446537724886
1.57706518082
-0.485492356555
-1.12267784818
-0.203553454546
-0.832981251544
0.101521438769
-0.917891165127
-0.473263615146
-0.435861437127
-0.635437769392
0.574890736555
0.3154958402
-1.52589828862
1.42948578904
0.202277691882
-0.923664400227
-0.326162570729
0.290807443396
-0.622733135889
-2.91990580038
0.800082424121
-0.110445898005
0.113746828419
0.305303775503
0.327141792358
0.942951329972
-0.186502073873
-1.4370825391
-0.730309720741
0.521440991721
-1.11710393929
0.135403172359
1.53011242136
0.595763733152
-0.416414361189
0.0701042767956
0.353202134309
-0.659525198508
0.0298108393437
1.2468614852
0.0278924295475
1.08335896807
-1.00786276552
-2.27718767679
-1.83586466373
-1.2490138102
-0.19896256781
-0.514875456877
-0.0708403432013
-0.187640727213
-0.440821982347
0.10369769354
-0.315402262631
1.15189355141
-0.11899274146
-1.41457072358
1.73766426186
-0.465081844704
-0.365847015774
-2.19311007223
-1.15538725748
0.371430791653
-0.414710557725
0.935366139713
-0.113563211672
0.63128058541
-0.925458668403
1.55114921973
1.00706740278
-1.39486074228
-0.511838458392
-0.927084200834
0.635968517347
-1.06413376747
-0.0985334919499
0.463546573037
0.91137142499
-0.110968050955
-0.0356711919201
0.185477575505
-1.4947307336
0.219217180966
-0.313334463176
0.111409404542
0.407546559165
-1.22828798327
1.55151321872
-0.912618978655
2.50509287902
-0.621898195754
-1.54983852691
0.251655007515
-0.0993903653578
-0.10242004084
0.732146572592
-0.430245356307
0.891519282547
-0.332602278371
0.379192355064
-0.0193971587534
0.556053132814
-0.214988119586
-0.175018740069
0.53383659727
1.89044591146
2.29266661461
0.844195460761
-0.328016777553
0.135795394278
0.366968033826
0.0739393801782
-1.30750647065
-0.97705224593
0.55635802027
0.194318799067
0.69682019946
-0.543875930326
0.228538497123
-0.605027964525
-0.40103243319
1.98435357826
-0.981988581493
0.31832572539
-0.360316064767
1.20797417831
-1.18891790675
1.6612274608
0.146428213786
-0.871368047931
-1.31104719736
1.30591924373
-2.33549168497
0.45955540816
-0.248148392902
-0.394875269271
-0.369336087166
-1.53297178231
0.587404811748
-0.380567210851
0.0404801401348
2.02947601876
-1.5621409077
-0.306293437854
-0.290563302622
1.12943899952
0.710084250461
-2.42459038187
1.04094726978
0.192924975548
-0.409669179273
-0.374099625323
0.436605684608
-1.70737296684
-0.585838382564
-0.928451445358
-0.260257281753
-0.160250858036
-0.823172219664
-1.75176245112
-0.606943350978
1.24345317366
0.237694056977
-0.645885747231
-1.34217627086
0.516249495393
-0.650008239436
0.194439973621
0.577738733522
-1.75392532077
0.209777273494
-0.275219272081
0.792343248534
1.185477845
0.996591908912
1.93636454247
-0.441105773855
1.09993003722
0.370500362847
1.66725190574
0.942756807586
-0.899833983632
-0.71024496945
-0.260107133838
-1.12151451872
0.723497606513
-0.892759815821
-0.331464417281
-0.17503202468
0.346932720026
-1.5760769349
0.842352226476
0.0474950418009
1.03727654576
-0.0772313813489
0.924015858749
-0.831893704291
2.27393488641
-0.258129156133
-1.05858562996
1.35043504188
0.288437981236
-1.10296477468
1.13412757194
0.836071891042
0.153068219173
-0.687029548182
1.19949114333
-0.0225376400093
-1.65159713342
-0.286063119581
0.121096906529
-0.658534855423
0.303415369882
0.177387494982
0.191822271092
-1.14240729234
-0.219918036592
0.997227931085
0.0325348656074
-0.107669869661
-0.108120449713
-1.26764550748
0.194473602552
-0.801221249339
-0.380186865201
1.28709249086
-0.260063442984
-2.00464529921
-1.25622625669
2.25914664184
-0.53377892254
0.983169884731
-2.60561927152
0.0652064298741
-0.734763132434
0.0334657102931
1.60295614898
-0.0672595634712
0.181402394026
-0.962463816628
0.860220709771
1.65361931709
-1.48773172129
2.07036216136
-0.477960669875
0.517183407281
0.385808950866
-0.877578624426
0.382858591845
-1.27992204761
-1.01599211955
-0.0546436713491
-1.04748742249
-1.12254374576
1.1068460835
0.739226276611
-0.127378482032
0.924220461478
-0.316924731637
-0.640589577163
Score: 13