3
44
10
3
-0.956914079513
-1.45555732665
-1.00244320424
-2.39294071661
-0.267334963531
-1.01109400433
0.262306947591
1.10014801133
-0.131733757088
1.34203304752
-0.0646907543278
0.118240068555
0.239088377907
-2.07999068766
0.181711587193
0.718131143995
1.58296099457
-0.228152495763
0.0709483565169
0.411685421445
0.812219182605
0.649419406516
1.1460817705
-1.11625125715
-2.95484314138
2.07188969311
-1.28173278718
0.382664165544
-0.63622475895
-0.692290667841
0.320204300818
0.467479501345
1.43625021197
0.179298664131
0.690890227358
-0.174931510372
0.174299658661
0.15840530284
1.95876062549
0.416215869873
-0.67594406098
-0.743640068982
0.231322461839
-0.204417605042
-2.29081301439
0.711764055353
1.07793100499
0.69767223383
-1.60288915571
0.786303515436
1.18416075688
-0.878061754372
-0.360777074203
-1.11813808507
-0.738089810054
0.304523237855
0.304226066627
1.22634718408
-0.453622561301
-1.05715391099
0.592001300853
0.0142530785958
-1.84399229628
-1.01404376145
0.932833174772
0.121410239683
-0.0849727937669
-0.803961365134
0.0929270672347
0.385403060352
0.896565511037
-0.977718516437
1.04740819959
-0.807079040683
1.59982412857
-0.2578002373
-0.435560483709
0.201613279331
-0.0488015378472
0.297839663513
-0.681252225502
-1.62247961416
0.98939258624
3.2761696162
2.1586432933
0.67420575741
2.01938759657
0.706768313414
0.86757749428
0.324587590149
0.313106328087
-0.328502446205
-0.780299731381
0.838067628821
0.307639445495
0.418589706445
-0.418332907896
0.423514073935
-2.04999922159
-0.482277836928
-0.135372611212
0.555903162481
-1.43335078454
-0.10453128603
1.79437487322
0.340468747599
-1.13060702195
0.395289696435
0.98156682872
-0.383661386204
0.719751290377
0.773040427302
-0.24175280698
-0.56016711507
-0.469018576742
0.302354379207
1.26754818494
0.159862749229
-0.119448230648
-0.148735038965
-1.92344776684
-0.503223879472
1.47771615202
1.55754037487
0.350111078908
1.21583812356
-0.693800812486
-1.07740189582
-1.1677330709
1.65450135017
1.03878292056
0.276845398941
-0.507422149506
-0.0651692964872
-1.77466585834
-0.0565580322962
1.04228560339
1.59637506836
-0.619926040979
0.553813130854
1.77256242582
1.09364537024
0.07656120325
0.592926849326
-1.65073104113
-0.475191613341
-0.434143390101
1.38040110162
-0.679592734115
-0.257967223125
0.46048677551
2.50690064531
-0.998943384613
-1.4842382286
0.139145484584
-1.54308823077
-1.04744218717
1.11887341174
-1.36661402351
1.75269035595
-0.561921066184
-0.100463067937
0.329049446476
-1.32615832284
0.496422437714
0.446243208473
1.83052139511
1.39417676847
0.541253237437
-0.906686639413
0.928284813009
0.396026723053
-2.47307506337
0.00530220918708
0.0681832819903
1.08410900952
0.252147231904
0.21856447592
1.81490384275
0.156849021235
-0.633899192549
-1.0108614384
-1.15571015331
-0.696527412617
-0.636473624326
1.94844281441
-0.0915280587129
-0.218313176135
-0.961019843437
-0.205990883754
-0.354407350378
-0.0851336096423
0.621096910016
0.740798626721
0.054056967921
1.42700973604
0.394750911472
-0.577411889878
2.12564942151
0.801489611446
2.43916466343
0.328710740784
-0.57567842665
-0.172806425478
1.28140929372
0.0521011438943
0.107909670457
0.257636222997
-3.60825704332
-1.26422703742
-1.15813148913
0.11453802306
-0.50422227157
-0.274552751671
0.673466648687
0.452215637256
-2.43442813127
0.227526652623
-0.576687509426
0.534068019859
-0.839288742982
-0.346757775207
0.473405945151
0.342772996866
0.896392040888
-1.27219785256
-1.19312350146
-1.7787136457
0.300096567067
1.12580288384
1.47041444739
-0.287097720651
-0.944745274807
-0.81788155974
0.216980703073
1.51423383237
-1.03617540777
0.709547422993
-0.4639788854
1.29819194467
0.722500862014
0.661963682919
0.12416390034
1.60126266059
-2.28838332657
-0.240999852369
0.39011771012
-1.14938413042
1.0852452176
1.76804874485
-1.22318493524
0.701548205473
-0.306659878215
-0.20198499896
0.370006717287
-0.797896551126
1.3433872965
-1.33972376596
-0.271212409417
0.172567159926
-0.249903495433
0.48643591505
1.05799280888
0.976360973804
-1.5712952497
0.734300681454
-1.11475887183
-0.707333146917
1.82010604336
-0.449767597601
0.297672809168
0.362392550582
-0.115459629334
-1.43642799639
-0.682641289236
0.196922756476
-1.19891178321
-1.00050561304
-0.457257764276
-0.585958949606
-0.866009675258
-1.42807931211
0.895486797355
-0.351676310304
0.0211785231908
-0.69239404324
0.0667947511664
0.760834006709
-0.674056094589
0.669069097216
0.651263384575
1.54757862295
0.610542023791
-0.74483615834
-0.974044125917
-0.106895720524
0.491436279835
0.35283246297
0.316086347832
0.885034529612
-0.0196709970261
1.76804698369
-0.379660922446
0.0685367579708
-1.05939250219
0.320121447163
-1.73529067598
0.600317264688
-0.632744064351
0.712918744796
0.992123360763
0.951278172539
-0.403095877899
0.618387145764
0.159395767206
2.1493254142
1.63583536919
0.574459265387
-0.220051928048
0.447306753485
-0.137036512716
-0.369044691725
0.0430269772976
0.0181978774726
-0.136674405015
-1.73703737719
0.0444167022542
-0.80492411208
1.73370157444
1.19177161276
0.774530202316
1.26704566621
-0.0478925689821
0.944436220896
0.854159858764
0.233456468327
-0.917370745312
1.19283349096
-1.17448342701
-0.659497897476
0.322067447166
0.671258154974
1.10845987436
0.0436827235062
-1.93035561348
-2.48232664678
-0.378332701752
-0.256403534272
0.693477250411
-0.777331509023
0.346897654225
-2.26611827604
-0.356371481166
-1.88645632195
0.234898838298
0.0793329125492
-0.749353134813
-0.213716223611
-0.288424378064
-0.176562632037
2.34153886987
-1.57269089808
0.810756643848
0.369284614363
-0.191149683746
-1.28145710621
-1.5851538138
-1.25999938171
1.46628719466
0.142371739697
0.00362190590671
1.3139128672
0.232751338598
-0.235435335799
-0.761510351956
-0.612722865099
-0.252489452071
-1.08377769829
0.726794966656
-2.18908317525
-0.415242351124
0.88318584218
-2.43594336862
0.919818836419
-0.468011684023
2.10151803913
1.570917148
-0.695045491025
0.154718203661
1.08775138732
0.439968175609
-0.107458403384
-0.550072739366
-1.08579475022
-0.0426697990193
0.472522585681
-0.376558347192
-0.615431240099
-0.371139292496
0.0730302480133
0.0908034267311
-2.46041126195
-2.2822678931
-1.34195675783
0.613921057321
-0.905119830611
1.0564076589
0.0626420061436
0.204858848592
-1.05091108615
-0.196246105739
-0.219353837823
-1.48902245184
-0.505688543315
1.50036818473
-1.56739088472
-0.123292901777
-0.683990950039
-0.470107291711
-1.08354267627
1.91102080309
-0.201420072489
0.174782269554
0.359667896213
1.0784815055
-1.8731076594
-0.356750493311
-0.311631034526
-0.238307288489
-0.621269151935
-1.64478122408
0.386371525937
-0.237463600665
-0.795201922509
-1.40752339111
-0.167765317731
1.06383698181
1.60486007204
-0.314571272391
-0.658577479732
0.257041615508
-0.10101280563
-0.0624917229786
-0.218798245758
1.08256998402
0.469332057774
-0.352431911276
0.599001411677
-0.873210261821
-2.1194704263
-0.118181424387
-0.394052101515
0.799179595588
-2.22568044767
0.343266001759
0.0143225775562
-0.852925429481
1.0210518351
0.67471999249
1.43408039622
-0.041570911599
1.93799994382
0.645394508484
1.0420526549
-0.198301890117
0.0211253002228
-1.93335180941
-0.00146204199069
1.21145064047
-0.505242528348
1.07788202938
0.898210164384
-1.28498751235
1.48304571994
0.274217736135
-0.414285764812
0.449903218643
-1.88462320559
1.82471872938
-0.145122641401
0.515671531999
-0.845003570163
0.240795187059
Score: 1