3
44
10
3
-0.648279258825
0.718119300934
0.298057876224
1.38669661727
-0.348956097683
-0.926454579547
-2.19130297142
0.857784581044
0.00844883605056
-1.06648678986
-0.039622339219
0.96603488876
-0.517471700494
0.260331176189
-1.35180824037
0.47225069763
0.897683914492
0.979055529311
-0.559456356551
-0.882386762368
-0.627527239546
-0.846889945367
0.996146066876
0.849502478813
-0.250583715108
0.314872597713
-1.50509259935
1.53037633702
0.571458919914
0.133365155266
-1.86398893917
0.506178513438
0.709983464779
-0.426129119757
-0.0179114513417
-0.91189480193
-0.0523418750201
-0.355421156218
-0.253704837539
-0.672444220791
0.81856432872
-0.454559013298
-0.0882222040489
-1.0817071934
-1.53668749994
0.54857608864
1.49332571983
-0.141623014084
-0.23415620192
0.494313886084
-0.881513827567
1.21376679594
-0.462202329362
0.93596185001
-1.06735252469
-0.113511553611
-1.39034722849
0.239297083674
0.370331562186
-1.01375631589
-0.96797527733
-1.37800135157
-0.738816261574
0.673755968795
-1.05256129093
-0.356929524255
0.457350414184
0.600805750612
0.856622184944
-0.751554688036
-0.704513596825
1.09218054764
0.142714849727
-0.241530047763
-0.819946177753
-0.837691181675
0.214889644361
-0.194077321277
-0.348410904064
0.6170212419
1.64400547057
-0.375191804174
1.20004942151
1.09879594891
1.55341110225
0.847212364549
1.60110608947
-2.06233161359
0.256733207411
-0.257353550739
-0.866112479106
-1.09282753382
-0.00751006225455
0.0955515034781
-0.462913246032
0.539378488874
-0.825052571001
-0.302639308739
-0.902967024642
-0.124318239334
-0.0277505621111
-0.726925660968
-0.0805877575819
-0.995545341392
-0.0917833216627
1.00956807417
-0.300042059618
0.392593541469
0.625809832832
0.147140136295
-0.898171133917
1.33101826875
-1.34819304378
-1.4971544499
-0.774180312445
-1.34789040733
0.0298167246538
0.194426961463
-1.71765949244
-0.705720646969
1.85818690738
1.31745564757
0.0177771049259
0.0129439510519
1.28299229552
-0.381870123349
0.462563598486
-2.0341566021
-0.639365976311
-0.750617920142
-0.965181578799
-0.727396661723
-1.39280933014
0.965069341023
0.531061487893
-0.267076831323
-1.5334271318
1.25957580191
0.665303616923
0.0374091154198
-0.0908537531699
0.256873627161
1.20924218851
-1.02305530466
-0.484232604094
-0.477654570261
0.249017650894
0.307082872885
0.327361925814
1.51624162395
0.0300583071617
0.2104406435
-0.187805567255
-1.44642431648
-0.0393964395034
-1.22568083249
0.754183397057
-0.252762505813
0.876347428855
0.734667482507
-0.128291096092
-1.30241950358
-1.98093361442
0.282490096027
-0.308441182248
0.677030441635
-0.339470830867
-2.03770464285
-2.24181098023
0.188784874339
-0.497278606618
0.719814634754
-0.19885344338
1.44946584699
-0.75531729548
-1.07593974295
0.22478380648
-0.43107972536
-0.793014561242
0.77344818586
0.650376918161
-0.093004576295
-0.708312334983
1.23415903257
0.566224445711
0.609633661991
-1.17855508284
-0.161395016689
-0.279102259023
-0.154409671812
0.094808944234
0.152623794116
1.97549999506
-0.464962861835
0.992312951926
0.0298270403518
-0.538243912432
0.42297611711
-0.399271689223
1.94849190419
-0.842460902558
-0.130046282468
-1.00876113889
0.449430273068
-0.904066643502
-0.0882853980536
-0.589802797138
0.0877430448018
0.270683735287
1.73143230672
0.630366300802
-3.18789539514
-2.17522765663
1.22415855559
-1.49331612961
-0.596518099432
1.52918976871
0.0285541229455
0.795823329587
-0.00540201781464
1.26617921912
0.0144835358709
-0.359464707929
0.273491835688
0.992466216495
-0.401899934463
-0.691089806675
-0.307656827279
0.545879650673
-0.0689895992136
1.29570352398
0.0523374503009
0.691779267085
1.1412659603
1.47764103787
0.538310544582
0.275087433324
-0.0968869060166
-0.149070706677
-2.27728519815
-0.0743192378898
0.731756005232
2.52392044642
-0.83029671683
-0.729008845401
0.0541407069045
0.878082124744
1.18526841868
-0.475965857886
-1.96935074882
-2.49021548235
-0.307711143336
-0.0457861672106
0.635515807234
1.84259377304
-0.174880388431
0.687681549491
0.244777638683
-0.272794368294
-0.521390192279
0.578482474426
-0.390773875949
1.84285237081
-0.245386759084
0.253345755613
-0.524495268831
0.156445422686
1.3591263407
0.828873946416
-0.19810603222
0.630224694527
-0.00462187675781
-0.180770762595
1.01600986168
1.30373096737
-0.379735833348
0.585733398923
1.57389946385
0.250702247456
0.0903753204356
-1.2238931546
0.507577514215
0.415138769261
1.5973219334
0.452068724667
-1.05141016614
-0.467837100369
0.0714197448741
0.0256951276885
-0.735494016495
-1.07994426322
-0.872308175329
1.60532954944
1.13585436803
-0.166449230696
0.974705694727
-0.888043567467
-0.680697203202
2.11323153328
0.355140932241
0.284208637876
0.962491439317
-0.247320678809
-1.8034259026
-0.230576505518
0.453177702949
-0.0581204295397
0.284872858889
1.14667281684
-0.250541974858
-0.221040777244
0.812064447906
1.42633274485
-0.202306085732
0.706005132298
1.06776261677
0.125966526244
-0.102247096652
0.90094980016
-0.393029104988
-0.153911291743
-0.71209232262
0.159050486724
1.09946392253
-0.965343006923
1.50787383507
-0.560634335886
1.56301756012
-0.446397800862
0.384628947092
-1.95810604984
0.296505326082
1.00323630054
1.03054867484
-1.39678736666
1.00286305614
-0.520800456223
0.0224396169473
1.5330827403
-1.03012480382
1.11833032601
0.539014895562
-1.27614364133
0.795289351895
-0.179646381784
0.911099875015
1.85746617472
1.24481022971
-1.73869722255
0.0326522976714
0.154237861788
0.699814123738
-0.299274607043
0.572706720308
0.234707020926
1.64863576012
0.682094752801
-0.628789716202
-1.72174812482
-1.20388270899
-0.549432343723
-0.429887640481
0.148890017883
1.77819044387
1.12927582168
-2.06431329719
0.592901972516
-0.199894020052
-0.149712532428
-0.849702560046
0.192303449987
-0.699611664386
0.237532911877
-0.592797018544
-0.610952642123
0.927924060179
-0.146907258468
0.029514739397
-0.0571819713244
1.03916889781
0.864151534117
-0.440415216973
1.04534259005
-0.0947218345859
-0.396620860314
-0.00557881456356
-0.325161351987
-0.545963439587
1.0380335338
-0.557231236328
0.254640001752
0.0434307946654
1.41345619221
0.557826438552
0.32596137416
-1.39697822978
0.564176767293
-1.34658713569
-0.491954660365
-0.0167888797189
0.747963825543
-0.130405859539
-0.459313441078
-2.14841648583
-0.043830563245
0.73251376042
0.84596301333
-0.125484895034
-1.09528758441
-2.17537852644
0.251974181918
-0.854039177197
0.256473045276
0.0140662074688
0.553076828984
-1.4499106296
0.29095526275
0.957213686591
1.50559206804
-0.350722974675
-1.5675301537
1.18278669817
1.15128229446
0.0346379521431
-1.47007470578
-0.144241162312
0.373262152528
1.10318718319
0.00675098592516
0.0290068679387
-0.117859289402
0.426904425142
0.485109613381
-0.00659054663478
0.062794358541
-0.311593377459
0.768215589053
0.0184629196881
-0.388663393152
-0.483646423551
-0.0211508407418
-0.228126367885
1.06610249063
2.05391332533
0.916148078058
0.223144487827
1.20190325709
0.913446708285
1.11914931677
-0.918577127749
-0.373211710533
0.358937090188
-1.87227539169
0.360191281446
-0.394574797062
0.256653541772
-0.814179362157
1.23616215182
1.12831713217
-0.544887874529
0.850743701868
0.780064833475
0.592697921612
2.58679943912
-0.238530079316
-1.02543293477
0.572355377407
-0.740705263635
0.0360876703804
-1.00075421015
0.362146837413
1.20428612777
0.698849316742
-1.35946516901
1.07581333717
-0.601326595519
0.301080597615
-0.506782186624
1.49676004889
0.213209164785
-0.83561593016
-0.359345092827
-0.0984067243557
Score: 1