3
44
10
3
0.470206303988
0.259169341579
-0.810587938067
0.213325208908
0.222407428718
1.18053155089
1.13234172061
-1.32545220576
0.764034508317
0.149137505793
0.353109318918
0.115920052889
-0.863231881074
-0.276800356813
-0.723345759613
2.78868514043
0.963394156614
-2.13018654859
-1.86715009706
-0.574578029082
2.33643228056
0.992832896575
0.183844632698
-0.347320882991
-0.316683118882
1.27088996639
-1.06259790976
1.59748563747
-0.513190369118
0.71575280574
-1.87788028045
-1.84168603208
1.0046670783
0.812932919705
-0.690278464195
0.554545031422
0.583441649121
-0.36231459711
0.822527927755
1.27213772555
-0.727428548366
-1.35244047269
0.0196007813467
-1.48831845759
1.37782702551
-1.46887086466
-0.156691754967
0.406689380595
1.97511103583
2.03513275007
-0.127592179972
0.588398857989
1.15092538994
-0.801370688265
0.0870967011623
3.01178799594
-0.916993712745
-0.284144185315
-0.611400649234
-0.568112082541
-0.848508080297
-0.220760152483
0.337014095182
-0.431947168272
-1.30237836876
0.324170663547
1.53157452031
1.05433623804
-1.15337768361
0.561529834433
0.854102979912
-2.55842185088
0.777217282379
0.777034538258
-0.400297634546
-0.563450319098
0.393425343121
1.42141311148
0.750045375244
-1.24974158998
0.192911521945
-1.69844208855
0.188680789964
-0.379121784991
0.588212234904
0.904426708353
-0.849650384212
0.572680917058
1.39834127342
1.32574130709
-0.333668441869
2.14223349325
0.414609684
-0.440558536808
-0.835745677044
-0.761779439723
0.104044060729
0.149739178792
0.0968889894555
0.537706416449
1.0395974892
-1.02159512631
-0.595037116043
-0.0799561621786
-0.284029303635
1.96236085748
-0.0784960163305
1.31599686616
-0.248334231737
0.0705111852341
0.848884324778
0.0293280196296
-0.183086846116
1.77171534601
0.516037678797
-0.477657709924
-1.00788961952
0.715062245596
1.38497641579
-2.06603001967
-2.24114014026
0.779222408644
0.703010052505
-0.333078388491
0.3664085671
-0.225375992192
-0.2334087308
-1.35254683039
1.98616316541
1.30669040578
0.178261429551
-0.110918501353
0.231342647222
0.960013595965
-1.73123573199
0.577677172881
1.39669329101
0.878651146998
0.875438575833
0.60983443363
0.835537272498
1.01940216114
0.538909058616
-0.312367282013
0.687109420154
-0.781592891987
-0.505594468597
1.15449541824
0.904002847182
0.81745558911
0.911970825762
1.07946588514
-0.393427844292
1.05422419064
-0.48796668603
-1.40503906581
1.56672842559
-1.4430648096
-0.679363359441
-0.757399211472
0.372387731206
-0.537727364247
-1.21659695322
-1.07919078976
0.0918110075098
0.319392011641
0.981857719562
1.56540431728
-0.338610903366
-1.05266821333
-0.684664919806
0.384835323347
0.590715729658
-0.220000876402
-0.546418379427
1.52549785417
0.0811179510417
0.72196744617
-0.570741677113
-0.109504205629
0.670348241882
-0.312006915492
-0.649745520836
1.47340143723
0.190213572843
-0.237944567221
-0.536659387475
0.276458688149
1.61266879578
-1.4352504301
-0.799017921675
-0.185046922763
1.4211126669
0.1506533132
-0.603450243534
-0.847850976915
0.782820041911
-0.790853603224
1.03477917666
1.07954308667
0.576553425586
-1.01583387216
-0.677808193387
-0.81395381773
0.323714020417
0.651968548324
1.17310007721
-0.0523945979287
0.228004879793
-1.786152707
1.43420404076
0.402852068682
0.194523406381
0.0921815706373
-0.648263698098
1.60742216913
-1.62792235025
0.590834032954
0.848215330077
-1.54177960362
-1.05025945044
1.1097645734
0.82318737799
1.17589693565
0.10572552301
-1.43538880268
-0.451095170848
1.18698197791
-0.301059050735
-0.682080538559
0.828215707826
0.183262694943
-1.36097700717
-0.656917473802
-0.758276265591
-0.10473832197
-1.44668551808
-1.07549605514
0.890000610751
-0.201656243851
0.556642430364
-1.80666783378
0.0370051154505
-1.32085950105
1.89791023191
0.488213515128
0.382158103674
0.263182498281
-2.66266980652
0.278726765852
0.24404831901
1.04758467071
0.00124713077327
0.295179351444
2.40492348298
1.51548366359
2.05631294648
1.37325030304
-0.102429531994
0.987062069372
0.607875699666
-0.896129889633
-1.59772824601
0.485338783206
1.00562847434
0.174366372909
0.706824568544
-0.54949440735
-0.087057058569
-1.40714149241
1.06050868675
0.528567367646
1.17127164873
0.536798865344
0.120823991615
-0.271411218263
-0.193562671077
2.33863824279
-0.425955220296
-0.647718927753
-1.88903616562
0.116687402451
0.133540026147
1.28225426729
1.16086905627
-0.942367014706
-0.535075685959
-1.61902624222
0.644851463942
0.587028163467
-1.98237853137
1.12870689016
-0.985119983406
1.11842952049
-0.505335174875
0.830289694691
1.21900124328
0.384491011388
0.598985030089
1.39041510512
-0.554455187684
-3.48926845141
-0.222442748001
0.38486869879
-0.330799239688
2.41455162641
-0.0869727744663
-0.541698714963
-0.756390126066
-0.407009693425
-1.14827515028
0.236238062265
0.257787221075
-0.818217673719
0.225484989349
-0.330487766117
1.60346841591
-0.593662325046
-0.251148903978
-0.546040534534
-2.22509458499
-0.809043685032
1.04143628575
0.647510784055
1.06496263455
-0.218834510857
-0.450283130737
-0.883801209961
-2.14395616795
-0.34154553594
1.09055473495
-1.33986858449
1.10813911119
-0.849859549174
-0.238224556249
0.813371094977
-1.34514192864
0.62281674321
0.424783722599
0.377315452002
1.40133737482
-0.158299918897
-0.290436983787
-0.378579718033
0.807552858644
0.372505699751
-0.686514041483
-1.32176260222
0.453715015754
-0.177626894155
0.148692028266
1.1689110396
-0.213012043416
0.949065025399
1.22808796724
-1.63005713852
0.443629145238
-0.577672782365
-2.29130050403
-1.12796620458
-0.492787248172
1.17474528559
-1.70191213918
-0.0887791997603
0.759421340812
0.155068855433
-1.46330836209
0.624623422375
-0.81378429761
1.62201276496
-0.21554654811
-1.17419253966
-0.781027973798
-1.7026778051
-0.858244737796
1.04330636788
-1.00171679148
-2.36561733715
1.09743214056
0.244496555899
-0.767452531138
0.323872127082
0.056416015509
1.49109572162
-0.543552368837
0.572122788223
-1.46360205788
-2.0600556211
2.13522396988
-0.264090122303
2.09834651316
0.682449797194
-1.76215638765
0.164863142943
-0.0081967560397
1.24474761102
-0.244249676377
-1.70096785865
0.786023934612
-0.154818056956
-0.365813856971
0.109531779381
0.264250545886
-0.680378949019
-0.761814846776
0.550852431993
2.043073138
0.801224112559
-0.722358259147
0.62863983994
0.216240409769
-1.12634252415
-0.978877977585
1.27603961098
-0.314011949695
0.115724878329
1.25228653218
-1.10071261491
0.871844021254
-1.5819515971
0.693148668962
-0.0753772066454
1.87702670575
-0.35642935942
0.134117488507
-0.482345929119
-1.15425929998
-1.35510110954
-0.110314566689
1.53522888785
-0.703154409117
-0.544091310526
-0.281104709135
-0.159524611267
0.486745297429
-0.488585500694
-0.0498250894385
-0.921149630909
1.5798110928
-0.916464959721
-0.646201738984
-0.590899706528
2.45151144116
1.19868769472
-1.07830445184
-0.203086691217
-0.885044478527
0.545635159409
-1.80714052333
-0.598704699424
0.234647271786
0.347819550303
-0.585558104872
-0.125888922172
0.793421615673
-2.1010004407
0.897963717995
-1.04739979284
-0.368565312326
0.507471761016
1.10212578271
-1.01134039071
-1.09394432351
0.229217559162
-0.125363827392
1.66064554603
0.473655952691
-0.566156174713
-0.904055031099
-2.1129821378
-0.452092064009
-0.640082153656
-1.39768548035
-0.763941929008
0.928709509156
0.658622776758
1.85377205351
-1.22535595922
1.66294722844
-0.449631007777
1.75675275118
1.14314019241
0.692178837906
Score: 10