3
44
10
3
-0.757184932773
-0.588595992652
-1.37498174763
-0.749106102915
-0.175039472218
-0.506943729422
0.857027628997
-0.277325300369
-1.0701999954
-0.0767540589279
0.94215664137
0.43113971919
0.259248140387
-0.157130044723
0.140821569446
-1.15677241259
-0.49247422016
0.430422573253
-0.590633738357
0.182456312922
-1.52173309058
-0.114887217727
-0.0773223370355
0.539977043399
-0.19727210768
-1.91738405322
0.527683475391
-0.921093647756
1.31443048751
0.62244583555
1.18055102655
-2.63133468909
-0.560253422968
-0.778596919526
-0.148833884496
-1.29332382402
2.04160329681
-0.580369184166
-0.1515247924
1.62659137135
1.2799187821
-1.34265882411
-0.793160322953
0.629210123655
-0.1271849605
1.13223585087
-0.841812047728
-1.83297727364
0.164393867014
0.858315309418
1.24412668977
0.573688180607
-0.286123024392
1.4313752669
1.54050585546
-0.872942049935
-2.84195488947
-2.32564081723
-0.379556482153
-0.142614268434
-0.165350821244
-0.494179773826
-0.804323259814
-1.22126849146
-1.07858345729
-0.355879164864
-1.71540499916
-0.0644242507995
0.198843924331
-0.587369523034
-1.54781089818
1.29177708931
1.46998627395
-0.500128148604
-0.363696318257
0.32217091988
-0.678655655699
-0.578107743333
-0.0690797111041
-0.428845001496
1.78469449373
-0.248293717575
-0.441481368912
0.411988339835
-1.09664720437
-0.727173105367
-0.67576709616
0.0606685069547
-0.0475472197854
-0.823408906964
0.8244299131
-0.350317382931
0.868871623192
0.714658899583
0.771275375982
-0.523587353551
0.892276132043
0.174923577769
-2.28405162495
-1.05978182512
0.96414300161
-0.231714540699
-1.91306474703
-1.4756153608
1.43194316786
0.00422889774276
1.757104505
0.399867670074
1.52570302696
-1.29664066036
0.0844819989754
0.316671166112
1.32578259138
-0.334035776063
0.284292742794
-0.491039453613
1.09339337354
-0.471431866075
1.67647009067
-0.832983351069
-0.742365112796
-0.399828518743
-0.335988867243
0.480279756222
1.16208444989
-0.716029855004
2.03046483641
0.351414817143
-1.33803681649
0.716208366896
-0.110831812771
-0.562031155298
0.419004061133
-0.369205780652
-0.151409853286
-0.606376339846
-1.1293583415
0.663217611896
0.837078077429
1.49078180078
-0.754928105166
0.644338945961
-1.56266048712
0.645600920397
-0.452060618514
-1.21702709649
0.398617840233
0.794255599681
-0.162435174898
0.265133978423
-1.32854950098
0.711788339244
-1.88712828045
0.770789317101
-0.569880335323
1.78105705723
-1.22565557867
-0.581397550908
0.347822019897
1.893528881
1.18516174179
0.283490788629
0.0556100620872
0.258506561878
-0.688874240582
-1.2223181791
-2.32672163277
0.238425895545
0.705954063059
1.28570258202
0.796680030316
0.896691032954
-0.142637022025
-0.104453088968
2.52442984473
-0.293876796504
0.0615789504422
0.740845068152
2.25103198372
1.39099367593
-0.044444325099
1.97543716193
-0.277260872904
0.05735240528
-2.02069698736
1.45536952201
-0.438850660158
2.01084708289
-0.281504555951
0.425900772448
-1.33723829742
1.01415436227
-1.77404843448
-0.686059106032
1.49071401946
-0.0544597512265
0.129845120117
-0.212443813087
-0.965153261944
-0.235771312678
-1.1584545535
-1.0250571134
0.851083041625
-1.70426800519
-0.782228242766
0.868182951841
0.442940148984
0.543195437336
-0.950638465016
0.26688250733
-1.16891358058
-2.37042520328
0.394556798135
0.65586628509
-0.366081867247
-0.539843129056
-1.19511278606
-2.46210364035
0.65429116881
0.622634931018
-1.06769765432
-2.67696114273
-0.0953959865332
1.50426410551
-0.423846514966
-1.40228272688
-0.272302642562
-0.822854874238
0.249241181081
-1.00532046061
-0.678212234415
-0.337067773071
-0.896141918937
0.383057525234
0.0570519229917
-1.707089766
1.15636162447
0.381906315727
-0.827107914425
-0.356428731516
0.514135857719
-0.482073176969
-2.96606706382
0.848525631654
-0.107650190894
0.254866857393
0.484621932375
0.13463512265
0.91477176946
-0.204355554658
-1.53509765345
-0.853574253195
0.859379969308
-0.878307233557
-0.0658647896216
1.09826428359
0.962087513414
-0.0997655065514
0.005413306587
0.322402326478
-0.644423109097
-0.0226982104607
1.28084332874
-0.21568840575
1.23048755938
-1.00516769203
-2.15516664457
-1.95675155345
-1.31079648831
-0.33136252162
-0.298348076602
-0.159829858217
-0.150700784154
-0.39654861519
0.131681473048
-0.297658157343
1.16515472095
0.167330045955
-1.54106009891
1.48871352332
-0.212650447622
-0.422375691729
-2.03527704982
-1.05086583022
0.431873270004
-0.462748044727
0.750438451235
-0.292398100557
0.562519973571
-0.885743541323
1.39833807794
0.720507511427
-1.30179977837
-0.652187013839
-0.975915773684
0.770807303736
-0.951078593234
-0.238886423876
0.384836521336
0.568435406696
-0.272177903523
-0.281083634215
0.0824836783752
-1.43370240943
0.0746961763616
-0.184664169386
-0.0254282148468
0.415042809798
-1.30664551352
1.48516115812
-0.980158698801
2.47823623779
-0.64387053983
-1.85260060463
0.363172557538
-0.432274963901
0.00218560888411
0.596139491414
-0.391628610171
0.841559875635
-0.525469483634
0.396696634852
-0.259706715091
0.588948919283
-0.148944563931
-0.44021242308
0.58666074593
1.82184688419
2.43960532552
1.14901168001
-0.614616084401
0.22017806936
0.173221525006
0.129387508897
-1.20681539075
-0.79138578607
0.274773540788
0.170348481958
0.944064617771
-0.362910200089
0.229577457405
-0.369774097106
-0.534872841559
1.83590274509
-1.14419611435
0.244021772623
-0.351876396931
0.921673360281
-1.18957510933
1.50216562422
0.119596345093
-1.13079319527
-1.28606779261
1.17460281305
-2.02016879029
0.185185992165
-0.77790080622
-0.279324435075
-0.663632692331
-1.5133078646
0.559573443094
-0.302269028596
-0.159654198422
2.10145942078
-1.52681685269
-0.232365159454
-0.648723679987
0.918573653644
0.761976412071
-2.17946154847
1.09096254354
0.213149315556
-0.200894996559
-0.483820049418
0.633450924991
-1.78449254847
-0.6133150656
-0.749037178054
-0.425520688189
-0.202412404179
-0.57690792161
-1.83935742428
-0.682420927124
1.1770859607
0.377458750393
-0.581195361391
-1.11870629993
0.37882658646
-0.425241484537
0.414876561886
0.568791421818
-1.79855223511
0.0641036472233
-0.284293719585
0.642828585593
1.20404222846
0.845500126858
1.73501315153
-0.685572564058
0.897076765133
0.401447410455
1.76609443794
1.1448573381
-0.599964920802
-1.07862574791
-0.243421238639
-1.39111892261
0.771472618784
-0.438236067256
-0.143343032181
-0.0936321043387
0.466145549054
-1.79814598181
1.01340536185
0.221641454022
1.05360855447
0.00864456642692
1.12241720573
-0.696649325385
2.2259162236
-0.274238329318
-1.04334569931
1.25221026149
0.282325430336
-0.989693767607
1.19130286763
0.922604410045
0.0814462682588
-0.991724652244
1.46869012362
-0.222669936259
-1.60090534314
-0.307853587453
-0.140878940398
-0.835515295647
0.217995697051
0.147352740485
0.0904801627585
-1.07210235427
-0.256423504453
1.16129290836
0.210548113108
-0.131777059996
0.0299759707289
-1.22762063234
0.277794634697
-0.543388786514
-0.523973836884
1.05156616198
-0.223907658181
-2.14279227632
-1.40451839481
2.05407984872
-0.761284316686
1.08029426459
-2.59675079961
0.0690064685652
-0.744279960944
0.115035012063
1.50016300583
-0.11738038727
0.428235505984
-0.748971795084
0.946213448997
1.72841281025
-1.55232604124
2.18436081641
-0.552396241282
0.385515924799
0.447049492331
-0.800836293344
0.594394654681
-1.43462360654
-0.995709091527
-0.156835964396
-1.14360832519
-0.858709026002
1.02353860179
0.960388981502
-0.196027317583
0.978062971508
-0.183292798152
-0.781006944199
Score: 21