3
44
10
3
-1.01322860166
-0.513318876401
-1.31915976847
-0.743216863784
-0.173809789616
-0.963859193411
0.711561992042
-0.0596196976074
-1.04934511235
-0.0578598115365
0.785965968176
0.422262712429
0.279678237749
-0.319294652233
-0.0710513380914
-1.29464597716
-0.66245252923
0.227751251308
-0.719668539049
0.157520928838
-1.3449421715
0.25311443576
-0.291768399479
0.73685263187
-0.26429859468
-1.75556050462
0.696883845193
-1.06232550127
1.42249901712
0.878473314456
1.32046035723
-2.47295200221
-0.958840726547
-0.606192988212
-0.223657632131
-1.39761521973
1.92815399894
-0.761515629631
-0.453561843314
1.74473628552
1.46976471435
-1.25371866733
-0.927400144742
0.742837886414
-0.240342633315
1.0201812468
-1.08870382536
-2.00715941596
0.18457224583
1.1109927671
1.10978085859
0.665613345893
-0.0797784202115
1.41578327134
1.77850488248
-1.02738078628
-2.91060922444
-2.26104590391
-0.115709492451
-0.354434847115
-0.106153427736
-0.516341725781
-1.23767427185
-1.31769798279
-1.08756146043
-0.64954585411
-1.60871848164
0.0812744521531
0.341787155906
-0.61396270519
-1.50193505325
1.24172805508
1.58017085296
-0.620763623368
-0.524344812915
0.311572521374
-0.718693841642
-0.68489943752
0.0157787766064
-0.367643381961
1.81858772679
-0.438859221603
-0.476186292912
0.381601986011
-1.20094149518
-0.830123524869
-0.485233928588
0.0573005505859
-0.261819717048
-0.603058723776
0.610868355336
-0.242453690369
0.995661991838
0.516515555745
0.491757560129
-0.640016857942
1.079553209
0.109984796827
-2.25624755618
-1.01613398915
0.963105213836
-0.421950501616
-1.70034933557
-1.64506188835
1.4102770196
-0.104928128818
1.80529554801
0.263146510626
1.29015672867
-1.14008163728
0.0913902534262
0.150376219732
1.21590618388
-0.193553066875
0.4140471582
-0.486140831029
1.27787588143
-0.591661554614
1.62631434913
-0.953534704228
-0.599470420473
-0.361390848727
-0.197452643071
0.341565719745
0.951172705627
-0.700782329931
2.09800939863
0.452062352702
-1.32747173964
0.408450720003
0.0627525786828
-0.281282442961
0.338827720046
-0.324166089535
-0.0824681762649
-0.439623316251
-1.24781944809
0.548082227581
0.858182042743
1.59305755155
-0.711942757528
0.849907025894
-1.4845807606
0.610254723328
-0.331443227496
-1.05100374191
0.423783975086
0.755664775771
0.0210030598132
0.0748706899275
-1.34640313939
0.795190753197
-2.01960195655
0.728995986047
-0.320930367369
1.60441123827
-1.18290045378
-0.0840925365072
0.278420223447
1.72038827716
1.37417444361
0.456447283388
0.138507439862
0.441822926849
-0.70121945125
-1.32373520511
-2.18965759289
0.359552307049
0.749767118886
1.07565818904
0.887319458627
0.79437962457
-0.0514351422011
-0.265830295685
2.55897901388
-0.472798631489
0.137443757689
0.743755330057
2.08713827893
1.6661683156
0.0375619249415
1.98015217015
0.0350063024782
0.197686441119
-1.84748829391
1.5125594885
-0.343823661451
2.17448868364
-0.432810211482
0.326371172326
-1.64910039286
0.835372120872
-1.73280424536
-0.498559390926
1.46514576825
-0.0143743676371
0.203460396271
-0.167773049345
-0.95350973251
-0.538725839034
-1.17308782344
-0.839805809878
0.96194230871
-1.40219557421
-0.771403055679
1.04083098663
0.672946461741
0.423983307437
-0.753038953875
0.362829500074
-1.07113822813
-2.04396575625
0.417882372142
0.662568389698
-0.434628417819
-0.456414994215
-1.14774022546
-2.37006835479
0.475856036942
0.745589827519
-1.09530250258
-2.44487228738
-0.394362616669
1.34177437343
-0.433873911248
-1.63856353062
-0.3169289958
-0.990108952029
0.250483906273
-1.12760980414
-0.681402796701
-0.383683076081
-0.449216944806
0.616325622984
0.164817788411
-1.56933306602
1.14722975571
0.170408816977
-0.867282339955
-0.388199764194
0.412470323269
-0.678114064243
-2.92695076096
0.845300324292
-0.355567761159
0.128937823466
0.46750390329
0.225014721003
0.717106448372
-0.282832412897
-1.35207200871
-0.5649562488
0.859779383432
-1.01699775578
0.104066626311
1.39038821469
0.855431656789
-0.278025227917
0.0896175504159
0.428955804299
-0.483817958296
0.128324527252
1.29487666779
-0.130118078921
1.0675011248
-1.01404537823
-2.12524251663
-1.81346229426
-1.56318169613
-0.0850299731424
-0.331485418637
-0.307471275161
-0.0944346918622
-0.470889976332
0.0342797193913
-0.562868547494
1.29234970211
0.165403025077
-1.63542810235
1.59204950506
-0.279922089668
-0.267183693478
-2.12692267434
-1.09130742628
0.284899324691
-0.103537381062
0.931449906644
-0.0148931366045
0.518414519772
-0.926305863769
1.68276010749
0.714476361038
-1.08498501384
-0.492334243445
-0.962961762178
0.782110114962
-0.864776183663
0.0915543565769
0.69768066953
0.61876716115
-0.241727739899
-0.00985572470648
0.145603563754
-1.44341385169
0.157827941277
-0.453007141636
0.146380563723
0.235244629335
-1.27770510761
1.17670089334
-0.685596466855
2.43436673791
-0.693594661301
-1.73541394939
0.377249273381
-0.165636957193
0.156561278559
0.460034214783
-0.123043465252
1.093059068
-0.125430368531
0.251013685046
-0.135873812894
0.378940291437
-0.342004479544
-0.629273894089
0.503352546305
1.88841491524
2.11289055732
0.871913801864
-0.42609845248
0.261333122566
-0.00313313477034
0.217908690688
-1.12311538622
-1.05550314668
0.364767078101
0.356901005773
0.766022625196
-0.475837861708
-0.0548196368806
-0.458924952819
-0.353056476912
1.67328064145
-1.08382751892
0.255030019912
-0.174454976542
1.13584669641
-1.20809718509
1.60407993904
0.111037563631
-0.761998501795
-1.33658178455
1.21304386764
-1.91415399574
0.381110121593
-0.672501324691
-0.312660128588
-0.497268688678
-1.5871553526
0.62644880903
-0.353862987275
-0.338012931196
1.82095589425
-1.58328961893
-0.410869052403
-0.262393841783
0.908432365255
1.02629825894
-2.04620688809
1.12850043154
0.00609050661088
-0.412804926628
-0.734617661187
0.689236862819
-1.78903369653
-0.622726443184
-0.932628153965
-0.260070253439
-0.228653654585
-0.710300659154
-1.86418262351
-0.662503024263
1.00937078796
0.328445282316
-0.400478422734
-1.42071630846
0.450769148912
-0.577214006225
0.0811130186484
0.832344506082
-1.81797178373
-0.063492919064
-0.23140724013
0.795480072747
1.18387929208
1.00891009136
1.63238528347
-0.666069089676
1.03369746397
0.293347875878
1.51275395537
0.979407984835
-0.643421206122
-0.717118533737
-0.452040655445
-1.13808326916
0.793992001228
-0.422439429672
-0.217461084077
-0.0396370656843
0.409195867589
-1.40658689885
0.843324846393
0.0078565747224
1.10399821859
0.0206079788209
0.794521819165
-0.720914278708
2.21537806278
-0.399661853891
-1.21365363997
1.27965961164
0.3602589945
-0.901032806452
1.12823753872
1.01219092662
-0.0791293495793
-0.913207967421
1.37827341744
-0.0596384160869
-1.49051986446
-0.329181766388
-0.255913239969
-0.848881045781
0.568499534991
0.268886941137
-0.0986846601772
-1.26332245893
-0.442708823219
1.18744920517
0.127669694095
-0.0758521063531
-0.146415301741
-1.08554858758
0.231235710348
-0.565530839288
-0.523038466676
0.969872015639
-0.18076238337
-2.00711378934
-1.28828027284
2.19487365683
-0.63476607272
1.11719868454
-2.5511796969
-0.0546270330257
-0.743082229664
0.253556636474
1.67778907111
-0.131798362702
0.3965761534
-0.997864725359
0.926405794183
1.65005641491
-1.5757221644
2.00060133802
-0.56978340288
0.34272626188
0.44941461321
-0.73207644741
0.689393351118
-1.23957339638
-1.16718993337
0.0374636720771
-1.13135903798
-0.943698737061
0.897945532738
0.789371889085
-0.177326726469
1.15666496874
-0.399623413685
-0.796606938815
Score: 1