3
44
10
3
0.470519006065
-0.804293428136
0.857784258582
-0.0802914539718
-1.39647191543
-0.506617864182
-2.06427649333
1.75299185681
-0.57943095964
-0.482156051378
0.738124267206
0.0506399932696
0.663160277142
-0.888708177451
-0.346453537909
-0.46722702997
-0.299323692228
0.55700968657
-1.58176823566
-1.07688508708
-1.5443050022
-0.346493000053
0.101394037543
0.275135773197
0.0618935539924
-0.333672953307
-1.72235041406
0.465251854903
0.259719666865
-0.550435853247
0.0339166257568
-0.777537742804
0.98928015105
-0.392445452408
-0.237195287919
-0.0600690930465
1.25025498183
-0.172665205874
-1.1569337372
0.17575312693
0.306777149721
0.0361379941591
-0.0979133985142
0.0485637720384
-0.463506986732
1.45635384646
0.705435219245
-0.687209663049
-2.04945264256
-0.519402919947
0.0170250380396
-0.454022836516
-0.248583198543
0.942563484021
-0.663054589104
-1.43727042248
0.227999656543
0.131697573825
-0.742488990629
0.743559421054
-0.550481275185
0.0481389272058
-0.0635417644972
-0.971561341588
-0.629405786193
0.758416479326
-0.317402717046
0.995156331236
-1.28830282038
-1.62654311488
1.26704441274
-0.185500801637
0.659922493901
1.22174575494
-0.704830044663
-0.647975081609
1.04536934331
-0.714863070685
0.956474254035
-0.306280334961
-0.521300566626
0.327069606972
0.947329634789
0.905137362847
-1.07529382889
-0.323456719132
0.890282117555
0.86108781893
-0.383042827253
1.87838847829
0.556351009036
-0.851654633896
-1.53661344248
2.37870901547
-0.646141687773
-0.352714269814
0.367459033146
0.149474950415
-0.752082674299
1.0613238216
1.03397157067
-0.053054076575
-0.0814461025113
-1.38700533416
-0.00523529639214
-0.455945548054
0.0479992922925
0.958762305672
-1.20407265187
0.324197451748
0.599206400364
1.71719300337
0.950824055358
-0.734609205102
-0.265122793785
1.02406811797
-0.75782171116
-0.242467986299
-0.422917253637
-1.03732463672
-0.401293880864
0.119152306723
2.2528618631
-1.52383308382
-0.863029150348
-0.967404673156
-0.100198529658
1.56853094109
-1.01839605505
-0.0888495787361
-0.0748856728849
0.128667311194
0.977145491643
-0.0931184494078
1.29314996531
1.43993619589
1.34664659995
1.9328447432
1.05878623417
-0.3497851545
1.0212703992
-1.78597034335
-0.686942801303
0.732272809142
0.257068239161
1.22854224143
-0.559746816256
-0.725767435374
-0.694489981223
-0.165144459015
-0.244071094137
-1.4235417712
1.40252605878
0.797455793294
2.8848599416
0.0720272293137
2.1463534342
-0.501192696477
-1.69199338926
-0.145559338671
0.550561018981
-0.981652304852
-1.45567078426
-0.789496079757
0.496889174566
-0.551825106901
0.710261974336
1.42366085722
1.35595990347
0.688609629231
-0.390241964074
0.0102218081952
1.24875014402
0.406717079265
0.441284114206
-0.970447973026
0.0691826243484
-0.893803737694
-2.4241842347
-0.472102684975
-0.0851941209117
-1.37455910204
-0.981006265631
0.317556328773
-0.358922968763
-0.304513467751
-1.34333678143
-0.196133237334
1.74962667203
0.0339257400847
0.199706094086
-2.93985130061
-1.74878518557
-0.297679167637
0.980299388776
-0.510761576686
0.991907143668
-0.694651214596
1.08005755196
0.445430267544
-2.98928280452
-1.6522812224
0.396305368845
0.433507503818
-0.685172483821
-0.910538041959
-1.2844205694
0.754354051232
0.781967331289
-0.793963212843
-0.62353705273
-0.386696113526
1.72377599074
-1.42916515596
1.37106034853
-2.86538935313
0.82248833066
-0.533417261519
-0.559405771729
0.573243030285
0.343494703798
0.268125998809
0.129587061599
-0.403680960687
-1.26603613159
3.10957659562
-0.327268014221
0.838036001982
1.72626633483
-0.671719227433
0.236653331968
1.1996248427
-0.122347609364
-0.290435526718
0.81376237048
-1.50260931163
-1.7467468472
0.579720661929
0.154559766162
0.903764500111
1.07004677664
1.1712952795
1.92816215961
1.02421077017
0.655566640074
-0.145066405044
-0.369973245474
0.851476599783
0.437956709372
-0.408523260896
1.30339564764
1.17089163932
-0.869526169134
0.0772597061441
-0.236577891122
-0.324815057598
-0.973903969172
1.13451450742
0.327231394019
-0.0505463262908
1.56513620894
-0.958441485871
0.328984998119
0.924411961067
-1.48138288629
0.805416039019
-0.638698908897
0.502687982778
-1.07363490732
2.60482557953
0.562931275355
2.68935061151
-0.849626301576
-0.453942292048
0.352029256399
0.396605051996
1.89071158947
-1.0467513451
-0.695934325725
0.99125738811
0.335911403701
-1.82252878668
-0.182693949859
1.57612914654
-0.536592257656
-0.106761274464
0.64482115321
-0.851930317081
-1.25650262495
-0.566733698132
0.318697423501
1.67238632593
0.0881457719536
0.461426612269
0.0393293730587
0.541815609493
-1.32046213687
-1.43247639628
1.03497501165
-0.816414282693
0.0346991613981
-0.239436607538
0.295276150098
-1.30050494532
0.873333964082
-0.717233962784
2.09340707119
1.12514773458
0.18900657119
0.340044224451
1.21052701903
0.517012410834
-0.00663198560121
-0.736912808558
-0.271297007898
-0.0580300897507
1.73102939304
0.591905013871
1.12041853882
-1.49349104221
-0.943051801309
0.22607329161
1.70029302621
-0.0674196378787
0.0563940138311
-0.300806209223
-1.05891375727
-1.51216154449
3.14437636499
-1.21622584011
-0.629964879527
-0.816774552104
0.36601609575
-1.83051341701
1.71208455598
-0.290201879849
-0.815719617695
-0.357783686315
-0.444292123088
-0.0621341493888
1.28218656425
-0.93814218947
-1.50141292382
-0.0949846851594
0.924505734508
0.0934094006527
0.179054590116
-1.06129724056
0.0915066739719
-0.945010825789
-0.454574857953
1.40634566694
-0.682378029176
-0.457274811115
0.171164309244
0.463174426097
2.13299637739
-0.346915692649
-0.216789160777
1.92077602862
0.464432540853
-0.222536249735
2.87992801047
-0.29361559726
0.380210082058
-0.640173084438
0.166418964057
-0.18688152006
0.591104867127
0.0901325039524
-0.406278577258
1.80259280436
-1.58215251859
0.467652593559
0.0854469328017
-1.39806373144
-0.650809722836
1.17293433623
0.915444226009
1.01277270052
0.72205969969
-0.512096799367
-0.823499016249
-0.664404945031
-0.64814471124
1.32982471829
0.00944949960104
1.02487089166
-1.12601437593
0.139307866954
-2.26321777588
2.02014860503
-0.235491938979
0.583271910368
-0.376048602989
0.706018939158
-0.306098336955
-0.33316189234
-0.526340322574
-0.196316842095
2.30635854586
0.596452613356
-1.34698565564
0.216978348556
0.657995823721
-0.172873199436
1.01939393588
0.250542949075
-1.15342449482
-0.663223657645
-0.22367442515
1.91170643344
1.24762842155
-1.08359892752
0.139501792756
-0.667850111324
0.373101571757
-0.433073728692
0.881811266466
-1.50055832064
-0.845131503019
1.12174806867
1.01235169423
0.406846152713
0.617577457077
0.212639702947
-0.130829953855
0.0865384955808
-1.03561990722
1.0868296385
1.35475464702
0.707302207631
-0.402950866681
-1.36373154503
-0.297495863754
0.122765502102
1.06165531786
-1.11083812505
0.443680031011
-1.66168332382
0.633554468144
-2.74796190899
0.1478589129
0.0511221136898
0.626485720369
-0.459146733058
0.292408674933
-0.088760956881
-0.0155253145202
-0.823518671312
1.14509620508
0.367449175104
-1.94272256981
0.936886869981
0.762177699355
0.826392583875
0.510671141144
0.170590922557
-0.186585665126
-1.2754579979
-2.06419488478
0.736632175981
-0.647849597067
-0.585598621865
0.562155176817
0.845938410653
2.34070170597
-0.909962384174
-0.141184144215
-0.0873601200525
-0.972938533654
0.0592711914344
-0.712809913923
0.0728409085963
0.114143271529
-0.373482351912
1.61904499329
-0.910880830101
2.37446758831
0.0324415700075
-2.21762798735
-1.88854947532
-0.808497738309
Score: 10