3
44
10
3
-0.296159397518
-0.940572429754
0.192302371238
1.31184819584
-1.01364383354
1.7437469312
-0.258585867556
-0.293868566782
-0.920811427774
0.819735558762
0.0940372914641
0.333262318686
0.241037250884
0.620055003107
1.31678969035
-1.78185372913
-0.0987094829331
1.98703084981
-0.691652773622
-0.504512726409
0.018774847218
-0.852731585982
1.02942201302
1.18902273732
1.00432448153
1.14423809693
2.8719105496
-0.819449514769
-0.95420748898
-0.701406385211
-0.380552450333
-0.566972610623
-0.336849213013
-0.635480887557
-0.438024088115
-1.29233516183
0.604338857189
-1.62326270727
-0.237246050543
-0.0683935355475
1.60659354341
-0.334535023074
-1.13812120739
-1.03414738307
-1.8410092895
-0.416671531064
2.37148792497
0.17369647575
-0.462168980851
0.398686381118
-1.66904441083
-0.804584864882
1.45486787628
0.153388305743
-0.663974288181
0.875277966597
6.11864014978e-05
0.360785111412
0.895252174291
0.990007499897
0.0607258832767
0.0390451007297
-0.607470812593
0.529450677553
0.800800065319
2.96379365532
-0.567775230363
-0.761680496463
-0.0932250543635
1.23355411935
0.710489350438
1.55329487543
-1.29896925404
-1.48558958786
-0.633219013033
0.801299609136
0.364467151089
-0.84354914356
0.895241626352
2.0449325572
-0.680277759117
-0.0437489872964
0.112767965437
0.653121967154
-0.645465292044
-1.60848903827
-0.702260901956
-2.21020439653
-0.797511179681
-0.402180820264
-1.32909899779
0.954066055689
1.5466240839
0.0162466116994
-0.955432474411
-0.800243678557
0.740050419868
-0.334930115882
1.61360764917
0.917564592367
-1.472756744
-0.267289814032
0.754897371031
0.462648490753
-0.938906027776
-0.207915507849
-0.153190697286
-0.242349794866
-1.11475873871
1.06837173853
-0.0898150066496
1.35826082035
2.16998181962
-0.602033766992
-0.791273426535
0.46118328784
-2.06610767622
0.682812773859
-0.350124162766
-0.547376931036
-0.163343354942
-0.712212401986
-0.891466956905
0.18828070931
-1.05303425828
1.2922467463
-0.772872587001
0.743163962388
1.46723178673
-0.466714021856
2.1540558748
3.00700872773
1.46262630949
0.890901094542
1.71453883713
-1.18589649359
0.244318960897
0.623408661612
-0.466774891069
-0.546464474691
1.77330597826
-1.01417570982
0.903252484184
0.559487042664
0.525494943008
-0.768906367913
-0.833866735673
-1.91366140101
0.115933653831
-0.48233761315
1.0271693751
0.309023961507
-0.62623289318
-0.0944375698935
-1.24974218051
-0.795615194165
1.74926186885
-0.807002546012
1.84590365969
-0.0904077367291
-0.329600734132
-0.42508209418
0.613715014805
-0.0197234900656
0.155373373855
0.511973538297
1.14428631762
-1.32545407957
-1.13931151401
-1.26662059271
2.50272419611
-1.6015109778
-0.803931686345
0.0665731753079
1.39706868681
0.116299717056
1.57366272634
0.855969387429
-0.240901477601
-1.09866931936
0.0728774358559
-0.251840797796
-0.249216818552
1.32074789392
1.27978993241
-0.708726896174
-0.142291451268
-1.78222960656
1.83133571896
0.823974204269
-0.169022730405
0.377724368726
1.43180248529
-0.115153173691
0.0838538407728
0.939335598936
0.773136419926
0.584466401476
1.4575053177
-0.402407535595
-0.360563615494
0.00312214280666
1.04412602497
0.604104175511
0.958005021148
0.814798063055
2.93181134862
-0.606581403266
-0.830064352416
0.108710061957
-1.49495123087
0.160752847348
0.892909703314
0.410221508999
-0.762137255794
-1.60027820789
-0.430829794199
-1.77739556563
2.6640387431
-1.54418952701
-0.865502276767
0.852257380818
-2.05992444822
-1.72163422889
0.218757520595
-1.25065081576
0.221769815987
-0.80169382162
-0.627911954381
-0.68554846763
-0.622292739936
-0.0185269337216
-0.155308080737
-1.19754609543
-0.114388052788
-1.35048510473
0.35272540215
-0.659870595138
0.995706968489
0.414646565147
0.232719354128
0.958245939529
0.191537523194
0.334690471272
-0.433209311661
0.235476129583
1.69816673377
-0.871149590944
0.810126404715
1.43838754723
0.731004594659
1.12336861096
0.727338855283
0.214532647955
0.552818055196
0.776173789855
-0.289263474172
-1.25466934044
1.16397185026
-0.926197555106
-0.610184347891
1.26578418122
1.2486224965
0.199944227534
1.62400877511
0.965419204836
-0.498765350647
1.04661540057
1.38079198644
-0.608963502151
-1.52616736671
0.310289007636
-0.93192075747
-0.16419727346
1.01917920148
-1.1665029482
-0.00826833365834
-1.11867628721
-1.14481925577
0.718169848417
-0.175136524551
-1.05238039223
-0.758634834954
-0.391643875761
1.77863620428
0.786549113568
-0.135395479384
-0.244183045289
-0.00384079917778
-0.405275607343
1.02742260971
-0.310621328769
-0.646229252003
0.369108599732
0.552341475833
-0.332484852153
-0.12756454171
-0.0129840394696
0.212443636437
1.13987723565
-0.464140606571
-0.261652590716
1.96477185173
1.34931802097
-0.263058012266
1.10953957628
-0.331706220185
0.332588782097
0.576960052913
-1.66468110947
-0.248241655113
-0.754307525834
-0.906220917601
-0.126973280062
-1.14105201228
0.0934984131766
-1.04581036344
-0.593004104293
1.47163513099
-0.743244657752
0.845941563365
-0.112310560024
-1.55425871491
1.16979057247
0.378620425073
0.529834492276
-0.195918371236
-0.236882116756
0.392803170744
-0.101926355941
-1.55620300297
-1.45551399
0.263342615187
0.314078651977
-0.448129979355
-1.53013583461
2.65683081178
-0.0767997246134
-0.619025849569
1.17945058557
0.455021474613
2.88326180595
-0.832867100208
-0.515516100215
0.211477421044
2.75073448091
0.228860305238
1.65137972095
-0.271082771589
0.453958988047
0.0790890831778
-0.0350568372213
1.55332174621
1.47662370649
-0.474220795115
0.367506733367
-0.182550677204
-1.50959004957
0.268739118301
1.11777462237
-0.33744476808
1.12687374559
-0.517821245633
-0.514080315396
1.25432533469
0.405996548309
-0.112832989047
-0.32188557751
-1.67171622191
-1.649773539
0.355517868533
-0.667634006272
-1.16526701232
0.965719241853
0.215247643142
0.644966999275
0.169821161505
0.379971323202
-0.665658249668
-1.02356415888
-1.50027634672
-0.474100668223
0.337783301923
-2.51847308967
0.537022507502
-0.210186311296
0.417784311393
0.647771599616
1.66955609945
-0.560800793301
-0.946618360672
-1.73090183612
0.308301826064
0.561631343562
1.34523780138
-0.526921670807
-0.502228002654
0.119483105406
-0.127289494296
-1.79268433016
0.833122630576
-1.34489248662
1.09755036549
-1.48018832825
1.33161098632
1.05972527283
-0.761978904065
0.194955435331
-0.561757090585
-0.745101156881
0.73171608889
-2.12101075863
1.08190336475
-1.13796373612
1.31362029478
-1.01630035047
0.957591310951
-0.0411951603956
0.426546886581
-0.0700052739951
0.298521754163
-0.784248439589
0.0750752569463
-1.01306055541
0.826673378077
2.17767078635
1.23750963277
-0.415133995171
-0.626446938823
1.28066481955
-0.735213582363
1.06616785869
-0.746660373875
-0.24572963448
-0.287338715736
-0.0380495810735
-0.752526086482
-0.772421670753
-0.844878336133
-0.61378276611
-0.204078864656
1.0479519073
-0.483972640054
-1.72065565845
0.157400680565
0.578108695542
-0.313170697527
-0.125446169182
0.654067937518
0.448608471239
-2.15485345818
-0.218019791985
0.385840570421
-0.320950712715
-0.472090403021
-1.34409206288
-0.0815425609462
0.463461758614
0.0186958337805
-0.200954993607
0.747010215699
-0.785569290567
0.72084273503
1.96029953578
-0.720929462016
-0.467509326998
2.3102754861
-1.80950739257
1.1559660648
1.14087693438
2.38391124861
0.760648097772
-2.47371803559
-2.09637298626
-0.314825112504
-0.82653757497
0.209646283612
-0.974929816988
-0.144751202753
-1.18298002805
-0.939885302818
0.0709440733113
-0.635398745837
Score: 1