3
44
10
3
-0.674860846633
-0.596400367757
-1.45815263906
-0.925569206816
-0.173114838592
-0.593350859937
0.839636515593
-0.0883756851794
-0.893148536936
0.14541087583
1.07711864883
0.563309935472
0.391502442098
-0.429476817449
0.181228038155
-0.814651064755
-0.436392668114
0.236591121404
-0.717236829597
0.206852492452
-1.38331902042
0.0516071131474
-0.178271353321
0.607113602998
-0.105031060662
-2.07193243508
0.611368316551
-1.02344880815
1.5193878227
0.800868382836
1.41017323963
-2.43571465099
-0.906879309204
-0.569431506575
-0.20646580511
-1.13838099026
2.04221682748
-0.666617608946
-0.529935711953
1.574282196
1.52252084771
-1.47465734827
-1.02669106742
0.862886901777
0.000106292136728
1.17329364813
-0.948237801995
-2.12039008268
0.234070385296
1.08953442465
1.17309668354
0.255845347515
-0.232552338771
1.441600207
1.85760768564
-1.06552461467
-2.90852716972
-2.51671947257
-0.501221040063
-0.347934330176
-0.206994400852
-0.634089847824
-0.773233122346
-1.10760666783
-1.01269884926
-0.522386124483
-1.68700317903
-0.120648870995
0.0836017936842
-0.627526900846
-1.51252434022
1.31974790736
1.35580255126
-0.529962386749
-0.309130965431
0.138535319478
-0.55355850264
-0.41901388612
0.0455470578811
-0.549266810987
1.69482717309
-0.336347240717
-0.538572474289
0.503461776481
-1.13881483718
-0.589061814898
-0.68525519182
-0.155511226873
-0.494277360754
-0.882818402865
0.791237593583
-0.471504802042
0.956235907758
0.200871682412
0.647298876854
-0.754814034639
1.01098489886
0.0324710440969
-2.16606493937
-0.935154266417
0.983268456662
-0.376185515934
-1.53836915314
-1.48613703534
1.58798396886
-0.0540941856126
1.98809372444
0.439979256327
1.35091170041
-1.27516713313
0.0932925483756
0.0358958903158
1.47572801133
-0.256953188223
-0.00103266761813
-0.409770729751
1.08146863405
-0.665626894094
1.74913230426
-0.961446832395
-0.728412089502
-0.343185858264
-0.506920962307
0.371786810076
1.00866904603
-0.40219693953
2.20409420308
0.446206029448
-1.40621989481
0.365972933291
-0.146247913288
-0.370786841003
0.323821002236
-0.483459300926
-0.0325883513315
-0.756321323949
-1.31066885862
0.557780218903
1.10840527817
1.49037212551
-0.72945543383
0.56589047319
-1.75068660226
0.59045874038
-0.416346814721
-1.23649557082
0.366478560045
0.637211986376
-0.0915969064971
0.280764766052
-1.31522630028
0.572978578094
-1.94176660307
0.536546224109
-0.386094047363
1.60603726243
-1.25737600773
-0.476792906016
0.311031745957
1.70994404008
1.29224694682
0.318197179176
0.179189080739
0.125150013683
-0.716281484611
-1.14323086831
-2.10586188992
0.166974811761
0.62220361932
1.17500443806
0.649826623427
1.0126448672
0.123800926259
-0.101277194638
2.60442549158
-0.224040054329
0.28999311053
0.770418763289
1.96919078521
1.35091095581
-0.0149156984418
1.92237551803
-0.294356600057
-0.0335680951162
-2.04947131469
1.17127650279
-0.572616467487
1.99021402969
-0.363708235133
0.560000338567
-1.67799100314
0.669390950021
-1.55173021545
-0.40915222714
1.52727771349
0.111936029356
0.191128355982
-0.0703622253516
-1.11949945823
-0.444039950723
-1.07215912831
-0.879872919945
0.949144802016
-1.37061150121
-0.965563087741
0.914757833066
0.322111128679
0.643723829206
-0.643130241481
0.345283558475
-0.80641902376
-2.08756295192
0.216732063149
0.791703212698
-0.485098589468
-0.588263092317
-1.31458967394
-2.23530850077
0.660259689215
0.763448861954
-1.23901560223
-2.83549011021
-0.372318889459
1.49765189418
-0.279647380759
-1.09955354042
-0.300744033522
-0.705158057797
0.216422293152
-1.02521490968
-0.475496928248
-0.513609553761
-0.532142744341
0.677562539164
0.363459909531
-1.43915422452
1.37898837298
0.187728953907
-0.993737240953
-0.442648148732
0.276854160246
-0.603703080451
-3.00414426204
0.651356967822
-0.163828623692
0.332535818514
0.522296888785
0.275029671451
0.898143909008
-0.328613153526
-1.26403119003
-0.607337817896
0.493537887975
-1.27405068466
0.0382325748263
1.47953380873
0.745819331066
-0.399641987215
0.115344151927
0.351012928302
-0.612819455495
0.059496540964
1.01766018092
-0.0631534408578
1.20368439636
-0.92708093688
-2.28285365907
-1.76378828263
-1.36571197875
-0.135014111899
-0.447495720588
-0.139066287151
-0.0336026386599
-0.484207551531
0.0323807492119
-0.348170894389
1.19334058057
-0.132810827903
-1.33473734931
1.67930199829
-0.349609873845
-0.355698787663
-2.08022221339
-1.01430453859
0.474215483389
-0.245964474757
1.16270048317
-0.108411060274
0.631354054169
-0.902925662215
1.60128995095
0.889115707808
-1.43617496128
-0.515277081577
-0.853411592005
0.558521511159
-1.14038596848
-0.29235180418
0.452916122947
0.911762952963
-0.116763586145
0.041069499465
0.159307379698
-1.53445600399
0.164419844288
-0.160330693049
-0.0588366738885
0.490134027199
-1.29476849935
1.56531102542
-1.08893352027
2.52054036661
-0.624306920863
-1.6420460732
0.306503157657
-0.189457171284
0.0412670701575
0.801280934983
-0.321200097647
0.841666574926
-0.384916438795
0.419429947962
0.121263579016
0.454651226826
-0.259808010932
-0.416989483544
0.481453024422
1.86694321515
2.29477496594
0.853143970517
-0.26562461128
0.309778569764
0.343320271179
0.0650988053913
-1.39000048859
-0.996107248839
0.437965444296
0.173874654343
0.766356868471
-0.34980225662
0.115178260803
-0.719119528874
-0.435838089278
1.84368518793
-1.02681920121
0.358649104113
-0.495777379459
1.11774313714
-1.13468522374
1.60760760855
0.132186149619
-0.829199520401
-1.30417675854
1.26092437902
-2.21293693541
0.402835910039
-0.476425995521
-0.351350014732
-0.279403455163
-1.58348012822
0.573907950377
-0.386392314323
-0.102460740965
1.97011210669
-1.49137423029
-0.247330559633
-0.313103621274
1.07024970998
0.837504052733
-2.29567086248
0.995053448841
0.23279501733
-0.300020279308
-0.61598980754
0.561904377403
-1.69077763802
-0.560612417811
-0.891698209843
-0.228341801514
-0.173876612324
-0.756711950398
-1.75357503158
-0.722125631689
1.18542968107
0.160544507314
-0.377262846586
-1.35496183902
0.488871376735
-0.710737053951
0.333216320493
0.599841614757
-1.85553664962
0.133109022404
-0.287378845027
0.778649409839
1.26963571868
1.12349687497
1.87138436323
-0.603229664208
1.06075334236
0.306378071436
1.58944874387
1.07990554198
-0.82480394229
-0.854045914226
-0.461881613315
-1.23768285886
0.841045528344
-0.783029073077
-0.0925613367735
-0.170480330029
0.432055395738
-1.51919014432
0.789026449286
0.130786323984
0.979438320457
0.0675771310212
1.03954563022
-0.813249634731
2.25955477557
-0.441163909788
-1.18988752754
1.22590366976
0.368732013345
-0.891827953447
1.21035776236
1.07936810885
-0.0183811280218
-0.655408811243
1.33724949978
0.0368525800968
-1.81982211562
-0.316015168973
0.0908354322735
-0.739085018878
0.219801119946
-0.0978428184559
0.352818212362
-1.04836215799
-0.274762533453
1.08582851538
0.0497567164761
-0.00384640182869
-0.0936938000674
-1.26506752278
0.278870218387
-0.664124330712
-0.437811198214
1.13781162057
-0.14091679503
-1.94498879301
-1.21503942754
2.17351948344
-0.653473446003
0.994346829188
-2.62453633186
0.0845251445618
-0.744782689538
0.0480314385552
1.5450172571
0.0912497999044
0.247311540929
-0.862520573802
0.873928006206
1.68694325057
-1.49113362018
2.0011366376
-0.444023559414
0.589108512687
0.498302204141
-0.853158695979
0.562622460323
-1.39405107627
-0.999284442612
0.0783667673046
-0.891931215415
-1.02613870334
1.23584267411
0.768713554193
-0.0833325807013
0.965474744098
-0.328814792718
-0.75354827132
Score: 13