3
44
10
3
-0.476468159124
0.724702410784
0.439332891391
1.37842936597
-0.414135120267
-1.09783472207
-2.13642839541
0.918489391583
0.124144775157
-0.859223231615
0.200276981089
0.908032259052
-0.436126744667
0.385560024722
-1.3999141033
0.52926651861
1.02974141034
0.801563520028
-0.585707304135
-1.07039011688
-0.533025850289
-0.827400107945
1.03691224419
0.73618878627
-0.318329511969
0.322231924349
-1.51667681469
1.45355561818
0.511892729819
0.260829908845
-1.91921724325
0.440039902098
0.830475896596
-0.407232301999
0.13765787706
-1.0507893738
-0.0596034874982
-0.578705370407
-0.211958892947
-0.55068928738
0.858491256369
-0.371330787412
-0.0368317129204
-1.1621866113
-1.40884004261
0.592908684732
1.37365802442
-0.0719806577795
-0.261664434519
0.686692881418
-0.969580966107
1.3047806032
-0.346844046061
1.05717449056
-0.997585321329
-0.204052131976
-1.35691951178
0.205060600406
0.229686544786
-0.931828787419
-0.884901756864
-1.18905189057
-0.63776138097
0.572290747562
-1.08178882887
-0.329493687256
0.607599406699
0.706716671896
0.798927663734
-0.765645075117
-0.732555845999
1.09813373986
0.0765114173186
-0.114355161929
-0.889615764859
-0.781537832957
0.469000895052
-0.427571691255
-0.282875508031
0.50353418412
1.59822857174
-0.246973125258
1.43674338273
1.12710458517
1.55779979384
0.765443901489
1.84081452625
-2.14235327955
-0.0213117625935
-0.116452077669
-1.08420431358
-1.13843346011
-0.0651441030058
0.0944784008137
-0.523046418302
0.527122615934
-0.831840341624
-0.300240966351
-1.04192176244
-0.286487266173
-0.152868407446
-0.685788249445
-0.142068146926
-0.937127058376
-0.180833850751
1.21455535513
-0.447107632317
0.182419525037
0.699065113606
-0.0120419240379
-0.867089260998
1.53368008574
-1.52381219398
-1.28895339623
-0.579729314979
-1.26227446576
0.0639677324621
0.359415626766
-1.66368352814
-0.663125353872
1.5356402397
1.09857496076
-0.0999044310965
-0.117558728346
1.20659317262
-0.241251226903
0.57917671575
-2.04549975678
-0.422527730046
-0.753388137959
-0.942770067665
-0.461275941353
-1.17621013939
0.912177142522
0.55037435023
-0.460061048704
-1.57473134523
1.20521009378
0.666547778847
0.0897873544019
-0.278201908436
0.487998453331
1.10454771339
-1.09494124284
-0.59369220263
-0.449613845869
0.267124379735
0.180241878888
0.455444049673
1.70734542569
0.294548996749
0.3035264203
3.18951471094e-05
-1.39114283433
-0.00749697317913
-0.998477476797
0.86813808751
-0.166741619347
0.86887700736
0.611127311134
-0.0982387148633
-1.21892710621
-2.03788184189
0.152523888438
-0.333046026316
0.635295202784
-0.23151530794
-2.00291149338
-2.08196638048
-0.0118299385875
-0.585504868961
0.678368531378
-0.392805270257
1.51956717052
-0.78389670679
-1.07819836001
0.291903264682
-0.480216462622
-1.02982289475
0.708033984483
0.686918950749
-0.181759552352
-0.634376785557
1.32355781221
0.622799094627
0.471814540929
-1.19012280297
-0.0563213565692
-0.379178556653
-0.192820328645
0.0579992268289
0.0331385251119
1.96890893337
-0.513456285617
0.826028523407
0.120339123294
-0.672234378569
0.412634501094
-0.473547288803
1.95497599504
-0.993709327399
-0.194516462344
-0.767915807201
0.615019148847
-1.05764773297
-0.152570017927
-0.626940425662
-0.141352924646
0.0936119269336
1.61629976013
0.739470744769
-3.14506879788
-2.24409458373
1.20061845419
-1.62696477452
-0.560335771544
1.59598131927
0.255911234087
1.02524359269
0.0635029954754
1.10137569605
-0.0447794092
-0.175588540225
0.253346339216
0.942987423945
-0.528621938083
-0.683162555664
-0.297438500404
0.589679930727
0.0310892908594
0.96056326997
0.20564003473
0.608097452053
1.0338490173
1.44539308489
0.61469358711
0.487108494165
0.0556579461873
-0.0347299581176
-2.26233214639
-0.145359574259
0.659580942201
2.44888295458
-0.738139249048
-0.778198929179
0.0817672855715
0.631713151589
1.16325136872
-0.595542535946
-1.84780684618
-2.66435530065
-0.298790113428
-0.198728840603
0.653254709956
2.01728343595
-0.0139772296052
0.696779361466
0.305354462205
-0.346544775991
-0.478839859796
0.641534380021
-0.393915866975
1.8453073942
-0.17651817648
0.410022478664
-0.32128722256
0.189160154048
1.3449991495
0.883692206061
-0.269441376187
0.699280435603
0.145366640022
-0.188936719749
1.00534591747
1.52786593403
-0.313802694139
0.661621057395
1.4746904031
0.196053983956
-0.0812404071842
-1.12101710215
0.467932414644
0.531517022017
1.5930007964
0.384364602288
-0.991618214831
-0.227853594602
-0.0225501392977
-0.00324233828447
-0.926808849157
-0.745276435058
-0.749821930978
1.54730235593
1.23297989921
-0.31662816362
1.12158941983
-0.881981348261
-0.699363842427
2.19664920326
0.191714070113
0.203277024626
1.11404261165
-0.510634179629
-1.65284350273
-0.166913568467
0.420949428342
-0.0731721334298
0.141860606217
1.21723602142
-0.0155600269255
-0.116112371054
0.784709257511
1.24431033382
0.0207564470404
0.782619590369
1.02129940537
0.117828121901
-0.131902372485
0.999847277502
-0.440679010523
-0.230295241319
-0.882196216736
0.0534852301543
1.03606034846
-1.16509164126
1.62817499308
-0.541099873869
1.51771443665
-0.545307033663
0.352612902836
-1.85964191301
0.288712024175
0.879048047428
1.12647368813
-1.53642350827
0.909620457035
-0.592570485872
-0.0584523924713
1.58496425314
-0.918645610764
1.09707237669
0.48929768523
-1.22151149089
0.887298656671
-0.148614548932
0.925104550044
1.81511615296
1.16617424018
-1.56379915196
0.0616942671512
-0.00588321072146
0.520694312629
-0.138924624934
0.385896023138
0.185021788991
1.63687305143
0.561946158306
-0.737700277503
-1.71562513586
-1.28842762818
-0.43008945437
-0.563150973746
-0.0630883614255
1.7014185086
1.287028354
-2.10450832325
0.67152449495
-0.288350964182
-0.308301225682
-0.769917779046
0.606159438471
-0.604588757616
0.316097841283
-0.555666430969
-0.47132434535
0.844899465056
-0.147403075443
0.0637665207174
0.0135177483452
1.12341815402
0.688947614247
-0.459594395111
1.18740991756
-0.218916690639
-0.207046283383
-0.0808047149069
-0.440141425423
-0.354914926958
0.838061088115
-0.505567631359
0.187246029255
-0.26203454298
1.5143719828
0.540211320558
0.338928627604
-1.2216365306
0.656316062767
-1.55511390099
-0.464768363118
-0.148563657147
0.716682592337
-0.0947747772886
-0.460060865063
-2.18320791045
0.0638470825508
0.782799770815
0.756393082803
-0.0568896360815
-1.01915957771
-2.06745291546
0.210598859104
-0.55045849602
0.325497010575
0.0881710453945
0.478516180143
-1.44049684442
0.338868771643
0.735258214087
1.4047420929
-0.430107745383
-1.59235775476
1.35236836155
1.15189683828
0.00205085262953
-1.73655824304
-0.296355950163
0.497268094306
0.760607776245
0.028299709551
0.0900093290069
-0.169783161825
0.425580357128
0.498644241638
0.0862616153986
0.258390925535
-0.25871905631
0.839175672533
0.118999720923
-0.433833980118
-0.450218055154
-0.128180670277
0.0319581797099
1.1132221185
1.99609216812
0.697409347979
-0.0782643920263
1.1117479935
0.95075197839
1.30100332736
-1.11143931648
-0.309732852586
0.33613016622
-1.91751211576
0.379165837649
-0.469019152125
0.538793539049
-0.787990485282
1.04235505165
1.09226591244
-0.342911525972
0.914543905282
0.775968229824
0.522455449595
2.37542797015
-0.389023465052
-1.10014691998
0.549296736396
-0.661484597791
-0.11175876737
-0.733437684845
0.473344550272
1.01316480757
0.744948537601
-1.45236819667
1.03783774704
-0.582122222446
0.169837966415
-0.616701010121
1.53614306729
0.288179211538
-0.814401402705
-0.255411373019
0.0150411853528
Score: 25