3
44
10
3
0.312257581723
0.631509551419
-1.0897550358
-0.135697285728
0.3414841096
-0.0280631675393
0.852429804859
0.0151979997728
0.492540812223
-0.410750265853
0.036988985303
-0.614910187712
-0.578333656074
1.7319076805
1.38826212386
-0.450821229704
0.697900291358
-2.86851433897
-0.884427252482
-0.702857667037
0.547324035407
0.0361564594398
0.636841610073
-0.956671360014
0.211166991954
-1.1434934952
-0.308445095908
-0.0630086180804
-0.48897998826
-0.27959609313
0.541600448262
-1.74474448026
-0.652466439784
-0.950779311647
0.171153658813
0.791341733998
0.890737630712
-1.40734188126
0.530883803798
0.493184090423
0.410101902309
0.726711188862
-0.0727179708372
-1.07626892038
1.92234683388
0.50638007633
0.503973504167
0.987475649045
1.10072552126
-0.552447772081
0.854065449006
-1.01619863118
0.755884780945
2.14138370876
0.687129841895
0.471013108334
-0.564939183901
-2.01770634462
1.72368402451
0.562811366508
-0.371085735865
0.790896134446
0.0304770524125
0.120363789628
-1.74863882128
0.663770913113
0.701663513023
-1.16773703426
-0.979637596473
0.471970969449
-0.666042894404
-0.634387995003
-0.909625838789
-0.0614040417333
1.06895674976
0.619315451314
0.520045810383
0.274457963005
1.99035602265
-1.06452037923
0.843641086369
-0.513330461836
-0.734664491869
-1.58115972347
1.68984291839
-0.65525861018
0.199010781609
-0.00173950098056
0.99984219633
0.373378851184
0.578977871149
0.110525035183
1.2019377572
-0.448802927549
0.394480150672
-1.17978926272
0.605075141339
-0.824807045009
-0.457897674178
-0.951247051509
0.515202527858
0.803863506447
0.694921106603
0.81295375454
0.106429339677
0.185596851895
-1.00646426799
-0.168784137879
-0.337655191851
-0.725369781306
0.0509981379728
-0.22683698694
0.322126059108
0.864073980124
-0.0802475157429
1.47643055355
-0.477414291752
0.52460962812
0.153022733697
-0.241156928419
0.131964899044
-0.402634515189
1.49470253285
-0.22999832053
0.573921662033
1.54100135557
-0.484646534164
-1.4950915442
0.313662985568
-0.64501209305
-0.67833879645
0.933175021165
-0.577651982693
-0.477807008438
-1.39898351704
1.29238807813
0.563953143753
0.677426999163
-1.03071759902
-1.57418109979
-1.04741106133
-1.37480100273
-0.481562874956
-0.502296921527
-0.798003809395
0.706300591825
0.119605713381
0.649831118183
-1.34559472391
-0.889532909675
0.369078090568
1.63248485898
1.19367337604
0.733629745185
2.14425106162
0.969551754066
-0.204755697636
0.319652482558
0.334553957844
0.465657955273
1.22684226708
0.32554985666
2.125698953
-1.30748437644
1.53455787423
-0.142293902674
-0.262563389113
-0.1782407714
-0.377707276295
-1.29696850431
-0.9718317512
-1.64351348368
0.0815892042253
-1.09728659063
0.164216636212
0.160898270387
-0.207661059042
0.832853986438
0.215881034419
0.449120724619
-0.260126184713
0.169392183622
0.69558956949
2.78447327662
-1.83537107281
1.16935740029
-0.644827507224
0.475712576997
-0.892912604054
0.143580885615
-0.850309389362
-1.16954513109
-1.48434249732
0.728726477179
-0.322318944001
0.543956788294
-0.151966885764
0.630694494265
-1.92312296532
-0.558043505178
-0.77218792162
-0.208178174201
-0.851234594681
1.54266863669
1.34735130291
-0.633827267109
1.00956296216
0.0140341481503
0.739461587018
1.24236870958
-1.03889269016
-0.584889060451
0.233664131558
-0.13511890945
-0.651658783238
0.0480068507116
2.76659664631
0.323127877028
-0.926806794586
0.536822148837
-1.04730135811
-0.686269923386
-0.460181420914
0.6049904236
0.0620748801306
1.54191827446
0.825453885425
0.14520060417
-1.71709869063
-0.512828368913
0.609802895278
0.715026802844
-0.779400777723
-1.1932013004
0.282008392284
1.0941733672
-1.55238596042
-0.964942336305
0.93078291294
0.547857895335
-0.00298657421885
-0.272684125632
0.677348542936
1.07763213193
0.446600976512
0.224037453923
0.566825918405
0.195552543249
0.301799877711
1.19617196242
-0.816193108742
-0.719712925213
1.31938007444
0.744855592615
-0.074378031338
0.0735215190393
2.19869351605
-2.78938904734
0.419932850327
2.14817849392
-0.472356363736
0.296757875566
-0.429519309679
1.17508126893
1.02658331849
-0.633279669162
0.286187130424
-1.14392346091
-1.23578570297
0.341458420071
0.0364175447906
-1.90182487337
1.00979209416
0.0904327027502
1.20996562529
0.651595566306
0.905772933454
0.0991005736493
-0.285649316754
-0.831532593579
-0.130889320966
-1.47057862965
0.517809432445
0.160646368186
1.46380508875
0.0741073033921
0.0794112761575
-0.0135117408244
-1.23425841712
-0.178820853362
-0.11695332086
0.0516482324826
-0.00239638608819
0.960415278553
0.279782621497
0.367410760622
0.335389124439
-0.323818587651
0.966362399292
-0.643035854683
-0.326113783527
1.36084097846
-0.41808431838
1.19728923077
0.410740859043
1.3604069549
0.302419393785
-0.029687199294
-0.596104844376
0.324234606727
-0.189968812328
0.737633350906
0.160525601433
0.986208473014
-1.06474757466
-1.01830415879
-0.912357478242
0.370509356749
0.712384747687
-0.338939300417
-1.47295511433
-0.413713299006
-0.781139495963
-0.999378324899
-1.5572233443
1.21040145445
-0.111319646827
0.613302078726
1.38404440248
1.1276729126
-0.566913651397
1.94476906101
-1.58808089674
-1.09119224139
1.21439986689
-1.97647297371
1.0887632533
-0.162673791578
0.944963502161
0.000309048432585
0.14819067644
-0.944900267898
-0.51072128888
-1.95295042144
1.07728661867
-0.416381295495
-0.398130860052
0.795043835871
0.0756986035867
-0.124946678592
-0.217639170523
-0.298765092746
-0.832560672375
1.34588010087
-1.0404981787
0.333841688466
-1.2850995756
-0.467263011178
-0.388624047074
0.208920098816
0.745363287372
0.601452264787
-0.650837852046
0.795822538328
-1.75144110171
-0.621832907772
-0.436465143323
-0.00255321612331
-0.729868743784
0.442823852152
-0.839053548556
-2.68527599951
-1.94563772783
-0.345166242256
-0.956655115975
-1.49934317375
0.49617771883
0.620495750259
0.613655401849
0.266280792785
-0.802625939524
1.31533415719
-1.28163780574
0.543702354592
-0.799355862262
0.88240410765
-0.168477106525
1.5184588085
-0.587930842154
0.518751673294
0.12994744244
0.607862839576
0.512612647727
-0.00571536886114
0.809538724021
-0.852704921431
1.3141455551
1.600296478
-0.797447269742
0.805288088252
-0.0464784195769
0.476515337429
0.00612638534823
0.122608308543
-1.51293460015
-0.422991091575
-0.364681735094
0.947690396296
-0.50361525912
-0.0648806524507
1.0820141066
-1.68801195755
0.867499548242
0.398779563513
1.85958852635
0.33617497861
-0.537346312782
1.52051743473
0.586285932552
0.674501842685
-0.69105396277
-0.929627398199
1.20614857351
0.292276748488
-0.767984542402
-0.898502253036
-0.507104308989
0.0837193096291
-2.11752774185
0.24980024055
0.76772400384
1.48295349026
-0.687435295296
-0.0763134132168
0.607859019591
-0.442294575107
-1.23501871832
-0.422295930148
-0.653000281977
0.216897102085
-0.356198388379
-0.429533130943
1.22348986806
0.311622849426
-1.08480777085
-0.039589373693
0.153041078373
-0.764313342821
-0.420293947027
-1.10388884102
-1.49947527586
-0.81509638738
0.929685920623
-0.223049413915
1.52316255777
0.244129263315
-0.536394036447
0.593208832137
0.705202201882
0.0174611075343
0.772679641944
-1.03617305893
1.88938899941
-0.355210428072
0.107681021809
-0.951095327902
0.213371326891
1.02766239869
-1.60931378486
-1.33364181286
-0.157969445815
0.568074424747
0.736043453176
1.30517410274
0.726593951478
-0.929419167766
0.412404499905
-0.187383706964
-0.332719132371
0.191524103216
0.716420373342
-1.60589743027
2.18315222593
Score: 28