3
44
10
3
-2.27119638309
0.262327683353
1.48338666431
-0.542508796477
1.36351214127
0.108197357134
-1.02574353131
-1.26480496706
-0.574397557028
-0.0581827076007
0.321808052722
1.56505833005
0.995468107538
0.672646037664
0.0641246037677
1.23081613295
-0.825701198864
0.891976798604
-0.0616838688641
-1.39928133639
-0.379637586897
-0.0644507026102
0.320575226197
-1.22278677632
-1.82670135402
1.54687275781
0.380942859201
-0.426309566404
-2.85915140654
-0.527142444552
0.26576651591
-2.01607231731
-0.877948198521
-1.91665152434
0.463075348039
0.252621621425
3.42569920299
0.620967903189
-0.631987650847
0.189421061244
0.0253175123989
-0.155205094616
-0.77822515669
-0.10164782518
-0.429511943949
1.15035414512
-0.324195198077
0.0242320222537
-0.508072603389
1.79131005774
0.433633412953
1.40215768853
0.22026390105
0.85936833454
-1.53849093373
-0.00908870638704
-0.112272013627
-1.09718500926
-0.970876903206
-0.45962504223
-1.34094121003
-1.78522889237
0.422025378635
1.27341098381
0.807444376443
-0.261821916695
-0.626220700936
0.587995056185
0.85652534484
0.35567796294
0.309274442684
0.212340122507
2.15417079548
1.33935261148
-1.01997201716
-0.0693243809109
-0.149549339697
1.39045477794
0.578929342478
-1.92079680757
-0.959824067149
1.03211634754
-0.462040563935
0.900998624924
-1.69730798147
-0.379506947281
-0.308461398954
-0.116477301343
1.56440530201
1.30236193374
0.0297114051021
0.175711949417
-0.961088587722
-0.497014992648
2.785560445
1.00711937547
0.995201113329
-2.24369702177
1.68360110836
0.75528753206
0.908380308011
-0.277384435272
0.0746845641083
0.208623044111
-0.0799035965029
-0.514716930914
-0.351704570704
0.0917695215229
-0.933309930875
-0.644272133691
-0.0535655016091
0.655583072841
0.037967608906
-0.03921574309
-0.465527337059
-0.65802844947
-0.202257799464
0.544039678402
1.52822308226
2.75491187731
0.69043281212
1.18908444214
0.656066963832
0.0572926880878
0.0964653408538
-0.951963085164
0.895769832156
0.742705144584
-2.1679217591
0.358211745551
-0.611884629479
2.13522436363
-0.429040595214
-0.663906424953
1.22584481105
1.21625573239
0.428813646518
-0.344107620913
-1.24946508235
-0.538785205169
0.272225321679
0.952563426655
1.26899825849
-0.981754434879
-1.31524682819
-0.956104479116
1.94388657123
0.618690263422
-0.172492952289
0.844650787226
0.396444684026
-0.519281200397
-0.300640026254
1.17184803846
-0.0603858530944
1.34946717994
-1.85344974213
-0.370916578307
-0.196205384688
0.565913198949
-2.21303988394
1.49666419961
-0.00466984239653
0.596970543098
0.643217654069
-2.02994887078
-0.25869757768
0.887143132699
0.863172730096
0.287452123447
1.31669512497
-0.544358762241
0.894879500131
-0.762543611459
2.41001554289
1.10538262943
0.148445418729
1.47517771059
0.503025740575
-0.752416149748
0.601972675709
-0.47733719018
-1.03978502711
0.977093854172
0.934010157793
1.19383661933
-1.0791645225
0.122420303879
0.087551562837
0.49418797879
-1.83683132579
-0.90621843199
0.0416365789208
-0.42557317886
-0.265001439247
1.64528743564
1.63910822436
-0.728982240639
-1.19604078338
0.395228842894
0.415842323248
0.709664545538
-0.289321852986
1.33507580002
0.353436062984
0.0291459949906
-0.68172939917
-0.709413424984
0.382698994866
0.983187135598
0.0854074319324
-0.381545523426
0.860077893735
-1.58791318384
0.440886516732
0.521518246832
-1.10471945561
-1.49069895084
-0.76195631074
0.915909142089
0.547303311228
0.409909205658
-1.24155988819
-0.512567547341
0.503517863586
-0.534878707282
-0.319714267004
-1.21037915079
0.67700016231
-0.902769173012
0.264566514752
-0.328968134372
-0.162894070561
0.569010014296
-0.213570639191
-1.20111466462
-0.134482890171
0.729175476384
-1.5278675656
-1.59402456687
-0.697619096106
-0.726551513323
-1.36335937694
0.897905608759
-1.62376481114
-0.298652782895
-0.430015278859
1.32100859084
0.980400762715
0.6097003494
0.456478753785
0.961671906402
1.12384480753
-0.184892179251
0.168940464597
-0.672766287417
-0.364722525124
1.05344103223
1.24681357041
-1.32491702685
-1.68722328816
0.659554204334
-0.289013831885
-0.455566579156
1.54087890584
-1.06830295595
1.91113118019
0.113799041865
-1.16206364949
1.21428021828
-1.07844836666
-0.16518492028
0.0790754759464
1.08264371193
2.41249287075
1.21204464233
1.7902798598
0.164207030709
-0.129689618385
0.0940979011631
1.31895976169
0.137508620408
0.65920685052
0.0155104973315
-0.241862479471
-1.05304867524
0.689964378178
1.00924962362
0.0498348806632
0.740278599775
0.902330350721
0.0243682488124
1.84849855699
2.29885592617
-2.20307491249
0.948231501702
0.264372208025
0.0689104783418
-0.733920361302
-1.80654021261
0.245221339388
2.48310213564
1.0139886385
-0.10748152729
0.521987080744
-0.481326614674
1.53608172414
-0.314837739907
1.35628018894
-0.301029972717
0.00775831905048
1.02119592473
-0.213232795582
0.573806564579
0.226276652841
-1.20004940698
-0.0177477063351
-0.154112176587
0.827101480617
-1.02326988782
0.801560396236
-0.489634801569
-1.90497880733
0.616281843223
0.531905761858
2.30331599022
0.311203367493
0.786148448451
-0.402342773523
-0.241770384051
0.0162265753167
-0.727716768944
0.858176578686
-0.468943833296
-0.028626345546
-0.869572022044
0.695832008771
0.409183222315
-0.219034578206
-1.39614437533
-0.249396414035
0.322618682043
-0.33420166253
0.776146879877
-0.559291668762
0.358487902125
-0.29013640275
-0.2838035981
1.36430508669
-0.229115692444
0.326170257732
-0.58484380003
0.333284119959
-1.04783739211
0.9969008515
0.303069445529
-0.143378959918
0.348097276188
0.25310792337
0.364792861982
-0.224387934024
-0.138890384267
2.29014809375
-0.384348137875
-1.61442702501
0.906177844348
0.51750822639
-0.654486944402
0.762445312476
0.384160466615
-0.330775928774
0.44504196088
-0.489501995025
-2.31907279948
-0.391199327001
0.0338456620486
-0.957627598897
0.205952454534
-0.0295373179754
-1.21539127215
0.298678338611
-0.60824135758
0.250300895661
-0.734492790977
0.618287741033
0.543790244371
-0.823176624744
-0.993294656927
0.416003036167
0.945234238485
-0.63299506583
-1.36998451336
-0.0873016115244
-1.25683696804
-0.868816864834
2.12357962924
0.321037915974
-0.468825315817
-0.833427373734
-1.30212870964
-0.160029473475
-0.126565717906
-0.872676271972
-0.225375698327
0.522653868468
0.452354117044
0.763569076974
-1.52510354118
1.51096298347
0.278090317641
-1.40680152971
-0.304759101097
0.0109005263936
0.49850286901
-0.393094480464
-1.78833476387
-0.17623170082
0.356834492993
-0.654943768479
1.32829505522
0.536636342259
-0.234829416576
0.432468582714
0.704326463378
-1.01845260822
1.36882931948
0.0321010866947
-1.14580251047
0.909887755636
0.755911988762
0.736038444825
-0.0988257865056
-2.05126855757
-0.634877608693
-0.932751873535
-1.33650381118
-1.33164469937
-0.831333830567
0.78495753647
-2.68470975871
0.291067642796
-0.854080163961
0.549579015004
1.27534905334
1.65175163415
-1.41618162444
0.215390103229
-0.176865045287
-0.473050497031
2.40746428336
1.83594154415
-0.105384029144
-0.210901091827
0.843050390648
0.116652588262
2.85336606491
0.688422884676
-0.922244428914
-0.0936450639073
0.598957100933
1.19459335267
0.8027738188
-1.4698098973
-1.28109668548
-1.7178080929
1.21423262277
-0.465825025055
2.16058805177
0.226821652401
-0.843571813782
-0.703839550928
-1.15667515673
0.981674305527
-0.658074649431
-0.441070429141
0.174504884053
1.21210524561
-0.275566965402
-0.166311306613
-0.451246493182
2.04297033228
2.37884499832
-0.136075151154
Score: 13