3
44
10
3
-0.827051122159
0.565309677748
-0.54537670219
1.05954939719
0.084247871472
-2.46878112215
-1.58594016617
1.24901917735
-0.638791513724
-0.222874236823
0.29464538778
-0.993976839631
-1.49773909156
2.0376293168
1.16337678733
-0.00399555534817
0.475642781937
0.99393716999
-0.0794466331737
0.382874069447
0.287716022435
1.00141776276
-0.936631592324
-0.251480649794
-0.988002083571
0.164691481816
0.221715299685
-0.932962609176
1.15899673189
-1.8264345759
-0.421329902338
-0.333396490905
2.15160056552
0.338985729893
1.56896776397
-0.362377229939
0.800476638209
1.76969458554
0.533898790642
0.399379372648
-1.36982866986
-0.530037332707
-0.865619192319
-1.14890706823
-0.20720785529
-1.12435529864
-1.83974004361
0.414350516039
-2.03294061023
0.420128450794
-1.94051134276
0.828885956391
-1.23545690241
0.552423166066
-0.0255451615671
0.314338195162
0.152697248377
1.05622041221
0.922689660691
-0.814950020117
-0.0426167406428
-1.98602984194
-0.454206733517
0.227788134462
1.53645579957
0.438235265088
0.0388063531424
-1.98039571085
1.23146231744
0.0793162263479
0.25762912332
-0.240437792852
1.77863462057
-0.295943605643
-0.54371603458
0.511134583229
-0.73036139455
-1.23424135489
0.348970680761
0.872390365131
1.96648480703
-0.461330276155
0.222227071352
-0.0202525793539
-0.462366171123
-1.25049003589
0.047622142125
0.147228731352
1.79521867831
-0.113874992596
-1.20967930332
-1.12123814305
0.603585190764
-0.164404588745
-0.124848409823
0.4865961103
0.199597301479
0.539494188487
0.0423075197661
-0.21671837844
-2.0473115119
0.973880286123
0.919137143949
1.41231817964
-0.436001885684
0.644734853245
-0.387451998999
0.605533533583
-0.425363426573
0.546792626654
-0.134480710514
0.396319114672
1.79180975506
0.500490872749
1.07600880062
-0.786141133907
-0.6880943201
0.560309518005
0.22234817069
0.966997026753
-0.565364060705
-2.05236637486
-0.791447407712
0.0304102786873
1.43913285553
-0.328383268351
-0.434480667531
0.951839992922
0.113350161005
-0.578329038276
1.84360174818
-0.547724698768
0.187844393687
-1.48588120207
0.951349030145
-0.847468106378
1.39459689096
-0.226730163415
0.021106988594
-0.626776300446
-0.643048361582
-0.836807911864
2.04029990399
0.771378141692
1.24879204426
-0.227891213459
2.3590923262
-0.629070756303
-1.29756975349
0.154889682621
1.97031450258
-0.396966468015
-1.14249938281
-1.15972019883
0.140615732204
0.809308440383
0.297220100949
-0.507557309367
1.62798213799
1.10169714748
-2.11487301623
0.911125366326
1.09525836993
0.0753710631386
-0.646487976421
0.329479182012
-0.535795118985
-1.68093852647
0.134134578885
-0.0999742141752
-1.13440888869
-0.677638704757
-0.0779482878548
1.6836614676
0.688883227986
0.826309351985
-1.99388136213
-1.82801379452
-0.856971483855
1.23058803953
-1.03020611593
-0.115371792897
-0.856784577565
0.615341019253
0.449050369947
0.420127323221
0.456710472865
-0.696599714751
-0.763422853768
-1.26961734451
1.65552863422
-2.44108736069
-0.548489358693
-1.56500884636
0.0837196884025
1.66965095758
0.287197240735
1.0792736355
0.181403722636
0.654117844077
-0.210187507386
-0.817006908161
-0.500733539582
0.158961831537
-0.331772402052
-1.69848321743
-1.23257837801
0.196364493669
0.0368449380942
4.95150018846e-05
-0.280163440056
0.580025434344
-0.343802702565
-0.355385151509
-1.70223365076
2.47126409492
0.767365082609
1.43827070289
0.920574280782
1.33422173063
-0.0457423210976
-0.762876144401
-0.864535568994
0.966783932306
1.9345861047
1.25876544711
-0.662757268991
-0.544943459139
-0.0902026422298
0.561496811384
0.821556945389
-0.111402189624
-1.43984968908
-1.34969080902
-0.203841011307
-1.27178945081
0.12939971625
-0.455505438958
-0.364457926996
-0.0588880568549
0.804995109384
-0.0231555760312
1.52257089789
-0.756165535278
-0.685163535322
0.147505178494
0.141904096062
-0.0762563676136
0.531807830444
-1.38904110071
-1.01829007938
-2.17726170273
-0.567358586568
0.736847216908
0.611750412956
2.02870220659
-1.1981907298
-1.41428730895
-0.841280132362
1.09659077698
0.616057968387
1.52274807786
1.36372988644
-0.0197255106557
0.483098484798
0.96474148796
-0.0518236679667
-0.238979463965
-0.809122225943
-0.947520788786
1.34225624028
-0.275354694435
0.285712488329
0.485309253939
0.282613770185
1.88674202327
0.0895313018687
0.852682497995
0.989614571646
-1.22176396334
-0.371868299378
-0.381614586646
-1.51546509215
0.565536339626
0.969244557116
-0.620587119458
0.811711352003
-2.12489524945
1.42719988851
-2.56572678487
-0.207379971088
-0.117443865093
0.833682775676
0.541657464705
-0.0446264850188
1.22294503204
0.88366176315
-2.80650098802
0.438435013362
0.472090504415
0.962031265833
0.278382635162
1.76598758729
1.16428550927
1.20724570933
-1.20303675463
1.20664136301
1.95014173564
-1.23391316634
0.365668789368
-0.768192736112
0.0762803681816
-1.0107875078
0.241693413249
-0.292718922934
-0.67320975916
-0.451121755489
0.446186429072
-0.29427937091
0.943350212067
-1.17840481441
0.199951842578
-0.219539852748
0.391218419686
1.87121211661
0.582156702207
-0.0840462977092
-0.82752521177
-0.875875754892
-1.12308106398
-0.816538548008
0.76525357754
1.10364906187
0.67224687232
-0.62932294043
0.205231570089
1.6806030849
1.34761042939
0.490875942389
1.25651865717
0.160364886705
-3.48255518299
1.4362793981
0.399308864796
-0.634745671763
0.66448096352
1.2514367085
0.683222540147
0.490704405587
-0.116925666714
2.24552697856
0.274215100186
0.133070427319
-1.30409563624
-0.327824834232
0.0208275425174
-0.267204816166
-0.627761180581
1.62327686397
-1.39695063194
1.69710258714
1.24231420588
-0.714756396665
-1.81919319638
0.243560006603
-1.43372565925
1.15424627268
0.560144980087
2.35384352195
-0.694150063743
-0.500154290277
0.101484797425
-1.75366719903
0.202732571395
0.271806346229
-0.0303167861482
0.0676187008219
2.18640633676
0.613573830498
-0.616453014771
1.60087420273
-1.85374409356
-1.10699998021
0.236479015421
1.3529698093
-1.37820964985
-0.27146156414
0.82416906743
-0.102079741723
1.00647773422
-0.629892136323
1.1511883842
1.32529097607
-0.4708858211
0.0453009183334
2.01333066728
-1.16368895053
1.34593121533
-1.42840303678
-0.0201505229781
-0.263610786611
0.968185157619
2.20883901355
0.684039841179
0.869084058145
1.32302971338
-2.06164701734
-0.0110810201392
0.546252633847
-0.856000713935
1.0269361347
0.237800770496
-0.39088769908
-1.8776654163
0.328919229152
1.64937203799
-1.47192597211
-0.503162030486
0.698689550349
-1.28969456502
0.407278592911
-1.37400277769
0.781282366213
-0.168484717705
-0.297338558079
1.97829543973
1.41989772885
0.333289987078
-0.123202250108
-0.523889942718
-0.648093528673
-1.14584944931
0.502855559155
-0.40175534467
1.29208926396
0.636767770329
0.11302695923
-1.04364558953
-0.586361678761
0.725950237428
-0.849982064352
-1.90377078823
1.50459293976
1.35737025596
0.604750705315
1.76246614256
0.0979442772186
0.580647629673
-0.0916417761457
-1.62652824138
0.659226170022
-0.482465743785
-0.276878786095
0.144686935165
-0.0101739959079
-0.92843075387
-0.447410777799
0.0934418431792
-1.62294049198
-0.20688438971
0.0424338826029
-1.05028938879
-0.340504624668
0.4118720525
-0.115566906892
-0.0303610612807
0.139853136423
-1.53872006462
1.38099080577
-0.290295971258
0.636201778864
0.472966858264
-0.47322221659
1.99884861475
-0.113644638835
-1.34330029256
0.241082511207
0.822017280959
0.801470138983
-0.251423642341
-0.134679223802
1.44853818275
-0.458531867465
Score: 1