3
44
10
3
0.279362468558
-0.150244524007
0.159513774492
-0.486689655677
-0.130766464209
-0.584950579543
-0.496788059442
-0.871411687153
-1.61016340143
-0.144136480574
-0.311463969432
-0.228801139164
0.34679651224
-1.10361633233
-1.48490329484
0.954857003285
-0.32043619455
-0.0793960490082
0.355501582987
0.0857569978276
-0.127132599908
0.153607699266
0.920556573303
2.66112156878
0.448616962866
-0.126491882125
1.26949392455
0.106709270325
1.14272798951
1.58908160848
0.524152192198
-0.86783859797
-1.15694491907
0.167696132151
-0.157773019001
0.927610917998
-0.609569584224
-1.9733956953
-1.7723707111
0.767861663463
-0.166214071137
-0.390309112475
-0.105254437855
-0.32985634889
-0.134810716147
0.831298303285
-0.14183478031
0.373145957258
-1.38715580371
-2.07371267038
0.334842916086
-0.0214567562006
-0.108802345009
-2.20765638325
-0.0401997010375
1.56016709435
0.331328626235
0.258783124086
-0.582893995986
-1.44837382559
2.61307287383
0.663064905547
-1.15449297532
0.289484246857
0.172925714629
-2.63947418629
2.28832006216
-0.29305365008
0.873095400841
-0.590666322297
0.331137131526
1.64738395644
-1.17226529335
1.20318879641
-0.689463429143
-1.0095513274
-0.223083431419
-0.359815703842
2.03932725061
0.964918586119
0.171109715854
0.754900857752
1.11878669002
1.21340010808
-0.712762179494
1.20792999428
-0.588297794895
1.16504492916
-1.44278448518
-0.672229291729
1.75879452216
-0.171623548628
-1.04138384818
0.460069916083
-0.170534249914
-0.751713291957
0.171562813828
1.71480831578
-0.336572800403
0.242830414564
1.02284035915
-0.56010857497
-0.166233783027
-0.109271465896
-0.156411039512
0.851252300533
-0.617132315988
0.466404543447
1.1546556681
1.37561200305
-0.223707592414
-0.643018529868
-0.776680614256
0.244343279813
0.544183180357
-0.512267844378
-0.122082270474
-1.51383131097
-0.112114570114
2.46296749148
0.949325757789
1.44473119343
-0.302244580141
0.709378708011
-0.281779409477
1.49321780857
-0.699309594817
-0.185924540597
0.337014513208
0.0282802522511
0.118291442932
2.14538691796
-0.797378117999
0.00998463594981
0.450571429499
-0.555899464727
-0.621335975747
0.874319192403
-0.375753871832
0.88459047373
1.72162702831
0.580278914819
1.29865689174
-1.56916703267
-1.13932507581
0.840544519865
-0.363912293715
-0.750634200662
0.498836890281
-0.192790678731
0.697649170345
0.686704675634
0.271962301583
-0.594156436676
-1.57630041566
0.540459714648
-0.199639129213
-0.96430165837
0.0616631431366
0.528502167559
0.163258424773
0.543030727319
-0.745372283959
0.772566099379
0.529328037178
0.682478510506
-0.243416136044
0.587747933436
0.989205830189
0.140710659563
-0.573480635904
0.0623089409036
-0.872951780615
-0.0121626614306
-1.31058827731
0.311448449175
-1.09789437941
-3.51317681035
-1.06081781
-0.842934914414
0.0333445831423
1.03877116112
-1.8763503117
-1.36453922941
0.193748098463
-1.51123905348
0.368460057883
-0.48177370493
0.250100660544
-0.939756667795
0.476041602341
-1.72045443825
0.244469403652
-0.50612865642
-0.940340276404
0.0929964876563
0.168563392602
-0.0883595717921
-0.43935637923
1.08503930127
-2.20559499381
0.848672342756
1.31954531027
-0.603080679705
0.499065818456
-0.124109014777
-0.662539513725
-0.576516319592
0.409806493616
1.63083709728
-0.149811274651
-0.722236743936
1.6613775834
-1.23951009688
0.989770473648
0.396910437343
-1.63985133034
-0.576417418477
-1.06574108409
0.477915379765
0.7253069167
-2.12349004082
-0.398614213031
-0.451484981022
-0.238347337125
1.44103865906
0.0317022583702
0.319750453266
-0.284357544207
0.87998687859
-1.37601063553
-0.341237374773
-0.39709468274
0.952961840185
0.258370511854
1.34467905706
-0.287193532148
1.15649272228
-0.291533570254
-1.19321310902
-0.356844823574
1.17636590271
-1.30631527725
-0.500865767835
-1.38547662561
0.193484496323
-0.105064828936
-0.766026899472
0.263908521709
-1.32886151086
1.05027097602
1.04096753625
0.386256539122
2.86215885929
2.09914343074
0.114203409258
-0.423317612355
0.576957658077
-0.0658603025163
1.95637062426
0.532780930925
0.628951214178
-0.126251330041
1.06887855785
-1.50364785013
-0.402930010524
-1.64799478877
-1.99914561198
0.323728013325
-1.07337523969
-0.408576558303
1.0419459526
-1.45508861919
-0.967908973583
1.08547725519
0.331887876045
0.106949472156
-1.08984886412
1.21938316265
1.32757471486
-0.635843887667
-0.608447252158
0.198809170482
-0.404924702257
-0.16566430033
1.11469936741
-0.131960334754
-0.907097832606
-0.43150781301
-1.29280652281
-0.614377364866
0.758466141912
1.39174682348
0.151486381385
0.200055638688
0.218092743029
0.321640208066
0.231425546304
-0.849031565539
-1.20558713811
-0.714876293812
0.582440568218
-1.03453720648
0.373489480989
0.820581344133
-0.717891053346
-0.264551103493
1.05925031497
-2.60555198248
-1.13212290893
1.26886796725
0.00685000461252
2.02094538509
0.124508525813
1.17525777663
0.118607657763
-0.854866866808
-0.825668271478
1.09812364582
-0.641276347415
0.672418319334
0.651412402307
1.08993535366
-0.616996494596
-1.16335893876
-1.67873461655
0.870591467338
1.02405219109
-1.03919331897
0.481968784899
-0.45017194108
1.10017340905
-0.463704702837
0.749712595981
0.0280384484296
-0.680252926405
0.00643994681775
0.381244441359
0.874288829406
-0.438871306053
-0.0653184399149
0.6995876191
-0.861033810877
-1.35456387637
0.912314476666
0.501662001085
1.63623025441
0.511302241029
1.73663085196
-1.7716600438
-0.8440534489
0.463782722777
-1.29120042923
1.82197939241
0.365702087063
-1.45335611224
0.234547387622
-0.220983556168
1.31490794984
-1.4754176666
-0.800278245909
0.145362515682
0.841173701093
-0.683810609862
0.108528815582
0.338723525339
-0.616458946763
0.875646139278
0.372731947172
1.54568381374
0.732833229046
0.397215730674
0.101124602545
0.213598352304
0.638473124613
-0.810632723558
-0.147140566992
-1.32261141154
0.450706874069
1.66931436989
-0.257678997597
-0.831216253164
-3.54057160142
1.00559376624
0.953059575202
-0.479823931824
-1.2571447653
0.93747880682
1.69141411028
0.0768985435543
0.000809329861472
-0.25699740018
0.824720911434
-0.458208603073
-0.530511275739
-0.542484662271
0.390113084466
0.787464344752
-1.25913539241
0.662717552845
-0.498789053305
-0.612674363192
-0.835150937146
-0.41965275033
1.63098046819
1.82320276674
0.22463797601
-0.0871903146353
1.79025283399
1.13481492727
0.734053793163
0.159813357578
-0.185766476538
0.663324296521
0.800547201562
-0.529119795524
-0.455019380644
0.685898035446
-1.02913882799
0.403211155224
-0.374325396882
0.462998783404
-0.569713932771
0.845810134457
-0.283041607539
0.381709984071
-0.617033202017
0.0201226244308
-0.87160761408
0.577212478197
1.3561363864
0.581675252031
1.79945034719
-1.93414853914
-0.28744482856
-0.618339850542
-1.36497307274
-1.28374676576
0.23459380971
0.745746082556
0.17032263556
1.05235646589
-0.113915988066
-0.0373848810373
-1.60646668328
0.573739197239
0.773063286581
1.06994484513
-0.719197846702
-0.167829636778
1.45499886224
0.185132141729
-0.862768214836
1.16573679247
-0.906478570267
0.352848454587
-2.26967512971
0.508334573318
-0.740825073869
0.799370093781
0.271963423223
1.92578598593
-1.38683270296
0.572068620197
-1.88368062472
-0.196192294084
0.268698271979
0.433687481456
-0.451529358636
-1.30720151435
0.149087294551
-1.38080363788
-0.284149015
-1.48042144914
-0.157343415723
-0.94289499198
-1.50612330039
-1.04868030088
0.857972974383
1.90113279012
-1.1128241519
0.893420265353
-1.45718062684
Score: 1