3
44
10
3
-0.642701590454
-0.672842128984
-1.36661763619
-0.835840353766
-0.263230692201
-0.613445799247
0.755721977784
-0.102247738463
-0.839473113785
-0.0917012064534
0.985541488375
0.417956740459
0.428533794191
-0.425711195942
0.130091388785
-1.03933240392
-0.348262740994
0.216667468414
-0.77070888005
-0.0242901399391
-1.23470444441
0.0872289006499
-0.253263377738
0.615986058525
-0.147914161567
-1.78080058401
0.671094435599
-1.03616001823
1.25894729459
0.838164115798
1.50348067278
-2.6046633068
-0.696045646199
-0.742363708995
-0.356369283061
-1.3982240355
2.24617335669
-0.662785886431
-0.234808927454
1.56267808127
1.40607081298
-1.48752601361
-0.856743997221
0.695783350256
-0.0706118570233
1.28505753447
-0.883900577242
-2.02478385156
0.274429817105
1.06458998655
1.2762762387
0.493239506504
-0.129690278186
1.370323636
1.5356609169
-0.894296294374
-2.91459289982
-2.40644031111
-0.509939936942
-0.177772896934
0.00170908870897
-0.673501435012
-0.746709951723
-1.32502865548
-1.00790254872
-0.485617065717
-1.76374590395
0.00561756127826
0.0356566489163
-0.415105656257
-1.53619443711
1.23846946085
1.57507881272
-0.571384852952
-0.472039540246
0.135923120124
-0.680048606078
-0.663282085335
0.126177557694
-0.384725944963
1.98742207363
-0.530322061925
-0.643338837366
0.477576315536
-1.18278388416
-0.751881178846
-0.606014556664
-0.08728561302
-0.217144762954
-0.734589398965
0.7926813756
-0.625114492287
0.821113335898
0.40211978678
0.525150681869
-0.675495341359
0.902984483798
-0.0236499100314
-2.14148725045
-1.01276852074
0.902058863569
-0.440634959343
-1.56826725591
-1.41652863661
1.55035625826
-0.0684061353338
2.00872575956
0.420613484494
1.31462921726
-1.17631766895
0.100576872662
0.327402968568
1.31625527582
-0.383472520663
0.109213802146
-0.545494839185
1.10725634072
-0.671940284504
1.50634769718
-1.17088215872
-0.759145406329
-0.493942067746
-0.174956811562
0.376645130561
1.02593832077
-0.432709434544
2.26070594748
0.367534577346
-1.36100053799
0.603916697179
-0.160328597321
-0.447244417932
0.47171677522
-0.287000678402
-0.176404875275
-0.736548856933
-1.3622403112
0.469837728329
0.842246179957
1.24355344426
-0.892151119096
0.760649169983
-1.50981120526
0.689413268413
-0.362222096975
-1.08785679726
0.291946982384
0.512598470904
-0.0595438833249
0.324798894747
-1.42594731498
0.763810227062
-1.77964206454
0.919570245451
-0.520290082945
1.62283533834
-1.27681321682
-0.239100744171
0.16434437928
1.74835280139
1.23254409925
0.177156098535
-0.00379448967322
0.401584011772
-0.797369001326
-1.25047380292
-2.32617800029
0.203865098719
0.381849967224
1.12419227727
0.695597169176
1.13435397703
0.0202943528961
-0.160482410517
2.72493843335
-0.510866473134
0.251195266517
0.693184440991
2.12025269459
1.34539001079
-0.0350196494577
1.98712870742
-0.351422810926
0.0716056876318
-2.08418879119
1.20811049253
-0.307115607391
2.12919481527
-0.449695031823
0.460088079706
-1.56045619871
0.858683094101
-1.71477680939
-0.569400238078
1.43026482525
0.0354364062906
0.0738962659831
-0.00109823008868
-1.29779213801
-0.399713087501
-1.00877941891
-0.881689562925
0.990576800284
-1.72393640188
-0.984148258569
1.05469446661
0.68547787464
0.609233816642
-0.966234911897
0.32289179114
-1.09180072573
-2.0159934202
0.24034492539
0.55165360408
-0.284072859558
-0.417214915055
-1.28030448167
-2.50333244674
0.36918559986
0.943948951966
-1.31718765169
-2.491255
-0.140537906561
1.53891376318
-0.366981401594
-1.24496108142
-0.20819905913
-1.08582553407
0.222219949973
-1.31692123968
-0.511324919001
-0.536736245897
-0.576030584276
0.450065989627
0.0574248887695
-1.78417774401
1.22902420013
0.115607796691
-0.783022614284
-0.392122938719
0.404795365468
-0.525380037328
-2.87655599856
0.577938583902
-0.114173454198
-0.0517045797225
0.558870905702
0.290476924576
0.860674881729
-0.251225339664
-1.40045869567
-0.837499192684
0.733895514132
-1.00370434643
0.13939333949
1.17428479827
0.749514609175
-0.295024209902
0.0482349957227
0.302415474774
-0.55824209208
0.0912590345936
0.917633578057
-0.263114746884
1.16731278353
-1.05650860611
-2.19554499402
-1.70310538002
-1.31753710955
-0.0597234904731
-0.287276180875
-0.394183203667
-0.053069298653
-0.684697482402
0.154456791176
-0.430521436846
1.09292753575
-0.108698700503
-1.51148180862
1.5231894809
-0.318633759862
-0.29777885327
-2.13993820461
-1.19437420228
0.620344540802
-0.298424838126
0.829954283301
-0.209241152571
0.680803224838
-0.796138386822
1.40270183783
1.08037166115
-1.44054867634
-0.487555229722
-0.714578334183
0.702601555988
-1.22567566421
-0.301693194225
0.457030696814
0.744598979069
-0.383390688849
0.0480970568898
0.195947326186
-1.30460982108
0.331444483922
-0.40930082055
0.172661318903
0.28068056465
-1.57001151316
1.36806024838
-1.09858939909
2.6624762191
-0.664480315185
-1.6926051099
0.0911595124562
-0.234797807834
0.0189048194213
0.787971298519
-0.230063755613
0.971742233048
-0.354477486437
0.19294494369
-0.248798852857
0.545819589162
-0.141651906894
-0.437995352778
0.458763672316
1.96044742256
2.40375512403
1.10495521088
-0.279311383141
0.0567596506657
0.10190828215
0.0884601234638
-1.33148969919
-0.969715885632
0.634181624338
0.37238122306
0.75116792504
-0.522223784422
0.156430163343
-0.338186851147
-0.113819564788
1.92569460366
-1.22492645368
0.253345803638
-0.183618140596
1.13978676882
-1.31074134804
1.50011753782
0.165997772219
-0.826582330046
-1.29447937031
1.38319826076
-2.10515136388
0.261222217581
-0.412188728143
-0.316606887175
-0.402549631868
-1.73327869901
0.552309334062
-0.383929749234
0.000858206277452
2.18804094037
-1.4440743565
-0.288399780607
-0.498009984955
0.89742403773
0.964773582061
-2.31098701274
1.03594745905
0.162700207663
-0.385066661409
-0.466422643756
0.383001523499
-1.455316992
-0.55515268146
-0.867048879764
-0.254265734689
-0.418988190458
-0.6034635083
-1.80086861153
-0.483110237995
1.21456433376
0.450067475909
-0.685040071657
-1.37246863756
0.512521959438
-0.608296423521
0.182059927173
0.677753747091
-1.64041431873
0.189253999303
-0.22158682113
0.80608960458
1.43444404361
0.777210329912
2.09171599651
-0.371441893349
0.739088795519
0.38031783885
1.66102121416
0.969599026158
-0.89239800115
-1.01649959207
-0.416808637071
-1.13914682962
0.796868723799
-0.863363969492
-0.406997365092
-0.0286282345087
0.490167092199
-1.53041824946
1.04515457728
-0.0534006907004
1.15184577756
-0.0511955622209
0.92452043234
-0.703257997538
2.35049354934
-0.551992648821
-1.245255387
1.18781004393
0.338993311748
-0.673263579489
1.20688813807
0.976673214302
0.0794725661604
-0.934146214077
1.06987251966
-0.134729938392
-1.73195631712
-0.517427297738
-0.162823875254
-0.496045518224
0.308167820214
-0.00763641071011
0.118213485256
-1.06248712242
-0.23353538867
1.06131055349
0.12819258182
-0.0183969140985
-0.0048088564259
-1.05228862824
0.228511760033
-0.639182048573
-0.647712261848
1.28104041339
-0.15018951877
-2.22930613582
-1.12310552308
2.18062237921
-0.67074102097
0.874214205708
-2.51752640447
0.0843169390348
-0.994627038385
0.196519395588
1.47172544086
-0.166411745315
0.419701297263
-1.00259981049
0.936546371696
1.74499098246
-1.49253472103
2.2300479845
-0.640533676622
0.459919337014
0.439437610527
-0.738854943453
0.720157586251
-1.30708640345
-1.01472335841
-0.0881929010514
-1.20822380755
-1.18449555963
1.10969333988
0.855329606713
-0.014930898901
0.992928376957
-0.359512860004
-0.832015263942
Score: 1