3
44
10
3
-0.696691781318
-0.648017720387
-1.45434137638
-0.91962080699
0.0482954641181
-0.78727481833
0.870266866814
-0.0399842170604
-0.999194059604
-0.0282271932514
1.05913426089
0.557055829787
0.183202968819
-0.352774811104
0.178346043355
-0.781194046844
-0.557483541463
0.298816986833
-0.734302516482
0.350584203438
-1.53051830309
0.0166267621249
-0.189556553008
0.375393623337
-0.0269923117916
-1.8624142617
0.331345068688
-1.01050742165
1.545312518
0.956750509274
1.57400247915
-2.47147202745
-0.948291168042
-0.798570468151
-0.185423649905
-1.14132848431
1.97147828738
-0.682286569205
-0.218732997913
1.69032363052
1.56663329524
-1.27446504574
-0.837657659928
0.699950995532
-0.0132742884952
1.27183195181
-0.860377694291
-2.03998417934
0.279003245253
1.04229174293
1.02059458108
0.394393960498
0.018651510057
1.42154211915
1.81210023484
-1.02324497273
-2.99507482689
-2.45011860585
-0.435152534829
-0.176301950342
0.0254823408081
-0.446609216415
-0.653340758451
-1.15060847743
-1.11160691906
-0.321581699293
-1.64354238876
-0.033356603832
0.0844903526034
-0.516973276629
-1.43346921285
1.24690279592
1.60236641158
-0.435835436454
-0.585619169317
0.294587008378
-0.808711612632
-0.789973861287
-0.0083479770872
-0.594241749664
1.86143872227
-0.330135777885
-0.488334682148
0.289492398845
-0.841642899943
-0.680491717619
-0.74945789793
-0.04090341979
-0.279953370719
-0.937247917745
0.687770125808
-0.531654823925
0.966373484795
0.40876521612
0.909114695076
-0.693617560292
1.08980801955
-0.0632160448646
-2.06779753954
-1.14609746846
0.924543843041
-0.48541120625
-1.81172708786
-1.39652595263
1.55860320692
-0.102507008145
1.76993265569
0.343978753381
1.29949001894
-1.30331976536
0.138944978911
0.00987031259725
1.47576324428
-0.43109324147
0.242641090246
-0.46681270795
1.02369329394
-0.64520980893
1.77753441587
-1.0293064316
-0.686191306714
-0.443238350792
-0.428568767585
0.542797436655
0.814172163944
-0.488595531945
2.30610903802
0.297328745072
-1.02562770364
0.502520455546
-0.282508758677
-0.541764591591
0.308302952788
-0.562597852971
-0.333000667946
-0.490546925441
-1.36192003811
0.399636754282
0.971935138898
1.54632088431
-0.566660485462
0.553865081953
-1.4665414008
0.685339465767
-0.493939003708
-1.06038464758
0.349480658828
0.853909634936
-0.144635860187
0.256526611
-1.43101557497
0.993695042182
-1.93004390438
0.769859909989
-0.373423796698
1.80207155173
-1.39375580188
-0.436682288536
0.257507117632
1.81070249124
1.27183595
0.200963745737
-0.022101158666
0.146691796869
-0.878284643995
-1.16761031245
-2.09302717917
0.125491774304
0.360852643445
1.30687898622
0.931633844021
1.06108452276
0.128207248414
-0.0568180457701
2.55141852946
-0.360211315932
0.155512549146
0.706149912816
2.0653076987
1.43303326785
-0.172477973263
2.01457657787
-0.166679837831
-0.0669354630029
-2.00391320121
1.15000450151
-0.485013930062
2.00290590269
-0.403169122132
0.509602640809
-1.60249798744
0.870565013573
-1.6956732234
-0.497421452075
1.5629044478
-0.0251692793925
0.0116919755466
-0.164611466525
-1.29795933855
-0.224789210596
-1.28849856194
-0.952253095269
1.00233930934
-1.77838574477
-0.880280855818
0.904515582592
0.668209374765
0.476146700064
-0.824570207222
0.0707308735461
-0.965729538745
-2.31990816813
0.482309033429
0.731992261588
-0.35219244868
-0.522915040626
-1.15779814643
-2.50728851604
0.581416057949
0.762547391443
-1.42460818969
-2.5967215082
-0.475060423706
1.54146585566
-0.509101090569
-1.10411623137
-0.316129227106
-0.722124796307
0.345079376539
-1.01036152953
-0.612117726378
-0.48325343364
-0.823323346266
0.639139741778
0.319585877963
-1.63864356695
1.18419160199
-0.05341546134
-0.990840342418
-0.346131186394
0.230162785009
-0.413270334886
-2.900629142
0.596691182588
-0.215772155692
0.301874926912
0.447883437803
0.075077538391
0.967238720851
-0.32561246246
-1.52127348531
-0.815345030577
0.57667959181
-1.07642928806
0.13462672987
1.41977899106
0.460890792017
-0.217220751593
0.302676221046
0.351480574142
-0.581916368918
0.354428650298
1.13311318382
0.10637655582
1.12039800785
-1.0966284817
-2.09013578494
-1.99722160091
-1.03872808889
-0.211973672073
-0.394944047116
-0.237919971336
0.0237999192822
-0.325720722281
0.146445933222
-0.420853767298
1.35092210181
0.0312931456424
-1.38558735743
1.7137188786
-0.252978234414
-0.357317123511
-2.22177095679
-0.987901474168
0.585018116068
-0.625328936029
1.01567974422
-0.0172722743898
0.548088651454
-0.948466153972
1.56196258511
0.802988247792
-1.4139646548
-0.556208928023
-0.70202467005
0.522165915354
-1.18977247305
-0.0193825716763
0.728020625925
0.676652784832
0.0503121375403
0.017410509329
0.191839323932
-1.35986427444
0.3610490572
-0.363290006986
0.230175354726
0.533376169533
-1.28764904545
1.49808297365
-0.839145742329
2.58740027543
-0.645758287017
-1.54479034918
0.139129657411
-0.0772304834414
0.0590803053527
0.834027422083
-0.350596046712
1.00471903452
-0.378181019586
0.218854736529
-0.260392953214
0.479871888367
-0.383566698171
-0.202137333278
0.306360762007
2.1241648029
2.52683611303
0.969139548417
-0.217807616169
0.0657716992818
0.214749941409
-0.0376714908023
-1.10114331141
-0.898158822381
0.607449564051
0.376912347509
0.775487819939
-0.410032390589
0.235937483547
-0.501063474863
-0.40671373793
1.73845280303
-1.21391832708
0.396157793657
-0.303218186336
1.35908456188
-1.3461219863
1.61692377986
0.0504295934012
-0.701256852211
-1.280946157
1.16545688455
-2.10762982223
0.483171702012
-0.459298739063
-0.372946085353
-0.526805932275
-1.6095736923
0.673437766836
-0.284190574486
-0.0431579441014
2.12018568875
-1.47291216998
-0.202231043739
-0.622056730959
0.912531747685
0.76466126977
-2.46300342706
0.949872007951
0.0953927091371
-0.419122061378
-0.526965051249
0.541577157822
-1.41020661857
-0.575008814726
-0.655584608872
-0.309049549517
-0.210689902871
-0.547072388751
-1.73982612787
-0.589219360373
1.03232270838
0.402393606348
-0.739390246873
-1.30404539196
0.30578207882
-0.693101253386
0.219391645567
0.46889988584
-1.90103737629
0.360362032024
-0.161271668497
0.806627619997
1.21681785464
0.74362428774
1.69159318845
-0.640147116052
0.872144335656
0.205891508974
1.6219634813
0.808703285852
-1.04476228435
-0.944689457142
-0.158263119874
-1.09616820155
0.829622661076
-0.784047266392
-0.155367531475
0.0366760423297
0.57080657046
-1.6599003888
0.977665918686
-0.0541155320351
0.966125972615
-0.0180906707132
1.13270143077
-0.48934001077
2.18654859931
-0.580081364897
-1.05785393752
1.16573390274
0.23740104318
-0.910124404204
0.962953594463
0.880425304953
-0.0312050237482
-0.754387926646
1.29715397803
-0.0255482300618
-1.48293289995
-0.385901271376
-0.0738750014919
-0.722055969648
0.31422233137
0.118950096728
0.239829509204
-1.0399090588
-0.377964928781
1.20596522827
0.0444790097784
-0.0265076442278
-0.176073273328
-1.27653056808
0.252488704444
-0.39565468365
-0.413640046508
1.0600772643
-0.136704976749
-2.15317602497
-1.27850498167
1.99623790018
-0.60166143132
1.11731829781
-2.62665982092
0.160529107616
-0.790605505592
0.00984872607038
1.60705192311
-0.0478159090836
0.321958225141
-0.964249230561
0.651795698255
1.87287627865
-1.46358873074
2.1679090803
-0.541603778096
0.352613744372
0.475545616429
-0.905238657324
0.675418985725
-1.5072957444
-0.96358427971
0.0945039422812
-1.08370390835
-1.19090745836
1.05140161265
0.847149038912
-0.0368735000421
1.05513151085
-0.446080056534
-0.757111680793
Score: 13