3
44
10
3
-0.392701098956
-0.325695137899
0.230943013222
0.584856549048
-0.390127629074
-0.136611907685
-0.784925921042
-0.919561971442
-0.0446608388432
0.257252302765
0.354344576932
1.44073845694
-0.331051904955
0.845646152143
-0.0848998299215
-1.33551051687
0.277872556249
-0.483240472338
0.281939951638
-0.810248270956
-1.06004071638
-0.195713966806
-1.65576615715
1.30282451005
-0.987679398867
-0.708843324494
1.06310371277
0.0790417728732
-1.36000783961
0.859532821838
0.244011571735
1.49329061738
0.895978744983
-0.870971798727
-0.625204031843
-0.228687300772
0.426997437984
-0.761061362761
0.0667781551872
-1.97577271935
-1.4217820601
0.608219869845
-3.99705216101
-0.272167345896
-0.903152725989
1.02059031978
-0.734454056309
0.884942079867
0.100374925248
1.04106798318
-0.681203495181
0.507788520721
-0.124693107802
0.32416930769
-0.209883905285
1.25489897255
-0.957825799405
-0.2337136319
0.6409946775
-0.411312169944
1.13151850581
-0.400854139155
0.268705047674
-1.011392469
-0.140711076653
0.13840192959
-1.08261300781
1.11111564197
0.349022023204
1.42392205429
0.578927131234
0.238905872388
0.139043018022
0.045692256144
-0.0241203161414
-0.782729696016
-2.1047916075
1.61034208044
-2.11885846718
0.682835292339
-0.223647972858
0.948288208521
-2.04459676896
0.92355186803
-0.259197913858
0.638711157009
0.274913728112
1.35453831625
0.562276976475
0.669003465207
0.019161026495
0.311365543243
1.54394817221
0.874018057509
2.42401113368
0.969475277008
-1.70362548153
-0.171047875658
0.432322925497
-1.6729107742
-1.6258262877
-1.82543578112
-0.272793234016
-1.59791030249
-0.855165692561
-0.434325248506
0.84712215351
0.558578368226
1.019733123
-1.79926712306
-0.22047582479
-0.479297930962
-0.886890927584
0.62746996941
-0.586395008862
-0.240530335064
-0.0600694672451
-0.0364939151858
1.22431652073
-1.14499409273
-0.493506623815
-0.108630793697
-0.942636008339
0.771759180929
-0.651321458686
0.776296696722
0.417875028726
-0.230242876237
-0.805317953798
-0.835068288772
-0.237152517733
-0.400913612992
0.482298721605
0.887248395256
0.41139668058
0.452779177816
-0.808127261036
0.906155172934
-0.834211647006
1.29597091253
-1.36072107258
0.675757179941
0.339930335263
-0.590791493396
1.35677661347
-1.68767085015
0.379153046191
1.89746045161
-1.12318104013
-0.808026781544
-0.245200293928
-0.715709516862
-1.21608001497
-1.029934358
-0.83516007366
-0.869934322976
-0.621569231966
-2.16356463515
1.87575140877
1.29511753118
-0.413765343419
-0.0324398696919
0.555914658473
-0.379088784467
-0.566577788735
-1.27473914303
1.29612442782
-0.75941479233
-0.21304662669
1.46364640433
0.480549587242
-1.28602216745
0.649852387718
0.863248130042
-0.20114280556
0.363386944871
1.51933640269
0.946835187331
-1.44516628168
-0.0789223789869
-0.19216916998
0.154744361299
1.59528067915
0.707855171641
1.49349276778
0.643348754106
0.268839245844
-0.914358231911
-0.0417552557878
0.0556761628814
0.451047683059
2.02865892718
0.162598054315
1.92217908885
0.471768826798
-1.12558587321
1.24933968292
0.437538402711
1.5321113217
1.30507283024
-0.313740257013
-1.7615055811
-0.941667478978
-0.727376385934
-1.47270048923
0.498682407419
-1.11174925155
0.570266735251
-0.319337483665
-0.309176514598
1.24723739435
-0.571160457328
-1.08973744617
-0.88529881942
-0.537825664973
0.213020806324
-0.272974137462
1.38662129517
-1.15604961683
-0.0885540828467
1.866527514
-0.863445670508
-0.312285918475
0.10626476391
0.55499082829
0.164089821426
-0.746907063051
1.18901956046
-0.131298833913
-0.601213709217
-0.785165455903
0.775096169615
-0.767341621414
-0.0188451290608
-0.361898581838
-1.44109902326
0.577065470839
0.693934309289
1.22515521958
-0.2455763694
0.351320445761
-2.18430222485
0.828102072055
1.21558445376
-1.00309645847
-0.690322347725
0.474380269714
0.125084924477
-0.63532482392
-0.719713829396
0.816609213612
-0.526286893565
1.71709652517
0.955314859353
0.330860523194
0.156886196041
-0.0512404634269
2.04108651629
0.387736266567
0.785798967014
-0.341827360304
0.875080659294
-1.0512645475
-0.482780551501
-0.734755138284
1.63653334864
-0.499679738954
1.43217365781
-1.25459107558
0.00171050892839
2.49181544377
-0.328193364926
-0.313021986931
-0.240053441833
-1.62675708391
0.66902281891
0.458001077591
-0.245303161879
-0.0217749262796
0.293491887855
-1.26344105068
-0.302402708701
-0.33348593527
-0.341838499641
0.964160906084
-0.581458617609
-0.331409217662
0.323676019672
-0.946886987038
-0.139417666291
-0.344376552098
-1.99279473558
-0.147146320533
0.641666259672
-1.15685652297
-0.238093398081
-1.28352145827
0.919940986057
1.622754535
-1.17250534469
1.53585721125
0.631022847122
-1.77026233462
2.20823885896
0.331523995987
1.69793423261
0.641747932516
0.933952896056
0.403178791363
0.401025845097
-1.39742087176
-2.28389174052
-0.940162169511
-0.0976348235321
-0.570256419551
1.66206951017
0.925404624552
1.13688160409
-0.611851009493
-0.294885434628
-1.65393542512
0.852292224263
0.491798283688
0.0373834911421
0.518581800425
0.512122537143
-0.96542051676
1.50010531073
-0.0177643932749
0.122023709789
-0.0342146653701
1.49101232173
-0.767244398434
0.393455283743
0.782580573335
1.48073289978
-0.781036805639
1.07327456248
-0.738488519135
0.592227809996
-0.486357962402
0.381781032933
-0.329833098594
-0.814301785058
-1.78792253012
-0.731929615209
1.05993923535
0.334271925311
-0.383169097288
-0.457452378503
-0.721584294283
-1.5616721396
-0.228097871599
0.710147858357
0.786648307467
1.41294916455
-0.671364216221
-0.656955140713
0.147575181597
0.281739461499
1.72276448452
0.508060866654
1.24802488268
1.52798429374
-0.105534687617
0.316906336778
1.19107806931
0.942957654416
-1.52283440906
0.400721677604
0.731058879185
1.23412456494
-0.0532687510044
-2.43249716848
-2.47239306286
-1.50487415292
-1.1252922288
-0.04998268887
-0.362544335917
-0.523593956982
0.302872443415
-0.201775234245
0.0650415349849
0.791175040038
-1.43570026777
-0.046351956661
-0.436810017013
-0.120002686144
1.46666224112
-1.18112284547
1.34085962721
0.7572937866
0.257793418654
-0.785655898147
-0.181020098382
1.25329003461
0.265067471783
-1.22962296033
-1.04186545354
1.03697486296
-0.0815046721589
-1.06669331222
0.671378729447
0.0835388202318
-0.335450817157
0.0673631818353
-0.262804643606
2.00913543704
-0.147405074418
-0.247685681964
0.59366143727
-0.209731420761
-0.91112513382
2.31583675181
0.504811163713
0.413897041931
0.86745918774
-0.567864659745
0.90871093185
-0.49624519955
0.337356350692
0.979437713687
-0.438437138594
-1.07186663934
0.0571470370657
-2.21612295129
1.362064713
-0.476448393101
-0.610321260687
-0.305832868803
-0.364292283941
1.04784262856
2.72891909247
1.49181684801
-0.753669574942
1.23993452635
-1.12346280876
1.37644734956
-1.98185223709
-0.511415238787
0.226161147473
-0.833754241919
-0.76514519841
0.0799576104252
-0.638641939043
-0.821610479534
-1.14093307345
-0.78781542482
-1.48552640926
-0.236477314116
0.227549218495
-0.929172025645
1.8405424888
0.820580133654
1.31139122423
0.715447201728
-0.755946027742
-1.43891106138
-1.84844012439
0.163721700242
-1.14688395364
-0.901877553083
0.519917071308
-1.2447551148
0.912624360386
0.913616834524
-0.934564962426
-1.01769092068
0.640862823705
1.80212031498
1.22091079697
0.277680681081
2.04236311201
-1.65721949584
0.889879584177
0.212461514755
-1.50651753716
0.632065573715
1.33336116246
0.38271203207
-0.406463767128
-1.35072570478
0.423085932037
Score: 1