3
44
10
3
-0.625892751785
-0.611344314451
-1.34353407621
-0.906244338205
-0.0470059306427
-0.763871849095
0.871888366491
-0.0361178466257
-1.09857845274
0.00958083295347
1.14004909735
0.434853983035
0.305821277535
-0.108832397566
0.289992869495
-0.900271459517
-0.23746016322
0.245148273396
-0.63739473391
-0.206897268383
-1.37808619823
-0.0464342158623
-0.0364589198111
0.766093196669
-0.12359896998
-1.70947626517
0.562321209074
-1.23916628999
1.39661581845
0.787243514179
1.47235371427
-2.60354099056
-0.985137469149
-0.777970666481
-0.262027400382
-1.120638554
2.21110446949
-0.6619216822
-0.302428461987
1.8150814091
1.43052067745
-1.36978028961
-0.709214595302
0.559438913191
-0.0404935151897
1.32524861916
-0.964384387667
-2.02670263763
0.304153446867
1.07687147193
1.23479692917
0.355429413747
-0.141456036725
1.20289821252
1.74704810576
-1.0470993582
-3.12854264064
-2.33032442531
-0.451552201599
-0.441501635479
0.0807164784771
-0.475178882599
-1.1147399464
-1.24102624367
-0.923727119456
-0.401326606079
-1.66061409517
-0.0353710222985
0.255898557942
-0.690162622181
-1.54910769976
1.41942228895
1.58921398331
-0.547313771209
-0.429905021045
0.291318731476
-0.473956793785
-0.614753231128
0.0721096143972
-0.534356279894
1.55921331829
-0.518994049429
-0.384344063329
0.464287534513
-1.14864262957
-0.683878866987
-0.488857526483
0.0747724423305
-0.287797800189
-0.579912581913
0.795111751623
-0.609708239672
0.815899310495
0.624948693092
0.744454636459
-0.636989887644
0.828634602603
-0.107798186532
-2.2922723754
-1.07039041713
0.700391496365
-0.435520719561
-1.57193168538
-1.35163079289
1.42324444942
0.067024379637
1.75646698573
0.344270708249
1.29106380818
-1.13461865324
0.216587205812
0.309779907346
1.30585308803
-0.306267081894
-0.0300605675217
-0.487320258393
1.09808359437
-0.881459669861
1.4644022653
-1.00788609313
-0.914613364587
-0.393735851901
-0.1076826385
0.435331536951
1.00517113518
-0.610154205117
2.17658291855
0.647394782307
-1.27033279715
0.666410058733
0.0198541529082
-0.342879971117
0.300794916895
-0.492210238568
-0.216477835236
-0.586620187574
-1.16148854523
0.711612342823
0.843255910008
1.32129747878
-0.673376646336
0.647365977018
-1.6037874029
0.801776268996
-0.487344250363
-1.01332757588
0.19829209086
0.87125893092
-0.117119718243
0.254102362527
-1.40287521291
0.813448859696
-1.64190796199
0.763573359645
-0.381169028711
1.68245586504
-1.24658173725
-0.308409244197
0.204692604745
1.78153232453
1.33283317571
0.0622936978454
0.274174111213
0.205310340051
-0.825987210741
-1.38762847629
-2.31898037545
0.208141494677
0.456067869985
1.20005897045
0.763377055375
1.07417557225
-0.0991593869668
-0.141233816685
2.72091354811
-0.305436535547
0.13321244019
0.73500446639
2.17892327919
1.52737725836
0.0134085115501
1.94630422386
-0.431893361083
0.139974603732
-2.05303814116
1.41210272899
-0.140291141596
1.93261465361
-0.364889739257
0.801394036924
-1.55187329931
1.04805815311
-1.3150562461
-0.449138543513
1.39975468437
0.113735783684
0.119106136404
0.116850925109
-1.13770000961
-0.498865652224
-1.02903527883
-0.59500564605
0.837578165136
-1.68165038631
-0.934289942903
0.860170315454
0.404486501022
0.670844491772
-0.812766869052
0.396318558796
-0.981808856584
-2.27840899554
0.376212316487
0.649159272961
-0.280085305046
-0.625716327729
-1.33522226777
-2.36204554455
0.552151232226
0.611711769102
-1.37384293062
-2.52596198568
-0.34236002389
1.63622033267
-0.283509774465
-1.26969371447
-0.299640139062
-1.07239861954
0.316501219734
-0.949586420329
-0.454905646008
-0.290788249125
-0.664584404272
0.524425924629
0.288953570939
-1.72535353991
1.29059816254
0.333620908008
-0.855782848517
-0.326553266408
0.54682112326
-0.586349678386
-2.85663019378
0.747683557246
-0.095188656745
0.293084483126
0.470912469721
0.457085767124
1.12194558245
-0.141126315775
-1.36038417218
-0.864137730832
0.76658265704
-1.03575197594
0.0502543746816
1.39372165999
0.838490473176
-0.295696600979
0.0976370808646
0.290392288042
-0.487363051807
0.195832298475
0.832864941373
0.0406322304089
1.1842503678
-1.05395652423
-2.104225371
-1.65320752191
-1.45759365726
-0.134033754783
-0.6309438529
-0.168108348351
-0.080070196382
-0.569136313689
0.395790428145
-0.372056396367
1.09736720741
-0.151860662616
-1.38153416981
1.5636077823
-0.39504896622
0.0161670608216
-2.04373912033
-1.15678995809
0.510266832553
-0.451672914808
0.849627026032
-0.124096980737
0.58315759448
-0.671416053539
1.2571772886
0.959055190714
-1.46897986794
-0.773413183893
-0.916330000561
0.707555017306
-1.04621426152
-0.249478973506
0.274569978401
0.726207878929
-0.322203036485
-0.0342491314428
0.0717940099188
-1.30746388482
0.178889060952
-0.455036926373
0.142268358246
0.34555415225
-1.30291684255
1.15318740448
-0.910692965085
2.8380023253
-0.716311729016
-1.76069123994
0.238990745024
-0.174024596565
-0.189103898234
0.925492128394
-0.378451113762
0.699772881635
-0.353943186151
0.545440270251
-0.288478330771
0.512880347016
-0.320015725809
-0.441086999408
0.490329587691
1.93808334585
2.09898678621
1.309935922
-0.637150927132
-0.0153086065493
0.0359931781149
0.145431487928
-1.0792457301
-1.02847154103
0.617360826761
0.306042708094
0.802815064545
-0.490107056155
0.217514407187
-0.302478194441
-0.253185787507
1.97409306854
-1.08391934408
0.192797467835
-0.283371990338
1.08495605021
-1.34425960638
1.3691637585
0.229191142935
-0.789205087736
-1.23553232333
1.28087896137
-2.01792750174
0.497073333386
-0.533779932094
-0.239618441085
-0.448249686126
-1.72096814123
0.455390431972
-0.18748460491
0.192180140349
1.93814505205
-1.52747109845
-0.29907092244
-0.64803786521
0.899741911349
0.849902171033
-2.35667597696
1.21815442273
0.293317672146
-0.438524140769
-0.401450641338
0.450706469951
-1.44483424531
-0.454398301495
-0.820647571374
-0.326036650774
-0.304850562421
-0.661007862842
-1.81557192093
-0.772064941078
1.31926754843
0.496891741111
-0.692920920363
-1.32103352164
0.475233222687
-0.516525709928
0.251929564175
0.533778251922
-1.74019164676
0.239885517352
-0.387015511448
0.708373036141
1.21502658426
0.871854353387
1.80846256379
-0.299341563221
0.951516442971
0.104953475918
1.79951548276
0.99237236843
-1.03181255174
-0.773657827527
-0.525433034078
-1.18929072988
0.730767046437
-0.886525682772
-0.328683330406
-0.20119847536
0.603158621021
-1.58513735911
0.877188810778
0.114834627069
1.29797605059
-0.0994334717457
0.924066900843
-0.912672252703
2.05246483536
-0.481040434502
-1.40136170156
1.22237344483
0.103132397736
-0.925105662814
1.00025293914
0.916089615136
0.147130427581
-1.10016335616
1.18167782958
-0.0233984776894
-1.80732201892
-0.405372182938
0.0197245449026
-0.840818925459
-0.0846732800977
-0.0359350878154
0.0119002254724
-1.10907604477
-0.241456123296
1.07140593745
0.0298837367455
-0.109084019725
-0.230787201827
-1.40565854307
0.00954094423314
-0.490867904165
-0.520921968352
1.31825686565
-0.132967329782
-2.30134518193
-1.40748658637
2.08437164114
-0.510598677726
1.05160135247
-2.31795345371
0.0405009216956
-0.89000930574
-0.259284800103
1.41213517168
-0.259101520801
0.361154176024
-0.819379294108
0.903447432805
1.90724058681
-1.46015192097
2.02366651594
-0.587494227777
0.505602919447
0.68635518953
-0.946987071132
0.601383037877
-1.54261780884
-1.2500479805
-0.0973279232378
-1.03109627783
-1.17875514283
1.09593078516
0.974420921049
0.0931695770425
1.02426176736
-0.382268391739
-1.05865932973
Score: 21