3
44
10
3
-0.742064662536
-0.815686142643
-1.50499188089
-0.746595916281
-0.544234891689
-0.675946579879
0.911561301985
-0.108684761732
-1.02405894152
-0.290488106283
0.839687947262
0.314108862723
0.395619625148
-0.278525523782
0.216429500528
-0.921702998032
-0.397047068221
0.192056396545
-0.795612857479
0.287731841947
-1.49334114609
-0.031805128011
-0.0696263355395
0.640303882529
-0.1660765972
-1.75593030012
0.417519766797
-1.15415218737
1.40256340819
0.805290090215
1.45610874682
-2.62280854532
-0.817762560481
-0.858871778359
-0.154237178576
-1.22765668107
2.19461758657
-0.867667032651
-0.126811918018
1.50794462849
1.43597081624
-1.3161471134
-0.740222802853
0.802973705785
0.015388055527
1.09489435729
-0.964536942093
-2.08282987748
0.35252685643
1.19499923922
1.10190541824
0.40505294496
0.0268642582556
1.45130519928
1.72227742501
-0.931939865078
-2.81496259894
-2.38762118689
-0.513291283305
-0.183436943663
-0.176902495049
-0.393900106116
-0.983062361753
-1.17015299989
-1.0344872234
-0.781832371057
-1.67089604643
0.134217129033
0.24539301555
-0.566507253307
-1.56658588714
1.25857205786
1.3971328901
-0.539232634122
-0.55264893754
0.173078294155
-0.635047612751
-0.58952698844
0.108132987919
-0.441900555848
1.75810899378
-0.186723215111
-0.547216671852
0.394654533787
-1.04247889924
-0.61202192454
-0.682458049184
-0.279577350573
-0.508436639419
-0.935628930195
0.956695205832
-0.459428713103
0.98942519247
0.245876349707
0.728382885207
-0.744851461046
1.07754122234
0.176057101675
-2.08265288179
-1.08196656239
0.978354106702
-0.514326458425
-1.78282419622
-1.4232337927
1.25656672164
-0.0994060832189
1.8279952569
0.414931549009
1.41554246515
-1.02390871442
0.0729181454784
0.00469442774806
1.37606335508
-0.386194831936
0.266976689539
-0.519571817291
1.07141687855
-0.584029771612
1.73542791313
-1.05434740069
-0.690038283861
0.00912069640056
-0.343533612019
0.503081851368
0.914368611604
-0.527081050516
2.24758144121
0.425846797365
-1.19888709538
0.453215111035
-0.420357115653
-0.511006329825
0.427717190737
-0.352802021298
-0.233277469289
-0.505748823282
-1.17866775013
0.470424238467
1.15638074032
1.49494242915
-0.570736908869
0.611891695319
-1.58178449732
0.641132391663
-0.373198827749
-1.28183543871
0.356804777615
0.964604024482
-0.136898784471
0.433409528607
-1.25167581569
0.897299429632
-1.905715002
0.867086220772
-0.262911829005
1.67858928494
-1.39716471398
-0.346158797506
0.506874269255
1.8750334217
1.19709001749
0.102545207484
0.223911819258
0.354122135704
-0.752990227177
-1.24567690158
-2.00158943774
0.129458977989
0.600090671703
1.03563791805
0.699028100769
1.11550912937
-0.184193921256
-0.192746408877
2.62628872692
-0.333766175503
0.370676857857
0.586170305537
2.1358790445
1.50499220952
-0.0690661366909
2.10043196603
-0.10730744197
-0.11120487622
-1.85037196164
1.06645929191
-0.279172725372
2.09509061575
-0.423895314447
0.546691725771
-1.45933796053
0.92203698711
-1.77838358078
-0.49129759601
1.67162061165
-0.0358972307516
0.0086371597557
-0.00887382438211
-1.28632678424
-0.213892168879
-1.24117055745
-0.860816189399
0.791207755575
-1.47799978681
-0.853737267052
1.06667745657
0.711679438089
0.469585320831
-0.713061100068
0.434072566292
-0.928813062577
-2.24970200925
0.476688495912
0.901405456635
-0.527579736133
-0.480907939448
-1.2116050524
-2.37231671952
0.726668615765
0.757395379719
-1.37467236713
-2.49515267349
-0.415960942824
1.47270685976
-0.716278688739
-0.998465709603
-0.190535700762
-0.745153487049
0.379733187757
-0.768772767868
-0.786453427613
-0.288840904083
-0.868375647552
0.590826720285
0.127817617305
-1.63703539922
1.16636111721
0.117188293488
-0.864721226574
-0.458162742529
0.128447862258
-0.698660416034
-2.91445958659
0.636677654519
-0.143817312092
0.436751655321
0.469708733682
0.0845978709752
0.965845184073
-0.064753882624
-1.59869636513
-0.861922336846
0.515218234176
-1.20735075246
0.107089502524
1.33565841874
0.531110251624
-0.206448167154
0.260315838468
0.437313365492
-0.667086959729
0.319691101477
1.22130766712
0.193626178863
1.25670479441
-1.10264058902
-2.11997305194
-2.02492231983
-1.17026223898
-0.0446308287175
-0.501034327616
-0.350720799474
0.130199400038
-0.284422601227
0.339080795552
-0.254180104534
1.200995358
0.0208180932152
-1.72996313414
1.66987225094
-0.417305952416
-0.239920000306
-2.13240564392
-0.94405196062
0.540974622981
-0.3942537421
1.06169158471
0.0422454605696
0.413951781616
-0.703674264995
1.48368099714
0.912511935126
-1.5986468465
-0.459305275534
-0.726817917734
0.576923673376
-1.06483476873
-0.118541816924
0.688931471388
0.504611964809
-0.0614193820884
0.189406632449
0.117067119772
-1.59650488064
0.473316224411
-0.177586108759
0.0585558450928
0.435726937918
-1.36068259937
1.64309173973
-0.75416839944
2.63851527084
-0.464820196739
-1.48582841887
0.0727730563819
-0.285420839685
-0.316934874271
0.830929829967
-0.278475054487
0.826244926994
-0.174996039252
0.309803942821
-0.211938890144
0.30317811089
-0.263701537606
-0.333107742111
0.658495541407
1.94408244617
2.40862725001
0.97981520227
-0.312462602814
0.343073735899
0.152453321138
0.0428447573258
-1.23677767263
-0.90704542746
0.380141446306
0.205989732494
0.695752431091
-0.693702046976
0.178387868333
-0.647878370636
-0.184054419588
1.93357991786
-1.08210702599
0.508467153907
-0.336987237737
1.09563185663
-1.45858545749
1.44303395994
-0.00449272406904
-0.652722547186
-1.38077067141
1.34215537635
-2.38828880498
0.174857313524
-0.49252351331
-0.385246034064
-0.550536877439
-1.50702207355
0.712609034394
-0.222944597203
-0.0801287152676
1.9707202042
-1.60270566208
-0.234981934444
-0.318432195671
1.04114257998
0.824508330324
-2.36633930261
0.88254690568
0.245972985815
-0.453035969313
-0.511480957345
0.568961041918
-1.56679414226
-0.711339517403
-0.773822732899
-0.162644201783
-0.473607946765
-0.783536734015
-2.03269201128
-0.669090192268
1.28322539299
0.492672094345
-0.606671490325
-1.36625233583
0.329403466938
-0.777721012284
-0.0663206200292
0.689673035749
-1.78500604327
0.236910238495
-0.2013930634
0.762391965004
1.28985645206
0.745046398414
1.69040547686
-0.506839282201
0.781508643621
0.158131595813
1.46700620849
0.93105276617
-0.937277757426
-0.968129820914
-0.361609817463
-1.2426928951
0.840227441031
-0.934224757898
-0.251976822566
0.0615180241959
0.501959191399
-1.48120355831
1.07563683238
-0.0562732401856
1.0901816062
-0.0512330920675
1.04667604071
-0.675413693415
2.15515553237
-0.536472741121
-1.2434901012
1.4332284825
0.19307161104
-1.02257137437
1.09916430176
0.843149628605
0.0436864321149
-0.960889183871
1.34611665525
-0.165610711652
-1.7278930196
-0.15780065632
-0.0791520230641
-0.720844131082
0.164935446022
0.052336075098
0.374323315081
-1.05339939685
-0.302767568368
1.03136582206
0.0238071730474
-0.120819428256
-0.299437027696
-1.12735456266
0.253665863307
-0.633229566572
-0.250010733769
1.04001116581
-0.0521503487752
-2.0616502833
-1.21438249942
2.03136221282
-0.680645365548
0.914590939446
-2.59963896818
-0.0942517438939
-0.883471649256
-0.0214635841944
1.60762168579
0.0685592243028
0.3691886358
-0.923031570784
0.831239910268
1.77824061276
-1.34090522783
2.06194283734
-0.615489903638
0.331604444964
0.507739706504
-0.918045673612
0.482005095813
-1.39597109309
-0.930043579571
-0.0347875065947
-0.937859977302
-1.10317572429
1.28191493217
0.770885285166
0.034430420602
1.08479944346
-0.228530071711
-0.693227433571
Score: 13