3
44
10
3
-0.118166929526
2.32067141
0.263769870799
-0.610477625946
-0.14185849856
-0.151878841032
1.20631170437
-0.563736969089
0.347743271017
0.850920298846
0.224511077736
0.899109470355
0.507009622712
-0.424108155688
-0.135007753754
-0.483219854033
0.353698887516
-0.981974265532
0.826002412251
1.50964237849
1.5380935527
0.0134141060823
0.127244621435
1.35459620944
2.39870214169
0.350019584404
-1.68467005966
-0.786452282966
-2.86926877861
0.797756963178
-0.541507327627
0.718585439645
-0.31614292131
-1.31758287458
-0.0266598250662
-0.116969052385
-0.758996065358
0.172484008322
-0.269676389808
-0.98218913787
0.0687831785193
0.425960374481
-1.44795874839
0.80059529375
0.618170990236
0.514616825809
1.23833547164
-0.76588183848
0.201110619831
-0.236855297046
0.541877680236
-0.568943646579
1.55493701866
-1.53607962851
-0.591290211215
1.16238185115
-0.0259038347368
-2.22688850905
-0.60603368208
-0.298449694315
0.374897070752
0.230641412877
0.742710971496
0.114446109006
1.25452808536
-0.582628909391
0.0743714893331
1.22398542403
-0.979728106707
0.43828122483
-0.170577362222
0.149222280749
1.39365005603
-1.42349510881
-0.472343228397
0.445905507633
-0.220476619466
0.885457760559
0.7503063772
0.779565108882
1.25874407054
-1.50593245379
-0.168824830289
0.21146797891
0.353056460774
-0.4132649888
0.326086796787
1.16975763681
-1.38809194799
-1.9109077465
-0.761519113145
-1.35198840152
-0.56285907447
0.763650135879
-1.21178053439
2.28574887242
-0.08677564733
-0.381721251415
-1.61208839509
0.859941764424
-1.07848346846
-1.4078287388
0.110936338701
1.67655760407
-1.22472641008
-1.79497116472
-0.212137361174
0.830877191555
-0.884269176956
-0.00832413771625
-1.64786716554
1.5425709697
-0.167774305714
0.230707333727
0.271004123355
-0.652041663694
1.67241912906
0.870055482009
0.708173817107
0.726981578393
0.00893965689343
0.396218378678
0.46390052394
1.15443426181
1.26127093677
0.0462346210617
2.21285924458
0.0664008492984
0.250606163893
-0.979015461915
0.510681018964
-0.569444928265
-1.517342424
0.573970376264
-0.138081452143
-0.45102251655
-0.00502017378195
-0.978978326531
-0.903531171539
1.50957920182
-0.684545755616
-0.194182224118
-0.598533734759
0.845333166013
2.0413890804
1.26779190183
-0.284347023599
-1.1200571183
0.369475036702
-1.84272468414
1.44000800412
0.575288879468
0.858277849515
1.00753220287
-0.07770923082
-0.184528595708
1.07883554311
-1.14143276395
2.50552459206
1.47794971826
0.340249725753
-0.0639071687368
-0.706691093095
-0.8458237522
-0.739939347886
-0.452327326645
2.18454944226
-0.0719891273635
-1.20666062697
0.234640424169
-2.54309166766
-1.89110580215
0.782315817019
0.504939448391
-1.19121282171
0.510473085299
-0.97714094825
-1.55549334282
0.165002376137
-1.18715016882
-0.834245452287
2.75853099779
0.627338782573
0.278919466958
-0.338433812105
-0.406244824456
-0.24906296935
-1.38987421727
-1.0036358565
0.58809960987
-1.30759886023
0.717918497097
-0.722849094322
1.90833967724
0.374139904144
1.11123916322
-0.104125274637
0.494508703231
1.2126061818
-0.690478226709
-0.210551082342
1.7331294744
-1.6888257244
1.67912117458
-0.568794325508
0.827804934744
-0.742209473764
0.633823869092
2.00804685465
-0.102757789104
1.25668864953
-0.348644981821
-1.26096438212
-0.166990674347
1.0163470009
0.137476534975
1.53267306902
0.254130880768
-0.735735277684
0.429812961258
0.0608690172385
-0.154985889514
0.915053640835
-1.3421423224
-1.22591221369
1.63259491198
-0.752339631511
-0.121226746835
2.22615404905
-1.16498766468
-0.594583961883
-0.222007531005
0.209631861545
-0.367659711964
0.0762777472986
0.607129483515
-0.960591391613
0.81610529105
-0.119903272946
-0.540794325439
1.02080344224
-0.443828478846
0.588677912515
-2.27112020447
0.716315471973
0.299261327761
-1.46657507517
-0.606034428885
-1.4907380591
2.01598574911
0.0304763034097
-1.37758567669
-0.531594847619
1.5270943702
-1.84015106782
-0.0349857839047
0.842222903833
0.635404540303
-0.211640331303
-0.639794830737
0.510900921532
0.15818693884
0.0376693765786
-0.682630170916
1.45257471939
1.00850220578
-0.0356512755546
-1.10070194114
1.30568469862
1.29322373099
0.249167159556
-0.000402615854864
0.549454892282
-1.80265532355
0.312015157903
1.64670546762
1.26048162619
-0.0645637967736
-1.72043518569
0.778756816695
0.158139093228
-0.651127601512
0.446157437857
1.2990098351
0.630951834459
0.938211840435
-0.518759746885
0.583894296079
0.758620109189
-0.492510798007
1.21827983751
0.0993990451885
-1.53557649416
1.76340346974
-1.04797736971
1.25826901532
1.34431562975
1.1198958624
-0.298111307824
1.00433365255
1.01769353714
0.4503643862
0.119099483734
0.0381530083452
-0.678134990526
0.82666298166
-0.678837082458
-0.001214769473
0.0395719665611
0.625286458593
0.798225416788
-1.74559262384
-0.732355494642
1.0033110135
0.486103084136
-1.4843271158
0.49989113282
-1.04377487984
-0.236273113571
0.183968745967
0.965965622794
-0.0590488572633
0.657064626983
0.676717491181
-0.442802579146
0.0122457585734
-0.0247571316605
0.295612497509
0.559440459013
-0.853883978873
-0.503847788761
0.706812432069
0.761371454074
-1.25891183709
0.305352836474
0.30894523145
-0.766548519657
1.59706057923
1.72608710199
0.81027970733
-0.673414054257
1.42262728642
-0.027495138795
-0.847013075002
0.624124076126
-0.241903506423
-0.138588187888
1.76570642154
-0.746323222884
-0.47328088114
-1.2599640495
0.0779996832389
0.954594732245
2.98747174546
1.3372844513
1.58188238804
-0.64458513627
0.304143592618
-0.316214998016
-0.0300964676965
0.547850926873
0.281327274832
1.03330991742
0.0570385830547
1.06565442913
0.889364715007
-1.26353554532
0.49868755213
-0.130252223808
1.2588985557
0.473748090693
0.994525310006
0.918373638052
-0.558900035337
0.654352740692
0.249308773772
0.927867261641
-1.16534891103
-0.296995905453
-0.760623854427
-1.44648194091
0.736844295679
1.29785885346
-0.420014341933
-0.998847174614
-1.48573545762
-0.169074059873
0.948139887383
-1.75729186508
-0.130050740356
-0.93904659241
0.733768598354
-0.320339975693
-0.437741953294
-1.9823313802
0.348256487429
0.730708961837
-0.100954728315
-0.966520838116
-1.55432929891
0.78966891423
1.19616499263
-1.63976429422
0.817158596654
-0.070314061049
1.38733608263
-0.014389059712
-0.0570012800566
0.524693058847
-1.30221805125
0.101550366446
0.0126733043679
0.706974399316
-0.729955730635
-1.75942226516
0.145815345728
1.63434053155
-0.215855532995
0.758534690122
-0.480030891549
1.04153805854
0.927230371287
1.64585803
-1.22702318323
0.124092200525
-0.419873924789
-0.278942216621
1.41344503243
0.821128698372
-1.34875294015
2.39019444966
0.734199534339
0.25574388466
0.676836259725
-0.418958948134
2.23232834259
-1.69634809016
-0.594443963568
-2.86898048613
-1.77060680372
-1.80754704888
-0.779185158465
-2.37228125477
-0.305180162355
0.0841796181537
-1.31203098388
-0.319968806752
-0.396273969855
0.271473579132
-0.309323261381
2.42933181019
-1.56527558112
-0.596419959463
-1.04390984649
0.477051275125
-1.1443069186
0.84823790277
0.13837628863
1.0573624237
0.128668107735
-2.23393512216
0.193457663329
-0.891614691581
1.68716919448
0.0195380425728
1.07718795149
-1.10158516132
0.649395776489
-0.783263411889
0.583319474649
-1.31640170283
0.495218156841
0.488724742544
0.425476606696
1.52284662429
-0.195088623375
0.713617381196
-1.28279689542
-1.07805525197
0.775338476084
0.216783300335
-2.33456986785
0.00420910696216
Score: 11