3
44
10
3
-0.675003315513
-0.66065485165
-1.37289229592
-0.917087154782
-0.0319459789302
-0.652240759049
0.737641415253
-0.0750743359372
-1.01739957606
0.155917203473
0.953870820874
0.563355645121
0.295568574364
-0.30907044651
0.26084690678
-1.05681904707
-0.21462873272
0.316867633431
-0.78565402035
-0.0392627945201
-1.38298186617
-0.127448095074
-0.110394373945
1.07082207131
-0.0194996178409
-1.79713434342
0.525960885932
-1.09764706139
1.39559877601
0.730402693627
1.54029037427
-2.57001095152
-1.0000845388
-0.664022286186
-0.244231814979
-1.37209727811
2.14589735326
-0.647819361111
-0.300066576231
1.65724343065
1.3247895246
-1.51409840239
-0.70728007962
0.612944307919
-0.0222336888726
1.21362124023
-0.768460926721
-2.17244309935
0.103772840508
1.11172750914
1.25368299196
0.513407908775
-0.0893421148604
1.27919992445
1.86458660028
-1.11599064365
-3.0121593675
-2.28193820052
-0.535623381015
-0.144944814069
0.0566576368383
-0.461410494785
-1.0554999083
-1.17567038154
-0.862879265787
-0.47283329615
-1.67793185771
-0.0261760889457
0.265469924556
-0.463908268687
-1.60560797339
1.38237239237
1.59680152187
-0.412341386099
-0.464074621762
0.0984599154501
-0.602781946715
-0.766863545625
0.260048356052
-0.465668921779
1.76501126837
-0.367111576295
-0.370039280683
0.278644615915
-1.03931535506
-0.74262587464
-0.68463991284
0.110713339934
-0.363039935261
-0.784610704719
0.869059363495
-0.47269541168
0.686034809935
0.454765561794
0.602488872542
-0.802379566862
0.794820037782
-0.0959107123175
-2.25723544491
-1.01689947667
0.93311779193
-0.575094168596
-1.68621049574
-1.5016911527
1.60270739944
0.0538287910525
1.74578180283
0.533255321972
1.08614158506
-1.34231197012
0.129120976301
0.262800255926
1.26736642904
-0.347883731994
-0.0385950371307
-0.548440548148
0.939008555521
-0.885662414343
1.53756765405
-0.950939037513
-0.760497690224
-0.504702839967
-0.250443371299
0.582316170159
0.783620652242
-0.678816571461
2.23069561291
0.496059860359
-1.32009224674
0.438088620812
-0.148077452168
-0.448001410629
0.446227582079
-0.324186722882
-0.15558025017
-0.592709611393
-1.23630741995
0.564276724019
0.85139453964
1.30942433843
-0.726776717415
0.848404687307
-1.78227457603
0.744142631576
-0.504018959574
-0.999639429933
0.352098691613
0.943160113255
-0.1509618044
0.397164803264
-1.21838042398
0.813588932572
-1.76890803411
0.90385871752
-0.440550054812
1.89043990632
-1.10408754124
-0.420839113867
0.273067170408
1.81706671851
1.4568769734
0.112414064083
-0.0189308203875
0.280392913583
-0.849962151235
-1.16323633756
-2.14494808338
0.131253773095
0.362256183469
1.14197630539
0.942616882606
1.05552183441
0.0592921890301
-0.0390549242459
2.72947522739
-0.271933967252
0.19163329582
0.660085876538
2.0437719924
1.49112775401
0.133403406777
2.00234842741
-0.426736258996
0.0894635198328
-1.88054168591
1.2574802959
-0.130735818784
2.12771577151
-0.41103038541
0.474759018995
-1.49105436771
1.12238072044
-1.60823344577
-0.487591382356
1.42992866613
0.08972683185
0.0743340488806
-0.0339600446821
-1.12252981436
-0.593149116185
-1.10216657425
-0.64124015603
0.87436607068
-1.504279698
-0.873895634841
1.00846002576
0.397096863914
0.61478992561
-0.867227326509
0.300366264108
-0.985888579275
-2.00209930241
0.395436124239
0.707270318091
-0.121715414972
-0.559259694941
-1.30567888925
-2.51165868141
0.456652214089
0.596617023477
-1.42948563712
-2.46566228571
-0.253838804166
1.62256172321
-0.396738038281
-1.25621597422
-0.168255405017
-1.08922787758
0.362852598324
-1.07294037978
-0.586854869872
-0.429225969795
-0.641706728705
0.528678292619
0.264630342531
-1.83075461094
1.38011145812
0.138849892711
-1.04612689648
-0.238213275347
0.573839511538
-0.787939817951
-2.86769528216
0.68175794174
-0.0281413605648
0.148956757092
0.437188120628
0.434091979889
0.823433983842
-0.201879266923
-1.46000570449
-0.860350524598
0.708971498364
-1.10301247661
0.0936564486641
1.49267097705
0.904594492124
-0.202331472791
-0.101493789721
0.420686360953
-0.633321591557
0.0694028086223
0.904348338534
-0.087932231306
1.07497470957
-0.974581753745
-2.10954069611
-1.87639863045
-1.52462302724
-0.117453785739
-0.464146821224
-0.344103875317
-0.174599321774
-0.525238322083
0.261340404966
-0.362165941925
1.28971145309
-0.192843240905
-1.39944185386
1.70635737003
-0.519583916768
-0.218500968316
-1.89858198298
-1.23275854688
0.456064303638
-0.258314263875
0.935008768594
0.173632994114
0.631381616773
-0.821115794072
1.29436901783
0.947106524967
-1.29892293453
-0.678921201085
-0.772347485409
0.631330379836
-1.08378459579
-0.248657941645
0.371109362575
0.586361606983
-0.243965792883
-0.130074985181
0.0531191142707
-1.28211103821
0.303720230996
-0.353130312685
0.253506602877
0.334073757403
-1.40211247443
1.44273511271
-0.894897803682
2.75143169969
-0.693505384869
-1.51361959152
0.341313583952
-0.215632345039
-0.220975099733
0.905359015006
-0.22155782194
0.881321951169
-0.172597003803
0.459740213791
-0.200616689566
0.623126256004
-0.297872469824
-0.596896324822
0.658585785593
2.08221404651
2.20620380676
1.21144730882
-0.584138715428
0.256008507751
0.290192772707
0.148059911244
-1.04748553608
-1.05612678076
0.588993547235
0.221604414193
0.83095365821
-0.70204020892
0.171097481729
-0.470955168736
-0.159647739081
2.02587862449
-1.11919488213
0.164699019509
-0.131591831158
1.1355463299
-1.35195159016
1.38294583548
0.247938435743
-0.835130643666
-1.30059893534
1.24243416309
-2.17095250933
0.491461894445
-0.677807029714
-0.0818213699062
-0.469161191313
-1.61847197599
0.719550367225
-0.25194489255
0.0229224696637
2.1001344361
-1.43618025388
-0.243923351529
-0.599896565861
1.0096431214
0.888098095318
-2.31859369994
1.17386545434
0.22490963436
-0.430350985848
-0.370521516997
0.533670805629
-1.51233915822
-0.418427029617
-0.93646945154
-0.176761077323
-0.454548103949
-0.595570354166
-1.67481986975
-0.742605872581
1.39696343387
0.591084443765
-0.766852024076
-1.17269512583
0.451610252663
-0.644200985608
0.313810122073
0.506520724834
-1.79357472574
0.0751757567972
-0.293815580956
0.889643856691
1.45651769707
0.955237873173
1.79974886735
-0.365845950359
0.788234676405
-0.070388824959
1.57918197751
0.83009506276
-1.0029476352
-0.712951545177
-0.497486194188
-1.17034921476
0.747288389178
-0.802336376993
-0.235950521461
-0.18318108427
0.452558287249
-1.53015295101
0.945514184262
0.119681744775
1.2496318297
0.116456052442
0.971743018208
-0.779268557658
2.25189611753
-0.459589709815
-1.33670155758
1.16964409518
0.16256059021
-0.872377705738
0.964694160947
0.797496909416
-0.0106095026478
-0.867381923259
1.32873480679
0.141797621661
-1.83292317989
-0.539863009675
-0.0725127489108
-1.08657588203
0.197242660913
0.0703915635602
-0.0246565611946
-1.11932578152
-0.196232927602
0.96091727032
0.0364663200057
-0.00298423628208
-0.0718086570016
-1.29905285207
0.0515908211241
-0.489924517553
-0.640144494501
1.16678725288
-0.0866246098196
-2.24912295801
-1.40027945854
2.06922801325
-0.65549612684
0.968752328954
-2.45060443268
0.0561987026061
-0.956099278767
0.0215403272943
1.36567199012
-0.250266196886
0.4403609907
-0.870104963814
0.87477113213
1.75453602343
-1.49393247335
1.93249511691
-0.634914008706
0.290417179636
0.637292903861
-0.837693520212
0.640450524147
-1.4929448418
-1.15111142739
-0.128262115627
-1.12503093446
-1.11585803836
1.17965734399
0.716925003087
0.00947039951457
0.967055704962
-0.319188439589
-0.903173610204
Score: 1