3
44
10
3
0.41949533756
0.191291814776
-0.688585758833
0.241229993806
0.332660882235
1.17545958227
1.10306978893
-1.3241643872
0.759135869892
0.17825246592
0.371858299283
-0.0853270928486
-0.828424767887
-0.278184034981
-0.845332175732
2.75339267029
0.988377181804
-2.1600404475
-1.70397966275
-0.753913246874
2.25728154381
0.798669303386
0.370924766395
-0.285270233138
-0.403635331205
1.01209000608
-0.902921407463
1.60907581509
-0.590305691805
0.579367889065
-1.95353541072
-1.80860980516
0.979516576372
0.666639396152
-0.856769571313
0.441551622056
0.566906778534
-0.378665662769
0.788072265097
1.30459127359
-0.662008072539
-1.2239864989
-0.0135702966166
-1.42134137908
1.30159792256
-1.62707907043
-0.154601071915
0.327747989171
1.8762510708
1.95344434065
-0.242385797785
0.542655371493
1.13991638205
-0.745954594635
0.0724342169225
3.00350519909
-0.845389503157
-0.279951220171
-0.633083986732
-0.675468749615
-0.907495947644
-0.2049721296
0.375562700553
-0.282058206842
-1.33890684754
0.444793879613
1.46450100044
1.1951149039
-1.27383246061
0.514842318067
0.940710525912
-2.50581740413
0.817703802127
0.777224658659
-0.492733361164
-0.497067056745
0.28326463311
1.41488655457
0.732499982352
-1.31542496753
0.121723310761
-1.74383249134
0.0913367991962
-0.318546724657
0.623810422195
1.01130571092
-0.828410542199
0.652884257071
1.54786504842
1.40422855466
-0.31314198757
2.01424413866
0.321732461353
-0.473258659588
-0.936579390015
-0.637996647952
0.162002424944
0.159466641057
0.0320634547627
0.653732054819
1.08192701857
-1.06038492658
-0.634104404353
-0.195785542944
-0.290487598858
1.94602305097
-0.164371716531
1.41457332433
-0.305542588604
0.0484045801139
0.808455426
0.00422473237477
-0.244136868806
1.74917937221
0.574343552212
-0.528411048513
-1.09697926045
0.735604144978
1.39806632972
-2.03607954788
-2.33413443464
0.731369940993
0.587458369007
-0.355661861852
0.528682512781
-0.177643563805
-0.329520272746
-1.30155033963
2.10254782623
1.19367182714
0.357893340962
0.131169949385
0.334732659743
1.0538543319
-1.79135727577
0.589512043947
1.47350739879
1.05624551937
0.920394671417
0.483445554834
0.663344665999
0.877377343085
0.566941860306
-0.377610791426
0.555758781537
-0.745179414123
-0.506852790035
1.15773742505
0.980167262052
0.840878166448
0.840439542703
1.09989510587
-0.390272307294
1.09934306585
-0.452738923961
-1.43567195132
1.60671524262
-1.33077885777
-0.741327235231
-0.733636939533
0.366103495467
-0.507887245204
-1.09602836358
-0.922410168034
0.0909532055128
0.368777215956
0.895191999966
1.54793804322
-0.390411710692
-0.943803710397
-0.624086328084
0.420936000903
0.675036329487
-0.0518319455862
-0.485167156112
1.59444911563
0.0806896672817
0.739232704705
-0.64744666177
-0.0951403475173
0.753837162382
-0.359225834198
-0.580019864147
1.56145109368
0.0902896380733
-0.267978580486
-0.598206970871
0.271983221639
1.56868146343
-1.46377448586
-0.660907373741
-0.234148550708
1.31487503577
0.12322134509
-0.588148002273
-0.864936917094
0.797135063512
-0.9388771034
1.05087145552
1.2332537982
0.544949657357
-1.0140561075
-0.582707048273
-0.723545889708
0.401131679809
0.566130751353
1.24815165443
-0.077109773028
0.0941773692804
-1.73747102119
1.53710637863
0.527443262676
0.23840312308
0.0345740654081
-0.655147983286
1.63898204568
-1.75458768372
0.448890844938
0.915234225852
-1.52377683426
-1.01096493244
1.15165522134
0.859435389109
1.0975933752
0.122566440205
-1.30767051181
-0.427722848161
1.28736327195
-0.359744775602
-0.749910709976
0.657482139222
0.260129879095
-1.34837894334
-0.643789583465
-0.758303144102
-0.00676759788925
-1.36510352792
-1.16500589196
0.809860327107
-0.190465885723
0.664925739752
-1.8410623769
-0.137502385764
-1.19604258889
1.95757642654
0.55393051734
0.331486441915
0.260473661085
-2.81241979461
0.174448261187
0.202226816517
0.958729430013
-0.0339368682572
0.295962339449
2.46905037336
1.51311705488
2.01385962582
1.34081913121
-0.272492427121
0.995135151317
0.57497083884
-0.761954707265
-1.72984049067
0.234757254367
0.980802756747
0.234141501866
0.639033870355
-0.470824252356
0.108495703177
-1.31659669138
1.16191632174
0.339617623266
1.12588429282
0.624444419863
0.17528483547
-0.174511908971
-0.0696726673232
2.22574006843
-0.402175185187
-0.451621290565
-2.01262738725
0.0978305042407
0.169722076552
1.20974092854
1.22078825478
-0.9000222521
-0.57721383991
-1.42379710366
0.612023938669
0.637637040015
-2.09697715581
1.14813936559
-1.01510237172
1.09326218787
-0.478010696914
0.919988452899
1.21889162335
0.384001695563
0.516077010592
1.33278728727
-0.613892378692
-3.57183868116
-0.223525275593
0.237696484222
-0.282935305279
2.40247624202
0.0881572857094
-0.519426918774
-0.801302677777
-0.340894035304
-1.07362879754
0.198515169812
0.223318254718
-0.890778788198
0.250800399377
-0.381318034928
1.52903677026
-0.473556620632
-0.212471613147
-0.541160881465
-2.28647739708
-0.788318668349
0.925331592332
0.587317090513
1.22544074607
-0.0478406162914
-0.4960850271
-0.902019341133
-2.03477558112
-0.25005036802
1.23247646287
-1.31104996305
1.04562944923
-0.759726275896
-0.202093427234
0.810291456031
-1.32662126533
0.570785054594
0.493997918725
0.408411377826
1.2988667978
-0.111979390282
-0.376947786249
-0.408979851421
0.729550568826
0.472448652884
-0.567380232541
-1.26370271503
0.511356085344
-0.179810169531
0.114171474099
1.31295001793
-0.236163912643
0.972099084628
1.28559362882
-1.60009691864
0.462159576689
-0.522132859992
-2.26667559355
-1.12739704581
-0.523985881364
1.06362646487
-1.71266844984
-0.199294597538
0.64343002927
0.249817062689
-1.46553605742
0.714057745544
-0.793085729974
1.68456562544
-0.211221503397
-1.15791040135
-0.748213435693
-1.69528267706
-0.911841147222
0.952527950799
-0.962802478918
-2.29530931202
1.09477384399
0.298290520811
-1.03582233763
0.413303758204
0.107400991333
1.41775908092
-0.705811095742
0.547256713136
-1.44979848004
-2.14817916876
2.18945958237
-0.280622862855
2.08970784437
0.611032516857
-1.71630588462
0.022518828162
-0.0474327594592
1.17564055242
-0.261038136944
-1.74109164537
0.916185284025
-0.152406630458
-0.381938890439
0.178365342416
0.223291704817
-0.598828071646
-0.704754666107
0.525969360399
1.95716940165
0.71622024472
-0.551892858597
0.506709416138
0.283246283644
-1.18399425223
-0.867659688166
1.20674032345
-0.262464336977
0.110485299091
1.34692578657
-0.932561534347
0.842557503769
-1.50876079592
0.44063255571
0.023551614781
1.86773258534
-0.280201609998
0.154278697619
-0.52500032437
-1.31288491658
-1.33819553536
-0.132959846031
1.52266010418
-0.805634924474
-0.451661484756
-0.199156627858
-0.167545143288
0.508245661125
-0.56650773642
0.00248730464858
-0.865364989129
1.60322383676
-0.892211332657
-0.52108948653
-0.501542498926
2.32278842272
1.18738495241
-1.19190777796
-0.306294225026
-0.647772777817
0.547227840986
-1.95193703436
-0.623996705408
0.103570406067
0.190914154473
-0.580646111943
-0.183812713024
0.698488872707
-2.0751279402
0.932799217034
-1.06066372313
-0.354441973455
0.43505586523
1.05981734277
-1.04845076381
-1.04533986556
0.177320980302
-0.0441921080803
1.67323808272
0.419483545753
-0.659475545924
-0.84952887876
-2.16765825864
-0.441447059255
-0.584527466471
-1.27290088709
-0.859550780968
0.811789048
0.601019564699
1.72071340076
-1.12896159525
1.51454198913
-0.370243413005
1.90307996144
0.942787909541
0.656923442024
Score: 13