3
44
10
3
0.720632700778
-0.414299646428
-0.0804587825131
0.144202721985
-1.31005282242
-0.0384713220802
0.948620271217
-1.10595859846
-0.159362853844
-0.0506947523384
-0.43238438414
-0.721114917984
-0.0764765059637
0.532934773217
2.06967668086
-0.935906484276
-0.111989070382
-1.91302318416
-1.65042872257
-1.06033768403
1.84699496539
0.882453463761
-0.529013080267
2.11260318214
1.16614790293
-0.933583911663
-0.95367421435
0.245289517214
-1.84002450075
-0.349449353595
0.0921267811319
0.680089280078
1.35085220867
-0.956593084446
0.017510463034
-0.318158906236
0.183089002512
-1.12534115104
-2.16183511447
1.81898016701
1.17678364487
-1.76950365435
0.610120430076
0.557169521619
-0.15304835471
0.0275439318486
-0.276948948384
-0.135167698962
1.94562096975
0.388917493039
-0.0708295930671
-0.972149954115
1.95477810178
-0.673272230912
-2.87794994096
-0.234082039334
-1.35832051164
-0.426169012807
0.103827244761
-1.80015239783
0.276721473629
-0.588079510621
1.31843479214
0.519214226563
0.442496971334
0.871563766022
-0.0778577024819
-0.117537499284
-1.21298894224
-1.17991883894
1.08166490794
-0.576092657909
-0.848045918456
-0.0231911107141
-0.416834031169
1.24410843978
-0.476741730909
0.242263016903
-1.09180141965
1.16498149045
-1.00028591199
0.784954827259
0.268400229558
0.163486419583
-0.279597945361
-1.0436134424
0.108748482734
-0.140064771728
-0.971635485093
0.304861686814
-0.0885688165071
-1.1367915651
-0.373026078556
-0.805818868817
2.7264999378
-0.500020653612
-0.495544174821
-0.767132056109
-1.00854031144
0.0435395277427
1.44938440932
-1.58626476037
0.818369444807
-0.110720956112
-2.63596049335
0.479627025468
1.20101694903
-0.983593383685
-0.294845778153
-0.398984423383
0.374478429884
0.692225514966
-0.72186620882
-1.6891153376
0.108756410545
0.59532008625
-0.26360421091
1.02988950084
-1.40444714878
0.560516424048
0.432839495947
-0.700792514227
0.309786938579
-2.17505415062
-0.0836769183014
1.21086784699
-1.53622444891
-1.22248711807
-0.810647461576
-1.10035371224
0.36771411054
-1.46614756148
-1.60687817485
0.767965227516
-0.12505574531
-0.637591087466
-0.129464323009
0.578113666886
-0.0418494150825
-0.50396215512
-0.893986170982
-1.16557703427
-1.86709341768
3.04359389811
0.584360955761
0.709450005148
0.454059371126
-0.277255832773
-1.36117060638
-1.99052734678
0.45424014625
-0.441168269178
-0.0764604656783
-0.844606379965
0.561373920352
-0.459092288094
1.96853384537
0.68380813062
0.526725246205
-0.0990519292999
-0.861337317826
-0.370796595717
0.0363274918029
0.72892606449
-0.361784512501
-1.50140362359
0.436544849807
-1.07606358296
0.106837078386
-0.557501251042
-1.33975008521
0.407081059315
-1.03272081167
0.261938665487
0.587827003869
-0.308924942903
-0.677334673975
0.252752580512
-0.0281155798234
1.49104473265
-0.738924705036
1.69634929261
0.483610537391
0.0462967823986
2.56433830001
-0.23005125704
0.236498888011
-1.17504282966
-0.248733085103
1.40476146767
-0.119064033176
-0.0816936175547
-0.071580880341
-0.110338513746
0.0866766391568
-0.066854931742
0.875252504085
-0.391753235647
0.507359614278
0.844326357105
0.0486734631166
-1.24227428539
0.398695544517
-0.314393076132
0.29461444959
0.133382841802
-0.245199161568
-0.529982035328
-1.44356652981
-0.0269758473189
-0.0893336723039
0.5812457889
-0.150928728813
0.0978684541361
-0.176755405749
-1.60054858196
-0.137318299301
1.65778791203
0.235866921243
0.813996295928
-0.317887923285
-0.260477957107
0.396523630052
-0.757402675925
-0.63870959582
-0.55030440724
-1.98544034878
-2.01862512415
-0.95026848217
-0.653524143131
-1.3931377351
1.43813853104
0.0141142092818
0.661839429166
0.515801816548
-1.1893766786
0.269256658035
0.296073048385
-0.268303444448
-0.561273825578
-0.657685809407
-0.361742459779
1.15630788794
1.67244167907
-0.413504937136
-0.578874765256
-0.618708314683
0.0509811363074
-0.24122408242
0.173364623504
-0.979954321116
-1.82686788933
0.488719456175
-0.134317905706
0.891005314646
0.415263730566
0.908422873917
0.836299944971
-1.24970075475
0.545926081631
0.26952002224
1.71222234218
2.00334564281
-1.60364767806
-0.870011106659
0.413341581729
0.119694041699
-1.22914946649
0.775340195951
-1.28412962435
-2.48514481373
0.578356071431
-0.159395082281
-0.680932919696
0.614348044106
0.983968615739
-0.709868486033
-1.95051178208
-0.786736453389
0.936542917117
-0.77930552701
-2.21091596548
-0.0280450707538
-0.205006766737
0.113201469259
-0.908607137243
0.367511642399
-1.74497482018
0.117081527293
-0.363506460593
0.759308307333
0.410656731441
0.873529091916
-0.893756235543
-0.289042960416
1.15251316272
-0.662701451204
0.992073707848
0.00742481957452
0.482514505375
-0.273771584815
-0.320834345985
0.133146792297
-0.219588223777
-2.52390022589
-1.80715943466
0.277717949782
-1.81780288172
-0.579151510587
1.15641397705
0.609162238597
0.371251624385
2.12553548025
0.162384565005
0.971820805362
-1.16178732575
0.206849664092
2.80903226485
-1.1355785816
0.401814393363
0.0695083673347
-0.675219756673
-0.663535687393
-1.2245495153
1.59638495444
0.795486436132
1.10162089424
0.561195710508
1.68970707255
-0.0286779414261
0.832633120981
0.172182361438
0.530156135205
1.3820357328
-0.393177281423
2.2480699877
-1.27925300108
-0.43958383501
-1.22243511903
-0.968133018843
0.699743435008
-0.710014821635
-1.29329637432
-0.09611368278
-0.374269677837
-1.30301287426
0.665815077569
0.304424965093
0.706838126217
-0.750367412416
0.451201483658
-2.01414439626
0.292423780711
0.224969410017
-1.2143915944
1.77784126663
-1.28501931983
1.81568332976
0.838681713757
0.0676881547669
-1.98663627521
0.126402482868
-0.245536707729
2.7256100492
-1.51948706177
-0.446811661568
1.37673457758
-2.02951745089
-0.370891933705
-0.498010633623
-0.31219032501
-2.05845983022
0.0694476988222
-1.82346941108
-0.312107943943
0.300117025943
-1.14277051724
-0.223556679753
-2.47644474974
0.522883797864
-0.131055765982
0.206918284441
1.18573552014
-0.612198253543
1.74865975734
0.0394750326589
0.139507317917
0.131231426759
-1.25481197264
-1.769706432
0.806769938463
0.141004893555
0.799101854794
1.05367649665
-0.829056738051
-0.353136455802
0.46129610551
-0.502035786106
2.10527404257
0.694580482698
-0.770557948049
1.34310433369
-0.376841514625
-0.692069882282
-0.475689327141
-0.680318571211
3.21830164625
-0.953819163169
-2.28870493388
0.284953629483
-0.953263643652
0.502193298588
-0.976516755365
-0.883565405379
-0.895731324722
-1.15794617716
0.797120321928
-0.275432982275
0.732983958046
2.16359492218
1.2748685533
0.385434383955
-2.30902084791
0.629248586199
-0.555285135882
0.404141736008
0.00442282032049
0.108590469736
0.241838389995
0.770227354167
-0.269358741746
0.607479798987
0.129116210479
-0.566288110518
-1.96012114717
0.763425847356
-0.410135007494
1.13799882689
0.563886079037
0.725395754478
-1.27052281379
-1.32329853437
0.249272846019
-2.69594434113
1.05892201698
-1.83980902438
-0.318156513944
0.102101696121
-1.9158759576
-1.49058583547
-0.802598839256
-0.728118811484
1.04934932076
1.33617996719
0.334819550368
-0.952186097795
-0.497391470914
-0.358239583064
-0.0792725589814
-0.943735320013
-0.803936017325
-0.689253314063
0.14495548191
1.01677867833
0.187675002186
0.148928632429
-0.768311114072
-0.487965862255
-0.668584590461
-1.87860873022
1.32836731855
-0.918361066496
0.601819920388
-0.327153039956
-0.227786263318
-0.15119964296
-0.777931021739
1.25328790275
-0.0744895148253
-0.125881633982
-0.507772142785
0.265054750203
0.913139502215
Score: 1