3
44
10
3
-0.319154588959
1.46518042281
0.177986390018
1.28581614951
-0.800103597346
0.41017833827
0.41463434337
1.4164625412
0.289963050862
-1.36031544241
-1.11422612519
-0.305751933377
-0.717813121165
-1.031999777
0.411222491813
-0.707380577363
0.946553248678
0.97642050586
0.940287334464
0.462173380718
-1.72866792569
0.955515879697
0.390685190776
-0.919731318957
-2.32768715166
1.92498223297
1.14343525044
-0.340575913654
-0.374112547401
-0.916163113249
0.484684603748
-0.916447444404
0.0168168618368
0.86018382593
0.332806384077
-0.618704985823
0.271146445858
0.406533841273
-0.702486958287
1.82727995549
-0.053089491701
-1.13609851469
-0.44996276478
0.630524189237
-1.03446275724
0.382253106964
-0.080469732205
0.220391616057
-0.458836429787
1.01182594395
0.357343708077
-0.452607164036
0.601368561782
-0.832781618603
-0.784978184783
-0.75080054998
1.51067267938
-0.357666772562
0.116669063055
-1.36327259381
-0.690544001964
-0.382978734595
0.827081611854
0.462906140486
-0.187068073463
0.707522398592
0.427787940847
1.04580531155
-1.89361147828
-0.0803206565423
-0.318456464525
-1.39631799447
0.153940833955
-0.434513235355
0.156377126431
0.847790511022
0.238649506157
0.405414751288
-0.682593858223
-1.40119666419
0.697553529317
0.785193409597
0.00621145859279
1.08907071333
-1.57615097064
-0.288146209899
-1.4303788205
0.410340727393
-1.34744850431
0.937107404937
0.656554222273
-0.381385352128
-1.40622587305
0.289598268312
-0.0576078486559
-1.24933102971
0.231570438808
0.0841285094662
-1.35584568372
-0.562757036098
-0.773001261883
-0.339261173286
-0.481087643825
-0.873948983333
0.269727818519
0.16200642674
0.0957985052019
-0.687808516364
0.397419871505
-1.51757944319
1.14164393657
0.230473842919
0.549591912578
0.0563392721044
-0.459821897027
-0.790032176255
-2.53786507351
0.374357570642
1.37225288748
0.583384549775
-0.306630951737
-0.0807835653165
-1.03164556039
0.1153839077
-0.298790052067
-1.1787567857
-0.406335733732
-0.663665199764
-0.193213091719
0.94531891701
-0.335220486636
-0.355491053621
0.903502237263
-1.0671151552
-1.17485583881
-0.0424452005383
-1.35621242418
-0.0143358390193
0.32102127925
-0.262609199066
-0.257601782132
-0.348835603621
2.69109466468
-0.617880425967
-0.656320717192
-1.18751689609
1.86561896239
-0.515020924292
-0.701688973543
1.22119424463
-0.770317456577
0.564653420041
-0.642209665668
0.112731067239
-0.197154160114
-1.13583381604
-1.03287963472
0.034825625753
-0.605355418662
-0.738151559762
1.56018194699
0.566992126322
0.995644828719
-0.578978690038
1.14346287962
-1.19480430765
0.950852571502
2.10837223627
0.555400118464
1.89078623477
-1.30055109065
0.432813977231
-0.826662948864
-0.213535027815
-0.718536429538
-0.9722923713
0.804568104188
0.71666297943
-2.06324276003
-2.2742466265
1.87121645272
1.88467629633
-1.58425611709
1.4649303733
-0.293495157902
-1.69962774758
-0.342678495113
-0.826860645789
0.124554229286
-0.874249249509
1.38641346098
-0.600567422536
-0.408121709114
2.90661432638
1.65345411195
0.624361350794
1.89932726248
0.3749923026
0.450069967779
0.415207564248
0.499388511212
1.05046726848
0.195124669196
1.26751379501
1.20276001352
1.02980604768
-1.61468620211
0.687670906568
0.348298507859
-0.969338828896
0.925564052773
0.000762508792285
0.453715332694
0.249082677309
0.212841842191
0.501841222373
0.366551371124
-1.89462688938
0.501574516516
0.515145281173
1.30805838466
1.71597418438
-0.0113692075141
0.0257267533964
-1.24236730392
0.0554338952762
-0.340053746171
-0.805775074953
-0.193791497066
-0.428638908429
-1.60688373814
1.99771151769
0.0782519091871
1.06288063873
0.35871595316
0.924502792805
-0.0904991085947
-1.21349850997
-0.0927984214554
0.918344019979
1.94784956998
0.966543211587
0.138019244437
1.0513190814
-0.459837540015
0.256257742187
-0.855250465129
1.85062184145
-0.147718204792
0.227806378516
1.27541663562
0.722902856131
0.753267762756
-0.665574701603
0.580961313982
0.0739514633118
-1.7280569671
-1.30732139816
-0.434258941754
-0.791864662871
-0.310400803287
-1.29674108281
-0.441637815311
1.34029433663
-0.46094968417
-1.54261545617
-0.988776740503
0.207525506496
-0.516200986969
-0.0373478952784
-0.251723892216
-0.641279072972
1.10741368625
1.58384303799
1.20268677476
0.957956756055
1.73664485219
0.683077145229
1.21934226341
0.730449210807
-0.137748934798
0.681568392018
-0.599960577433
1.64967428371
0.462332975887
0.582451722658
-1.48569189343
-1.58041273114
1.35864162544
1.09868221374
-0.143269159193
-0.866863231024
-1.34217912935
0.177269562151
0.136019691487
-0.43341768465
-0.748772331922
0.917085437418
0.59917513139
-0.907586183841
-0.28696315049
0.345438566391
-0.113199964814
-0.562463846577
1.00706906031
-0.388899220734
2.27400529245
-0.0628198837275
-1.42877475325
-0.541756366427
-0.995209987656
0.383830032221
0.415664278191
-0.353728544048
0.545388910492
0.340183057864
-0.475812686135
-0.572228801015
-1.52926730829
-1.11713584165
1.03637137758
-1.37709513408
1.27717393985
0.0308752954374
-0.0338273025959
-0.881226830867
-0.599180449814
0.867322889786
0.342856663448
1.27522977948
-0.0644724056524
0.270493173492
-0.835047800098
-2.87575059423
0.870600948272
-1.32131789026
-0.25849458916
-0.354833241264
0.530855704124
-0.960358605029
-0.349938358473
0.0290290208312
-1.25197801628
-0.255363195967
-1.41229560024
0.231091053565
1.47345951735
0.96478080998
2.44862729652
0.325852730206
-1.23113898388
0.650945169719
-0.616203715174
1.07183570673
0.139284732986
0.404850606328
-0.0614980662747
0.75931747003
-1.02673307516
0.783611644198
-1.4429251715
0.541817844967
0.226922785916
-0.444720758905
1.55330568659
1.16000169976
-0.0660188405225
1.56370805874
-0.0171981847794
1.50366509749
0.496536997013
0.350355563856
-0.30005287565
-0.00156040077074
-0.145646111332
-0.778296097406
1.88320523475
2.20676496399
0.526837049272
0.573046875498
0.301299411452
1.69665514839
-0.772597101033
1.10497902483
0.755497269632
1.65727522281
-1.14014691434
-0.272292357986
-0.311627008635
-0.7527690055
0.132359562788
0.947864988018
-1.02893500698
1.18738922285
-1.78250986168
-0.00569936987487
1.72378480982
1.27847306611
-1.06041209464
0.140122226887
-0.137550508078
-0.38364666366
0.262104084089
2.21387639888
-0.545415478718
-1.74549116574
-0.829730059598
-0.159250228277
-0.502545246728
-1.8823677926
-0.586155733822
0.197634071342
-0.320978046225
-1.09835062964
0.309754872308
0.877344818862
-0.396605265679
0.20987482236
0.196753282583
0.799228148734
1.29021798899
-2.13692017705
-0.885375437766
-0.871809596145
-0.537930186838
-0.0621789874177
0.275586382705
1.26128926925
-0.864187136572
-0.0797611508923
0.983524531275
-2.79767735635
-0.549346878178
-1.22349061234
-1.41357453361
0.273688141358
0.662694776652
-0.391493631106
-0.876605434752
-0.0185541045337
0.645733612151
0.910935218104
-0.9252409429
-1.238917394
-0.275219533293
0.0342457130406
-2.24883246825
0.174744821843
-0.464390594062
0.914180292883
0.61231386885
-1.78190546569
1.12852851691
0.0993685197413
0.816299779583
-1.07405339199
0.292360953201
1.18962660776
-1.07470683554
0.297410413566
1.26615916243
-0.642794632723
0.796485052023
0.166274296096
-1.24342166124
0.292376711906
-0.899959137358
0.980338073628
1.18034586884
-0.324537382283
-0.523026773384
8.99018827639e-06
0.162838997861
1.4191249526
0.919382580414
-0.998411707621
-0.930518985152
0.227998226818
0.721023438884
-0.520456642613
0.0641029146436
0.666820071498
0.26692901009
Score: 1