3
44
10
3
0.127761906909
1.53663340825
-0.312831051071
-0.94468283924
-0.318771358697
-1.53099142465
0.194111984817
0.66713198889
1.52418017482
1.5223316793
-0.807765015133
0.722361289281
-0.0646340173701
-0.617052996039
-1.87535059108
0.0317004895106
-0.352048973156
-0.179477600187
-1.08294630051
0.802932208339
-0.0797847576296
0.753244570872
0.658441289479
-1.1251228477
0.251312943219
-0.340021844544
0.544477576807
1.42081867547
1.0080542079
0.969395831973
-1.84480586915
0.305905681303
-0.609982861662
-2.01891327582
1.27050732357
-0.231883791258
0.163530161087
0.463551365787
-1.19568705153
-2.31669036393
-1.14533536061
-1.44513585181
-0.0420817235915
-0.0363618372909
-1.23033490563
0.424722309043
-0.863921954812
-0.829942262766
2.55609941153
-0.750772808322
0.541787008408
0.336315258555
0.565958261579
0.655669266437
-0.72840211952
0.0380002878692
0.809378478885
0.0321377703998
1.64857967715
0.322742883002
1.10486219468
-0.718223946093
0.691122809657
-1.08228021627
1.28824232889
0.263349061021
-0.0134999295852
-0.653783914613
0.229194989591
-0.568452724635
1.12645770718
-1.70675238991
-1.38797931868
-1.31861670651
-0.165301191083
2.00833973828
-0.654708172892
0.0949237663366
0.460509541638
-0.346908046462
-0.533333933396
-0.499867491198
0.84655530093
-0.0371419981404
0.171720214113
0.215209121621
-0.960183838885
0.591744248408
-1.09118661605
-1.85153079499
0.0811508269841
-0.653408611722
-0.157282815665
2.05235356459
0.33157894138
-0.716768353352
0.440024546631
1.52611908885
-0.369857561952
-0.188820660323
-0.412612135986
1.59029705035
-0.418868174066
-1.25826791929
-0.772731226475
0.109641820284
-0.120625470767
-0.0991809601606
1.02047903441
1.18843816318
-1.35811647278
-2.71587268422
0.415579101953
-0.819377445611
1.63668621832
0.791585542354
-1.72872681554
-0.939793460216
0.978889251776
0.185029319555
0.469420665597
-0.977734599101
-1.71532193785
1.11132257263
0.72820496933
-0.0673952678138
0.679141404703
-0.687702191423
-1.03951957744
1.42144735563
1.37660567647
-1.18685304959
1.95016250366
-0.721314201489
-0.65217491057
1.32733308586
1.43965587075
-0.557182409016
-1.69515759848
1.16381151669
-0.907056245475
-0.0233926133999
0.915928854884
-0.421927673244
-1.66992263102
-1.07282544289
0.737907374228
-1.6730264765
0.649863559373
1.34602996747
0.887100105039
-0.633430108476
-1.00085828176
2.72693547196
-0.143658358469
0.940744925627
-1.70297157817
-2.31488147336
-1.1910291898
0.0305484557878
0.749483212505
0.789787790856
-1.08286911128
-0.224635524077
0.44927060303
0.220878367696
0.957620715203
-0.945144820708
-0.306813756199
-2.16180154658
-1.98435150445
-1.27516585341
-0.361574993169
-0.12857891313
-1.17599243035
-0.0198604058765
-1.17162751875
0.182075766011
2.01041062458
-2.56991049888
-0.60938968398
-0.029021233752
-0.230295456665
0.823193601899
-0.264920069249
1.47109405414
-0.401738151161
0.481691719718
1.38880577395
-0.614080584903
0.413237538549
-0.048374737025
1.08600700518
-0.995775010138
-0.301375346393
1.34549439994
1.35656145045
-0.516963424803
-2.0760812498
1.43067539169
-1.04523185615
0.0307645114268
0.201384369056
-1.09095689114
0.273873669882
-0.437305909846
0.712188975479
0.991102387631
-0.201158067494
0.587194864316
0.768882502701
-0.539976795617
0.164122903942
-1.15233226339
-1.23891635451
1.52256485271
-0.650582348984
0.829373477414
0.493747406982
-1.12929302245
0.0961462097826
0.965006874024
0.355087974517
0.756971057439
0.869553609265
0.429286341938
-0.514564325078
-1.05736099116
-0.0653303932398
0.693628794866
-0.820325009896
-0.326981828899
-0.405729098977
1.97114944779
1.29941460675
-0.857402925728
-0.817255207252
0.403173901067
0.0388394988405
-0.500551742338
1.31292594019
-2.9952195567
0.784082667288
1.4902101486
-1.58596946582
0.567974423328
-0.995785510511
-0.155099535584
-1.69287368395
-1.20847179635
0.135909452738
-0.264210600534
0.694354252348
0.00354479249655
0.310682683167
1.10754827341
0.542675025787
-0.598598055759
-0.549312242463
-2.23246823904
1.2955779681
-0.523141026938
0.617468740308
2.43293695125
1.33054288825
0.36664689398
-0.640891425219
0.203719051359
0.177648688494
-1.60580547388
0.106877601255
0.900940650419
-1.01381009974
0.193130667618
-0.994716877469
0.796448696346
0.249736068176
-0.466975228605
0.79172099205
0.30122501086
1.16612696535
0.621453660559
0.294415413065
1.36451343303
0.880040121217
0.179750291297
0.398490796871
0.13171896074
-2.12747521788
0.221781439562
1.12530126797
2.09054799471
0.697150225897
-1.44295521359
-2.28942665215
-0.481962540416
-0.67747982378
-0.339221989616
-0.613047365866
0.908690616987
-2.16133899258
0.934376065198
0.65974973739
0.762972847146
0.215779583621
0.55439674118
-0.31808924773
-0.921686469681
-0.0033795559688
1.05571791296
1.67631404671
0.864349401186
1.28086565509
-0.14084713101
-0.0755542496364
-0.909423851722
-0.146128773507
-0.390507956229
0.87227481523
1.18050121409
0.617041315085
-0.489204605905
-0.573031942097
-1.39859166744
1.14108904138
0.827446642419
0.415201838188
-0.162484086829
1.09670065657
0.960765772498
1.39894349427
0.312510568622
-1.36593884673
-1.60203580273
-0.971468532402
0.14357868187
-1.2182677798
-0.509010703914
0.82782144649
-0.727341672834
0.166170528411
1.37368999167
-0.986913982497
-0.668529737681
-0.572470888888
0.341551273931
-0.638997283556
-0.0319268121369
-0.147131873347
0.104333783475
0.41110781082
-0.354284897789
0.708097319009
-0.308809207827
-0.194078963792
-1.3940672725
0.0148793582692
0.681733220947
-0.167675450401
0.605155045229
0.939447213025
-0.144210571609
-1.50318980946
-1.59874306661
-0.311579296985
2.11490570457
0.0123301526595
0.715427534969
-0.790158360962
-0.602798693708
0.85810579132
0.597071176962
0.044873230628
0.114608544182
2.23948271849
0.191814646852
0.0777243788378
1.98206073922
2.52665468302
2.83365047938
-1.26549198827
-0.203365639136
-1.89783098418
0.35655865475
0.168560015138
-0.503404261064
-0.236317041493
-1.26593013448
0.300436385334
-0.116268146651
-0.340551155015
-0.897019964681
-1.42581740436
2.08813471869
0.355766992632
0.412168170408
0.62425170005
1.2155908796
-0.0264195168402
0.383934125341
-0.215921386706
0.991908901252
0.424073364579
-0.314386095239
-0.425012526852
-0.875966545921
-0.35913522819
0.455441405897
-0.416150973635
1.32148268426
-1.40075485414
1.38863494388
-0.735986106894
1.08631532055
0.272708684529
-0.476980294327
1.22260438099
0.481010707496
1.14779434608
-1.74429864005
0.61480891633
-0.924628038844
0.92414057704
-0.663248118517
-0.0208952817263
-1.59433144914
-0.836890546205
0.809347147126
-0.0393944909213
-0.0915688360973
-1.45237090697
0.731466762978
-0.742329289089
-0.985286078198
-0.0153901526058
-0.203958618997
-0.661107527205
0.0713397127201
-0.424930282244
0.139081616148
-0.0508865643439
2.1355960155
-0.954964298724
0.272941908639
0.172888254478
0.297755083079
-0.0293846230993
-1.19128347021
-0.080884250255
-1.65293861776
-1.30070561948
-2.72327060816
-0.600729873349
-0.628697240174
0.980674696285
0.0340849088766
-0.201498578981
0.741677807436
0.400463003614
0.851518028509
1.35902985731
-0.394391628573
-1.56686031942
-0.339729037612
0.134627337977
-0.058419889363
0.0863042801452
0.0529537800521
-0.495685195511
-1.03023380626
-0.302374276449
0.913051130915
-1.12519387807
1.09989003533
2.46532374642
2.12574982764
0.00682073265584
-0.601956196111
-0.417700708052
-1.19458029644
0.471881031927
-0.0867595047366
-1.44311110709
Score: 21