3
44
10
3
-0.536737440475
0.33063055714
0.595633471224
1.27321708491
-0.677640935294
-0.23034255294
-0.794106916869
-0.911236492642
0.249214752289
1.35123776685
-0.244341790561
-1.82013175671
-0.357257903936
-0.714325350059
0.874542520974
-0.810326828683
0.640475776287
1.21559151436
-0.131123440392
-0.0604452745873
-0.398475154702
0.99991156737
-0.346048082022
-0.797180132148
-0.413763115699
1.2876096736
-0.717185700505
1.50548597209
-0.292166408478
0.849712501944
-1.22312009834
0.0849639820827
-0.52291200734
-1.1184528765
-0.0118007827488
1.51933515877
-0.571099289607
1.18261561406
1.51054543418
1.21882678871
-4.23754385387
2.03717868065
0.556378616885
0.811015146193
-0.433871447547
-0.546701928573
-0.937316544914
-0.546557045612
-1.19305057123
0.981933312714
0.792218013128
1.86101023502
0.820519845112
-1.23002421132
-0.253919512758
-0.903330094117
-0.256156870869
-0.684047043629
0.119557681247
-0.0143547298695
-0.478407331159
0.215799444366
0.187384028406
-0.981154686882
-1.16895868777
-0.629273804928
0.266849839872
0.899977108411
0.348052231184
0.106821981372
2.36910370119
-0.581569745915
0.896720799728
-0.174717627168
0.21029551169
0.191058421412
-0.879832651967
-0.161620151504
1.40231816974
0.852887059668
-0.554374356149
1.40981631502
-0.985886151724
-1.53376051811
-0.788286105334
0.972033187577
-0.835873894638
1.07816657191
1.14337281385
-0.157789367057
-0.0570114671025
1.68426025592
-0.534895480342
0.154172454017
0.699746964033
-0.0895209514769
1.78432405759
0.851210123299
-1.78460353077
-0.38457323991
0.737533593247
-0.59315058989
-0.1017373085
1.47864912498
-1.36180484199
-0.530874852994
0.30495990403
0.0712795537586
0.540851144077
0.0250869148266
-2.28401737894
0.890348412326
0.881377622879
-0.512542723181
-0.173106424627
0.418983715101
-1.11525314079
-0.656341796887
-0.917782420657
-0.951882547795
0.0641549634399
-0.529750604556
0.548525853805
-1.44314037874
1.12189439977
-0.753694697908
-1.04235899754
-0.0128789265417
-0.634816979983
1.12753272011
-0.836274900542
-0.609995386834
0.591196788999
0.349043563589
-0.381186024356
0.516819435712
1.06534200015
1.60622415537
0.380493785034
-0.0199266064222
1.10410819029
-2.98277745677
0.42671781833
-1.28444346705
0.118610488812
-0.575906561734
0.134280981102
0.483539940191
1.29542656883
-1.39502064172
-0.122241258937
-0.277114463265
-0.696783926444
0.411511509402
1.72903110778
0.571612787942
-0.743081031819
0.0961240125252
0.18977825192
-0.872525898159
1.84369742091
0.204526353525
0.30186939146
-0.284002350654
-2.31697143585
-0.814541617125
0.776100668983
-0.0412414491122
0.691653464884
0.146318403474
1.06178438404
0.810636867275
0.662995065054
0.203685125641
1.48209102844
0.440251544403
0.159631661855
0.0645900253347
0.773974310001
0.308297921853
-0.771062804812
1.03314506134
-0.732011331563
-1.05821451155
-1.34517412874
1.35149079381
-0.899067705319
-1.00734628065
0.683104949163
-1.01033191812
0.798222478757
1.96682918026
1.28077713031
-0.0290153673461
-1.32394908122
0.0543874128594
-0.379905585293
-1.09194919369
-0.718283196575
-0.00372746701909
0.105419939981
1.47971706147
-2.21260599843
0.707613430068
0.24880826614
-0.0276953792903
-0.515974376556
-0.666069504319
-0.353865253573
-0.731107674389
-1.20532699941
0.63546825101
-0.234441548668
-0.679592810438
0.255647288637
-0.0780180425476
0.324135277322
-0.872375240728
0.626479780315
0.848775880937
-1.20968551429
-1.27945905498
-1.60358724407
-0.113904028057
1.3009095673
0.533089909332
0.068198570759
-1.30343030229
-2.31239436746
0.0429249649397
-2.06890659852
-1.08978542355
-1.74892229293
0.153351168781
-1.41599238851
-0.671181341764
-0.193566689184
-1.92170981883
-1.13862776395
1.08707436988
1.72243963606
-0.326190563763
0.122223473632
0.277068631802
-0.836123159445
1.42078991996
-3.0666156169
-1.22604117625
0.908203680777
-0.805751624919
-0.75427248169
0.283341168447
-0.99569581848
1.13422053516
-0.136662496797
-2.2543600633
-1.42428851358
1.43366123721
0.435601954892
-0.75412362889
-1.2736778358
-0.660927558872
-0.354301283604
-1.17036456835
0.61187541136
-0.875416394287
-0.420393542217
-2.06103612298
1.58577785931
-0.585635217587
-0.496357149243
0.132499388647
-1.14865210481
-0.0537293290727
0.52347812387
-0.0250388932734
-0.474808728083
-0.196938927696
-0.0537837776326
0.336368796056
-0.591558086007
-0.535215676291
-0.479601848249
-0.810770403439
1.27167560743
1.24971381662
2.63886300275
-0.150108433759
1.06877743716
-0.302628079254
-1.63870039914
1.00077291994
1.37909280007
0.523065807239
-0.451768728757
0.364397175061
-0.205315101326
0.147567164943
-0.308275427005
0.320515684559
-0.190255396599
-1.28839427059
0.904413735322
0.129342042776
-0.120856473248
0.447734814422
0.18711218079
-0.721260845328
-0.789980822316
-0.472940623878
0.125486762524
-0.371358699201
-0.962077886412
0.312608529876
1.03149492106
-0.072101620396
-0.436679039933
0.00027451663921
-0.290983615317
0.327053040665
0.918027932829
-1.57420027359
-0.945908573891
-0.381083195793
0.24050009337
-1.28652210818
0.0109221495954
-0.262677513408
0.0614213268204
-0.54950176927
1.15633988095
0.0249408073163
-1.77751925465
0.988831187342
-1.18616338138
0.370849122908
-0.498653556689
1.78361478627
1.66159977338
-1.32921960148
-1.12152459086
0.204011466301
0.33262696875
0.0246695898194
-0.592711096025
-0.103251913787
2.51237569854
0.101568150995
-1.63102139404
0.351920978189
-1.46879377707
-0.344593360624
-1.80367586731
-0.900181205285
-0.538583943293
0.433009391513
-1.27008746286
0.439874803619
-1.33925216642
-0.32599960416
1.5194586055
-0.338325008891
-0.440956563149
-0.354057926879
-0.360785429235
0.652007004891
0.306355976669
1.74535957881
-2.16191716788
-0.1470520722
1.0375289466
-1.08079416732
-0.123315520236
-1.06911305587
-1.06452616708
1.46902564305
-1.11069083879
0.127049120706
1.0730385
0.451170741192
0.410703936014
0.074584597743
0.00682967500003
-0.80812756173
-0.462936525911
1.66297808109
0.539219702879
-0.694733961844
-0.748641721346
-0.784872970565
1.15040932404
-0.695980184978
0.18553450497
-0.0389246400215
0.144053891281
1.63524680663
-1.20261768306
0.773608538027
-1.15086167928
-0.424797764316
-0.953043536297
-0.207371398985
-0.452588785072
0.370388565836
-0.58659002418
0.945056425088
-1.60636592863
1.47991861134
0.315950128541
-0.847221506032
-0.6752799914
-1.60911061657
0.0694398591494
-0.107187247315
1.22983410604
0.385792045221
0.904492284623
1.53470306523
0.128017352298
1.50472569824
0.738880984361
0.218772339344
-1.59468401479
0.813535716965
0.483830254277
1.11696045357
0.218092281419
2.49040129242
-0.270091844089
-0.386324712435
-0.9761508547
-1.93508430191
2.03796025843
1.14459982089
0.933188108032
-0.720906866749
-0.560550946252
-0.507223480896
-0.314837195105
-0.23285438964
-1.18962081114
-0.653224374098
0.23890358186
-0.634357178396
-0.162000574297
-1.72990240172
-0.124712872871
-0.56515693591
0.328328060377
1.15343906749
0.120332131675
0.776299196131
-0.908014594428
0.0223900218436
0.444981928855
0.734654391283
-1.05203578479
-1.89805007414
-0.51597672979
-1.95481379514
0.164915397447
-0.518216124623
0.0176821555383
-0.140526540624
0.456285815295
0.825134661385
-0.95115982238
1.31756875908
-1.58914159663
-1.1353990506
-0.949918340775
-0.871300630922
0.0116046320883
1.54515717954
0.687823613978
-1.56691913114
-0.56619504705
0.00501847069181
0.275237400715
0.282267923294
-0.084798316455
-1.26357749213
-0.950082843466
Score: 10