3
44
10
3
0.14838466551
1.44472328306
-0.454317817462
-1.03321697916
-0.455302808486
-1.74547989668
0.073852358041
0.569885399612
1.36338541912
1.33637308671
-0.664299795145
0.751120675874
-0.150406167028
-0.58754700947
-1.86067397238
0.0601730847598
-0.279578573887
0.107764805187
-1.19338772614
0.747056486291
-0.184124847444
0.858080464011
0.638545107956
-1.21407711294
0.484290624851
-0.364846515797
0.343463007011
1.33609596534
0.872344230216
1.03690356031
-1.65485796602
0.427123594976
-0.53385794479
-1.90890177346
1.1796432926
-0.357115931285
0.361304700664
0.37268338632
-1.41702188925
-2.25411309532
-0.933537786335
-1.77513901777
0.0987655246017
0.0382027432669
-1.18417720289
0.492189084235
-0.854940985961
-0.862906356738
2.57520068756
-0.763068885678
0.416707388505
0.179437343359
0.365205837139
0.563797955292
-0.90193004552
0.00393533719493
0.912705822798
-0.0120972301363
1.77998700291
0.570560453886
1.01100637571
-1.03577210996
0.535755881984
-1.30482351505
1.44522270846
0.459705872731
0.20994973639
-0.467831014792
0.254884291098
-0.336867742342
1.39425642607
-1.69508930875
-1.4341233718
-1.14765320106
-0.23857256485
2.10292234292
-0.721023764571
0.179177567886
0.564208898414
-0.393590193061
-0.523408579003
-0.397708589428
0.81819643328
-0.228760196002
0.135203919508
0.493544135238
-0.833065468939
0.630538419546
-1.01940582763
-1.95939293637
-0.113805405319
-0.585475563451
-0.0248685555158
1.8296835402
0.252697485553
-0.670938142049
0.54380823394
1.48562583912
-0.274992500963
-0.307732378922
-0.273400971709
1.62867824683
-0.381174184632
-1.40058823382
-0.821814056665
0.168005852399
-0.321018505554
-0.422167364353
0.970526713622
1.34876379455
-1.31358066134
-2.85186361409
0.174927403734
-0.998786400167
1.85457342619
0.754164884398
-1.63418957652
-0.835034758598
0.964869905383
0.175473557695
0.369036717462
-1.01238591379
-1.59493465274
1.15107885905
0.231377943129
-0.252762269529
0.581829386165
-0.572722928619
-0.90308526218
1.28937136599
1.42145268305
-1.17896828212
2.01506629689
-0.613201352571
-0.750972908781
1.395458784
1.39578289652
-0.364256559561
-1.59292714894
1.14283075234
-1.01058391125
-0.246125096663
0.935720296609
-0.314333181111
-1.47280128799
-0.743748355878
0.782034546048
-1.6567299604
0.699174932237
1.62597275266
0.629199348989
-0.483774106423
-1.07819628114
3.00074165959
-0.388211637522
0.909084516243
-1.59690678521
-2.34438395874
-1.24992710403
0.221875443998
0.778491642262
0.602646274198
-1.11932579225
-0.318550766186
0.495753565984
0.233148473272
0.61741176275
-1.08059614152
-0.210050199966
-2.1574639236
-1.83697600895
-1.18138650472
-0.304266247875
-0.279951085835
-1.21522702004
0.0823128769382
-1.13951840622
-0.0742233175538
1.96515850529
-2.57340861358
-0.819593658334
-0.11058995511
-0.250034648369
0.742466118546
-0.349168259294
1.27000745255
-0.363507997263
0.647492517868
1.53044049474
-0.662654105435
0.35186761231
0.108482889155
1.27496845537
-1.15593269858
-0.303318480675
1.55308765177
1.17432503866
-0.420913074666
-1.86147066154
1.34334183686
-1.09224327201
-0.317328982371
0.119494480645
-0.869895863471
0.1019244549
-0.64898681059
0.625044816723
1.12020925714
0.128694530696
0.564357601783
0.524888335886
-0.430547029722
0.269999642097
-1.17694383468
-1.13963545879
1.66312394356
-0.610390985224
0.880656300016
0.148760320963
-1.02481239741
0.216600482333
1.06039392101
0.299889685285
0.776282175425
0.711515379505
0.419990812163
-0.381141745366
-0.975693672611
0.190961613054
0.591942735197
-0.660942045439
-0.378826601125
-0.515702128065
1.97568427819
1.3467162992
-0.992420659079
-0.924489809467
0.386457123901
0.283457183601
-0.423776835554
1.34002473942
-3.04692856257
0.750848416576
1.37363280137
-1.57872277071
0.705154744299
-0.937091064814
-0.235246788249
-1.65975692488
-1.12272894115
0.225821115367
-0.312436562818
0.754783820477
0.183021931282
0.49584719628
0.697326282449
0.440248251562
-0.497079640395
-0.611591934788
-2.23257424173
1.26056567518
-0.394369835544
0.470547659051
2.51155211897
1.20045297144
0.279929349183
-0.396382083402
0.142416629237
0.244978139277
-1.64326502255
0.0115624878871
0.986715480263
-0.631569214775
0.199027682758
-1.13916032233
0.976696567561
0.38862072378
-0.601726583444
0.684703265348
0.395145483354
1.17132806689
0.597356496632
0.376271826281
1.36256224115
0.996056167233
0.0182169316379
0.349144371545
0.187827105627
-2.08127833883
0.287266919934
0.82358128821
2.33340992406
0.505509133367
-1.47802043298
-2.44967715634
-0.53160214998
-0.779717973004
-0.668075825574
-0.627392388523
0.833461349948
-2.15538688145
1.03947332589
0.740105481753
0.709422782991
0.223684419332
0.603401121446
-0.409034629816
-0.896474328895
0.221732813624
0.98417164245
1.77579342399
1.11424770616
1.23005396551
-0.248758718669
0.168582432632
-0.936626340032
0.0785540550194
-0.437137667029
0.693949924111
1.07874451628
0.712794474008
-0.123852815269
-0.266668510642
-1.23726046342
0.826690382108
0.601645167309
0.417875472531
-0.107323672618
1.06739255731
0.706781269464
1.18708953258
0.277499747495
-1.45706645757
-1.40325013039
-1.10046941946
0.0554319994351
-1.3287776524
-0.522506352944
0.938838412266
-0.947699173924
0.0687360411795
1.31275154223
-1.06571545406
-0.705720516239
-0.478768838251
0.493140546793
-0.66474119745
-0.0807519896337
0.0782778130224
0.407780944533
0.814303729554
-0.273966286999
0.546557747491
-0.699632497212
0.172934718628
-1.26664643947
0.107631064649
0.88235255163
-0.236357208645
0.378761849245
0.89800018577
-0.167740421669
-1.58890771648
-1.6267517429
-0.229453483883
2.09967390743
0.0209545713634
0.618508150314
-0.647628206469
-0.513967191944
0.833644110888
0.670213101788
0.0887874132052
0.274637200474
2.50729210203
0.376831544638
0.138728219019
2.0475561363
2.5478944819
2.88975373484
-1.18658767711
-0.522072907929
-2.1798575742
0.560819876537
0.225606663006
-0.689737887778
-0.053166591625
-1.18020403708
0.104564588764
-0.0368144746951
-0.556255633849
-1.07451058375
-1.35410791557
1.85714874971
0.690364116881
0.476419598606
0.639544692139
0.796409709587
0.212405688888
0.180883662398
-0.320290149226
0.824320305802
0.332487060853
-0.299652954272
-0.488331061704
-0.993898779452
-0.375971144251
0.435703045154
-0.206571066199
1.55475071053
-1.4110969883
1.65282071537
-0.854958427057
1.41388567771
0.667005713976
-0.814825167191
1.33385829821
0.812813646687
1.36470012505
-1.639262863
0.826780075847
-0.848739322179
1.01744430037
-0.670305222993
0.0971041653557
-1.70582815205
-0.863288802934
0.83813542359
0.0560429884814
-0.172330438767
-1.50716075424
0.552592862768
-0.60283226516
-1.24557320193
-0.0901599422936
-0.33797969561
-0.546418873118
0.341623949517
-0.574585386306
-0.0210587996878
0.0365133980468
2.30837780317
-0.61465164649
0.124618216743
-0.143588276281
0.179700113597
0.0577285777852
-1.0479289689
-0.0822187517235
-1.68129501928
-1.20840854336
-2.6967323381
-0.801876230104
-0.67643041953
0.926762762905
0.150621781267
-0.148906608248
0.692473892002
0.384127734918
1.1761599989
1.587323588
-0.147714506941
-1.28965664781
-0.362193461256
0.19632456874
0.126142236734
0.100032788556
0.30773633487
-0.368203417412
-1.0223267782
-0.117853471572
0.601678035082
-1.38015230914
1.28718792466
2.52959012736
2.09316630227
0.0800255398803
-0.498186578005
-0.442575451268
-0.933763228589
0.408591838091
-0.266985018558
-1.39823927462
Score: 21