3
44
10
3
-0.533296655638
-0.577336284677
-1.23166311926
-0.78885884328
-0.138347623633
-0.65541517601
0.554088692249
0.0116657148111
-0.773784187046
-0.0910137674444
1.14139709116
0.469372928829
0.199700953188
-0.392992415023
0.240629675993
-1.1274054617
-0.438742826888
0.597979378321
-0.838331641876
0.309262873087
-1.6263365706
-0.185983957785
-0.0286115131087
0.569872581984
-0.279628882589
-1.8911245613
0.235899979856
-0.85802974319
1.41099810506
0.882392487227
1.64026951374
-2.38078834113
-0.867019696447
-0.72366783622
-0.136809210077
-1.24878735516
2.1859208315
-0.683831839477
-0.249633409204
1.5353409727
1.31166449957
-1.02534123784
-0.932527003971
0.740661410231
-0.0224278176834
1.15179132737
-0.818677347677
-1.87049815361
0.276136136466
1.07065632918
1.04087400377
0.441330303064
-0.071484424129
1.30192862304
1.82151924993
-1.00887109663
-2.84904597987
-2.22644183217
-0.434090740698
-0.122895798733
-0.0423624404248
-0.431420993362
-0.645221172514
-1.13098756825
-1.12772925977
-0.46551392378
-1.54116681428
0.101432617011
0.152869338502
-0.803408527479
-1.36016139657
1.3943218256
1.16967259838
-0.5043422542
-0.237241954651
0.184345911822
-0.790972722052
-0.555623346782
-0.0194385545417
-0.559166062295
1.68039574661
-0.131370142036
-0.714879466412
0.369634424789
-1.15221326815
-0.539870933307
-0.706297771123
-0.0355501559162
-0.664839162447
-0.809677670646
0.800080053326
-0.224545691472
0.931077309921
0.458930894657
0.695330096306
-0.775993570916
0.945252105493
0.027511846719
-2.31841330345
-0.960153907966
1.23254206124
-0.368878488311
-1.70457355622
-1.44232102431
1.5603008659
-0.119933972402
2.03941841719
0.647489760879
1.33577601348
-1.23729472108
0.00605280189527
-0.126544213777
1.50846753301
-0.224079494201
0.177894731031
-0.673201140647
1.25051500794
-0.754894193475
1.62289327378
-0.998575803507
-0.647691362539
-0.453770273598
-0.37985863272
0.503730032041
0.728736314989
-0.370752408526
2.08128145664
0.426876263882
-1.2488346525
0.574202988284
0.0995088238578
-0.539900449532
0.212412062416
-0.521228187799
-0.196521733304
-0.520339748191
-1.0825959036
0.368565941345
0.866356282628
1.13302029164
-0.80697426134
0.742446678504
-1.38779375282
0.677888887198
-0.510333458208
-1.20118546299
0.448555311824
1.01744626775
-0.344795549982
0.246569348219
-1.2224152074
0.509578289565
-1.69600218672
0.669656942452
-0.322891279441
1.89595697182
-1.33586046696
-0.562381731091
0.251577366238
1.82824055852
1.07465647722
0.373262443726
0.344053745431
0.154002304898
-1.07882675303
-1.2179195651
-1.96387810287
0.173413512787
0.326846582117
1.11676687413
0.802518689685
1.11624842769
0.0538099626865
-0.0677216992948
2.65299102847
-0.296391380054
0.270634696932
0.759763065094
2.02568738358
1.70848884168
0.108909838055
1.91706536544
-0.103076897448
0.031141318188
-2.28483166324
1.26941243416
-0.517789451313
1.96921469025
-0.434332446078
0.821791840225
-1.70240224809
0.95155716019
-1.67469401178
-0.371697373709
1.61227250458
-0.052933443355
0.0848415809639
0.0308970728373
-1.15893360891
-0.544902741204
-0.967829909764
-0.788725582667
0.957398608763
-1.35938317212
-1.04263778051
1.15785965359
0.572598475947
0.514823416132
-0.667737468124
0.300943182045
-0.924650233212
-1.9742164458
0.265839140098
0.853920155296
-0.461684382369
-0.604983812432
-1.16033029555
-2.35907181487
0.43017579252
0.697976216539
-1.22002428949
-2.54534122015
-0.385695080284
1.68091528337
-0.163981141902
-1.11771516082
-0.359487067844
-0.873640689903
0.105917584541
-1.01439749972
-0.45367314509
-0.381405446646
-0.783323733102
0.757064625009
0.238055055399
-1.73716336565
1.36407024792
0.132752773384
-0.919884308449
-0.594667468744
0.445459480877
-0.490799067467
-2.78118589864
0.716845254046
-0.0983979868426
0.314936206008
0.593014161412
0.361652635025
0.785227867294
-0.106242591881
-1.4730952095
-0.595206234431
0.800676661488
-0.923318640152
0.0656138113851
1.46572938649
0.7673428372
-0.513442336754
0.266918081934
0.166369402175
-0.600238802074
0.233537980687
1.12402215071
-0.0028919442318
1.30924976511
-0.973706746218
-2.1039106555
-1.64884244151
-1.43820246819
-0.173240740696
-0.324317680917
0.0808060425934
0.0119808770359
-0.560911459475
0.301949188127
-0.335521846883
1.18605642596
0.121639804385
-1.28216537577
1.65433506283
-0.39079446167
-0.311948703414
-2.07407293099
-0.968516999306
0.368944918884
-0.516581183001
1.07563786095
0.084991555516
0.599045443333
-0.903694153224
1.62220993747
0.922199458991
-1.49297271077
-0.53659323184
-1.11409390332
0.72304461253
-1.22206664874
-0.257675650585
0.336644391256
0.843835289913
-0.294137981239
0.236175967101
0.150892605319
-1.36061700143
0.092891200267
-0.293447720599
0.0597587840728
0.564463060226
-1.44537601619
1.29362799426
-1.10691953097
2.61539308707
-0.971785091707
-1.82006325534
0.0350438956231
-0.167844220742
0.1446821168
0.555637099898
-0.225325551335
0.869000364945
-0.51398255033
0.356004535205
-0.2555308379
0.313663772602
-0.166679718797
-0.321045155721
0.455445357812
1.94092809973
2.29779836957
0.859817000442
-0.425625851993
0.36811266543
0.110976019861
0.0697572284309
-1.19090454021
-1.09343180036
0.446834102492
0.370517541852
0.52467906039
-0.466667112969
0.22205713992
-0.479048123195
-0.426705523877
1.70053908018
-0.913291969233
0.201953851984
-0.401087043561
1.09243296781
-1.35973639751
1.33495669028
0.00559478531157
-0.91859278753
-1.21072859053
1.14825032117
-2.2187463146
0.449560562672
-0.299973294411
-0.350472044115
-0.312178986259
-1.5764458483
0.594889426903
-0.188223163642
0.0739645379957
1.81007041342
-1.62907107129
-0.239590762938
-0.343115543662
1.02899949544
0.947880855424
-2.60035598828
1.25181778184
0.160651618953
-0.525970797085
-0.557978564457
0.48792032794
-1.50573257121
-0.768930038194
-1.06000899291
-0.248278271265
0.00503218079133
-0.647003825368
-1.81441501103
-0.495971521005
1.34621639179
0.430514551126
-0.466297608639
-1.12240012005
0.27422400964
-0.633478386698
0.111991903479
0.722850881168
-1.67341749781
-0.0405196334173
-0.113460356986
0.74938406545
1.03306106941
0.789962929416
1.86502916343
-0.45335239619
0.939724292393
0.37346984514
1.67240903562
0.873316405342
-0.868852147678
-0.699412101914
-0.386709002274
-1.15041701483
0.774095143526
-0.646163341673
-0.352881939663
-0.0273573852707
0.45472196526
-1.72464034488
1.20884272201
-0.127463722621
1.05350852984
-0.223545887757
1.32265501113
-0.728742100045
2.15191391296
-0.636125178277
-1.19497066983
1.55014468378
0.395521879519
-0.953086277424
1.22591491567
0.622945560278
-0.018337566659
-0.737920969934
1.43516946064
-0.000356004700681
-1.78497426256
-0.444176348452
-0.0551238984812
-0.649265186594
0.222910961044
0.0380972977912
-0.0242234292812
-1.45584854749
-0.603973928776
1.0753868058
0.0184687965693
-0.132165966164
-0.0881953710684
-1.22233322615
0.234758516119
-0.700805578845
-0.393278066799
1.32580048785
-0.173099817545
-2.09986210555
-1.35151542637
2.07052781775
-0.608188216332
1.27262725549
-2.68185568001
0.0873036245306
-0.768063406409
0.18360709594
1.49984393936
-0.0358390033861
0.353507374645
-0.853664262062
0.776878454191
1.58313408941
-1.45555185476
2.17445082863
-0.68619188989
0.518279293799
0.628986692604
-0.851497698284
0.522095422675
-1.4286702602
-0.60189887581
0.208298174328
-0.970832343318
-1.24568698946
1.1134540843
0.960279238471
-0.114992855182
0.985275487896
-0.288843002103
-0.79483561016
Score: 1