3
44
10
3
0.100182415658
1.73668541056
-0.441171748811
-1.04323742668
-0.291589043215
-1.68714127819
0.0211830246596
0.674379442053
1.53870545954
1.56844687938
-0.954446436239
0.541549876378
-0.0792398985193
-0.823719340098
-1.8859877565
0.136876243602
-0.308238122207
-0.0902506128855
-1.24577891465
0.692978946679
-0.125752577278
0.867898885887
0.55654057939
-1.00222576058
0.45670065344
-0.209442159716
0.289274133536
1.21444631138
0.903131090555
0.933378580814
-1.87426349497
0.352795179604
-0.603343169901
-2.00259546318
1.30080530585
-0.310039465353
0.235067385905
0.708650719655
-1.12129148411
-2.34237660337
-0.947207939435
-1.66394097219
0.0464219983908
-0.00777663230863
-1.29592558251
0.361630162458
-0.999016083578
-0.791465961546
2.45631673911
-0.764076370444
0.501882274543
0.225040711198
0.352566968291
0.463370132693
-0.831966956828
-0.267750680274
0.911774311904
0.099931499948
1.3983954198
0.345010193355
0.950779462469
-0.774147969385
0.781652906286
-0.966219880219
1.37106870937
0.311893174363
0.132329358451
-0.843832523808
0.322424542626
-0.510695592961
1.28551366664
-1.8884149399
-1.27513156619
-1.19463617152
-0.304021485609
2.10232127546
-0.720153019518
0.144430359433
0.524805363151
-0.256834455786
-0.452999587111
-0.453355758665
0.750029866572
-0.0732640080085
0.205977377513
0.2023694508
-0.822204764537
0.748036436906
-0.967445771838
-1.74568832872
-0.147361666833
-0.662578511983
0.009385345999
2.13798464123
0.186709765621
-0.887474886599
0.532278127696
1.56200017094
-0.212040411139
-0.361901488077
-0.37243204611
1.3678186659
-0.288144778373
-1.3775155914
-0.653801706728
0.0718376863653
-0.278437662907
-0.10477729604
0.876655486064
1.30533865661
-1.41719369002
-2.77283459631
0.271102351606
-0.951308295374
1.52776975358
1.01789393646
-1.86698874442
-0.957331549071
1.17118239742
0.219177745249
0.612650291996
-0.698431062089
-1.69092201197
1.31649142828
0.310155015606
-0.0735952699994
0.641083536258
-0.601314911588
-0.960391122477
1.45898469135
1.47418574261
-1.07423967298
1.90793685785
-0.7732275697
-0.50345514314
1.36273856058
1.29731422506
-0.607571427408
-1.37564776409
1.10705061725
-0.765964566295
-0.289514784653
0.838944482025
-0.334912640905
-1.41740613993
-0.965041475054
0.912715925538
-1.86686831035
0.605219824923
1.60493555519
0.925271725123
-0.588125571353
-0.972960006223
2.87305757078
-0.195860562644
0.853146850653
-1.5644294408
-2.38019151657
-1.29093655314
0.0776533837747
0.706488770871
0.64442928106
-0.903429838129
-0.154366507051
0.492914769304
0.26079924496
0.682469974931
-1.13751328291
-0.293978885649
-2.22210811123
-2.10602981824
-1.13494282093
-0.33932602408
-0.119999228877
-1.26367184628
0.104298222363
-0.94349323706
0.15910367869
1.88864407252
-2.73635775262
-0.755958371976
-0.0915965306216
-0.305695497392
0.829955362803
-0.195960328455
1.45655993384
-0.299431018492
0.448565218231
1.36975915455
-0.600475374806
0.523511317169
-0.0543956151208
1.41107568941
-0.843937103523
-0.305033700822
1.37588527622
1.28965642184
-0.543667630354
-1.96112368894
1.2456313505
-0.980076347818
-0.127674349702
0.00211022628093
-1.1007125785
0.152522277954
-0.66438478788
0.616138785592
1.13822096749
-0.202953786026
0.811315338686
0.569815285847
-0.454261695629
0.306306449982
-0.979193398128
-1.42689871703
1.49385186213
-0.695781180187
0.591618509377
0.369855623789
-0.920273623432
0.123260522942
0.936542715189
0.396609451008
0.655426659927
0.754153334001
0.407715711336
-0.69645721233
-0.790936552618
0.0443347998545
0.452284033442
-0.671808834588
-0.208843220695
-0.359569735531
1.98217331079
1.42803164777
-1.06230993418
-1.07571507608
0.33692830168
0.20944071018
-0.621785959465
1.4227916992
-2.89739911814
0.765131770363
1.37658525247
-1.61396827719
0.533793074112
-0.916997682217
-0.246651413386
-1.88848964561
-1.00737295899
0.167729249914
-0.47587319097
0.741967782364
0.0599514275475
0.412756452957
0.964765649913
0.479922147213
-0.203890417571
-0.760965130698
-2.33779807852
1.32528410228
-0.550920797636
0.662306761785
2.42906222881
1.22014843738
0.07741969157
-0.576405746462
0.2060335639
0.0850160754415
-1.44160469184
-0.0995606556434
0.940970925803
-0.862082020837
-0.0188880789785
-1.03847262602
0.863003628531
0.2308401938
-0.707421289114
0.918526905624
0.306250358781
1.1187898503
0.608445795443
0.260276409352
1.41979255422
0.953056857205
0.169604923824
0.38990167351
0.150536360089
-1.97143443372
0.360738927039
1.06601971019
2.34500630232
0.678621216515
-1.16829240881
-2.36891094687
-0.502821709376
-0.663075651858
-0.444855097621
-0.561021519491
0.900958163691
-2.04547096763
0.927249781267
0.560969230463
0.733701804239
0.222545717088
0.660975225209
-0.262919887792
-1.04763883472
0.0864506559675
0.870433533002
1.45759474162
0.802597665656
1.35051282774
-0.394784414256
0.100587198086
-0.87456328485
-0.0463937423962
-0.317237842316
0.86400249233
1.13939966322
0.565223913115
-0.269825870288
-0.464918053656
-1.25262509761
1.16400874356
0.748668652601
0.498861027457
-0.0583879904676
1.13960217574
0.990304686357
1.31349924113
-0.0467425401986
-1.27965499195
-1.3227202678
-1.07540890307
0.0197364160095
-1.3137724907
-0.284868949678
0.74431470559
-0.803887342551
0.154073230158
1.34401785213
-0.92004635962
-0.894148510483
-0.440763035055
0.466743814444
-0.674978361801
-0.114662180635
-0.229154037642
0.330299546208
0.433451099514
-0.479887103946
0.671135577005
-0.391037504676
-0.0527371850435
-1.35690140338
0.109557144235
0.89109015506
-0.38232228388
0.604927521367
1.08868198041
-0.187017989556
-1.5073336918
-1.54238449263
-0.174563961223
2.32841423221
0.0309380907088
0.629420340798
-0.676164041832
-0.584045155586
0.955662761768
0.602877917512
-0.179591942868
0.260384103469
2.62684783937
0.100423129561
0.0998566625878
2.02856061551
2.50087202526
2.80045366312
-1.03527852472
-0.222505962464
-1.92307373877
0.436348000043
0.204616426412
-0.627284435383
-0.19581967885
-1.087235231
0.144875944842
-0.037098222465
-0.315422723894
-0.938989166654
-1.5851294899
2.04115064029
0.596932819979
0.446605778038
0.446258306055
1.03825157028
-0.151167227692
0.285261136006
-0.133877730788
0.803957540905
0.380610471486
-0.157424443788
-0.402192037569
-0.858201484166
-0.276767800175
0.651065047597
-0.245221647284
1.44053502352
-1.46344637711
1.55442788373
-0.764386507642
1.32275637633
0.284513830247
-0.563609352138
1.36906543642
0.690820313024
1.20016396972
-1.77727286507
0.562401462058
-0.953438095302
1.12659753152
-0.721094637977
-0.0620696371296
-1.68728892015
-0.70404817444
0.833642368833
0.0371553428184
-0.144072171028
-1.46735040341
0.600850281725
-0.852749973419
-1.0813882109
-0.0926060050147
-0.333104340752
-0.227405556771
0.199350930474
-0.437764152892
-0.0590190257541
0.0592726234331
2.21417175605
-0.792811473603
0.276563115423
-0.130091696569
0.369046260345
0.158367817748
-1.15643011558
-0.0301187562352
-1.58440075827
-0.96393807826
-2.82385695021
-0.778848380828
-0.513428328017
1.05325360572
0.0130312384282
-0.155617393474
0.740541183274
0.29658357338
1.14645803443
1.54897599267
-0.0960200801028
-1.6222032298
-0.351058084452
0.146487446799
-0.223973844119
0.151192502796
0.250408249563
-0.373740924601
-0.826340770671
-0.420127810086
0.975180919377
-1.15156077061
1.28607958434
2.45552949347
1.94799388663
-0.0787590789042
-0.476656204754
-0.253620850351
-1.07425206637
0.426162360779
-0.316115036466
-1.64473657576
Score: 38