3
44
10
3
0.220195999742
1.46920671233
-0.374319574168
-0.996885559779
-0.395305250716
-1.6288304237
0.0705715800008
0.561491232109
1.45854844138
1.44801105743
-0.817171398529
0.635933057554
-0.0174139172868
-0.569371653626
-1.6572689709
0.011889603617
-0.294768252978
0.0258851489463
-1.0142144701
0.692048287222
-0.229299335974
0.750601559178
0.629318105744
-1.16525176673
0.400765504742
-0.278671402298
0.39271718041
1.23916660333
0.922722335803
1.02668993418
-1.74953533276
0.37514473066
-0.48130928625
-1.93142522072
1.21329824575
-0.373997403232
0.188899426793
0.443131826113
-1.51564251449
-2.50313670351
-1.01403569879
-1.65775720873
0.20539788839
-0.0695486290786
-1.43565190808
0.567550280641
-0.930426559245
-0.934340088625
2.47715681764
-0.83820232908
0.466894021828
0.243743315756
0.355212919015
0.612056392943
-0.990134242032
-0.014780892573
0.960375636136
-0.0297933849933
1.68313489558
0.517883675861
0.986116395158
-0.806486762245
0.500733917073
-1.13203913314
1.30530652374
0.35037585935
-0.0105046809183
-0.749392461893
0.177072522683
-0.277254082384
1.49158012178
-1.80726147598
-1.71036140403
-1.19429443713
-0.498353631032
2.23204409655
-0.553459976283
-0.0996926645678
0.498158600468
-0.335486566668
-0.266945437238
-0.298225488707
0.82586702291
-0.118702545684
0.0480672934079
0.380195112672
-1.12906706709
0.629533853465
-1.06208078015
-1.82760731656
-0.156294023695
-0.804150324302
0.013811022482
1.83007807004
0.218301574904
-0.714967184253
0.327705370173
1.65770275349
-0.30169450074
-0.341070904888
-0.485604190401
1.55536094933
-0.269133088448
-1.24455172935
-0.736269363435
-0.0360964517014
-0.206375344676
-0.288735756598
1.10090997216
1.33999942169
-1.36260506161
-2.67871321776
0.231593367882
-0.97050122968
1.62293223118
0.719639734446
-1.47431753741
-0.909342576894
0.91384540081
0.0735927123897
0.310226823472
-0.911870115317
-1.59856009713
1.11981326363
0.39369707875
-0.172779487171
0.542953640976
-0.589482702779
-1.02236119963
1.16941701083
1.23060845262
-1.22175069705
2.02231884746
-0.734041683614
-0.601168773131
1.40262233298
1.43772561931
-0.444755734118
-1.58266780954
1.03749934649
-0.77145434264
-0.0526346608214
1.10437760793
-0.334646507657
-1.45469101222
-0.931555967582
0.975990456275
-1.71751733109
0.494103601375
1.43535384824
0.718661218293
-0.437302801319
-1.00168728797
2.88920692123
-0.178629479036
0.752972102916
-1.7187888266
-2.38669072842
-1.19219876212
0.22651347572
0.641992876839
0.839131777032
-1.24012706207
-0.317584287496
0.644423007997
0.234999244617
0.653153446547
-1.06538792754
-0.243807622362
-2.20930359275
-1.86646184794
-1.13202378188
-0.421355032179
-0.34192203265
-1.34177583035
-0.0119209538588
-1.13917245826
-0.00474090628513
2.04731199568
-2.53972816462
-0.632259542535
-0.105861846348
-0.139372655334
0.746591906407
-0.162054058223
1.27357635217
-0.242249316541
0.572012995007
1.28159994526
-0.730076350892
0.270692218803
0.0654647914172
1.28509801064
-1.14173506913
-0.477653881792
1.51014550428
1.17299943522
-0.559706158223
-1.90089054408
1.36590180433
-1.01211519154
-0.134123098017
0.0561146312498
-0.87464579415
0.029214671906
-0.561422506852
0.648403057961
1.13717963161
0.11357814279
0.617580635637
0.4848757003
-0.570962970814
0.312525949361
-1.04721920316
-1.39516307577
1.76784160634
-0.703502022361
0.888783876187
0.383296128913
-1.09611692488
0.204787118636
0.911082548875
0.289650128145
0.566641088252
0.684746416223
0.522865404151
-0.450155685928
-0.944548200867
-0.0329147429768
0.4621110834
-0.796578863457
-0.276902728173
-0.652157414463
1.91846245296
1.43157369048
-0.89607404983
-0.877706138939
0.298878546237
0.361635272859
-0.562222111288
1.35565325804
-2.92299564942
0.738022123139
1.28224447426
-1.57823728154
0.768509853473
-0.98463936991
-0.516503055924
-1.79443424417
-1.03488644991
0.196241226477
-0.399161336863
0.772825838129
0.119570202634
0.430841211432
0.697780309341
0.463338217677
-0.493681128504
-0.567532013472
-2.33468732086
1.31122440299
-0.35800412033
0.655244812705
2.55605044113
1.26037485012
0.285197434171
-0.601600065724
-0.138274163839
0.205855322208
-1.65097466847
-0.0959153765728
1.00352150973
-0.555771953267
0.187003041046
-1.27165286498
0.897031166634
0.401848117333
-0.743660020279
0.754634398252
0.414536977121
1.28015062909
0.524314374886
0.39143934278
1.35552661042
0.943482444178
0.0512221670298
0.320331733893
0.32529248534
-2.02666878233
0.236098421991
0.780467343904
2.32579402182
0.607770209954
-1.27646886186
-2.50312892439
-0.437499606926
-0.653177234038
-0.509948084517
-0.465575849287
0.864855774631
-2.12597727191
0.822940050939
0.675363397656
0.748876773935
0.135320581657
0.770279196415
-0.298573841523
-1.0474607744
0.2687784837
1.02724627073
1.72703288995
1.25585268138
1.26414692397
-0.254037058499
0.165573508452
-0.895828638189
0.0387030896589
-0.498126369286
0.695024930876
1.13019087099
0.607346463927
-0.214668015635
-0.351128134652
-1.45063689944
0.892696469515
0.437282415313
0.448781537235
-0.037376886609
1.10220495681
0.824146325741
1.20110889796
0.457535864733
-1.40083658258
-1.36958249928
-1.06724710559
0.168175359373
-1.36552721986
-0.48795296458
0.880777613048
-0.808277173214
0.170739828411
1.4723765282
-0.785866508265
-0.712325678056
-0.514310964072
0.420337117502
-0.803993553882
-0.0363433763062
-0.115477924212
0.50047261604
0.669191030345
-0.284642258646
0.643671610882
-0.565187596804
0.158895914318
-1.32706279409
-0.0214970425412
0.824560959391
-0.257655290223
0.420201061147
0.996532728835
-0.169783731283
-1.70055931862
-1.40788247264
-0.300419909874
2.32678056887
0.0677978584027
0.571431735726
-0.779066260595
-0.454176434307
0.928939107051
0.609930231743
0.0723474425334
0.241130359616
2.49424375221
0.215638755032
0.160682360839
1.97147281229
2.60960218866
3.00583159019
-1.28256411065
-0.282710192048
-2.03105476576
0.577613886566
0.108163076667
-0.55870816284
-0.0381724273378
-1.17755561105
0.0535004019644
-0.109959567833
-0.53275220085
-1.03562882891
-1.46331703414
1.89434999149
0.587957309326
0.634700374731
0.552942475787
1.01884603507
-0.00609850446628
0.216785253674
-0.301432977213
0.788922778175
0.348908036065
-0.303839228615
-0.628268551504
-0.927794068203
-0.372461190939
0.435020356283
-0.132556925891
1.53575521125
-1.60433810053
1.53117141255
-0.776191723067
1.38496519857
0.526982343913
-0.61636570359
1.2783033321
0.845223855685
1.33858973571
-1.72219671454
0.789255501349
-0.839064147891
0.974457605294
-0.775081963648
0.0811226785973
-1.75239709839
-0.829072539876
0.742616680194
0.0881509641476
-0.222964536885
-1.30937335276
0.582718778401
-0.481855077119
-0.96068890112
-0.0374796461022
-0.28629061489
-0.493694606045
0.170770626604
-0.605085109318
0.0337236003325
0.0228201645141
2.42175547965
-0.734688848894
0.121133535449
-0.18326790143
0.233947876283
0.0420347673004
-1.07644144999
-0.0738061250123
-1.67103888113
-1.12481737931
-2.69944941745
-0.813032492197
-0.688283683683
1.15713332368
0.152845303873
-0.132337277379
0.756292141
0.220513897816
0.971099993244
1.57363471869
-0.303742955531
-1.35761849414
-0.53182740029
0.0455693938402
0.0252331525508
0.216872668836
0.195869729359
-0.384772545768
-0.952136312227
-0.239506068127
0.76233942548
-1.25134589195
1.4413249345
2.30226535582
2.06838261101
0.015121902672
-0.476332144375
-0.359318127787
-0.961544711481
0.207243138945
-0.0874152981347
-1.47663172746
Score: 13