3
44
10
3
0.0444704181097
-0.724249707667
0.972356067785
-0.395544167044
-1.38764455114
-0.357420395497
0.261808888227
-0.401070844655
-0.913849103146
0.0477831829943
1.44379447576
-0.229470656998
-0.446676478839
-0.389404876531
0.445330756848
-0.287494893624
-0.658867458129
0.3650669397
-1.83520614076
-0.566098477866
0.589732990418
1.36796108529
-0.167447001616
0.814855204851
1.31292003779
1.33906199327
-1.05746164819
0.457038606177
-0.142091603134
0.0571213745661
1.03182049388
-0.000664234655352
0.162466999923
-0.220889955088
-1.03438848585
-0.531407268753
-0.419893169718
0.475772296939
0.0434999699063
0.0934009143663
0.923212457919
1.44217672302
2.0526743876
0.641676184336
0.0983497673622
-0.608700071762
-0.497335517832
-0.61622304752
0.93847562892
1.74273637228
0.402783984642
-0.894648203935
-1.60588518711
-0.336764239369
0.899542791393
-0.0139557186673
0.875232920739
-0.103002953806
-0.822888732488
0.405307614577
-2.43515445724
1.71558584599
0.514991631473
1.62288448279
0.201938198123
0.40024138936
-1.88740976128
-0.0432163705712
1.4993466368
-0.153868204775
0.0602498948706
-0.566838449663
-1.24771259187
-0.323675950639
0.26569110358
-0.31276656744
2.14332040165
0.491503191647
1.96439334351
0.566965465976
-0.0605303488893
0.0781220401537
0.64106548465
1.5307892925
0.964561331791
-1.47749220747
-1.99065086902
0.966719790727
0.166389731407
0.587062291492
-0.432320579976
-0.0380663362301
-1.5475197837
0.046281631431
-1.29902323147
-0.143668677112
-0.617758564059
-0.608854633622
0.0915891231733
-1.48138916246
-0.987960922092
0.0753505333544
0.663889430348
2.00240372397
-1.53773004376
-1.93964717721
-0.476335737768
0.828130167584
-0.313906784155
0.0259619694627
0.712008403091
-1.01320408063
1.15947452697
0.591401372035
0.264265175138
0.872162389708
-1.27696224849
0.204961211825
0.284738502893
-0.198731378533
0.0219811104345
-0.199502088727
0.506232507459
-1.01932051615
-0.856371910508
-0.387790709659
-0.330937396063
1.11049346234
0.978226093829
-0.0214951592821
1.13242903829
0.281465227736
-1.18672973613
-0.288261239314
-0.69047345376
0.185599556647
-0.477281697227
-0.295116859402
-0.143472719331
-0.459940125277
-0.00954953151546
0.34134954242
-0.628659907269
-0.56452820119
-1.29931025449
-1.28108224372
0.272124375608
0.238795964991
-0.510522510606
-0.0789735826084
2.5677535433
-0.491220250058
-0.342552538316
1.12304313927
0.0824694980263
-0.14469268072
-2.02991411987
0.580166116699
-0.536750853933
1.5390897084
-1.36340047556
1.09302058523
-0.0780053432872
-0.274075312759
-2.33958536834
0.57802909111
0.147231398427
-1.12489338814
-0.266380648301
-1.04364069692
-0.602890615258
0.422297909823
2.59779711031
-0.146976518994
-1.82792642579
0.0513980941704
-0.861122088502
0.112435362752
1.39339563224
0.937869131085
-0.446120103548
-0.540932280585
1.08583256194
0.838780577313
-0.512814608747
-0.0267795069737
-0.250741204831
1.31815328571
0.233592854612
-0.252106073308
1.57395914082
2.04912183675
-0.262110591621
-1.63343580822
1.22540476388
0.122914030629
1.6869157607
-1.03522365475
0.114333297227
0.774996114612
0.337471377333
-0.908100885378
-0.543801760442
-0.28418318763
0.0823294261195
-2.09030052125
-0.748194777705
0.279183948829
-0.448776242931
1.44980474234
-0.288025766836
-1.50128630141
-0.877268517706
0.485498005613
-1.27816026682
0.427100553578
-0.533689104481
0.353400655282
0.476305570288
-0.430915277453
0.506611564019
1.51316673747
-0.822808747143
0.911502298188
0.905203760087
1.12803332913
0.0292111589104
-0.706124164326
1.4364824942
1.10585864977
-0.649909040448
2.25322817488
1.73995855973
-1.6480383974
-0.849333266145
-0.796205424725
1.59526812137
1.01119230617
-0.728628064772
0.187144262066
1.5960472959
0.36819886884
1.1573612339
0.604585099425
0.84758537033
-0.442237680688
-0.104114362612
0.281881857598
-0.753203371094
0.0268345105528
-1.20188446413
-0.479410721592
-0.51787810167
-0.0984939407896
-0.810612460372
0.825332440508
-0.139878630846
0.51244246996
0.434235435289
-0.312880517408
1.70882829867
1.00313734516
-0.624493121638
-1.94433922109
1.74608438066
0.84192373578
-0.457718985402
-0.911790931375
-0.26720185051
0.544515246321
1.36791175797
1.32987127348
0.389647199062
-0.574097528055
0.837039771931
-1.02173545689
-0.405275260554
-0.42581459283
0.100295028503
-0.82554086286
0.648927692921
-0.00738488245916
-0.534634403966
-0.858162248037
-0.21276051172
1.52450007251
1.71560494071
-1.49070332749
1.53477320136
-0.472713465349
1.26050551074
-1.22331582299
0.434095177782
-1.06655024427
-1.778786394
-0.704526663775
-0.256263461948
-0.581888060872
-1.01377230331
1.63058482849
0.572838383865
-1.37518319581
0.822538730485
1.78411054066
0.629410528571
2.12871819057
-0.787414517625
-1.776615077
-0.548119460678
1.04376797295
0.327898439902
1.93417486976
0.361814987565
0.173845908358
-1.05862394855
1.35297747099
-0.425809326815
0.1829740138
-1.06521873108
-1.36199384147
0.795301815605
1.60346935199
0.193573968558
-1.27125622026
-0.0815472333876
0.402831576068
-1.41619611018
-0.0513651354042
-1.05994893702
0.797428447485
-0.16636891959
0.653388681243
-0.582496923638
-0.65438361015
0.921880436266
-1.05934038046
-1.05395355836
0.327381342159
-1.25955512174
0.235085129683
-1.81964097949
-0.00648473385933
0.34782297166
0.802651610025
-0.40930568881
-0.502088337144
0.398601878716
0.0671154024713
0.537258620121
-1.30175729353
-0.828396641539
0.552524141411
-1.43759483794
0.523280281255
-2.24727265967
-2.440058265
0.221720094387
0.157314009977
-0.679268273599
0.096319928934
1.0230700136
-0.292760924058
-2.03822041894
1.43718726716
-0.668709936614
-0.77721744752
-1.90816611632
-0.400332266257
0.126022331767
-0.480176497696
-0.846337204013
-3.35788517028
3.15306423865
0.998520831847
1.09383628729
-2.46315210899
0.536457019608
-1.17677267261
-0.944305880628
0.366561386251
1.4052878008
-0.884956909678
0.957814716284
1.07401472616
0.637350171211
0.101417149314
0.667945837938
0.549592675521
-1.15404232444
-0.778459503778
-1.02837906678
1.49006724011
-1.0695227143
0.578591124196
0.360364870667
-1.4811385902
-0.0684002400581
-0.438032866944
-0.68232812509
-0.0176614847912
-1.11428466635
-0.0522997535982
0.458208986537
-0.698198242885
0.875938420103
-1.37125369882
0.401480151595
-1.95108458857
1.7903972802
-0.94306808488
0.847074300235
-0.357450133969
0.320672773066
1.33923325597
-0.550489226137
1.31296748743
1.3983600022
0.163585597402
0.134844160099
1.52600266436
-0.599043054265
-1.97645885307
2.51781122776
-1.11034130667
2.68805652044
-0.719367686894
1.49201830457
-0.795829178819
-0.572080935205
-0.681364431517
0.140035230703
-1.15252920165
0.144087098395
-0.7674892859
0.146718340855
1.84399324817
0.738076342933
1.30314180751
0.389679216379
0.557391808387
1.04144079003
0.0701959725167
0.0223549122427
-2.05499874461
0.0491627210045
-1.03427379921
-0.875412711147
0.560085425005
0.481384254176
0.452021449286
2.5362211733
1.7564411496
1.05149486816
0.457038473655
1.88876716961
-1.29040431736
2.15439878803
-1.3935588148
1.24928285284
-1.61269406857
-0.123415758662
-0.147625146172
-0.485637206249
1.53127425674
-0.531752721226
-0.787222654165
0.0816630129288
0.067102946592
-0.119478167021
0.576897505466
-0.0671812140153
-0.352274504047
1.02734852213
-0.252204362634
-2.31079123238
-1.34340437527
-0.970527484542
-0.934446886472
0.824835075447
0.514652139884
-0.678409092678
0.197886048061
-0.120148101447
Score: 1