3
44
10
3
-0.823678948836
-0.613929346276
-1.55724120981
-0.955080673776
0.0482262479937
-0.848088463506
0.893391196052
-0.0921021144897
-1.01615330372
0.0469952748614
1.07870414289
0.6188762557
0.17844556147
-0.324958381258
0.153532609037
-0.794613741764
-0.578399975758
0.307925991457
-0.851643050025
0.37159247127
-1.51764292413
-0.0370711529073
-0.25292474751
0.272909982924
-0.0472481969881
-1.88092689478
0.320195786645
-0.998693959418
1.48132180852
0.931289317397
1.59692480164
-2.43370502397
-0.991411337685
-0.854581874279
-0.204059598641
-1.10105614443
1.92729846872
-0.646669180753
-0.281713311322
1.67784764231
1.57284310557
-1.29961232688
-0.870127256938
0.726449704426
-0.124222815893
1.25903791047
-0.786510948202
-2.12383303675
0.287658262522
1.03645433565
1.04471625085
0.420422749388
0.126591834959
1.42576398393
1.75055388953
-1.08844960713
-3.06457997609
-2.4221194663
-0.41178161508
-0.215942619074
-0.0519318151656
-0.429288625693
-0.67406919586
-1.13979403287
-1.0940412442
-0.291903808233
-1.62925130288
-0.0620909573381
0.146512676007
-0.447579931226
-1.41174283848
1.2801607623
1.62390257816
-0.363491805605
-0.593766012459
0.272765443238
-0.855117564195
-0.737826753396
-0.0519905792071
-0.645181602203
1.80151873469
-0.400135806428
-0.471689949038
0.350302928369
-0.883088207945
-0.747311072099
-0.689534303228
-0.0141645132492
-0.28254385692
-0.905437492987
0.711921528656
-0.54317334588
1.00082122237
0.413075120192
0.947375067116
-0.820970763417
1.08978588166
-0.00128846942239
-2.05938766406
-1.18228766313
0.938477509529
-0.45963398199
-1.72611367747
-1.38141439181
1.50089356986
-0.0628608407552
1.76431741275
0.379719392216
1.35390622713
-1.28415810897
0.149499186839
-0.00509931147002
1.43672829606
-0.492343312085
0.16347020741
-0.434880255659
1.06533152906
-0.643994797695
1.76844321543
-1.0152732017
-0.753960596222
-0.412645138402
-0.5064193051
0.500048050017
0.835482107266
-0.453517902822
2.23448151372
0.293492638825
-1.07296055111
0.519249897815
-0.264424515184
-0.484853771502
0.241963515598
-0.598339979276
-0.383817179378
-0.452550060053
-1.40417594719
0.380662767732
0.976454366422
1.55043970216
-0.523608300577
0.575431930658
-1.53168070334
0.729242052447
-0.561330494624
-1.04489548935
0.340233586343
0.957713665652
-0.106979928462
0.232687648299
-1.39722159329
0.950028753677
-1.98150345186
0.786848052344
-0.421657899589
1.85823241147
-1.4588659916
-0.380950678436
0.284574852761
1.84525582505
1.19118209438
0.146516519328
-0.00532692913274
0.155857895558
-0.953041464346
-1.24875402281
-1.99831913129
0.18818198938
0.359984516008
1.18232170616
0.875478832275
1.15582988128
0.155167960409
-0.029028377665
2.55306582832
-0.304644909619
0.253423164863
0.747562974704
2.02065519067
1.44775658964
-0.161933258477
2.03127581246
-0.211366635199
-0.0955569268556
-2.06124204996
1.09696482888
-0.470121740383
1.9965384599
-0.389684807542
0.471566885358
-1.58122156568
0.901286972092
-1.73199143957
-0.536556094952
1.56137996385
-0.0308964512006
-0.0207207600412
-0.263601490713
-1.23177277839
-0.228442520461
-1.34976104913
-0.900299425467
0.939215809791
-1.75258630352
-0.911189456256
0.959501140694
0.669055649128
0.438205105887
-0.8487977307
0.174704339413
-0.974989251642
-2.31971395592
0.534958047933
0.763186277075
-0.227612310309
-0.531758554699
-1.16008140203
-2.49916180784
0.576153732548
0.825461884822
-1.43866823166
-2.57616599568
-0.415067064631
1.56110150397
-0.589674846228
-1.08621213472
-0.319292583486
-0.708977236334
0.341191967201
-0.957150768575
-0.506273882794
-0.483092291531
-0.776708026959
0.580615440127
0.371888101341
-1.65652102494
1.10787414816
-0.000459900384512
-0.998634079856
-0.339078109785
0.212559144027
-0.43672866885
-2.85853751875
0.5798378451
-0.178008329611
0.252791000862
0.455600665533
0.0338902605021
0.948400417752
-0.326433136023
-1.491043306
-0.816519217329
0.496757961379
-1.06141713566
0.188364030307
1.36908674784
0.507611443504
-0.234716657038
0.297215147393
0.317882199646
-0.596941938708
0.402505446796
1.10726285375
0.217756118843
1.13879880671
-1.15621226943
-1.96612314746
-2.01824825121
-1.04936284821
-0.242241448411
-0.332760089909
-0.292627794112
0.142558584052
-0.246351426925
0.205704826091
-0.363696091766
1.32055090934
0.1227876398
-1.29146537227
1.72747432846
-0.273253720518
-0.382985356693
-2.19032129705
-1.00485691755
0.614257653604
-0.648579169825
1.02914066686
0.0147631378166
0.530429545512
-0.997161295653
1.48533114696
0.858736049022
-1.46308763443
-0.536546930344
-0.707175672564
0.574457416812
-1.22506585049
-0.0673529853285
0.668583474951
0.5942554467
0.114020481691
0.0582095077634
0.169384805994
-1.42074206213
0.357758119143
-0.398293018503
0.197454170777
0.489633494944
-1.3385575144
1.50761574837
-0.765483680838
2.62616615512
-0.647562957826
-1.47213944492
0.179709813645
-0.014118015482
0.0273681120596
0.825806830205
-0.398866300744
1.20896364078
-0.369160693164
0.206448280914
-0.302770955985
0.517548868743
-0.32444687897
-0.188105334439
0.267723663651
2.13019181459
2.57665200408
1.04504662799
-0.158041666665
0.0576637548436
0.149702198122
-0.0102859107989
-1.07235077955
-0.909306085839
0.565508047387
0.385330399345
0.786343684915
-0.404213838042
0.110678402135
-0.484110612415
-0.381934499915
1.74709273402
-1.20198602722
0.450884863268
-0.293879849348
1.35742226038
-1.42371253659
1.63458790183
0.103116477554
-0.676277151043
-1.27300146734
1.1650944028
-2.15139409369
0.454878656759
-0.451347493009
-0.42514264873
-0.466685142458
-1.50197870061
0.637268550691
-0.283838003577
-0.0605290487674
2.23636207115
-1.53242908745
-0.210345975503
-0.572247154613
0.864928526824
0.736053234281
-2.46978095101
1.0022716218
0.0555811196805
-0.476547185375
-0.513040218653
0.529084319056
-1.3496092754
-0.513335002498
-0.624301641192
-0.28367573387
-0.323836417956
-0.462388211122
-1.75929775157
-0.619584949505
1.1253546861
0.473769637062
-0.797548724087
-1.27778506649
0.280577575801
-0.671972817355
0.216828889345
0.498313002325
-1.85794687868
0.320961941747
-0.171993597885
0.837597630044
1.21738467716
0.752552346559
1.73922504567
-0.6895068255
0.838024043539
0.289262369469
1.56045755625
0.877595664297
-1.06481530824
-1.04562021924
-0.140267862708
-1.11844091943
0.824477086578
-0.80724910956
-0.236441160491
0.127115801841
0.598425254356
-1.66301525913
0.935706143392
-0.020120663757
0.906043560202
-0.0232484232099
1.09502224282
-0.461932775123
2.20730044644
-0.560434979009
-1.01848833215
1.2331656538
0.308431482239
-0.872954718793
0.973554826111
0.965540144418
-0.0100027741317
-0.839173266939
1.26107731694
-0.0225466920633
-1.47694521815
-0.423920192291
-0.0100881508332
-0.666763660135
0.30908564713
0.155207790416
0.196759049996
-1.01005541996
-0.323814582969
1.2356941242
0.0500710884549
-0.11179832296
-0.147631511674
-1.2890201211
0.220409827549
-0.355339171085
-0.336386828508
1.10182883141
-0.184561228864
-2.23379762586
-1.22103778633
2.01253910928
-0.641502615456
1.05300399884
-2.49808234471
0.215840399995
-0.732045994605
0.00642187369364
1.68074461278
-0.0714802728059
0.321920845117
-0.984439930512
0.576988556828
1.87704092069
-1.45403368617
2.1545192563
-0.541649044347
0.378294963615
0.459070149615
-0.933322432596
0.658748283493
-1.46012458295
-0.895567989246
0.153578536864
-1.08983475909
-1.10732492496
1.03555776738
0.79530333554
-0.109377279312
1.06157801958
-0.362986407826
-0.767063895521
Score: 13