3
44
10
3
0.51033998885
-1.7062206346
1.46924306929
0.219282681703
-1.32606590782
-1.04443404138
0.142185189163
1.16416803958
-1.00435273829
0.617497559128
-0.568701677732
1.80346862296
2.38910571679
1.35823862288
0.818769123211
0.591987812166
1.28266900889
-0.244984516983
0.187420773421
-0.923784030619
-0.64912272913
-0.654131940423
-0.961988018901
0.152415444566
-0.496096781495
-1.91358122179
-0.788448820455
-0.253450635082
-0.238141643612
-0.140485085531
0.0825436821295
0.436169939942
-1.16455299195
-0.242913545092
-0.666488258284
0.670743235387
-0.0458713532505
1.26536668405
0.303669660323
0.987596529427
0.862618749422
-1.5866561674
-1.52833689691
-0.262269501238
-1.4050611277
1.66679003999
-0.891814560048
-1.21709605089
0.0459741556598
-0.968322470436
-0.323829576854
-0.366549503681
-1.13112296364
-1.33206931643
1.52317860715
-0.611539425007
0.891061330564
3.0304058669
0.817115124733
1.31302247315
-0.908144183455
-1.0523155975
0.748160283524
1.89681741425
-0.78031148879
-0.901935890587
-2.00920432096
-0.606347641894
1.2908942655
0.584655035908
0.457220959369
-1.11123644034
0.0456455713293
-1.11974186912
-0.117881166823
-1.53642106223
-1.26171569796
-0.720274818493
0.707206525288
1.05996079171
0.210594481582
-1.17303698257
-0.899104355997
-0.72882798653
0.90202598292
-0.261735899828
0.0155656198156
0.698738784878
0.407830143473
-1.25968313941
0.294921482096
-1.20667961452
-1.35671474056
-1.1584539173
0.0673527447913
-1.0767534555
-0.815302262595
0.568589362285
-1.7576447661
-0.171239495594
-0.4947485706
1.65406379493
0.220857783734
0.0687073960754
0.274004785919
1.38459918141
-0.077567636684
0.666530533289
-0.30936631899
0.71397324186
1.013524187
-0.351308826764
0.229370974925
-1.33228268509
-0.25650191279
-1.01233740935
-2.03483274077
-0.0983375427529
-0.243693177851
0.277462166365
0.474975949517
0.0694083850077
1.34351754382
0.480341464481
-1.13924996662
-0.788040046895
1.27561218182
-0.479885952254
-0.184959885469
1.39242035477
2.04341506577
-0.102162676331
1.11065004156
-1.63950355823
0.4975927463
0.192982902231
0.682469200701
-1.09864795265
-1.81953603972
-0.166986281213
-0.339309482465
0.550141383429
0.248061933137
-1.64370895266
-0.544532106789
1.07156451985
-0.799172130957
-0.203725993674
0.243351114504
0.279819836631
0.500911322094
-0.330808341661
2.46946256827
-1.09133734238
-0.435394290503
1.54346382053
-0.562149879694
0.446219073761
0.417583213836
-1.45170599526
-0.660670187449
0.35701155965
-0.107187255188
0.445868969586
-0.497635020179
0.323106724645
-0.982852327486
1.35628778383
0.286546425183
0.94515988028
-1.54747449674
0.399286343629
-0.143467664803
-0.439217040151
-0.21194039301
1.38279537558
-0.740623645489
0.544682114047
-1.37755598749
-0.0894806877064
2.03942740647
2.35978231059
0.24112727297
-0.10357369749
-2.37545751196
-0.256362395099
-0.425146837822
-1.23075883022
0.352175810548
0.95186906359
-0.0199172963635
1.18131398014
-1.22480595136
-0.255118617516
1.77204172672
0.846542283567
1.6589350159
-0.834618428819
0.14619763171
0.356355912133
0.27332179895
-1.42065202929
1.53622322378
0.113516376287
-1.19169901532
-1.02932144263
-0.483066735614
0.476412917169
-0.691515457923
0.422701341038
-0.158355609354
0.0472941091942
-0.828695189793
-0.890214469239
-1.29283732708
-1.07032309953
-2.6091046232
0.33125727797
-1.10137205614
-1.09876176348
0.504058735098
-0.00119602714901
0.340542460409
-0.7579986059
0.567891775034
-0.556252569118
0.919342712463
-0.387469613296
0.631169267158
1.31012531975
0.634200801492
0.513987779505
-0.253153078443
-0.641208779286
0.8684500863
-0.571088506908
0.950355353877
0.486548366793
0.0822571415944
0.653151205181
-0.971525552622
-1.11344122485
-0.239762052689
1.10068994765
-0.30919034047
-1.45101560148
0.377643784107
-0.715217826133
-0.498826396903
-0.102450559259
1.17108823369
1.60898717235
1.35530356602
-0.326889032597
2.61024908045
0.273255688973
-2.60848408987
-0.496020949931
0.823645700715
-0.845680117577
0.419871665195
-0.0137631809937
-0.628958899814
0.102000809378
-1.09716937607
2.80024692858
-0.892231964726
-0.204990026827
-0.488923149203
-1.56641806435
-0.215725551005
-0.487610949001
0.364255750626
-0.0437893931931
-0.0436786313547
1.12781422361
-0.796006059661
0.318672122378
-0.292360635514
-0.811823039578
-1.3898787651
0.639373353677
-0.63605187759
1.11398907524
2.32078091862
0.488612732265
-0.727060519863
0.582528539327
1.39908945833
-1.93371454765
-0.170906528789
-1.34014317315
-0.949392976483
0.252979959641
-0.98586669578
-1.20251760641
-0.258721244161
-0.296840528465
0.79339750335
-0.550700105062
1.17957147178
-1.33632684161
0.984711631291
-0.178252779814
0.415499344704
-0.842576997255
1.18501831806
0.0843422138581
-0.700490618944
1.08407464331
-1.43560342256
0.831713440993
-1.57634667027
0.322358055069
0.710922915218
-0.405881534911
-0.887793571481
0.278493430968
2.24651955728
-0.0875188692118
-1.21965467278
-0.525402405813
-0.902034804636
0.288817182166
0.904550947679
0.795501087684
-1.12891357176
-0.813367639582
-1.05606775214
-0.271324484342
-0.232029736412
-0.240775714975
-0.857420617785
0.0916647937651
0.691590626562
1.13129880034
-0.0944358900366
1.90658217723
-0.0870557792916
0.00582379973438
0.0835672327184
0.703171902318
0.949000943178
-0.907466764612
-0.333195537259
0.385637848174
-0.610196750425
0.684168596532
-0.695556040937
-0.960168663199
0.507927561034
-0.0374810373566
-0.678572727322
-0.0581395519769
-1.58997073893
0.381220882664
0.404095576991
0.861241652889
-1.27584532296
-0.550000403822
1.13544291997
-0.17627643634
0.240467977194
0.308400855307
-1.22270662701
0.396702892393
1.12555955892
-0.280957795925
-2.39041383704
0.170101723508
0.104690514368
-0.796686182124
0.39497777421
0.449779203885
-0.450098528205
-0.692808233425
-0.0657657712686
0.600067262601
1.07664261076
1.13491727486
0.978630698011
-0.0943130522724
-2.25000278071
1.59574259684
-0.101514719348
-1.34385835711
-0.930373997312
-0.786099877543
-0.725446243683
-0.148330750554
0.393548797891
-0.0360330671538
1.26663468736
-1.05748696521
-0.657256549886
-0.0983435775596
1.33825737732
1.48925130584
0.0928755050569
-0.792877123519
-1.40868845907
0.296931881138
-0.290546769839
-1.60775155058
1.27780403842
-0.317721488659
1.62827113268
0.519830251392
0.385254043165
0.280812340557
0.550942730075
-0.826916797281
0.0376932121766
0.26167692229
-0.0956722904183
0.756922129866
-0.289538533091
-0.51196868618
1.72843473703
0.903652047464
0.388127433592
-2.23889267655
0.891417317015
-0.651215734121
0.549324151638
0.362373620781
-1.88613341125
-0.071672098944
1.19512564178
-0.0897669616879
-0.792872163831
0.402921796702
-1.09737192442
0.51708315359
0.108988112636
0.00208153966296
0.65860992639
0.890621698964
0.441619572726
0.109374660899
0.139155584769
0.880544412062
0.914549516145
0.441676762979
1.40434856712
-0.164539658676
-0.261058583519
2.21611385573
1.576524071
1.24374217482
0.126255732089
1.47611929952
-0.00729845588135
-1.02999034959
0.320078926974
-0.655084679536
0.0645493954555
-1.21253661069
2.41401798272
-0.0716096396585
0.625928060552
0.255092009914
0.0489130063667
-0.902495110445
-0.0375264757707
-1.42006903944
-0.222230363119
-0.778050696895
0.67383681343
1.15084391444
-1.45243978727
-1.15406120977
0.678012883362
0.822663202471
0.0111033359105
-1.26537156373
-0.352715916391
0.879541784295
-0.559529041242
-0.291737928556
0.652200658588
-1.61716549269
-1.22718790162
Score: 1