3
44
10
3
0.352966097178
-0.922021041746
0.843012243452
-0.0925417179326
-1.48775310532
-0.660225133874
-2.07125508239
1.74886547677
-0.612093234617
-0.587572989991
0.740772629915
-0.0386391021783
0.747415765246
-1.12019039923
-0.32627969443
-0.473904326906
-0.223489682511
0.40039227983
-1.64383253532
-1.10855769969
-1.50332029316
-0.56435054845
0.064967279199
0.244798180488
-0.00178844295417
-0.228879348072
-1.87233051869
0.443938905425
0.186216844743
-0.476642816329
0.167454223355
-0.927395447499
1.05787137201
-0.476455057471
-0.336105373748
-0.0142059390502
1.18874670566
-0.214666184546
-1.33139423496
0.197119362498
-0.0360114072811
-0.0112938553501
-0.0545033619359
0.147580772857
-0.417817996649
1.42347276842
0.701690234563
-0.538404911986
-2.00753617263
-0.542597219012
0.172569331899
-0.534124886123
-0.117368170518
0.971178890813
-0.740479413066
-1.21203671497
0.466826825564
0.0971736693727
-1.05176609932
0.997988999237
-0.653969870136
0.0657544927962
-0.251952985692
-1.05226166827
-0.460871956945
0.754459469032
-0.189672577209
0.736078475575
-1.44372372804
-1.68153297532
1.19685185449
-0.22595076118
0.787476242688
1.20284831848
-0.595911192768
-0.625905931789
1.12089128873
-0.681501069378
0.771726792082
-0.179762593508
-0.577433092234
0.222943605467
0.945804074667
0.74062850319
-1.0559404822
-0.171578415126
0.757000658309
1.11861487657
-0.580819637197
1.92188084869
0.507765568854
-0.830797749345
-1.56167117644
2.20700503141
-0.753893643639
-0.54144109268
0.489495320628
0.0664019953557
-0.54314222258
1.05253405448
1.22548948953
-0.242879494736
-0.278445434214
-1.33786668324
-0.158063790303
-0.604539219796
0.0779395131707
1.04008355933
-1.01120389528
0.458069507709
0.544630288608
1.45399052616
1.07627613257
-0.65605840531
-0.297086250899
0.975815038757
-0.863345673965
-0.289207580048
-0.461797722691
-1.0457077589
-0.381645390102
-0.0055175188781
2.39019829667
-1.47431178083
-1.04128642809
-0.923599833359
-0.171654829404
1.49312002658
-0.900350109484
-0.0592475406275
-0.0835167462703
0.0161683894353
0.785610089973
-0.140871654788
1.51570803411
1.35864840046
1.37395081131
1.84826616374
1.20504633785
-0.403970168341
1.11548442748
-1.86789177995
-0.721343748082
0.62596373912
0.345724008486
1.3003367479
-0.538523879332
-0.68586155008
-0.741479567647
-0.277598857977
-0.318691606302
-1.39277262486
1.60953217616
0.931399825556
2.97770681956
0.121425161823
1.96096693946
-0.618294360202
-1.50258480154
-0.214988871802
0.599139831153
-1.1682530986
-1.46509417032
-0.641225915662
0.57063950008
-0.477425699552
0.753815827829
1.50314020338
1.30170573757
0.699094885784
-0.322414030712
0.0773877086022
1.54338909249
0.123448972614
0.266350819439
-1.07045401766
-0.00280810827868
-1.07424067731
-2.42469494127
-0.368249929628
-0.135700929141
-1.44089773721
-0.959519669
0.422142046109
-0.413939072812
-0.317147628564
-1.30192760305
-0.0899027421114
1.77564639656
0.0982517876223
0.140399891174
-2.94186727315
-1.7520756068
-0.245630427486
1.03329782131
-0.22698539001
1.0522504644
-0.730800802748
1.1819116092
0.515017628433
-2.6682875891
-1.64687670328
0.607107905614
0.426304216518
-0.690942850298
-0.898299103729
-1.3926883003
0.727976569412
0.687811067868
-0.891527027052
-0.36880727513
-0.237605671524
1.6394642959
-1.50830345984
1.50720576767
-3.03846993702
0.731996863563
-0.511735983147
-0.592954347802
0.660836188517
0.381148517254
0.50676313722
-0.0938591405445
-0.441862941479
-1.32123336395
3.12453439378
-0.330308336039
0.80678304603
1.61780435371
-0.800555145881
0.367781134845
1.02818629663
-0.0701236046634
-0.267237469486
0.816866244555
-1.22717253586
-1.69580703674
0.548850138038
0.174881628368
0.850896512848
1.02356941779
1.13055004039
1.78692946104
1.1886146611
0.53136047531
-0.215741829538
-0.586255629531
0.836604082431
0.378319759434
-0.47022121104
1.3368418183
1.11418308771
-0.975158372581
0.0156161494664
-0.374005055991
-0.470215314364
-0.954807150488
0.970915917956
0.171591769041
0.0544883261775
1.68503617716
-0.886830208437
0.284800330982
0.958510816289
-1.54551066247
0.93285710733
-0.60660039269
0.625671977206
-1.18469771448
2.55366673825
0.515546972211
2.60956614797
-0.842046973263
-0.293878795066
0.462869522609
0.187083880456
1.75091874027
-0.944247791822
-0.68663767797
1.20562912138
0.423255525812
-1.9113751256
-0.102302629001
1.80264112317
-0.490735190893
-0.0188904701969
0.673707910793
-0.815090485813
-1.24897759612
-0.493342501735
0.103073664449
1.58072632463
0.0678573355807
0.475254715219
0.028731681452
0.593610221171
-1.34768351063
-1.26547928263
0.822473669185
-1.03071045609
-0.175233783871
-0.48302351833
0.0698777316827
-1.20537522232
0.986327630092
-0.763895905845
2.15628599628
1.11049099393
0.162127055894
0.128896624366
0.985930379196
0.475133174114
-0.0919533474272
-0.707076908631
-0.465504464199
-0.113915938334
1.68171398508
0.655209337286
1.14024667409
-1.48688035592
-1.19580417062
0.123038741616
1.40272944129
-0.216753789118
0.202747088596
-0.308116351462
-0.960335823071
-1.65019147408
3.14231135352
-1.24712826661
-0.493616875323
-0.45197812564
0.149308585705
-1.8949948386
1.70281751191
-0.455133163507
-0.796746824099
-0.470573184824
-0.43928813248
-0.0134449480544
1.0759679116
-1.07976782068
-1.57997487635
0.00313629595488
1.01586444099
-0.0232415024778
0.278101968316
-0.955837361037
0.209538945136
-0.883928036976
-0.424667064559
1.3708161993
-0.818778342127
-0.298043756764
0.245742359598
0.577731604299
1.9138380794
-0.357466355698
-0.12988148495
1.92326314041
0.511075700875
-0.128748799213
2.67777464813
-0.401838472692
0.646608183831
-0.575074460904
0.11355255156
-0.225493811877
0.595096435593
0.154414174574
-0.272075997303
1.80674533167
-1.56847936444
0.415159755564
0.103416366163
-1.52342016675
-0.602660718183
1.3494580204
0.836118776345
0.984087149102
0.717929564963
-0.486642834416
-0.896134852723
-0.534200196283
-0.705301240544
1.36868259533
0.0239123238113
1.17903848368
-1.02662002478
0.274645201074
-2.32991503666
2.05643234577
-0.286211524829
0.494432305646
-0.385749586158
0.811471772424
-0.28678928989
-0.27233641712
-0.270610590797
-0.264961927336
2.41133896231
0.578235517641
-1.70254766934
0.066424051212
0.542078728148
-0.216885071709
0.983123405743
0.327262349902
-1.11174652638
-0.866803110954
-0.320162808542
1.94766514709
1.23680165895
-1.12780687631
0.219428924566
-0.690345169097
0.414405713106
-0.314442489019
0.711518305891
-1.43259378307
-0.832557372598
1.08342644798
0.832904048514
0.440949286185
0.542569009935
-0.0568296889695
-0.0775395635209
0.146917338493
-1.1536837402
1.09498902241
1.49115626154
0.593328038857
-0.353836601606
-1.27607734933
-0.161369508309
-0.0820571821307
0.861822375077
-1.12839230823
0.406778216172
-1.55737153706
0.742673748564
-2.66119272918
0.361047470971
0.144665716238
0.793350840245
-0.368828441267
0.2642592091
-0.013520162435
-0.0181001110036
-0.66449971704
0.938378576345
0.414785389947
-2.1077804827
0.985489855096
0.666030004488
0.785575696743
0.442920827461
0.0406470374176
-0.292978003349
-1.33278525391
-1.85847028345
0.742670777341
-0.669854813644
-0.510258493285
0.606330368108
0.689919811584
2.1705960264
-0.926986436664
-0.218151398028
-0.0091389229379
-1.10482218983
0.173533508109
-0.763377371769
-0.0719551405041
0.0274525204037
-0.446924153429
1.61508425776
-0.674182538262
2.26463786177
0.133018174597
-2.46186449382
-1.86834863561
-0.773059382719
Score: 10