3
44
10
3
0.628740354514
1.38159068528
-1.55780190146
-1.53927353262
0.698521571775
0.488928238716
1.60285543069
-0.646344636397
-0.139442410084
1.50608821306
-0.504683249236
0.161749045583
-1.47987451989
-0.0562885812787
-0.827182519605
0.964558775418
0.343976685971
0.209577285694
-0.332810325105
0.8686762738
-0.638244698785
0.30628060968
-0.159489527365
-0.253922239551
-1.10526806221
-1.40928673448
-1.3858792738
1.12755531929
-2.36015944367
0.173907356514
-0.342032402478
-2.42541759005
0.940441966141
-1.44501937825
0.330998749259
2.01596660378
-0.924831484888
0.235003675138
1.60021896804
0.424269235064
1.64308343444
-1.11483804314
-0.319784002582
0.609770145531
-1.95365406933
0.356132736134
1.93985750479
0.499242896937
0.934541032552
0.672326207862
-0.632975739482
0.908710850331
0.451506566335
0.561027255093
-0.68309619514
0.00853554505409
0.469010626462
-1.34015979459
-0.556561139491
-0.754283994637
0.118111074253
0.455844633007
-0.435984661151
1.62503298728
0.306160443385
-0.208165787886
-0.543077015754
-0.254981147592
-1.12117030373
0.576249970543
-1.29227538021
0.402508896214
0.0136748770838
0.251214723946
-0.265292723623
2.19909842762
-0.138456208947
0.557869676464
-1.18195261801
0.116022508825
-0.984772004199
-1.53335804728
-0.591045985587
-0.669012462898
0.405647289309
-0.618412577342
0.713047336748
-1.15936987655
-0.758298583283
-1.57097086067
0.25730258302
-1.54950182896
1.981759754
-1.66893029311
0.736687846383
0.682335105877
-0.178558406216
-0.229830756981
0.445598540224
-0.0574925651417
1.46827061993
-0.670184437187
0.358630292073
-0.125889936192
-0.468490793477
1.74589053102
-0.616379820824
-0.280435135897
-0.286871045983
1.02049423157
0.523191672416
-1.12505681514
-0.740002166476
0.737190417163
-0.4907060178
-0.390649743916
0.384921404671
-0.0201988886465
1.7925263004
-0.327639648982
0.75120422234
-0.480572394856
0.736540604359
-0.325607561317
-1.63374448145
-0.14335766689
0.107294204618
-0.0424988867757
0.202839623462
0.22933583486
-0.152513755754
0.327522007683
-0.54510170857
-1.45964728471
0.306472552712
-0.117221983668
-0.711110084851
1.07077214758
-1.62026472861
-0.331296384389
1.11038364144
1.01645252789
0.572170818699
-0.0616353058175
-1.11668870547
0.36572646899
1.09852894111
-0.709023449594
-0.847095755364
-0.361832368756
0.875019319157
0.292334920058
0.116563633524
0.945973852435
0.490950328893
-0.907528080883
0.509781045085
-1.5526532833
-0.909151619351
-0.0623565271351
-1.19145286256
-1.16751194802
0.990154860392
0.0235381579748
-0.874019650805
0.355294809503
0.553633586388
-1.12735566305
0.00860466487973
-0.37377718572
0.789210336521
-0.64201729841
-1.18287803939
-0.314430751657
1.23744695542
-0.320138660148
-0.436237505969
-0.16650870083
-2.47538983803
0.412579678209
1.32492528475
-0.65803748463
-0.593302168954
1.23621829407
-0.596113425058
-1.53592154977
1.30459586402
-0.999804426742
0.830228527886
1.01573058087
-0.9888442451
0.0606686179695
0.663170182825
0.432279505567
1.4225490418
0.281580939945
-0.721506818663
-0.191238913176
-1.08800082686
-0.361782120936
-1.21835066058
-1.17085433066
0.347541988035
-1.86921259239
-0.622874586185
0.164163874641
-0.213234816816
-0.0385874687799
0.990450583264
0.518827271584
-0.375843032975
2.68965435157
0.094314695898
0.861705377957
0.88668719982
0.534255497406
-2.32083874516
1.06461786976
0.509105898637
0.321041333865
0.490076358238
0.013946124202
1.22519174056
0.131131299858
0.281664063872
1.92819418699
-1.06890702807
-2.12307322785
-0.76258378117
-1.35262112063
-0.716920458289
0.31094129305
0.349567011853
1.37524431512
0.0463639183009
2.27899964898
0.515507457844
-1.10702664643
-1.27893974613
0.275788688305
-0.148800832199
1.64005848197
-2.17793509921
-1.42203879832
-1.0044185843
-0.942168856118
-0.673904243523
1.38105738804
0.0594181546831
-0.0282193338877
0.258511158643
0.592675962958
-1.81270296018
0.18873977872
0.0887552173321
-1.35562213914
0.166719548129
-1.83183934214
-0.50252925518
-0.890621021803
0.586610721514
-0.90991216298
1.01223784889
-0.824448214768
-0.212470855309
0.385645203552
-0.68571096033
-0.854397038252
-0.00935315284259
-1.26803923563
0.862283887504
0.206272922614
0.399492924668
-1.67939444226
0.605907185133
-0.328244892703
0.295155363656
0.0412341036566
-0.0222854981933
0.233172326167
0.0248336007782
-0.359676755522
-0.478025733321
-0.505377759943
-0.221792647086
0.281057078567
-0.4046942339
0.385644551844
0.0583876396255
-0.242469178705
-0.14462675256
0.334315142361
1.33109125456
-0.909043067521
-0.789237555877
-1.81962043488
0.360410127731
0.46410816076
-1.46597312018
1.11844760386
-0.738766281411
1.16172946527
-0.391602940028
-0.190827663858
0.568201743483
0.972439404171
-0.918133501009
-1.07783578204
-1.26309170056
-0.854975650199
0.78320024274
1.10485662673
0.654972351162
-0.586741086174
2.81343587142
-0.980900495429
-1.73419649775
1.09772281294
0.292315523524
-1.82109202067
0.197315185645
-1.28520934564
1.02931533388
-1.79279234674
-2.30481569805
0.55905832393
1.37165754736
0.793721558539
-0.514826644837
1.45418786439
0.915622459874
0.520734927597
-0.0625009914468
0.133774282147
0.893153352637
1.68780920562
0.372925986174
-1.37789243885
0.684813215346
-0.777662180855
-1.04672578239
0.240323177129
-0.39701530333
-0.154898710074
-0.800085237805
-1.54224354703
0.524885929988
1.68011465885
0.109482797956
-0.265866291796
-2.26750521504
0.911198429225
0.459202579828
-1.16313834675
1.26064163304
1.0865031202
1.26639515889
-1.89365683993
0.302834908137
-0.894386183624
0.0368358980073
-0.789279216477
0.672204243296
-0.433196139594
-0.197106554862
0.945000805108
1.05337930588
0.792501275414
-1.4302668412
0.979595914202
-0.472173460728
-1.7958269107
-0.0620720043976
2.87529547288
-0.73355006768
0.0994136234379
-0.959957771679
0.694315065024
0.325190017988
-0.0123633500927
-0.294642757617
-0.157374579052
-0.860748882345
1.08109412953
-0.566823336571
-1.82820231444
-1.70617817008
-1.13207873462
-1.52107953294
0.596947957866
0.0280614749046
2.05984082396
0.337806036494
-0.202439922931
1.49978099361
0.916016054923
0.130755644721
-0.655816509306
-1.16812282844
0.713059814486
-0.151628769436
0.120270116275
0.960960826925
-0.627375639645
-1.04895282838
1.80952144556
0.0407526038465
-0.600732446265
2.04550818248
0.187342119053
-0.232076336445
1.31775008802
-0.349660092831
0.140638555698
-0.354714026503
-1.56969677467
0.310162693691
1.02547912605
-0.931587281889
2.08798442849
0.673435413567
0.745932199586
0.855093753293
-1.36644528235
-1.85811512498
1.33439774074
1.36496332491
1.21983210219
-0.748316896265
-0.321724767009
-1.08483710649
1.55313164408
-0.58691847108
0.847478762158
0.1960839155
0.0677909364729
0.425102856064
0.00529871539029
-0.154210576569
0.0153293504606
1.56289381234
-2.22277762044
1.2495945543
1.8923191043
0.0609891546235
-0.915542899356
1.63815993108
-0.549480961623
0.58447239459
0.331151908545
-0.595716444815
1.33607410029
-0.997441563425
0.278363409243
0.800973102137
0.131862009749
-0.551679329108
-0.263459398866
2.91580257252
0.411413030424
-1.46713581753
-0.305330316951
0.380502292214
-1.18705342715
0.970405850035
-0.52861402304
1.45163388264
0.776628546382
-0.625765119043
0.119682156168
0.682405542402
0.717416044262
0.309190440404
0.557105041694
-0.841877233512
0.0747102719885
0.46813219366
0.643063831593
-0.563266089406
2.31842107159
-1.75612893778
-0.846547922973
0.697991824731
Score: 1