3
44
10
3
-0.701883449357
-2.36971801381
0.32471293044
0.730244453908
1.82713079166
-0.638507202574
-0.459208721075
1.42723496587
0.00648694726941
1.61486356197
-0.749902113781
1.23976549628
0.0655081352768
0.252916488598
-0.0378214316454
1.01335275769
-0.173555972223
1.59619076788
0.668165451894
0.0891598498082
-0.0217296245849
0.88636408965
-0.378596271586
-0.122702926809
-0.417575099091
0.459790974205
-1.50599895735
0.62852805237
-1.68840290549
1.05609541364
0.676912215465
0.56440467641
1.32281067434
1.40120289114
0.181876590877
0.0942416000846
-1.89945458058
0.333106340539
-0.821199242375
0.0423116518784
2.38180357124
0.638525750419
0.601136891212
-1.5010660191
0.132036062573
0.0616302863503
-1.84839350736
0.780202316483
0.180910950126
-1.27404604671
0.134298820434
1.1239115161
-0.510716716975
0.77158669592
0.43760498705
-0.519165787384
-1.80680534817
0.151548411717
-0.954938346167
-0.268514751062
0.919497923509
0.519177617744
-0.35895294397
0.948058343168
0.493893519302
-0.665625116521
0.94460204998
0.328553118296
0.500321613101
0.991595906347
1.1626937043
-0.940339643522
3.81266810985
-0.173393836708
-2.08411478701
0.938124476266
-0.637353045665
0.258367010846
-1.37127351589
0.417359677209
-0.153332634979
2.65881865331
1.4912510861
1.00417866401
1.16154102172
-0.61667262018
0.859359772513
1.06858518262
-0.30481160919
0.117041347237
-0.591063321132
0.434664000226
-0.112873207291
0.543707792473
0.311410335168
0.024055309562
0.0598306713534
1.38999191917
-2.81386935796
-0.889854908693
-1.34558152405
2.36436306896
-0.42092004059
2.4602009504
0.777496827665
1.02201901176
0.937509635165
2.57634730243
0.966941328966
-0.80221295336
-1.4069866544
1.14581241998
0.600275902258
-0.161450443615
0.302653592327
1.17616750896
1.60204979941
1.2709526277
-0.808524675683
0.745709926624
-0.439304422183
0.439201262197
1.60889975094
0.419913620924
-0.813684203724
1.10226955432
0.28016798779
0.401500822401
0.14582542286
1.78655542561
-0.25355248604
-0.18056907607
-0.083107152695
0.392393701938
0.0117930435254
-1.02991051461
0.182247795446
1.04444513295
0.312400026461
0.562394677639
0.327768830581
1.37598542633
1.16114093144
-0.469494857899
-0.412870258722
-0.916516236197
-1.72861162319
-1.15488715116
-0.378361544233
0.047477317016
1.43217387971
0.516475094618
-0.897477834006
-1.00299107706
0.995730226824
0.54063969088
-1.53823072022
0.0895220830242
-0.425854815998
-1.91356328483
2.307385054
-1.57573000912
0.156315787584
-1.03170150252
0.491966054586
0.101508113623
1.16939912574
-0.338953743522
-0.733139001485
-0.954651978182
0.065302550115
-0.932361635163
0.320630806964
-1.6463068696
-0.672831285743
-0.333605279196
0.812150127197
-0.148252208554
-0.743977614828
-0.111558600729
2.21987489285
0.0333263477947
-1.05341803622
-1.34250065946
-0.0674676405253
0.665811538772
0.477367191877
0.869540087756
0.534670356878
-2.13730866008
-0.55316080049
-1.18191385413
1.84621391114
1.15479116557
-2.03455558951
1.50268983282
-0.360413834151
0.376889180829
-0.221282286708
1.29568451265
0.0440658716499
-0.0724362761511
-0.513937237596
-1.1956258198
1.41068322042
0.715061359183
-0.0132438811117
0.0234055256349
0.433670477596
-0.793005192148
-0.297566574302
-1.44954778513
-0.662991497283
-0.189632452059
-1.16365434682
-0.789929152738
0.209073630513
-0.397833524065
-0.852799241952
0.563701512189
0.476012573525
-0.242270430542
-0.65306704606
1.27873559528
-0.0899315757343
0.611775604745
-1.38134600452
-0.721426605752
0.491706085628
-0.443201076038
1.04509514654
0.271639785511
-0.257971479876
-2.00768688338
-0.605099434887
-0.22738314659
0.0371790184191
-1.17378357727
-0.80174037351
-1.00406219919
0.349282687121
-0.0183527893813
-0.0857089029187
0.743151670727
1.84759331678
-0.115058695133
0.94305479851
1.91786810476
0.691153084082
1.29829178587
1.09381922694
1.23437081403
0.912917735586
0.124560796164
-2.1168178048
-0.165977915041
-0.231866425155
1.00256524962
0.181441888496
-1.80164175873
-2.39197953125
0.835336534326
-0.441830979328
-2.02247830821
-1.58002961764
-0.0595754957537
0.279699925609
0.660007981394
-1.06153150189
1.49923948324
-0.996069396945
-0.149129773432
0.282657026037
1.2428029497
0.529848019212
-0.402435090624
-1.0031235785
-0.0309545915043
-0.664117971718
-0.295943402559
0.276210017352
2.1614282335
0.250537486111
-1.10431682294
0.566316749101
1.1962643187
-1.52694096174
-0.425973105165
1.57204666211
-1.24445053734
-1.45820893704
1.25083002889
-0.703638705487
-0.406836955547
-1.22049407414
-1.0497724376
2.02158369202
0.225108311043
-0.460241814366
0.823930026836
-0.904601990523
-1.69299454417
0.966796593892
-0.362531625215
-0.410930368908
0.919004187491
2.03964382983
-2.14723233573
-1.38268844955
0.434378411655
1.18548623267
0.699191288542
0.702127075948
0.205956578969
1.17589094447
1.27593416104
0.649643105298
0.252739900865
0.140129116322
-0.519254060793
-0.702895412625
-1.46960973588
0.149810277685
0.251715851604
-0.24606717059
0.64148849
1.13715235407
-0.408605641638
0.350542747542
0.00843167619725
0.08100068701
-0.823897393698
-1.07084998605
-0.242021499546
-0.586155029589
-1.02757183005
1.4473092778
-1.42485179398
-0.563028904078
-1.3087392716
0.986610482716
1.52552618315
0.13804357891
0.280783611811
-0.33458423023
-0.233988347842
0.120535912757
-2.47213021316
-2.00353659514
-0.0783363235684
-0.782936424332
-0.152301966286
-0.467313836939
1.50053494584
0.281044518503
-0.92620690156
0.944769553712
0.532215656533
-1.04266376716
0.418991488884
0.954532038251
-0.977906188828
0.567452629442
1.20792490289
0.818404748301
-0.180170969084
-0.216692676304
0.604364177448
0.630526375667
-2.75039928701
0.473357905261
1.29723003348
-0.225884411655
0.32236481175
0.193752184965
-1.22398649139
-0.807205766911
0.141739057611
1.19543062208
-1.42728850399
-0.775746704552
0.317371537395
1.01409850782
-1.02810722284
1.20900059004
0.280723479849
1.37671493354
1.05095580191
-0.718989008753
-0.760203171953
0.985224396749
-0.726406145146
-0.578427641652
0.845322858515
0.738326073488
-0.037188430277
0.312221533954
1.022955124
1.20699153098
0.437577435717
-1.65936443333
-0.165397505696
-1.34767566427
-0.262513563981
-0.292273255743
0.11598416301
0.556976052627
-0.824926072419
0.953889806061
0.535961894683
0.458095043876
0.574312958841
0.0368155168234
-0.81904918446
-0.00557604063046
0.225627947397
-0.715601787857
-0.0541757697992
1.10884585004
-1.14152801203
-0.132767402558
1.72161289204
-2.62673645271
0.0369935442872
1.44809326547
0.636355501044
1.34348685519
-0.286137200171
0.630577279813
1.12987361999
0.666881872297
1.68446768086
-0.498201861402
0.0255252033465
1.92797588242
0.0180813040548
-1.09615772624
-0.58179179235
0.26665237286
-0.586985777027
1.42986232452
0.697555031087
1.01368641645
-0.710787106016
-1.85043741193
-0.704273645475
-0.340132018837
-1.13316084546
1.22140909842
-0.331869925987
1.56518609821
-0.483559128731
-2.99689372397
-1.43252976435
-0.596098015983
0.593569482074
0.198690398461
-0.868201150346
-1.10923307693
-0.246176645618
-0.00485381483909
1.15844813624
-0.216498573264
-1.41515102049
0.365161813023
1.30862302304
-0.303892715701
1.02472581852
-1.88643130864
-1.73118748544
-0.0141067267657
0.844133869164
-1.11487156437
-1.46147062192
-1.99547828093
-3.20063345812
0.818969501508
2.74234966936
-0.61967973844
-1.0961090396
-0.902933522318
-1.12100426081
0.346058570438
Score: 1