3
44
10
3
0.484663021785
0.148094068441
-0.896174527505
0.234484133833
0.143328254845
1.20124269456
1.22823747804
-1.14366752261
0.854502488196
0.299825127544
0.32015152356
-0.104211213525
-0.896117912224
-0.250185658491
-0.719977131508
2.61221819282
1.10692679301
-2.22384811853
-1.77548990803
-0.683426628294
2.12614037921
0.962275766033
0.511279717718
-0.28083934926
-0.275239044469
1.18317690763
-0.94131320705
1.71389124889
-0.720149392125
0.575313992594
-2.0399690624
-1.77362699638
1.05969913658
0.930204263421
-0.736968286159
0.683202817049
0.543412374659
-0.343134719931
0.804376582433
1.48545766752
-0.669998871116
-1.27030286576
0.0918759381632
-1.32913535357
1.52044671948
-1.52007419185
-0.110135408619
0.268898420296
1.82367234224
2.15714943539
-0.150488914315
0.501676445338
1.0716132467
-0.625375278661
0.18402622786
3.03818799955
-0.850941975153
-0.209733777075
-0.858445467797
-0.685984901093
-0.96936927159
-0.282681725596
0.376822019169
-0.42653552417
-1.20760702966
0.431073731767
1.44296756911
1.29771516177
-1.35267223892
0.461869896261
0.828924791212
-2.57643875677
0.811801721718
0.830724799977
-0.55116302934
-0.59696681191
0.27725290134
1.46644783706
0.764715999587
-1.15515453407
0.0169599243888
-1.68861729089
0.251307834842
-0.433206269047
0.63151433046
0.948737027925
-1.02399558979
0.498951628198
1.39693577279
1.35606686082
-0.48398517559
2.08220999805
0.206466265694
-0.504536637457
-1.09901975694
-0.643755438745
0.150777493831
0.220558462636
0.076483679619
0.482550207137
1.14445164317
-1.16869560305
-0.5683209149
-0.25560738677
-0.393855776586
1.97781412677
-0.110961593045
1.42695911151
-0.519081629948
0.159095335979
0.814019031111
-0.0117822195807
-0.237851209994
1.82793796815
0.621851065458
-0.445953203909
-1.10585136797
0.93408420311
1.28217007575
-2.02027073566
-2.46503317232
0.843954550277
0.601774008512
-0.283022299187
0.575982957521
-0.340588465555
-0.330041342263
-1.25551735096
2.11097201458
1.12609404879
0.423335362276
-0.242982015804
0.355219546478
1.06340564922
-1.86069195453
0.588724973333
1.46011104704
1.14730083722
0.727706953629
0.436947248637
0.671468876754
0.609620902144
0.668085052411
-0.303292243275
0.518842843203
-0.613413278643
-0.493307469434
1.2208418831
0.874808847917
0.860308988086
0.803990552284
0.930361367673
-0.307076874763
1.07520251324
-0.614319751081
-1.22973636425
1.53682584724
-1.26301015651
-0.731140387311
-0.726645184471
0.429594193279
-0.597315286457
-1.15360019488
-0.808676042537
0.191077312378
0.453385555444
1.05729743299
1.49440266219
-0.439661339926
-0.835585303112
-0.559194796864
0.464932499989
0.724488969812
-0.124988354989
-0.603665613547
1.68901636434
0.301295046137
0.813159039068
-0.609176257708
-0.185306415451
0.564569767464
-0.345977912324
-0.769483527267
1.51071620927
0.0527947739442
-0.290557993228
-0.543733814996
0.148184446118
1.75195892155
-1.53193675725
-0.542785112898
-0.130077152157
1.21518479823
0.123854708581
-0.61896949448
-0.845853567236
0.971008512202
-0.898912761223
1.04246321162
1.05782704125
0.496151336355
-1.04835315523
-0.562812248242
-0.736434260963
0.297281600885
0.672334879586
1.23996066791
-0.044040325652
-0.0276886230939
-1.79412932961
1.44696977783
0.496102669467
0.319427815578
0.0447806269641
-0.58207769176
1.4294599359
-1.64349147244
0.540745739942
0.979656807428
-1.51447149574
-1.13071648656
1.3285973236
0.772390660889
1.21959495809
0.174129870643
-1.41549646674
-0.460474032672
1.43568998083
-0.379739172796
-0.938269911562
0.558841446338
0.314083247114
-1.28802766888
-0.612202148769
-0.788629729259
-0.0329915722301
-1.37210466393
-0.949746677625
0.850519191092
-0.250231613932
0.561520085699
-1.99632246504
0.014792572587
-1.19258149517
2.03194901063
0.47719379126
0.295053129368
0.261971029806
-2.76273343365
0.248909625265
0.178001132654
1.17389121468
-0.0180794660378
0.398796478429
2.35252050858
1.47105015424
2.25032972079
1.36042133067
-0.0407052136395
1.12950569297
0.75708507241
-0.84894811156
-1.49849796525
0.20724219638
1.06474871158
0.276885881938
0.646611308606
-0.493062346673
0.0219609418242
-1.07771028097
1.1586023657
0.333542174549
1.0567641941
0.522500435017
0.0904604121239
-0.19083976316
-0.225048608399
2.23642514698
-0.30287528572
-0.402630005093
-1.95590521635
0.192721685569
0.270149047751
1.04264436292
1.45543106046
-1.11847641343
-0.37692800292
-1.40296580148
0.561414940543
0.654711192235
-2.19518370971
1.21070848271
-0.991346949337
1.10566265898
-0.539453920361
0.823710418913
1.17999842537
0.527593130662
0.553228113439
1.2096047863
-0.677129792597
-3.48179607403
-0.22896052624
0.223236053119
-0.388500233386
2.44518871181
0.0104837422804
-0.407949564903
-0.821360145356
-0.405838325126
-1.17871968719
0.215219466755
0.29622728696
-0.776079791383
0.185611085038
-0.37757211297
1.34436512159
-0.426745228894
-0.248256236456
-0.566107007442
-2.22578506542
-0.767191016303
0.889480929868
0.603003030206
1.31023443546
0.0544752257571
-0.627440768873
-0.899461221049
-1.98227473934
-0.162702645282
1.26764165989
-1.55316004537
0.957035214243
-0.785248004403
-0.28041230675
0.77896964414
-1.38757478699
0.713227162396
0.666974881097
0.27590990804
1.19226403815
0.0149899836083
-0.387080205776
-0.256093358295
0.78006045365
0.418661035101
-0.429441652033
-1.14572037941
0.531423012812
-0.103774048433
0.0786998633523
1.33228721925
-0.257589825268
0.97685008552
1.35962795468
-1.59471021207
0.395856278599
-0.435999969705
-2.21651326764
-1.12215604272
-0.464577271063
0.891708135126
-1.64359299549
-0.198790913215
0.72563318573
0.288536845036
-1.51751163902
0.348836913449
-0.759058798359
1.61095342771
-0.262895372952
-1.25656443091
-0.678031488549
-1.66393895237
-1.07957222334
1.0611379142
-0.860011028991
-2.21929559973
0.9500429779
0.167897312703
-0.802193091782
0.247638859344
0.0578465872513
1.56345269795
-0.484393204415
0.612302158576
-1.3696748897
-2.17298179413
2.16848348987
-0.118617502658
1.93154148066
0.647608629329
-1.93505243817
-0.137439696125
-0.123690894305
1.26934090789
-0.266460172645
-1.75986124306
0.849201569269
-0.174992406704
-0.580489708659
0.147460462558
0.598999838213
-0.578821901856
-0.53178560676
0.729270020567
1.94277316393
0.729715031136
-0.86190860254
0.341197240048
0.222921981819
-1.06164508657
-0.908342831803
1.41844244225
-0.245875748802
0.0264205841338
1.26754189583
-0.872789675669
0.909240884531
-1.59265479374
0.6542957419
-0.0480178351727
1.94252979267
-0.101502634141
0.299404777434
-0.488377520467
-1.28556940567
-1.39565279789
-0.227696360694
1.51650992707
-0.886311860836
-0.443274450311
-0.281068685244
-0.329597694469
0.570409388926
-0.789930012406
0.00032682109653
-0.888187770429
1.45911252166
-0.974285364988
-0.324640911354
-0.599866441316
2.54362828072
1.05314868362
-1.12360852527
-0.335413008446
-0.669228095606
0.564571718312
-2.05843790625
-0.625531124209
0.108071457768
0.240858452628
-0.449640764347
-0.0950335837184
0.785054117344
-2.06634479226
1.07442492525
-1.10070677078
-0.0585103133195
0.476152660823
1.0901649459
-1.00120482253
-0.880601351268
0.160727647111
-0.189909756216
1.66287080697
0.379039815259
-0.440183585388
-0.834113786832
-2.02817819695
-0.424112359433
-0.474930914609
-1.34691341855
-0.672868808013
0.686043670169
0.552424992853
1.65139058655
-1.24740059518
1.53901874055
-0.339051664278
2.0258652893
1.0341221954
0.826376547344
Score: 13