3
44
10
3
-0.121676388151
1.4965885693
-0.595453962214
-0.969871829905
-0.54134766374
-1.6873351696
-0.0497830020411
0.408536836162
1.48648087686
1.30237293577
-0.875355815368
0.919432345007
-0.130343500696
-0.821952898789
-1.74228221409
0.00639117125271
-0.367062452007
-0.111873300548
-0.859325851668
0.777236402836
-0.328088876853
0.899148219145
0.468921303879
-1.21203023214
0.372668541545
-0.265376719781
0.259740569653
1.32762693053
0.973745790589
0.950955856453
-1.73985778243
0.475617255039
-0.524485790869
-1.94327050035
1.42760194396
-0.309484936442
0.167413844486
0.468579071328
-1.22650722346
-2.35951886741
-0.67596400848
-1.619377
0.0382715220076
0.0832305653595
-1.39264534848
0.433039115296
-0.932518599455
-0.879672122752
2.34154520716
-0.721995143552
0.61043541502
0.310211294048
0.318205581607
0.550002172692
-0.923319600678
0.0691745086967
0.912022919266
0.0796508438205
1.51148868674
0.508186364779
0.946524743744
-0.858447535983
0.66895789933
-1.07660276017
1.26933554729
0.564234285342
-0.0683175211259
-0.893677270146
0.191854831917
-0.235339681271
1.16187537169
-1.72598953601
-1.40233708845
-1.24016789723
-0.358923117027
1.94621991498
-0.535587294672
0.0989036364095
0.3805020716
-0.187995685153
-0.669197175511
-0.459338622539
0.734055333507
-0.0169064694893
0.088588082967
0.0422330780571
-0.884195191178
0.699921778598
-0.812474655742
-1.67869174501
0.0058050635727
-0.693232306477
-0.0353529658214
2.18123677643
0.107877027895
-0.92182553972
0.313604914283
1.57445696728
-0.190407393585
-0.196780555935
-0.492340892942
1.52349345398
-0.33158649789
-1.12337595493
-0.709511794805
0.211496487309
-0.182053241037
-0.375632790105
0.891350568572
1.38597565091
-1.44351803443
-2.67480039667
0.387053764172
-1.0439271456
1.70130565516
0.641086382514
-1.58409593645
-0.991660812418
1.14340997825
-0.00614876260527
0.389874726776
-0.786100988334
-1.58878894617
1.11985338937
0.304963858724
-0.30903645732
0.540332226153
-0.478546111922
-1.01298096696
1.41724571588
1.48237344199
-1.19435936467
1.88449156847
-0.734780871806
-0.328005016557
1.28217735975
1.48541584088
-0.667884179801
-1.52520955907
1.11482397654
-0.888448654413
-0.10021204632
0.926474011245
-0.465423390486
-1.37069801656
-0.854205998119
0.8918155413
-1.7840861804
0.880492284492
1.41084868325
0.652478661158
-0.661595240695
-1.12699257677
2.57754898932
-0.153415469483
1.03687146549
-1.71768539416
-2.25725601576
-1.27810752235
0.163120589613
0.884798964969
0.466854574924
-0.963757481177
-0.27704467793
0.486029706553
0.177598676893
0.693684164686
-0.986793301705
-0.216271239099
-1.9879000679
-1.9113164756
-1.10536046867
-0.449782698509
-0.0508501390129
-1.28448579849
0.121634140107
-1.16390945552
0.0876389368954
1.82025080603
-2.54977666949
-0.785268385666
0.00871990154789
-0.253657805646
0.765737375637
-0.228351519299
1.63937452032
-0.493916493302
0.387310548501
1.32442702453
-0.796077986819
0.557095436966
0.169532389049
1.28514757495
-1.35617882736
-0.333615144426
1.54912138106
1.10098186417
-0.54020748243
-1.96616962557
1.22286915962
-1.06610462132
-0.341833103905
0.0919309693595
-0.834607611956
0.000386927758954
-0.500798013251
0.400541826362
0.94236291301
-0.0724799182412
0.555325930026
0.577773378086
-0.562783785929
0.11464455084
-1.18381148036
-1.35135186776
1.57623375954
-0.740093684091
0.86044333623
0.224885628137
-1.18213346056
0.195919920421
0.783869387565
0.384052822224
0.814618730856
0.78822211496
0.278440643575
-0.376434033333
-1.06499970989
0.129107203638
0.427556876093
-0.929353330267
-0.27505547731
-0.468512433158
2.17999347525
1.43127999301
-1.11819773594
-0.882425302074
0.490053468003
0.313226799511
-0.414294011354
1.44536029303
-2.95322493227
0.750734629755
1.32577558534
-1.80341872465
0.638189895427
-1.26949847183
-0.272383245953
-1.55692703413
-1.18587576683
0.12745435448
-0.28092853344
0.69079192261
0.00450446454886
0.430375158061
1.09626328051
0.448808412643
-0.620449795125
-0.592843043078
-2.18805166804
1.39182290006
-0.389002257389
0.591509496714
2.59644437577
1.25157478744
0.235164686202
-0.421116251234
-0.0286150709708
0.0822592269602
-1.50226756001
0.182867981938
0.763342420416
-0.771693274471
0.234266890202
-1.07427800296
1.05066142421
0.52161805298
-0.640556338987
0.837205775243
0.26280850304
1.2798261666
0.413961931903
0.210403201147
1.30326383307
0.944732651217
-0.0875995667903
0.377311097524
0.00470640656416
-2.14678987
0.386905543911
0.65887635806
2.00827365017
0.675513762153
-1.29125794335
-2.27744915959
-0.415422910124
-0.607623871918
-0.435677778627
-0.422095201098
1.08981073516
-2.25290213123
0.986230577833
0.578327581842
0.956480526154
0.359469593848
0.393994498526
-0.311348989711
-1.04941086669
0.339226437804
1.02340122388
1.54154422792
1.00652952857
1.03351922499
-0.155420445602
0.174149861792
-0.775769077538
0.246101032232
-0.297960374932
0.809180510466
1.25093807551
0.593037384047
-0.3056105845
-0.355512147533
-1.38562905358
1.01192868174
0.616003330891
0.339903597115
-0.194767273976
1.46018127812
0.89208027188
1.36376078954
0.292670233602
-1.4219564868
-1.27794097522
-1.2220063436
0.0737292626421
-1.35543763105
-0.499831130984
0.843144511675
-0.863688753386
-0.0466025175098
1.43426953809
-0.893860853176
-0.773411044617
-0.681539562778
0.242253434153
-0.549819555772
-0.183152792863
-0.131128379583
0.253511809916
0.715154414392
-0.69447300246
0.814400941718
-0.508417836034
-0.066961234358
-1.4678537292
-0.123005972205
0.832963433261
-0.386966457272
0.375482771085
0.972224138814
-0.182955804962
-1.52626094723
-1.36956368491
-0.479010832235
2.23631881547
0.128341206457
0.423604077856
-0.811588786412
-0.535439131501
0.989692456494
0.572784557403
0.00588201661547
0.0936238005682
2.62507192668
0.0597763223924
-0.0256271994247
1.77101371238
2.49189269956
2.88757900958
-1.23199478676
-0.187392258101
-1.71725297533
0.532989805357
0.0425812681996
-0.596057310673
-0.173364650056
-1.17593822363
0.165756896709
-0.2605321778
-0.208607271632
-1.00329175535
-1.47125499564
1.88200879044
0.296166851917
0.51822839504
0.498736632105
1.14229209671
-0.107044082784
0.242702558359
-0.173283397884
1.09306888895
0.533354293135
-0.325306077388
-0.31697260558
-0.936567454311
-0.262320015196
0.411026210207
-0.0642185562303
1.3240898746
-1.60408538069
1.55662654162
-0.917424862349
1.31453396188
0.345497537811
-0.438480026762
1.32806191916
0.677249274872
1.29502515545
-1.78511454304
0.632424058749
-0.811238131282
1.28090837168
-0.487498016244
-0.0110511194274
-1.52795465878
-0.96956088483
1.03288169802
0.14373930672
-0.0305810160399
-1.41097250235
0.587891360141
-0.775996684658
-1.06787970899
-0.144705453849
-0.204543605971
-0.474318531757
0.350161084336
-0.489606168961
-0.138470035029
0.155528039797
2.42303375151
-0.819789368051
0.0795141195323
-0.254438656114
0.307175274714
0.0845645800564
-1.31045209285
-0.036123104816
-1.78043073791
-1.15697364165
-2.63925871398
-0.718192173359
-0.839428236692
0.909988075675
0.0974754779853
-0.137044090703
0.805978089695
0.284209708997
0.906721443846
1.30750795482
-0.351057093547
-1.3056702618
-0.438995137691
0.153118273686
0.103279123797
-0.0197501302038
0.298718761078
-0.396933296994
-0.883562837337
-0.397426063399
0.738296322355
-1.09961808787
1.39651726706
2.57420947435
1.97104565246
-0.128475576398
-0.718210282679
-0.321914630872
-1.1294644164
0.403741071582
-0.194525713666
-1.23427133458
Score: 10