3
44
10
3
0.0506754315924
1.39683962846
-0.487378243454
-1.07506773629
-0.458242463123
-1.70729637455
0.0639568656198
0.558735944021
1.27159799568
1.38572518847
-0.729443921872
0.792280681722
-0.0965212619357
-0.532137062423
-1.74663421778
0.234508490874
-0.331346369209
0.101005269761
-1.20717227566
0.834425596337
-0.192955313502
0.819338205025
0.540512455106
-1.23258132935
0.394027369045
-0.385191471528
0.248148707874
1.21944787915
0.95213179486
1.08337436571
-1.64611016649
0.512365295434
-0.448055884281
-1.74080382362
1.21577980256
-0.288893490418
0.255397115088
0.461705717404
-1.38836942748
-2.36558922052
-0.862289795191
-1.70913902575
0.17773317503
0.0267315732192
-1.28991986285
0.498151411943
-0.84416721244
-0.892273841474
2.41134731532
-0.703514831645
0.397090573495
0.272473121302
0.259844385678
0.69187260558
-0.878757415306
-0.0458645614416
0.98063511391
0.108881451098
1.76039638071
0.566424021743
1.08023549688
-0.935169734197
0.564697137412
-1.35447594032
1.39714929807
0.481023167826
0.141015810146
-0.683260282018
0.166859652048
-0.387742482926
1.47716611141
-1.79872384066
-1.53089313523
-1.0998942551
-0.193098772767
2.08321076723
-0.750161620814
0.0683995237527
0.619569244667
-0.335796088436
-0.426660039926
-0.401095258925
0.705659937727
-0.214391583522
0.211627663588
0.498755226865
-0.817778149055
0.702615857768
-1.12264324072
-2.01138337624
-0.10784004931
-0.616564868632
-0.0406992352776
1.95363869642
0.260719905216
-0.650245840585
0.418937327915
1.55465063776
-0.318449589694
-0.360465593904
-0.279372582581
1.63746064975
-0.402142996963
-1.38184919708
-0.899819831239
0.134974592942
-0.183251464816
-0.429365154421
1.00505296588
1.36897192484
-1.30723249032
-2.89847750956
0.216857181559
-0.983548608101
1.8063102793
0.710359536898
-1.68316817428
-0.850316381205
1.02456044964
0.149881614754
0.381725195524
-1.0312088216
-1.6743475619
1.16342994838
0.200149946256
-0.118611220078
0.568304167385
-0.612302052942
-0.90743851635
1.25190170773
1.45149402242
-1.18269196225
2.00169189459
-0.549573774864
-0.685323564467
1.29098243668
1.34673135181
-0.384955113491
-1.5599982408
1.1146815133
-0.964543126418
-0.306951330415
0.889153918739
-0.397850719116
-1.39438088801
-0.754832334851
0.808251690925
-1.67535805419
0.646425076767
1.70267840853
0.612096203132
-0.608716804299
-1.10509933385
2.84949596855
-0.321879721164
0.930757145685
-1.63751342505
-2.32129356771
-1.0985474027
0.239287779239
0.811791529765
0.603489954449
-1.12985532461
-0.185206846645
0.565919118535
0.294232085391
0.636603045827
-1.19583110019
-0.214379109644
-2.12921759216
-1.86863166808
-1.21565304735
-0.286143983573
-0.292027636408
-1.27042854783
0.00273108411343
-1.14855394625
-0.0127129613939
2.01649210572
-2.57326835508
-0.752149651455
-0.0291419647757
-0.295469118482
0.557698143658
-0.378402942109
1.25808725074
-0.356165395558
0.583410741037
1.38522124378
-0.621144738135
0.435401775896
0.142260292316
1.380941901
-1.18383941605
-0.304144347219
1.53353507344
1.11510523997
-0.432512821933
-1.73386429814
1.40402529303
-1.09359427137
-0.383512508992
0.0913081220618
-0.872552521693
-0.0230154812755
-0.693391652814
0.772890691051
1.12515053938
0.173311984492
0.568402360873
0.61218414915
-0.546393648671
0.254138050653
-1.08147531578
-1.26768302204
1.65081293583
-0.701666038468
0.971209926629
0.0918274080907
-0.940903535528
0.237764914589
0.954579630782
0.31607084612
0.762223457922
0.669764221831
0.31392661965
-0.491978549358
-0.925283584902
0.189552171662
0.612400429337
-0.749658629014
-0.367656220922
-0.474921909009
1.95851053328
1.35439366484
-0.917963079878
-0.898088729602
0.309849334032
0.310158548188
-0.391347276863
1.40314802473
-3.05636254842
0.720241914546
1.33745773041
-1.60302169088
0.613443202373
-0.905167306006
-0.32488643453
-1.72093478477
-1.10747310715
0.235967873851
-0.348228010085
0.851286889061
0.0641989040455
0.461639645681
0.691914981957
0.4290843404
-0.439095969318
-0.589342044894
-2.19990448832
1.21844892028
-0.429047111903
0.53842362933
2.45097953601
1.14026033315
0.294492968234
-0.45729423503
0.0925223332232
0.222613105693
-1.62035489721
0.0239654956498
1.03848276256
-0.651904017493
0.0957698708489
-1.21877832222
1.03086864147
0.37357016132
-0.59886061733
0.71914941968
0.338333580345
1.25512444938
0.571482558954
0.344993662624
1.43767063096
0.98645753354
0.12525748128
0.381615253032
0.247448863294
-2.07498533271
0.25395348717
0.901048537721
2.23344990655
0.459083088201
-1.41419607717
-2.45040448521
-0.618302034914
-0.720414961087
-0.522600200171
-0.517017391588
0.791611019038
-2.23445459858
0.990401802883
0.700537454459
0.720062822247
0.327024322103
0.63817790448
-0.308319533143
-0.91383800855
0.18186066085
1.13865969227
1.70110616081
1.13628827677
1.17850193041
-0.284105765148
0.0752506484717
-0.862080501439
0.0987580780297
-0.471908955901
0.81448583046
1.04570673005
0.720879266821
-0.0653984811496
-0.150749105953
-1.33502947309
1.02697553524
0.568638710441
0.284610675656
-0.144364276549
1.05149605076
0.716423431107
1.29317405122
0.295025159258
-1.38073109253
-1.37218584512
-1.16756287938
0.148319559471
-1.32377419369
-0.389073373675
1.01348061725
-0.939499924871
0.18960697551
1.32366090388
-0.943107075812
-0.853060544729
-0.562264523468
0.397280560448
-0.659875859531
-0.0951795706422
0.0994591587753
0.51547079958
0.709887779066
-0.233055701839
0.496980043678
-0.699327214651
0.134963986654
-1.22153146786
0.0584848084039
0.868085695441
-0.209721460607
0.425291419956
0.902243247013
-0.136172554861
-1.62460499461
-1.48388153603
-0.228988630928
2.18342985742
0.117635335238
0.616735818167
-0.766150207379
-0.6158734411
0.798163540378
0.64796352175
0.0666308842513
0.209647521229
2.50717435907
0.336269613026
0.100996214067
2.04501909499
2.61548116829
2.94904964719
-1.25570579376
-0.467236688122
-2.10602699772
0.585868651367
0.181983931071
-0.72338846699
-0.124845552092
-1.26396105911
0.0505846472133
-0.0421827946261
-0.483493621163
-1.08887322299
-1.38451816141
1.9452771675
0.616681451406
0.492337965778
0.619068091277
0.791760797972
0.0768664059276
0.195308671234
-0.266132903667
0.889076705135
0.311379106633
-0.192849566411
-0.526041891946
-0.894453690437
-0.412284871922
0.361083695571
-0.280276779135
1.47188185237
-1.37804331962
1.67459022535
-0.732424637331
1.39512574762
0.657202415864
-0.862888312356
1.37226093394
0.84415583608
1.36211489251
-1.7948534637
0.727406406314
-0.842790088492
1.18125985719
-0.681073408002
0.103607097768
-1.64297321391
-0.851130101615
0.82246657815
0.0573600869361
-0.283027321514
-1.47884755081
0.562554884231
-0.564961450461
-1.08633812693
-0.0182183571831
-0.280739838858
-0.692553595344
0.246935142616
-0.515083656796
0.115145739322
0.0523056319933
2.20986086606
-0.460877341349
0.0949120308562
-0.0976248899518
0.268405985663
0.0472189633729
-1.0924895677
0.0987895597014
-1.75462672746
-1.15009224131
-2.54473413894
-0.799247165033
-0.68715715205
0.851574424378
0.189516019309
-0.243617972344
0.622988469444
0.269774242834
0.901722681178
1.56481805232
-0.227520318635
-1.21814367729
-0.41501709356
0.141815340839
0.062935506813
0.0600383104876
0.234577907898
-0.326545345375
-1.10263290305
-0.186762094856
0.610666198914
-1.46076583215
1.36235495935
2.49464634126
1.96647649708
0.0445491130855
-0.404088382716
-0.381648532267
-0.916957479555
0.258813975037
-0.293619780587
-1.42739113913
Score: 33