3
44
10
3
0.208985294323
0.828871440338
-0.483741550219
0.762455971743
0.223678090032
-1.24570366159
-0.305539707196
1.28869522056
2.26813848638
2.18288763315
1.46896037151
-0.156801251677
0.102862351855
1.81533312656
-0.196369263014
-3.07567742915
1.51637758853
1.3461354175
0.516943748531
1.57636235141
0.672451502702
0.112728724154
-0.400872180521
0.928981909623
-0.418533882578
0.784422797743
-0.822218308793
-0.793880249688
-0.957921340188
-0.450217615423
-1.39547599803
0.515064848179
1.75966879907
-1.64174791474
1.70522661964
0.862669152253
0.198644042094
0.220487999883
-0.0420232989883
-2.82010660916
0.543716548548
-1.30617919583
-0.763006591826
-0.506821661288
-1.44877511201
0.0672036077178
-0.569609767242
0.213492197763
-1.23756169747
-0.246869018997
-0.402850849863
-0.197327054637
-1.43080237031
-0.91040282187
-0.383342341351
-1.77985728753
0.0696848938374
-1.18534997874
0.397448579227
-0.720330463573
1.89737834499
-2.94815391322
1.45788182596
-0.133708507363
-1.13900946093
0.235176084436
-0.717156373471
0.463901730278
-1.01640914937
-1.65568061465
0.0339807892549
1.1611687244
-0.360693205943
-1.13162637052
-0.726395364028
-0.858060272573
0.391303648073
-0.748847676119
-0.0932416854222
1.63643231472
-0.925388475144
-1.34925647217
0.852674151005
0.796271849093
2.24331746763
-0.958603466392
0.184892088704
0.610571827588
1.89653249908
0.731874572234
-0.332413115431
0.0942782160364
-0.628431315066
-2.53267737719
-0.708594709374
1.53315055341
-0.0959494660016
0.389828423302
-0.530826906993
0.0798137553497
0.742303007308
-0.630449656481
-0.285356347973
0.48404088967
0.556592710152
-0.321918666607
0.439999528312
-0.102996881939
-1.21034328687
-2.22786575717
-0.0445734149278
-0.742552736043
0.494986078192
2.31623029332
-2.45313970017
-0.558941376856
1.88523064508
-1.93721544381
0.255288642198
0.0613731159623
0.382824538821
-1.14115329784
1.53839008486
-1.37767662144
0.0330555215832
-1.91019086801
1.71807644687
-1.49270591894
-1.51656055835
-0.356401930661
0.0560028626515
0.162736956101
0.43810805301
-0.584125848674
-0.831653638312
-0.0571878726067
0.191157487899
-0.422556465057
0.409535050927
1.52594572788
-0.576011685949
1.50771761928
-2.71312995469
0.37501435606
1.72604907183
0.53176920356
-0.280334254547
0.779698164608
-0.0622577281344
-0.413069673276
-3.67640599717
1.95227117041
-0.738867416226
-0.0946113915035
-1.62261133715
0.624986045086
0.851207933276
-0.353685634931
-1.11260586719
-1.80566104881
0.0709599263058
1.14359342392
-2.21780981902
0.426655312371
1.30516553703
-2.15782955361
0.809748014127
-0.0600792174355
0.0155438600943
0.402938534542
-0.540894472697
-0.395913289103
0.0142959340925
2.05685995843
-2.02215897079
0.532328852489
0.984493578939
-0.317475730307
0.525093001709
-0.0379200002173
-1.1969895581
-0.788999436779
1.77537125484
-0.560481678788
1.05959801794
0.543281765675
0.463857336192
-1.23801071333
-1.97678733844
0.266696169391
-1.13939767141
1.0060313434
0.0320219349049
-0.324458887437
0.194096967157
1.25273371924
-0.312809562055
0.924561101888
0.380236322549
-0.16940333998
0.301970690786
-1.90797751059
-1.08565867923
3.29890155159
-0.699996964842
1.12101572077
0.602139099062
-0.162289913338
0.985865779556
-1.28398950599
-0.27507134626
-0.145327782068
0.960239164995
0.0637207995729
-0.964431991474
0.0101863387465
0.551681830947
-0.0514577890473
-0.596874572814
-0.439357162524
-0.139197979477
-0.449554174155
1.1387479957
0.861926450555
-1.63732807407
1.35532062687
0.00801033979916
-0.45950582308
-1.99018355282
0.907629982876
-0.755936093972
-0.581887075811
1.29148738711
2.21273995528
-0.166977975562
-0.243343328187
0.142287988857
0.0397970189204
-0.712080252601
0.419261389941
0.0028431008178
-0.185474959915
1.67231771398
-1.21589189913
-1.24105207766
0.492422544708
0.281580425843
-0.66070478551
0.0536920964544
-0.130345747239
-0.799535647067
0.168164457243
0.24428337469
-0.0215942385755
1.36494765571
0.491961290925
-0.958061467143
-0.446197900337
-0.610180333842
1.09760035336
-0.803523290155
0.97994788945
-0.129005818195
0.137386125364
1.53834936345
-0.763249007765
0.339880066589
-0.382241959494
-0.888958286389
0.222226344411
-0.332120605339
-0.832276169091
0.0814103675734
-1.5087210681
-0.189568582053
-0.643294587395
1.07726947597
0.0738395161175
1.30119147364
0.315531665369
0.375182438135
0.766361324202
-1.93135365968
-0.924091594479
-0.0410687199176
-0.249587920762
1.85421798488
0.193682887865
-1.16095883847
-0.451488604823
0.222816638817
-1.00386499711
-0.787663419008
-1.19161871153
-0.533238865957
-0.125735831184
-0.37851155759
0.875876406164
-0.72686891679
0.422824143304
-1.78242852561
-0.15057107736
-0.451236364322
0.485020628151
2.0634217718
0.0431495378721
0.329882485481
1.00326375292
-0.894312932377
0.0659600361752
-0.034018328415
-1.28956698258
-0.509716724968
1.4120522708
-1.14312065276
0.604562828868
1.63120940911
-1.54561637956
-0.493355311991
0.749773415445
1.76292746117
-0.540008967833
0.504584644508
0.405823176961
2.73113213202
0.215208499368
-0.250678313708
0.0807207835224
1.23622939892
-0.0988054607234
0.508870220677
1.75885414838
1.56923475215
-1.14529638836
1.87684955378
-0.0622311067556
1.18283484735
0.691787677237
-0.542678784562
0.996680141378
1.57771388497
0.64785569784
1.58779073975
-0.642725380994
-0.79618890546
-1.14659960876
-0.930886581715
-2.02485006154
1.20925674146
-0.2329807634
0.54673153077
0.122487530726
1.20583921818
0.577699582951
0.796120743661
-1.60684532342
0.146285228171
-1.0074773929
0.628896076024
0.498830791497
-0.285621697641
-0.861515114541
0.68162341706
-0.706205051658
-0.52033014028
0.404289380457
-0.531769183542
-1.03029263154
-0.622187339911
0.823689845226
-0.816434333455
-0.667629789273
-0.796122723795
-0.470142567794
-1.06982014669
0.426513892651
0.38136455079
1.05979173029
1.21751714931
-0.123909323282
0.696442389746
-0.376292469843
0.664368284401
-0.274722903024
0.723727253493
0.0814852102127
-0.177542530768
-0.546872336308
1.95668783106
0.657631765406
-0.569409467409
-1.18994513864
0.651374062894
0.892491023603
0.8609670465
-0.354932526552
0.492815433025
0.864611794059
-0.044556694525
-0.825144200481
0.290002628564
-0.716381436096
0.199353980398
-0.931326251713
-0.625454770569
0.416603863886
-0.402263843548
-0.101732185982
0.143825777263
-0.68875803198
-0.368350230916
0.0106170863737
2.37943852972
-0.804014313234
1.88022286201
0.100925036578
0.28111454887
0.874149717689
-1.59138658631
0.938812233241
0.0168985541745
-0.608828225146
-0.97445013141
-0.74356373758
0.905797463552
1.08020043845
-0.521342812328
0.668680746604
-0.818583574964
1.74673863617
0.370513043713
0.508661702796
0.189909618073
-1.74216135712
-0.890140632899
0.654547957591
-0.470861803062
-0.576406589087
-2.10466938637
0.473551423385
-0.210597237068
0.62050530077
1.26788059595
-0.809340037052
-1.83148384023
1.36345380044
-1.10139690638
-1.85907341586
2.68033908758
-1.12042073848
-1.66230065977
1.05776999743
-0.369638913841
-0.249536964955
-0.780239488445
0.886900901088
-1.85734578845
0.127754110452
-1.00696517262
-0.730125287306
-1.12223220375
0.495576219516
0.0826645133921
-0.991761773627
-0.204613855155
0.718737239082
-1.73016016737
0.850755920419
1.05523124752
1.96565008752
-2.03455072128
-0.504583049074
0.753188901544
-0.524610527124
0.7137214778
0.812926226298
-1.43394463574
-1.30985605261
0.852183408195
0.173772161875
-0.894322132979
0.718181061715
-0.193007348996
Score: 10