3
44
10
3
1.91726332458
0.511961792836
-0.042359781466
0.690071143934
-0.291805461767
1.12621930309
1.84137762781
1.27251677965
-1.20858615022
0.784723481646
-0.950297409174
-0.541501380348
-0.605878546683
-0.0646768078638
-0.817892396868
-0.110890102058
0.925981379542
0.240795587317
-0.736521623574
0.0585756160656
1.22828759323
-0.950809136548
-0.680314292812
-0.502428140971
0.0406420675146
0.349256030894
-0.123203421712
0.719982424753
-1.20517792893
-2.15017182173
-0.981765285284
-0.0894668700427
0.475757473075
1.52647921605
0.608454928487
-1.46880161438
-1.27497824491
-0.0863484205713
-0.113080509046
0.00825025279998
0.761432040238
0.310834678429
-0.731585815635
-0.889118063096
0.931398339353
-1.9759283922
0.233236688066
-0.384751653345
-0.653229182293
0.662538257958
0.781698223415
1.08874998767
-0.200912536324
-0.128889006961
0.106238982775
0.475262845514
-0.139947277299
0.851557079664
-0.89882961332
-1.26711548616
-0.972151592191
1.02986421073
-0.0387478872422
0.638974191423
0.15799440967
0.241640782498
1.38519451643
1.88875803042
0.138182834373
-0.13740998404
0.210967134153
1.03616331937
-0.318141677926
-1.05420685688
-0.575053470558
-0.606870196426
-0.346504973043
-0.198277678519
1.36357859426
-0.290764365144
-1.30664240905
0.770908319141
0.462372249875
0.108169022017
-1.07911811257
0.842760908696
0.309409578353
-1.83260742476
-0.45840461353
0.643102310666
0.438360434604
0.987988192435
0.669805580997
0.412137147326
-0.958877140426
0.441127761641
-1.0693255661
-0.565168778734
-0.317904634839
0.366409932649
-1.32488454372
0.494851321463
1.45159284773
1.8564201973
0.390785109066
-0.115393793829
-0.0581139358342
-2.35946546977
0.304866056272
-0.152495451854
0.0899503264271
-0.398809095183
2.17360420836
1.27419754236
0.432442491516
-2.34718772296
-0.943022781997
1.17766610656
1.21924192097
-0.0639370268146
-0.0172534499551
-0.624203450587
-0.522920324931
1.10486399173
0.51410660392
-0.0626357349173
0.616416172632
-1.85809028794
0.0511617919851
0.0322552908916
0.561622740734
-1.44756816512
-1.14756918985
-1.46684607071
-1.43804539912
-0.0868993930704
-0.9684771985
1.2274275219
-1.80287962977
2.56723810344
0.944818740167
0.703679404925
-0.361222282922
0.222928359553
-1.34202353838
-0.810553278909
-1.83091222904
0.66158790983
0.275731589141
0.0307974255681
-0.317159556074
-0.583347994856
-0.14620538195
-1.82397074298
2.32822577891
0.898721051051
0.305345382855
0.415361294363
-2.4955794045
-1.52708680772
1.44618538616
-0.721246034577
-0.37853825837
0.110365675834
0.480079929308
0.111308710745
1.66411594016
-0.864242632167
1.02046680869
0.209470995797
-0.013889949513
-0.956582286571
0.636380412884
-0.910728975738
-0.795164538692
-1.2685707327
-1.25473387936
-0.991563508268
-0.358955469016
1.77182496631
-0.0561238308177
-0.389440108794
-0.115560325505
0.246639402047
1.77779549466
-0.458227800401
0.966339266513
-0.332151430672
0.732574838737
1.62478440041
-0.244007340871
-0.0312537394303
-0.480799999689
-0.469226633748
0.306868733044
-0.0280292060919
-1.38015604181
0.157080886266
-0.501026525647
1.97386152597
0.88640541325
1.17762075402
-1.25991168714
-0.995452322793
-0.704470153373
0.249171414131
-0.489940090437
-0.910329725175
1.72567510316
0.15067022912
-1.2075422114
0.705666541618
-1.32300717981
-0.849819891053
0.587320735522
0.327544987418
0.103028148654
-0.309873473179
-0.403695626445
0.69971534135
2.12953254782
-0.598809131469
-1.76916090095
0.508815765232
-0.312875678378
0.349243927142
-0.641665341244
-0.618944884498
1.01316809657
-0.75629188503
0.50854033485
-0.311424303074
-0.149230052773
-2.71040653038
-0.0344302269237
-0.23390880469
0.36986371275
-0.509203474711
0.38094404968
1.27881524293
-0.630923535023
-1.01956661488
-1.52387497423
-0.708769071667
0.355645047035
-1.01830108368
1.96775551873
-0.320752324658
0.526214589945
-1.29381716779
-1.23249202615
0.653723780889
-0.241991658589
0.446555307418
-2.09911425862
-0.0773859816436
1.10252860712
1.02374522158
0.111883260998
-1.04914237285
0.347652802267
-0.67134103487
0.220145792123
-0.329640120853
-0.264694119898
1.20250445525
0.172967551278
-0.723326608599
0.297046098671
0.808516583254
0.335588951433
-0.990772743194
0.292444476286
0.605838443201
0.821251876528
-0.190367303058
-0.69430468819
-0.112646410705
-0.596154924617
1.3754607031
0.91939305419
-0.550251645873
-0.859989683046
-2.07773070956
-0.59886101805
-0.783546817075
-1.39151130073
0.838676194968
0.886955064309
-0.564258904681
0.061386417926
2.29688701113
0.0500568286843
0.0567038412922
1.14419900517
0.158669964163
-0.527210581108
-1.43995728384
0.908493886496
0.36767181605
0.0105892046587
-0.807549274329
2.35154253035
1.05570753996
1.69723554775
-0.844228822352
0.609155548775
-0.239764504387
0.78497666092
-0.0903267715119
-0.380766101225
-0.742540975697
-0.0298084830148
0.771189976108
0.0532817647704
0.545754472239
-1.93416817824
0.19366139023
0.328864560387
0.993907763645
-0.434555592975
0.817166990204
-0.603809046136
1.68483700948
-1.62514448231
-0.817446918717
0.118035280486
-1.46754893432
-2.05618903791
-0.107956634569
-0.86330710376
1.14311582769
-0.817251864819
0.883616362217
0.124422516548
1.07201017989
-1.00585842903
0.374393554053
0.250103082307
0.612866307971
0.502769486014
-0.555483954019
-0.457133084205
-0.422079688968
1.59935966802
1.12619522906
0.0547116618782
0.399313428401
-1.39027506172
-0.701662693424
0.441964881576
0.322879082567
-1.19772547766
-0.102089736988
-1.02047761596
-0.8731804507
1.43036417887
-0.597574234633
-0.34380072899
-1.34245791165
-0.205952324295
2.42839493252
-1.16804788537
0.227728575419
0.201272016923
-1.20880572875
-0.241112718947
0.840826635552
-0.295630445796
1.79376563598
0.95210627554
0.75723451366
1.1737550682
0.425907185283
0.491611413863
1.21597328943
0.600950148944
0.063113287628
-0.813517501207
0.996473741763
1.33565582583
-0.212117201192
1.26917360737
0.952263300709
0.799159518957
0.454684287832
-1.25080919022
-0.199562321414
-0.636939965769
0.620616584363
0.247815751455
0.0693265262344
-1.21198524679
-0.233032786423
0.0736566631539
-0.0358204257614
1.92037471656
-0.160003748511
-0.0620883404334
1.01435811461
-1.16241051185
0.144082469572
-0.174427127738
-0.787160339294
-1.92769964374
-0.234654244927
2.02370213931
0.315277280207
-0.703442945816
0.499001010582
-1.16566641982
0.89261018655
0.188982490288
-0.319830225165
0.496970028063
0.165316032498
0.141087225335
0.532402179503
0.522399463838
0.430976263532
-0.884202737956
-1.80132553681
0.786202882689
-0.755213082607
0.417418357727
-1.03750452786
-0.556063888018
0.110577769337
-1.33980098065
1.1978748055
-0.969021141448
0.234385635463
-0.245356359823
-1.22260592556
0.155994114412
-1.67028487507
-0.654754676911
0.21609742422
0.868443207712
-1.04361206995
-0.443416788894
-1.11732971631
-0.22452288195
-0.718370763424
-0.547787415435
-0.406404800425
-0.713949465825
1.56627032606
-0.768673012966
0.453828642636
0.867801981195
-0.371157466617
1.47276240164
-0.244586276606
1.02264560868
0.666809423012
-0.618865576433
0.702243410701
0.179581742607
-0.286027116077
-0.104840746763
-0.40218897495
0.364900520363
-0.999723079706
1.2928474349
0.36314804606
1.03516673005
-0.593344685851
1.50720963905
1.80399854649
0.421407176575
0.153262125113
0.827219076553
0.602729992395
-0.212757961004
0.656657697843
1.17835230484
0.568323350265
-0.45621626783
-0.779095431564
0.0873392592294
-1.63324274356
0.899286913966
Score: 10