3
44
10
3
-1.46620941504
0.272489675158
0.598785268298
-0.975074386051
-0.0165659866631
-1.58884962424
-0.415180395423
-0.114865719642
0.352275998759
1.80154161681
-1.12384278494
0.39023980212
-0.189594770331
0.0034690450457
-1.20029711708
-0.136364767997
1.46969821164
-0.602210522913
0.594954750632
-0.759526121484
0.0167224328789
-1.31753081718
-0.684991696217
0.630067552757
-1.83030599159
-0.518383486675
-1.35210444086
-0.0394366169121
0.103193816562
0.754689536117
-0.0301867433293
1.51513118335
-0.0975583584796
0.731284400657
-0.206479891072
0.686484663505
-1.54683008076
-0.932731390562
-0.868753217677
-1.10471920989
0.363310957891
1.08798861346
-0.856554570933
2.03296132299
-0.41147710094
1.52747915729
-1.41268388359
0.45869067947
-0.763468287186
2.78473372275
0.152808475903
0.32071607582
-0.656917873137
-0.601033639876
0.0135837578372
-1.36564494359
1.06862202165
-0.78759688547
0.749510027052
-1.06475530056
0.845192475749
1.12530258717
-1.23857777585
-0.280662805916
-0.264133262505
-0.470676156307
-0.373581371195
-0.125766406669
-0.329177303077
-1.21889210077
0.993268889834
-2.58818100091
0.931430940762
0.469023948113
-1.26542068829
-0.80979715202
0.402181349904
-0.687207028272
0.78419830689
0.76795787956
-0.103822113933
-0.757233778869
1.04479815758
0.277551008959
0.137099727906
0.977473579899
0.0664918582396
-0.298185764213
-0.314374619384
0.203957760212
1.22643674352
-0.094067063473
-1.28121588066
-0.801223363333
-0.638098009781
0.513828323296
-1.08780715664
0.527824442559
-1.71934793392
-0.675112607834
1.24207111942
-1.48891868243
0.46619692782
-0.331087557957
0.725499552239
-1.79111538821
1.43492950071
-0.964565194139
0.0581150892117
0.0500548869082
-1.16846991607
2.20593372152
-0.547556546259
1.84854745203
1.05492022277
1.02360151185
-0.575770009975
-1.45367764954
0.630782858352
-0.31585497024
-1.90961276469
-0.223451270907
-0.666267323474
0.629477600687
-0.768394821289
1.97092400437
-0.437376237758
0.0246153327261
-0.0312256287449
2.57138837623
3.55341092288
0.292531100186
0.0658465061317
0.459687490597
-0.265894811795
-0.277837268051
1.58587044493
-1.10809572964
0.351386970064
1.6103631795
0.0144578635161
-1.59900886779
-0.482721242225
1.38410256187
1.7063233798
0.773314869837
-0.916470238427
-1.57837887192
-1.6517978985
-0.823967756048
-0.776885078055
-0.4938733359
0.637769907397
-0.854493533513
0.271134651119
-0.186648995474
0.208603949775
-1.48614189766
1.52688728195
-0.201008736013
-0.110727785731
1.23772648174
0.336537087766
-0.627584409132
0.199909494349
0.864300977718
0.902993311548
-2.40211290605
-0.552835008609
-0.936139133189
0.27318376386
-0.975335680483
0.669225356581
0.591745010166
-0.880468524623
-0.698161244044
0.0194252517343
-0.353190931068
0.369719971642
0.481249256075
-0.764394314715
0.495256990117
0.333692832977
-1.05759693735
0.0048071875802
0.549398353054
0.403454880944
0.631308129586
-0.340761299873
-0.16142190863
-0.146363696539
-0.36443927702
1.30429225231
-0.348343470201
0.745538778947
1.01273430147
0.497426694261
-2.08352883023
0.865285631984
0.787990516824
-1.14783301664
-0.626661014029
-0.343287254411
-0.364919278875
-1.28963348534
-0.683822414947
-1.09559892831
-1.90152529061
-0.0259376903159
0.613174776897
0.624773048478
0.0948341292646
-0.650431153277
1.19719238151
0.0981315554299
0.844120357404
-0.791422571617
2.21294807807
-0.684608823226
-0.413231263455
-0.526633670788
-0.252043201844
-1.58329356835
-0.401212635855
0.0149799218814
1.29064862544
-0.925378352418
-0.558287060915
-0.23226414767
1.67508662022
0.152348872778
1.28434781916
0.638820313271
0.922909396711
-1.5460576943
-0.052833382272
-1.26012929412
-0.321214972582
1.18432887827
0.345698859115
0.119568438947
0.803677476375
-0.87456243057
-0.301233084606
-0.221562579852
-1.04770177685
-1.12980231784
0.471233588844
-0.594027878583
-0.469868317713
2.18586062417
-1.64872471422
-0.191009732368
-0.733729854231
0.459803881329
-0.531910518216
-0.102766278474
0.866529408141
-1.28572006939
-0.0850244157344
-0.468941218988
-1.56096854017
-1.28403083837
2.91342976427
0.288885509815
1.67039977089
0.163656344513
-1.41949698651
0.628646680953
0.813468227189
1.57790739734
0.654922534555
0.72857201963
-0.221401013446
1.15490000488
-0.140794240287
0.464428179994
1.51230347368
1.43631863457
-1.72426097836
1.24141657271
-1.9739396599
-0.297676615943
-1.05078768234
0.454972179278
0.061731236998
0.642805492089
0.755373145403
0.247144073276
-1.45228666425
-1.52919673933
1.12043657836
-2.10263938736
0.149363249019
-1.62432057161
1.26420148693
-0.767050433272
0.0279372864555
-0.908460631778
0.252494004956
1.68528929089
-1.43495988332
-0.811732565369
-2.8598168328
0.4923601434
-0.60102376869
0.906662556142
-0.123703814646
0.00287836331536
0.334859069471
1.39151535942
-0.875335059816
-2.69196277145
1.05001315021
-0.412039555481
0.90856396672
-0.758206295141
0.274351711932
-0.502096819267
0.412334694719
-1.37730764475
-0.811204253742
1.2005857473
0.158664457429
0.384455260221
-1.05032906154
0.12472933934
-0.0163218313903
-1.52345881531
-0.503224023352
-1.11722519233
0.508170769908
-1.2436982867
-0.544805499757
0.0965544912778
0.64360196685
-1.72129156513
0.466679067298
-0.445775237465
0.284470002078
1.70001445092
2.12434612882
-0.275074019358
0.4406494294
0.0598294277075
-0.642192329614
0.752462833561
-0.120694324554
0.319805689915
0.290352124347
-0.345172150919
-0.631802159314
-0.201411601918
-0.0365421545924
-1.70378018944
-0.0429598670645
0.380307405558
-0.311287426413
0.246116552993
-0.198963986643
-0.327671394613
1.56182431793
2.70701827562
1.11271736317
0.664267818962
-1.47448106481
-1.24759902357
0.569155101206
0.100304416093
-0.289387296483
-0.207560988808
0.564056076223
-0.902342147488
0.0210904477789
0.0573890643696
-0.399255385313
-1.87501380863
-0.864550833892
0.604804552016
0.0520613705606
-0.539435581803
-1.1680162131
0.790973993951
-0.729834172625
-1.78509762051
-0.513070801047
-0.369193664455
0.79813550047
-1.07166758182
0.605727717062
0.728328745392
-0.965690006685
1.1157890217
-1.02844879321
-0.427263058987
-0.535323479852
-1.50755597433
0.196235652412
-1.75303809904
1.13892368157
0.376533445285
-0.740752078231
1.05322623147
-1.36822345064
-1.7391582676
1.24606923457
-0.123693035825
0.426612348033
1.02374442531
0.256384146982
-0.484564532617
0.818612693892
-0.304853816364
-1.25672488933
-2.4364717053
-0.939883075503
-1.41807547075
-0.128618331935
1.17872245485
-1.19138859951
1.28317915704
-0.0165072921661
-0.381561401505
-0.549086518179
-0.34509222464
0.897961812223
-0.570954962487
0.304589134238
-1.71731253277
0.300398281711
-1.25393055584
-0.108216147002
0.522854502787
-0.0694679121236
-0.0906779633692
0.305331060392
-0.483512333518
0.833435241377
2.66353892253
-0.600264050374
-0.475590107099
0.0040110972302
-0.870774466042
0.86656887355
1.32639664943
1.70338766073
-0.566214474017
-0.645987627334
-1.27851762802
-0.647937257579
0.0133712114576
1.45833924432
0.551180428769
-0.0348985309254
-0.549249862208
0.279533265142
1.57695219524
0.927345422876
1.13012263153
0.0174130598426
0.970249556086
-0.970372329778
0.230152006521
1.2990870467
-0.152853638597
-0.521782678497
-0.869427262708
-0.749895363087
0.0760486223029
1.61724539604
-1.00029400652
-1.21053668534
-0.435933306144
0.239569117104
-1.08764016388
-0.231556096066
0.456486866169
0.912203067398
-0.615167951805
0.993014240303
0.0725006190734
-0.153068282746
-0.468448135763
Score: 1