3
44
10
3
0.512871381563
1.44975977763
0.102924451568
0.374758729291
0.771086934497
-0.58769505822
0.654163665873
-0.493562215544
0.195158445963
1.2703526349
-0.126752692764
-0.352291287751
0.92004967945
0.147739004037
-1.48759543256
0.665913796713
0.901030675831
1.07027982772
-1.50617049111
0.208784989683
1.54948026384
-0.759755571302
-0.138884692181
-0.516750889646
-0.500989576649
0.84813860612
0.909468567027
-0.120937090535
0.981408892112
-1.12040480867
0.114338806697
0.180672345753
-0.592363514932
-1.00540546857
0.241330716477
0.632516676007
0.933769185371
0.692895431681
2.36147704454
0.257522958478
0.377179808141
-0.548304441714
0.411564509372
-0.136824377424
0.179449012853
1.01405753011
-0.434063026513
0.509260451875
1.10337457658
1.49990629022
0.980592918601
1.51418002761
-0.82642353356
1.16143516362
-0.257956933768
-0.157214892239
-2.21493198635
-0.821936850731
0.600262546093
-0.504667619066
0.845459308921
-0.0393992182387
-1.46435045642
-0.652247393465
1.68253976442
-0.128300662784
0.608204545211
-0.862823308968
-0.1926971852
-0.661123167955
0.997210204616
-0.504676267808
0.252604944576
-0.297283399569
0.0889757099564
0.747114442813
0.599413041038
-0.1467380846
0.906051086631
0.0331906630173
-0.556996787868
-0.913596055421
-0.0469173169243
-0.759245252989
0.716215027643
-1.41892988593
-1.70882828928
-1.55886389304
-0.95154525041
0.0799040525656
-0.561568520037
1.84461491778
0.501470520055
-0.207229747758
-0.0758554966073
0.926338518737
-1.1830225053
0.478523873618
-0.352771846137
-0.223843889995
0.98487440823
0.264953135034
-1.10449023077
0.831760672168
0.519328586003
-1.32952993314
0.367123403353
1.2325218591
-2.72122586978
-1.83000207646
1.03692876998
-1.38341330909
0.233097950268
0.266463612174
0.937970012271
2.39231332643
0.362762689733
-1.28650872602
-0.136644333161
-0.895172519405
-0.980853178079
-0.992416579772
1.34553556856
0.710509792973
1.48880502468
-0.185017873591
-0.384808165863
0.281703436578
-1.26704880578
0.790970258958
0.0152545775395
-0.0811072139959
0.790346204812
0.453490852174
-0.0765235042349
0.441448903888
1.67864120985
-1.2410666802
-0.695204681928
-1.45863151056
1.76607657951
-1.20391581193
-1.56627974567
0.40162862833
0.967583046709
0.814675479816
-1.44763795379
0.286014855616
0.70452768877
0.543160947238
-0.911713093034
0.284016526665
-0.2702929065
0.465588901039
0.982690988847
1.45222343322
0.60095330999
-0.507357714005
1.31008808753
0.47242548216
0.432576916501
0.824190574927
-0.632825015841
-0.233834258441
0.83652980886
-1.06133257183
-1.16265446578
1.96143837436
0.345942435734
0.823504357502
-0.682040149067
-1.17617489134
-0.734534860707
-0.258394905485
1.77804420089
-0.489593282908
-1.43850451287
-0.366915757405
0.225854016259
1.29944881321
0.516124539554
0.765226717372
-1.87587239859
0.942079860202
0.443762148335
-0.96840980101
1.08770664978
1.50771116177
1.11097469271
1.88913470283
-1.25061871602
-1.61033484016
1.82450361336
1.21673532917
0.522925288648
0.0739116198869
-0.404486380789
0.800182882081
0.591632371692
1.13770840452
1.06464361678
1.0007908514
0.0336906458022
-0.39286752015
-0.181041645095
-0.987919682857
-0.326942595969
-0.442682128283
-0.119953628902
-0.305945503634
0.173650570596
-0.684009568125
-0.796411218676
-0.840445778267
0.368936109006
1.02067138965
1.22980162711
0.805178280471
-0.124505496266
0.697988430662
-1.43098886219
-1.45474578864
0.191824669978
0.962361986927
0.340571194211
0.142159416428
0.45543837772
-0.123192770657
-0.955371270095
0.329037831733
-0.515721070161
0.417855656913
1.67087852195
-0.646568257104
-1.5351402754
0.366848876584
-1.10559013796
-0.304778062824
-0.14168692191
0.922227421209
-1.93856244995
0.758248111111
-1.02279210478
1.18869917753
-1.34278561445
1.3190610584
0.295680964687
-0.318255508243
-1.5600352402
0.87902773388
2.81574305171
0.36707442312
-0.779777304548
-0.950363059438
-0.898099675151
-0.556691714024
1.1237001732
0.832678545392
-0.741808097768
2.38712739539
-0.394616131672
0.877648615133
0.0836033450505
1.2648323479
0.906878792172
0.809682568275
0.531658158624
-0.630725173934
0.0736065460012
-0.43064944036
0.528550863874
0.0107745640864
0.179637767803
1.76066796806
0.431398471536
-1.68984844033
0.000380236540252
1.41208692251
-0.692851713553
0.147760846068
0.233049111237
0.976473561216
-2.1151103276
-0.813167108056
1.25699765475
-0.625908129458
1.55430321182
0.675606605896
0.694388089376
-0.648503903698
1.21089245479
-1.24245449738
-0.769396140823
-1.26675860024
-0.763602987424
0.736591039488
2.57232177998
0.640266083371
-0.888917224895
-0.65081196903
-0.678627501553
0.990227921607
0.0411303562417
-0.325243216725
0.586901921504
0.0539905877192
-0.269536490093
-0.563386268416
1.94195379345
0.831171001568
2.11953015335
0.392629828133
-0.040249636769
1.41878876611
0.418315241526
-1.19896217072
-0.277915296432
-0.77481298089
0.387549493216
-0.718828251944
-1.4752198143
0.126238615368
0.331373820175
0.101580066632
-0.183508923528
0.526806744156
-0.256739030997
0.0377551679154
0.327486449907
0.784832660837
0.638054147884
0.487513132689
-0.814304390671
0.358537001796
0.865070248539
0.337481360924
-0.522099314587
-0.328488874088
1.59220192627
-0.846189243573
-1.62382656441
-1.39810219562
0.614553980578
-0.0254911413533
0.825975096973
-1.17552955159
-0.675922295366
-0.131960238242
-0.419371042369
0.769253534008
0.889868970998
0.486123010785
-0.901853561452
-1.33544077606
-0.999672971203
-0.873354611689
0.540086602135
-1.63129998267
0.780398220965
0.117481012835
0.166192148684
0.687649922825
-0.119017534801
-0.276503323239
1.87315928213
-0.297894058842
-0.0304916415006
0.478270370906
-0.620300746364
-0.708952838248
0.72105037299
-1.93024836629
0.605909563801
-1.59133762504
-0.973507368565
-2.43059665549
0.797925104907
-0.107556337692
-0.949480965294
-0.741312151219
0.521735096934
0.271517370601
0.844621711104
-0.163730906471
-0.294469121814
-0.850437389458
-0.857347321952
-1.2718281547
1.27451512454
-0.183937371002
0.941333008811
-0.593586945463
0.887572325595
0.931138808181
-0.267236303742
-0.263500170842
-0.484642636647
-0.457309835643
-1.09176881441
0.47185943791
0.00499675503581
2.69346640572
-1.00421214648
-0.876402801035
-0.396101418422
0.702920940976
-0.966272511858
-1.72209000717
-0.520608173051
-0.645366203946
0.569695515288
1.68605167111
-1.12710921177
-0.709813159512
1.47112627391
-0.0253784550683
0.348714716566
-0.909366410907
0.196813420466
-0.217701738172
0.249827740966
1.54697085914
-0.384220498883
1.0950964745
0.332566955318
1.1946901315
-0.470934094852
-0.52760706269
-1.192876013
0.268946991981
0.971994655564
0.0746135299267
-0.474275592603
1.16685125642
-0.222797512616
-0.567387626202
1.40009191974
0.962832886048
-1.31605316509
-0.739817329073
0.171447784162
-2.65950341603
-0.97478826401
-0.135038300681
-0.729210667679
-0.118372142692
-1.24941244015
-1.02308505075
0.326817890263
0.408636542077
-0.465431193118
-0.9181984559
0.652414075031
-0.326813660537
0.63182330323
-0.222000646824
0.122576083668
0.578791687659
-0.384679379171
-1.66595689914
1.01361870996
-0.703983167104
0.24919198162
-0.673702237192
1.14325794311
-0.4865306282
-0.0831360005997
-0.0255231837689
-0.000974612203314
-0.189949931422
-0.00851327998413
0.994777356159
-1.29083712174
0.226006712066
0.856729988339
-0.638594082792
1.33589457954
0.568913016566
-0.00833083770703
-0.191228401937
0.114167352429
-3.01619907345
-0.460278826674
Score: 10