3
44
10
3
-0.819263798527
-0.615757952208
-1.26050507793
-0.773098069551
-0.173646795011
-0.535486149419
0.848950797987
-0.282330357364
-1.01862828755
-0.0153573596862
0.854101409225
0.421307872249
0.317150429563
-0.294605522028
0.0319518718528
-1.32020432617
-0.492505660695
0.302553968879
-0.60453655496
-0.0257472621232
-1.48731155892
-0.066265620711
-0.189811216446
0.497320907383
-0.104961831892
-1.82976499752
0.586021445352
-0.964339879852
1.27791039289
0.606697110314
1.13263396158
-2.52603628718
-0.568660877274
-0.800559664327
-0.0754452758817
-1.36422648035
2.05045409059
-0.591401400265
-0.103082789978
1.650933402
1.38338254043
-1.30633209015
-0.863140215734
0.698566781103
-0.1579456737
1.0349190245
-0.865021715788
-1.72180531157
0.198455525907
0.947406360741
1.23584533804
0.737806668936
-0.288569004977
1.47724423911
1.60681383834
-0.85740439323
-2.8299406424
-2.32536782115
-0.273712783271
-0.248772812962
-0.0950929101251
-0.481259656986
-0.831691664716
-1.07520837363
-1.00100418806
-0.394389415708
-1.76123869484
-0.142138984631
0.0952049965636
-0.528522671468
-1.470362261
1.33797840581
1.45543177464
-0.441004314529
-0.29493057242
0.370428746418
-0.707262026924
-0.645287503958
0.0678366125359
-0.386350111101
1.82454226065
-0.157310891755
-0.574839487308
0.330891126285
-1.16926908145
-0.877653178009
-0.707597388579
-0.0501666082668
-0.124891710293
-0.942551404515
0.923249862098
-0.275512813341
0.688931837528
0.554683058068
0.695839669982
-0.595732938118
0.952881994503
0.178490911206
-2.29066123088
-0.913342974007
0.878641092088
-0.336244436259
-1.77895707016
-1.48486171974
1.49893441343
0.0507816675073
1.6750462791
0.366892162368
1.3912554728
-1.32922237148
0.223788672846
0.364598336684
1.42356554102
-0.402280934665
0.186486698175
-0.619596085101
1.22402320799
-0.571266730023
1.74679028014
-0.918218393319
-0.76589146681
-0.531003514503
-0.326294312838
0.575437459063
1.07560047833
-0.795501195179
1.989554396
0.442369260103
-1.41765256029
0.745108379458
-0.0250096901378
-0.376060602365
0.462798048396
-0.511287536724
-0.21054476644
-0.615299616493
-1.02318994564
0.436273290212
0.859486231564
1.51999544109
-0.846076685059
0.686830155867
-1.61560488406
0.609237765167
-0.538023308215
-1.16217710459
0.335706279013
0.927584618316
-0.185555193147
0.248658094447
-1.18581359202
0.718313918442
-1.94593146419
0.765397134298
-0.721792042749
1.65320221112
-1.21157814022
-0.508230321201
0.394232137676
1.91876745549
1.25872446247
0.215470938794
0.156948692647
0.373842236414
-0.663131233687
-1.18519527913
-2.32500535468
0.308590286589
0.550577807155
1.33192985567
0.79010316659
0.813858739135
-0.0434185534292
-0.146489844128
2.51324704448
-0.367458239113
0.0241656421674
0.668243921529
2.21918024536
1.39652334741
-0.034114656967
1.95182173003
-0.287545281333
0.0488612978788
-1.9861729423
1.52269347987
-0.513717861759
2.15886109112
-0.124321859367
0.430438225337
-1.33038180309
0.931010921125
-1.68117435536
-0.680695695653
1.50625746302
-0.136684208743
0.18971164738
-0.210119851512
-0.928629498809
-0.278258443834
-1.26535965567
-0.882346744455
0.730536947578
-1.56198447434
-0.77933284274
0.911604854761
0.488494801733
0.431781541239
-0.928547806257
0.306433043073
-1.03236423487
-2.30398859103
0.371302513989
0.574883095885
-0.2561551081
-0.561993802031
-1.09410879158
-2.31290531973
0.618338088795
0.772817154085
-1.18363599671
-2.67967505315
-0.183819468135
1.53946656525
-0.346510413947
-1.29788317003
-0.274629704362
-0.780494120614
0.220288099928
-0.849932582793
-0.603189140952
-0.165148037447
-0.724265617576
0.378769381204
-0.111992181442
-1.67999438257
1.23052040048
0.240312695077
-0.884622768648
-0.259844594337
0.495724028467
-0.518329244789
-2.90799004386
0.85771550902
-0.259782745094
0.22585492357
0.516705121509
0.144371314908
0.966116333458
-0.279444769148
-1.71151397696
-0.87103719385
0.931713468313
-0.905752936115
-0.0208882064121
1.14832249948
0.924466216715
-0.145399565093
0.0623332557388
0.431811214729
-0.606904563273
0.177508544405
1.27198488011
-0.0856750165031
1.14985078597
-1.127548362
-2.0237745508
-1.91495132061
-1.38344814977
-0.330949749415
-0.29251790277
-0.14994680858
-0.0679496497256
-0.372954815162
0.23552533399
-0.322906535461
1.15239598316
0.135606451863
-1.53166109897
1.60367831887
-0.0892112112309
-0.388455183723
-1.96898400111
-1.05261154773
0.413696241017
-0.396990516861
0.80347303964
-0.229769468701
0.410843914963
-0.835210009768
1.36854902904
0.7638150014
-1.36520333331
-0.711617014978
-0.885219118822
0.803980543431
-1.06824992761
-0.300652826843
0.486969283437
0.560834408093
-0.220470028035
-0.337720658228
-0.0226330403663
-1.23022263577
0.24833595724
-0.120747244033
-0.0299866642322
0.361911517317
-1.29501211874
1.5478947131
-0.945006720435
2.41893136277
-0.688577347142
-1.70208939642
0.660730508145
-0.439661999398
-0.0234655961644
0.748251992701
-0.391255049524
0.861182723673
-0.497078268058
0.24777609765
-0.231972041172
0.479586492825
-0.0759336985166
-0.534084130606
0.733152858459
1.78692799756
2.32912008122
1.22931479623
-0.63997732491
0.282208438165
0.163393199297
0.163192238985
-1.12886747819
-0.867990011575
0.207012687541
0.253311206874
1.00169950092
-0.182117706154
0.0990640240749
-0.379997012283
-0.392595392827
1.87766205037
-1.04816615824
0.330368927694
-0.295756873781
0.978785450017
-1.16826995255
1.53219709395
0.187146507299
-1.12386508656
-1.3499993067
1.3361225902
-2.1158425584
0.066554855119
-0.691042239846
-0.307947198152
-0.581885948549
-1.55975990718
0.677503190092
-0.281458296972
-0.030799447223
2.03799478645
-1.41697943273
-0.121702733475
-0.625661043889
0.973774270263
0.701791953754
-2.14434966501
1.04522390283
0.160148652515
-0.330050983602
-0.407273469681
0.549486138105
-1.75528006152
-0.540259716788
-0.90485521248
-0.223045331287
-0.368880967131
-0.499671739556
-1.72396903479
-0.526968638636
1.27077148876
0.443210172041
-0.647231023736
-1.04973242637
0.527077895772
-0.449099418949
0.335797044628
0.582010546269
-1.72923737851
0.0654838379001
-0.199093287108
0.688808606331
1.1829015704
0.878516300664
1.56640636446
-0.619902137956
0.988742139487
0.296202632884
1.75191700607
1.05274080568
-0.629432316171
-0.905572526079
-0.170688795992
-1.36514564837
0.787613995666
-0.624728510579
0.0877016046036
-0.140606633734
0.560316379507
-1.59196038985
0.981321850454
0.236025183534
1.04031831562
0.0317495740706
1.12563715594
-0.730039593067
2.15651666728
-0.278887206617
-1.03674912095
1.23376228056
0.315206593191
-0.883874443089
1.24308467854
0.861706587393
0.118865622763
-0.883986895417
1.37965860593
-0.261067613858
-1.61961948231
-0.268388957992
-0.0665894401
-0.751044628948
0.306821983627
0.155651971954
-0.0441750719368
-1.07814041204
-0.356045078207
1.00287738808
0.0853335026265
-0.22182105547
0.00722699495605
-1.20073899562
0.348311535397
-0.544878990803
-0.397431718943
1.09824630245
-0.239162323002
-2.14778288121
-1.41191735104
2.10669922769
-0.764349292001
1.02278484505
-2.59032984301
0.135734165297
-0.527855708479
0.119603206214
1.62137817981
-0.0100574402656
0.438465827308
-0.735162868588
0.866425715811
1.76824101544
-1.73370474784
2.12870069445
-0.50848492151
0.540889828054
0.340323883163
-0.790389396431
0.567879352388
-1.427775532
-0.97981343172
-0.202715475369
-1.03627473036
-0.900251855585
1.0707962213
0.908978521931
0.0161564061176
0.884464955376
-0.462925682815
-0.928000620072
Score: 1