3
44
10
3
0.119047791892
1.5481036318
-0.321428136378
-0.96698341527
-0.518689185233
-1.63461130166
0.0863694105361
0.649921983343
1.56489454309
1.48066656951
-0.806920833552
0.713852383927
-0.228804698092
-0.81705392706
-2.02856961562
0.226333840744
-0.189106031607
-0.056672648965
-1.20054982475
0.694849994877
-0.105190625003
0.864032594625
0.450204192508
-1.08744298639
0.390015245801
-0.380660818181
0.286549076212
1.46629232117
1.08237440446
1.01477087024
-1.64683456467
0.397944410103
-0.446919273421
-1.94741867962
1.22135818928
-0.100695386617
0.0281437506454
0.432891246577
-1.36591298015
-2.45739825528
-0.91769669897
-1.52527036305
0.108008210873
-0.14493074622
-1.18922218118
0.44069305356
-0.800803270021
-0.878772850154
2.49584855903
-0.685867972655
0.69107897395
0.145678988586
0.421073834
0.85796820053
-0.860666532142
-0.0821390590013
0.813150200239
0.168479340793
1.54597264889
0.484410439499
0.902508370272
-0.77489199602
0.878335546503
-1.21685944053
1.24762416031
0.385418896847
-0.0854219683221
-0.629757786783
0.191517253508
-0.291304968017
1.22693649476
-1.73160065929
-1.43891854584
-1.26682350732
-0.303669107102
1.96369119303
-0.624329010568
0.0394222381803
0.377637399727
-0.224894841129
-0.566159070846
-0.400423535688
0.904976075067
-0.23567905136
0.182578640179
0.163995331456
-0.795305498334
0.676942932956
-1.12057033449
-1.69004509081
-0.0337378258491
-0.700742443062
-0.039403072983
2.01927044736
0.235398038377
-0.776350881526
0.488512305023
1.68336149654
-0.140450767998
-0.267023224646
-0.498078588039
1.5830422494
-0.223217737196
-1.34472807062
-0.755697587207
-0.0153954347037
-0.136882803527
-0.267681581895
0.941134010795
1.37172979589
-1.35597232271
-2.86486467042
0.386513432602
-0.847962752501
1.67778780483
0.641904905586
-1.70662770338
-0.725048165432
1.09552311366
0.0900414103411
0.381221671188
-0.958874186305
-1.75608299736
1.2076968762
0.266652894973
-0.254623443998
0.709329249244
-0.631399954579
-1.08163806796
1.32818545119
1.48872378169
-1.09203431319
2.00440849964
-0.749275479109
-0.65439191801
1.36786781051
1.37852376532
-0.591432339405
-1.69245320054
1.10409789123
-0.960996063058
-0.315587304013
0.931906838661
-0.42658691332
-1.34836745757
-0.775259577813
0.811511440915
-1.88664970764
0.493504046721
1.4763135537
0.771424913286
-0.336011472011
-0.994675100065
2.74095920592
-0.175282174224
0.800472055967
-1.3332481212
-2.31646133291
-1.39064758847
0.112692431691
0.658737871039
0.583271494183
-1.17849747251
-0.234715640792
0.514459511599
0.218840928042
0.901625887119
-0.904110658655
-0.584812024844
-2.15700916379
-2.04856039839
-0.941768788357
-0.395526755141
-0.0940991460055
-1.21635760793
0.0154274541387
-1.16572896964
0.137588723362
1.67900970055
-2.80061034684
-0.577391755941
0.0934395217316
-0.232086361257
0.692923366251
-0.151294491519
1.57713766734
-0.360539018605
0.371318090382
1.33871007964
-0.734348288476
0.526849956665
0.0456455300568
1.47202575607
-1.06812546389
-0.434389296911
1.42207695243
1.08664085873
-0.478667927889
-1.90262179363
1.32232490168
-1.0687403339
-0.0874976229007
0.216541052396
-0.900977556635
0.334321888602
-0.616177317768
0.637671997151
0.94564622187
-0.138522648524
0.637714808839
0.666672766615
-0.539169523972
0.127406702224
-1.07062183562
-1.37379602351
1.6050234897
-0.482987196391
0.693340237057
0.186012474978
-1.15558533151
0.161319423366
0.938736688626
0.46576433864
0.498921300415
0.760970979911
0.193265632063
-0.287928754461
-0.834125582323
0.204357135585
0.315162496937
-0.876123202246
-0.243193263209
-0.281185190663
1.93619329794
1.54540045137
-0.850789814392
-0.976532226962
0.449916986857
0.0387137844652
-0.629902320694
1.37853005635
-3.06880324861
0.653079441337
1.34798974311
-1.63608194066
0.613284320831
-1.02317890254
-0.315816083346
-1.81873851791
-1.0772304962
0.238184987443
-0.47061769358
0.549983579457
0.138206232937
0.439557135974
0.998115266576
0.403631103084
-0.346120827447
-0.748083938867
-2.38758636117
1.44892247547
-0.479053770174
0.542962476687
2.49781068821
1.42447733334
-0.00605140028907
-0.410420266691
0.224434952866
0.205941928737
-1.52601792571
0.0407780158887
0.966807059754
-0.708166791222
0.104069787637
-0.984391991663
1.127436033
0.30923033527
-0.817813962324
0.817896880507
0.261718053796
1.16835093629
0.703391688607
0.359992408939
1.58964761339
1.15578278593
0.0681505948276
0.311421488151
0.158692718079
-1.98162024088
0.413931201517
0.883596086441
2.15664808327
0.610227287336
-1.28134512231
-2.41325383494
-0.498734302958
-0.61055276296
-0.396436462287
-0.603486683392
1.02508824436
-2.22418062012
0.840359423598
0.699499207487
0.711667285342
-0.0100465789701
0.505362099156
-0.177111941574
-1.15610106126
0.265312060212
0.895534484168
1.39000715584
0.937313920091
1.21906396237
-0.26509705123
0.145224672814
-1.03969339499
0.0432346344243
-0.43039162664
0.76345405236
1.27971375839
0.454828062335
-0.626003732589
-0.43414711139
-1.30509500091
1.07382871216
0.615469147504
0.455181421341
-0.182015988399
1.24663968022
0.96349445942
1.35466396285
0.237193290466
-1.52455949111
-1.38222838965
-1.00330089233
-0.183607741344
-1.5353444986
-0.244645217713
0.875305049301
-0.965987979219
0.099427297579
1.24312669889
-0.930275454681
-0.928650041827
-0.515494194394
0.356958090335
-0.656333740618
0.132502702255
-0.0953837524837
0.157094720714
0.654011518558
-0.560115560252
0.703327090923
-0.371510910594
0.149957778073
-1.19224650922
0.0808927858933
0.756101567454
-0.280631668332
0.508880286547
1.01531330518
-0.101717583509
-1.47130108717
-1.63629147935
-0.318081822614
2.25244282185
0.177470641508
0.539162254737
-0.701700586436
-0.584295792472
0.975564674436
0.504450378763
-0.0664587898584
0.0932984141688
2.63321388107
0.123148948083
0.16943581567
1.93354610613
2.59361219809
3.02482211045
-1.18671394356
-0.156133392915
-1.86889301383
0.548225262123
0.217956874374
-0.330188250874
-0.140410052341
-1.20686128545
0.127375093269
-0.246350022459
-0.464157402098
-0.783977296233
-1.39967035937
2.04753024562
0.495472723041
0.547666893174
0.422719971833
1.09417924523
-0.0176350336546
0.123413152095
-0.0735179936142
0.87954801041
0.647850127391
-0.229408309222
-0.523010086457
-0.906805400975
-0.248429491603
0.484116671294
-0.224039650589
1.38671876586
-1.48209365091
1.60309173263
-0.794216235457
1.29600438948
0.193093551249
-0.675357346714
1.34310427907
0.642820968437
1.15968606286
-1.78909751121
0.600443065883
-0.952848031512
1.04998320602
-0.74057240808
0.0151026241995
-1.63857953972
-0.706586548028
0.830405466686
0.0792030935599
-0.207767832378
-1.68324808138
0.453148946499
-0.688412319883
-1.06249459156
-0.00591669257072
-0.173628738156
-0.542005340557
0.42059787378
-0.526242271271
0.114244316655
-0.0984063470416
2.19467825878
-0.765265656027
0.110906494524
-0.00796041846894
0.315490306327
0.188742270638
-1.16862471297
-0.0583498978707
-1.80184681592
-1.1231037029
-2.82433592284
-0.525552611455
-0.614914640828
0.98676526293
0.213356100891
-0.117372392421
0.847679904395
0.455384684173
1.04137293072
1.39631422893
-0.209794358302
-1.37497243639
-0.307880045631
0.103169859409
-0.107256261502
0.0951657373736
0.309491408196
-0.463535904772
-0.890303579719
-0.342229787894
0.600674463148
-1.14839916534
1.21171971583
2.64234305322
2.12351879367
-0.262063850347
-0.508797497747
-0.36936426753
-0.88479179268
0.286194853519
-0.0873127016915
-1.72667688018
Score: 13