3
44
10
3
-1.54932635127
0.110742213841
0.0991974839481
-0.41881159452
0.435804208246
-0.637773045057
0.845024131824
-1.19456882688
1.67790485743
-0.284994936858
-0.653024838651
2.26637142009
1.2538696579
0.308475757107
0.718261875282
0.82842544694
-0.994629218088
-0.118470656514
-0.683592627967
-0.858113324121
1.27132798344
-0.0574685027673
-1.04437263171
0.452373343433
0.301319028767
0.469247632518
0.324833826097
-1.22709667536
1.11571048811
-1.67251807382
0.499968767018
-0.215473580373
-0.94769813291
-1.00822689811
0.117305792767
-0.0887107992632
-0.724778108366
0.732139290634
-1.17856100304
0.281185615495
0.287330486399
-1.90195895623
-2.43567411549
0.434064214573
0.67691542922
0.626515558325
0.0218944281591
0.18792193541
1.24703736299
-0.334552041286
2.19380971866
0.777067203176
1.289513042
-0.207275200334
-0.70293192977
-1.14339650365
0.772784735394
-1.18758768523
0.729997916247
-1.75971724994
1.63246808233
-1.33963740636
-0.4504873114
-0.979631123526
1.28657119679
-1.0922609168
-0.643644914704
-0.602626642566
0.246111112947
-1.64103379433
-1.79282000975
1.70829518119
0.475588760122
1.00956905484
0.893319444003
-3.39874091162
0.112851500058
1.49969440127
-1.29433408829
-0.237239112309
1.06146756142
-1.12625019446
-0.504095573594
-0.419792648498
-0.0736082410888
-0.212695926763
1.58816145918
-1.50371651651
-0.789794445299
-1.24119591566
-0.031120237178
-0.663667451048
1.07436916865
-1.91801695874
-0.331790256879
-2.16790540861
-0.621036812837
-0.0756021613984
-0.98059495429
-1.61746907005
-1.0165669975
0.00971801445689
0.262723554475
-1.02214378551
0.766323548114
-0.127914482284
-2.19363506144
0.226173018932
-0.256011117981
-1.43329635345
0.40465199361
-0.604916018596
0.517027800305
0.475107815048
-0.494641993593
0.599708387582
0.295637837715
-0.614949480688
-2.02152879118
0.404112593734
0.887246179988
0.350915281876
-2.15156739665
-0.486916361206
-1.89204519234
-0.969568248834
-0.815993717273
-0.378019340984
0.0335617739026
1.96832049638
-1.03826998356
0.117145958875
-1.36778488147
1.14260097313
0.944682205115
1.7516567626
-0.576322577725
-0.624459883726
-1.01950677936
-0.916111794754
-0.466021415312
-2.1535585167
1.72805977035
-0.686982611264
-1.48803353073
-0.237717304536
-2.58517919287
0.837516049064
-0.566256670628
-0.405866771316
1.91354195319
-0.717028225327
-0.772935246394
-0.0337802276403
0.222107932216
-0.584080120667
0.348812908555
0.736782611949
1.05759625107
0.519376452964
-1.25337573947
0.0888163004605
-0.777575959315
0.290467755651
0.0464280419873
0.0133804010248
1.82549899194
0.0894886484216
-2.15038829109
1.00004998727
-1.08145614275
0.110498523489
1.52640715182
0.616691219248
0.589794827263
0.860464210239
0.488760886602
-0.502001244358
0.00914091779377
-1.67249697801
-0.0739415764152
-1.55843141162
0.107147031467
0.230101722652
-0.569651353359
-1.29850552662
2.37126690389
0.917831527776
-0.452224422286
0.612231295616
0.608904201696
1.23313117796
-1.2938224578
2.35536753919
1.30355994603
2.48007415322
0.137470083285
-0.462340309139
-0.092396272685
0.454810562237
1.26297619507
-1.18576345458
0.283162455121
-1.3963295136
-0.593415093797
0.702574047285
-1.08685339081
-0.727636290207
-1.28920121231
1.85469831391
-0.0597225032333
0.594781369716
1.33845141328
0.793216861981
-0.193568149122
0.386993781886
-0.620256364475
0.234524471755
-0.242877252159
-0.806031224783
-0.935255083242
-0.990618126209
0.112083369484
1.87839759784
-2.25264102637
0.253567693452
2.12864082257
0.134807901605
0.0713929525452
-0.699117974384
-1.38699339976
-0.478310322489
-0.94309927951
0.0286779048414
0.396255448231
0.499057720413
0.776792078308
-1.77449402362
-1.35830989033
-0.766155515586
1.12161075346
0.691134184257
0.0612686431168
-0.272273428605
-0.0229751097501
0.00921295032491
0.63718038521
1.84005682543
-0.566677003917
-1.37828449464
2.16065846791
-1.51178567842
0.294134628692
0.132321238209
-0.131582540081
0.468878481522
-0.357679675256
-0.4585731608
-1.55208059859
-0.496907020582
-0.345141720864
-0.752637606786
-0.590387151595
-0.120110038489
-0.447551396762
0.30976475978
0.183224399631
0.118634283203
0.724628591074
-0.846950227227
-0.290240692559
0.373409226335
-0.154093114102
1.56751660525
1.02139424626
-0.525710170854
-0.88720570039
1.55254593327
-0.820160306096
-1.35844961945
-0.0440955708005
-3.44770765045
0.375892166396
-0.342385174082
-0.935282810242
-1.62266521671
0.743324493789
-0.552642222556
-0.456259693306
0.4038159364
-0.495949649632
1.310776011
0.0956116448164
-0.723663903873
0.877680567153
-0.256964088534
0.840938433423
0.135263972868
0.760144535844
0.734128232394
-0.527806348874
0.123450500604
-0.551020344225
0.120871052601
0.520749155525
-0.789326040636
-0.573048146067
1.18713570303
1.1977287788
1.53459877425
1.00247954662
0.0210170220039
-1.36872006635
1.08288235639
-2.05535349402
-0.827812494493
0.810656620073
0.124782985823
3.36861182165
-0.433332354615
1.00975726481
-0.684992309912
-0.739303029782
0.415409075276
-0.730174235516
-1.61915811636
-0.355075423772
0.366677101183
0.422012857861
0.0492001592102
1.04101048629
-1.0640242291
0.359324863012
-0.449131019261
-1.74623605662
0.868831131645
0.978807516979
0.407118741621
0.205506494221
0.060421910324
-0.326040081478
-1.23339898634
1.02119990842
-1.12727543332
-0.4160999219
0.203185431305
-0.576655381149
0.242128901101
0.896930921024
0.860013859043
0.686652268518
0.893434528523
-2.53938388573
1.36098236105
0.345159639873
0.287922662706
0.507099192711
1.1628575722
-1.55622774501
-1.16291299929
-2.00303587877
-0.350673257252
-0.55962347524
1.3345001316
-0.337575940156
0.554134916046
-0.634554142235
-0.17428524257
-1.52187309251
1.39281388991
-1.07194172173
-0.293234934085
2.09485501008
-0.0775650164307
-0.0112612984927
-0.0156298796941
-0.450404008432
-0.299541292981
2.07927278794
0.167429431101
0.977942318779
0.787138709876
1.28330917535
0.612093752889
0.379315463285
-1.08402640685
-0.850995663346
0.587734829855
0.60797257995
0.291823091789
1.672856274
0.0983664459849
-0.000440347551973
-0.332379674512
1.07152387803
-0.390025011378
-1.61416584374
-1.68523197011
-0.30817683219
-0.877288654498
-1.40117005272
-0.356493093503
-0.670692502617
0.526905437194
0.621825885721
0.0363561633038
1.57756281114
-1.10363291656
-0.668152920668
1.12394091278
0.748279425746
1.69935727148
0.371087167337
0.741198230746
0.967393041192
-0.877170467767
-0.483723342224
1.2222076866
-1.32821446369
1.32175698542
0.372697204653
0.609477658871
0.332993102567
-0.366349524417
0.35029551043
0.0884880253387
0.0376840584394
-0.352720740017
0.212558626753
-0.847909882948
-1.39154203721
-0.150749248152
1.50662770708
-0.158224574653
0.501873813099
-0.861044070043
-0.817483282982
0.87201335757
-0.620566241522
0.536360351333
-0.623196536221
-0.0826356348589
0.456821459035
0.117754966909
0.622045355415
-1.45436130686
0.473346020799
-0.0337370085435
-0.978908466289
0.491685058153
0.0652396678226
0.217976669569
0.813235672284
1.98348529134
-1.6677883121
-0.796290163059
-0.298265986389
-1.86969572381
-0.617885103782
0.205690487814
0.29051238031
1.76546773058
-0.507654012196
1.20178308466
1.32424780026
0.769475662901
0.981931251412
0.615346515721
0.459247878391
-0.0790187179036
2.11635729115
-1.73686805458
-0.916313491552
-0.411411885826
0.208818993305
0.0191694894279
-1.08004281186
-1.08169218155
-1.00390077096
-1.48999286676
0.105208038213
-0.22630603891
-0.111661864526
Score: 1