3
44
10
3
-2.31418667821
0.554435435712
1.53684933837
-0.48248633581
1.17548585122
0.137185977506
-0.91828930562
-1.08881487823
-0.519677294961
0.111687922001
0.166678345579
1.617276241
0.968901886877
0.572420860795
-0.301545988217
1.33430418973
-0.872032161009
1.05066311717
-0.303692110424
-1.43535460924
-0.340430368101
0.0654115646269
0.16602977416
-1.14126022259
-1.83332660764
1.68102335619
0.34213476146
-0.559428596196
-3.09697448788
-0.299606898745
0.197373253281
-2.04015532053
-1.05141946142
-1.85112828291
0.322724906108
0.314214177834
3.08197692105
0.456797194819
-0.659564491958
0.0159640614597
0.106940108936
-0.0175834285141
-0.568566921265
-0.143463843728
-0.561456264707
1.36267632816
-0.29222533145
0.0514525468306
-0.586338437366
1.68830512833
0.399154744491
1.52500479995
0.27335707902
1.0591762023
-1.59681271895
-0.0866536188679
-0.148388156106
-1.05774342869
-1.05741290973
-0.478872080344
-1.38954425424
-1.81844078812
0.59387467844
1.2519628393
0.720456527472
-0.490493427404
-0.504233446966
0.857070347064
1.09893157682
0.49537212602
0.207372254094
0.235130034823
1.92517378556
1.21986754551
-0.956510046637
-0.149171457481
-0.111350431876
1.26810835331
0.525531892797
-1.74495326163
-0.929018366107
0.965433254258
-0.500790004331
1.0406909923
-1.82003586873
-0.522854121972
-0.473445749321
-0.0463761035701
1.46951353038
1.22184409648
0.0103843165062
0.171027685022
-1.15125843304
-0.538312479032
2.64887477751
0.942753710062
0.97273301617
-2.12289058504
1.65987586207
0.725589256463
0.880529303452
-0.139818768537
-0.0579516313087
0.177811228796
0.0494761084973
-0.455237424849
-0.0973785524811
0.22789775481
-0.877742983327
-0.586041985428
-0.0806753081538
0.687749762762
-0.0718720293795
0.12646844702
-0.479128751117
-0.806351583055
-0.0433198109393
0.593838939493
1.49531104188
2.66451459265
0.849993347839
1.1964918295
0.565255003885
0.274124427703
0.0270238550618
-0.7728755212
0.868124043706
0.600419350033
-1.90552591126
0.508820631701
-0.242393147284
2.07422773813
-0.610419585841
-0.638822968355
1.1527154533
1.12207022465
0.437446273997
-0.518244803438
-0.969197310162
-0.578037265953
0.309422481345
1.17211644573
1.4272655767
-0.772412084748
-1.31499785385
-1.13831054585
2.05853421081
0.558270745306
-0.170618172255
0.895174559574
0.317863439764
-0.501195107875
-0.283991782746
1.1999770346
0.00346048117825
1.18919796237
-1.71107676802
-0.3079495203
-0.0942424139131
0.406530646824
-2.37764820232
1.1862627551
-0.207501283272
0.54738971078
0.608944552927
-2.00844206442
-0.170912343705
0.563059732862
0.761406232189
0.412490480908
1.41572684973
-0.586322986358
1.0658812835
-0.83855329294
2.5948319648
1.03096781011
0.0740479069628
1.51567310712
0.362078271957
-0.963965777834
0.744898452573
-0.506659996154
-1.36298966065
1.08854629039
1.04066183796
0.840822684539
-0.914071763075
-0.00309448542704
0.00928663365311
0.593185123537
-1.71956334895
-0.906936162939
-0.303322552133
-0.208563241193
-0.150871865404
1.49983323024
1.7695929525
-0.834160762411
-1.4679519726
0.450751274158
0.304455047456
0.656261397535
-0.400563422025
1.04253755647
0.47362726161
-0.130400275888
-0.755584066106
-0.677622932492
0.564331910078
1.05118070791
-0.0443170939966
-0.575675885352
0.638240930452
-1.55056304762
0.564051171759
0.145719096067
-1.01830887853
-1.27693361847
-0.854312267121
0.756995568849
0.644691017748
0.346939974971
-1.38890604004
-0.283044971741
0.419758972001
-0.536656048745
-0.420434554997
-1.04647557901
0.64018680504
-1.00239278024
0.26363951811
-0.342247949626
-0.179213069587
0.679696767226
-0.501067808573
-1.02903645115
-0.0700056810708
0.524455370553
-1.37556898471
-1.60196670179
-0.74001133003
-0.936137432156
-1.23621037164
0.918983626506
-1.5521023378
-0.33062003905
-0.402701653674
1.39585944571
1.0669185962
0.637979689658
0.558415106888
1.08612666705
1.39646383332
-0.390605507377
-0.0283599845259
-0.615191615365
-0.110361970607
1.24003712233
1.32249936251
-1.35077115063
-1.71372636783
0.649782885523
-0.0788166493171
-0.301496660827
1.7367158546
-1.12918325529
1.80487637111
0.111766260697
-1.13613757103
1.34410039568
-1.05666427326
-0.03132395622
0.250852236825
1.16433622472
2.51847098536
1.28632499524
1.92468351261
0.112637289671
-0.218906617622
0.204821590589
1.36825670047
0.00959371444909
0.679256877723
0.137112323746
-0.286557607798
-1.27411365581
0.775964165099
0.778346926977
0.0933049422452
1.03897876457
0.757558527592
-0.384336844844
1.92297729691
2.17901820393
-1.93738054517
0.892299046919
0.0649386246876
-0.0978982512425
-0.632983350762
-1.58917301245
0.162336892823
2.48651986801
0.916829258094
-0.301048014782
0.496750394845
-0.317689074379
1.66510582381
-0.372220839043
1.57610648277
-0.434484531218
-0.0995175085251
1.11546560368
-0.22502783081
0.638647407342
0.10728403605
-1.30192005386
0.0351598117025
-0.122802110324
0.938153581487
-0.952349564137
0.704504615085
-0.517662162154
-1.62774214046
0.552720058718
0.762786535499
2.32721535135
0.113770899971
1.07651702262
-0.503518311973
-0.307188050054
0.050890514334
-0.56276058613
0.764780148639
-0.353174292924
-0.112184526088
-0.797658894779
0.98780588028
0.561116878034
-0.138928658543
-1.49064121626
-0.181736331321
0.368417471518
-0.473242721386
1.06799307949
-0.588234955746
0.647390792837
-0.411447611068
-0.138846476533
1.2743517262
-0.314227764292
0.217937495215
-0.249998264833
0.201618425577
-1.3608959057
1.03932231514
0.40114258711
-0.0733787522979
0.447197209219
0.31796436437
0.48901838957
-0.224780603944
-0.254851845933
2.15551457064
-0.327498146087
-1.36114164974
0.960652867047
0.42343627193
-0.380242440737
0.72790598765
0.415229932044
-0.412191950827
0.603152265879
-0.401839797155
-2.08067005519
-0.5908083329
0.181140622925
-0.857234740654
0.0863260045515
0.0229922705309
-1.10454530345
0.405817278816
-0.628884040182
0.440173447144
-0.900462710166
0.470180199504
0.529645114378
-0.744963084031
-0.787336596862
0.48533388754
1.04316639914
-0.67533834001
-1.60151861743
-0.10967018011
-1.2425233036
-0.802118907905
2.11160053974
0.321285600693
-0.281887828878
-0.999459755502
-1.16796271051
-0.310645104311
-0.311333527092
-0.824985425548
-0.130351413877
0.833107380299
0.312713629571
0.855709634947
-1.67672512049
1.71343917121
0.0473951027382
-1.21349047854
-0.505945880363
0.103231112772
0.3334772636
-0.331675312902
-1.91281460563
-0.255243495108
0.166494475639
-0.683856791111
0.981174662285
0.35205265605
-0.460328013246
0.464307964165
0.871833378234
-1.23512792684
1.46707306058
0.0785871978682
-1.01689456798
0.807517557463
0.654873497755
0.848603252433
-0.183587918893
-1.88485057254
-0.562261563611
-1.15761683329
-1.17989317476
-1.41298115311
-1.07093157029
0.836955423492
-2.57195112932
0.225136680356
-0.920367782408
0.61150914181
1.24688369377
1.88793370972
-1.51870160329
0.279326916824
-0.0534713084011
-0.443866102854
2.61501497545
1.73120641571
-0.226496617119
-0.200180529589
0.805824320958
0.145276577108
2.95235184408
0.691910919498
-0.807232980413
-0.0956859128178
0.604684183573
1.07219143933
1.02904901331
-1.46596549001
-1.31075245689
-1.76183860495
0.900796821199
-0.408348173466
2.04785620129
0.166750486336
-0.708960211005
-0.543744454618
-1.07580636908
0.830238859707
-0.797895035562
-0.338032449938
0.0315486043729
0.994964078798
0.0400223713785
0.000484283919646
-0.337983764475
1.99424765301
2.1437888266
-0.155242983677
Score: 1