3
44
10
3
0.48685037774
0.213874346125
-0.867872294804
0.140602837611
0.188589398461
1.19065227508
1.067003061
-1.11802898685
0.803433720185
0.0903024759782
0.39522465342
-0.133644632149
-0.977396245211
-0.111799664001
-0.850941665197
2.78525263131
0.903901971016
-1.93185855715
-1.80676244464
-0.694009038903
2.13703468854
0.761889744714
0.325104126671
-0.0556825054775
-0.386019096974
0.936837379968
-0.776450726945
1.73040618147
-0.764174279627
0.663071107674
-1.8769360734
-1.679148606
0.797082491615
0.828179728382
-0.851556783914
0.47060329705
0.602667407635
-0.390000516812
0.622948783712
1.29725968479
-0.709215999852
-1.23706334795
0.0102761236196
-1.55289409344
1.39256520104
-1.69141709997
-0.0425400597235
0.38984531287
1.83400939703
2.07762546692
-0.180958915446
0.529744351042
1.06718835296
-0.639426169782
0.252689360135
3.18498568554
-0.904049132084
-0.330159893213
-0.770686037191
-0.867021797471
-0.968921170461
-0.264740564999
0.320494990235
-0.388181765198
-1.37059793379
0.595539823229
1.48902323506
1.13024906122
-1.27364025706
0.574902406925
0.775241118597
-2.69780732015
0.729814457858
0.757046254508
-0.353040412154
-0.619396477213
0.434742558605
1.4430420495
0.713872695169
-1.03603417004
0.0981763379441
-1.79125638992
0.0911170829041
-0.274358713475
0.605831419562
0.843026263899
-0.869232380836
0.763383744131
1.47652342959
1.24439888263
-0.543959636855
2.2849066829
0.428262839523
-0.610512715224
-0.818486950145
-0.66090175486
0.150501137784
0.305719209043
0.168883841402
0.458527507935
1.04892152332
-0.955832223418
-0.78914069969
-0.0993498216668
-0.297391215599
1.96632913302
-0.218285813107
1.3103685303
-0.221153051536
0.21848807713
0.957122752429
-0.0719832401095
-0.355442052772
1.860996366
0.519200389987
-0.557980773815
-0.903907550356
0.816232928608
1.23438186021
-2.07401806002
-2.39440804581
0.784369363349
0.541639366854
-0.306400442972
0.648518004154
-0.328841180826
-0.198132390361
-1.28452426327
2.04516136857
1.3104767956
0.492615542278
0.0961549158209
0.385088629788
1.23333924156
-1.83400872891
0.526382550096
1.45345390455
0.958107421077
0.8653217677
0.232464297028
0.698863821835
0.912164120959
0.606790197917
-0.395043624687
0.689956883568
-0.636351650825
-0.515187826228
1.31157710598
1.11386670417
0.823925766328
0.82034190673
0.817600102591
-0.259937813393
1.05399381106
-0.506497894348
-1.39216953894
1.52653760025
-1.24333032877
-0.710638385081
-0.671249575251
0.49577185476
-0.56282635982
-1.01601601733
-0.937360916383
0.0363882454823
0.396858326862
0.95868941657
1.52368953118
-0.562230265038
-0.756614239626
-0.482780411179
0.459958202999
0.578589567373
-0.216127935519
-0.52503905565
1.66459709733
0.292934839329
0.74752437586
-0.723985613049
-0.241055630053
0.418292148203
-0.233460437999
-0.684220189222
1.62467612835
0.15094599567
-0.531056927911
-0.625916395574
0.23570031466
1.79333424511
-1.52400349177
-0.706219649387
-0.136301376825
1.50991734076
0.0599518596343
-0.531077846324
-0.732156764484
0.839416452601
-1.04847823277
1.01050994735
1.23098777507
0.639481297641
-1.17971481355
-0.641269769193
-0.804772140757
0.339408057825
0.54764531198
1.3586643546
0.23305111862
-0.0110197316372
-1.74498271406
1.37950008106
0.46802086019
0.00830985164177
0.154657447241
-0.807384530936
1.53421947215
-1.74649509687
0.661973977852
1.09606019393
-1.45696403073
-1.10910523538
1.23125531044
0.986346717006
1.23474563152
0.15931007068
-1.45159761414
-0.324541369852
1.21107780996
-0.570343271581
-0.678045415889
0.695726996352
0.16119905943
-1.46137532689
-0.50264548444
-0.594487287604
0.110492827467
-1.46744451525
-0.808690971292
0.808891948259
-0.194079804243
0.606621975529
-1.96305852811
0.0549391893754
-1.31531072273
1.95761717489
0.452801966094
0.363986751657
0.210318885221
-2.79804676572
0.208738594947
0.167446979559
1.08677385218
0.0430280648357
0.244229415122
2.30748790437
1.40083191969
1.94372177803
1.21984684856
-0.0794237494074
1.17875211735
0.673301782871
-0.681055711644
-1.43619365855
0.516409187737
0.933509972454
0.186988878032
0.811675559181
-0.421384157107
-0.0848970501964
-1.28017208786
1.11049894819
0.327838853615
1.20030176797
0.474701386322
0.255741391481
-0.248283615697
-0.127341869446
2.2109592385
-0.279362171193
-0.497184208936
-1.85615632478
0.04316132195
0.182311102626
1.16418185492
1.38601761826
-0.975421106538
-0.254419555634
-1.41651766498
0.527234476389
0.533534312846
-2.08117474923
1.41555601375
-1.06753840044
1.13011216532
-0.473007248773
0.936407760874
1.25636038723
0.320243843445
0.412358949256
1.27285921551
-0.730005703989
-3.4793651062
-0.389094232525
0.0485708590985
-0.302480646456
2.549690117
0.0298031964751
-0.383551769894
-0.844534379751
-0.481730756191
-1.06921347177
0.167012789761
0.366306635421
-0.987271658208
0.206323061953
-0.396072719134
1.54477228791
-0.574517159445
-0.141134672414
-0.49961623079
-2.33909429057
-0.691121184472
1.0319688083
0.525796616932
1.03257125107
0.0520515103898
-0.515922096396
-1.00889040548
-2.05531425962
-0.171494560763
1.25815907916
-1.35660703254
1.07002433398
-0.684997175425
-0.280739356869
0.764513769595
-1.29382470056
0.604166356788
0.594790790909
0.332722757494
1.29439093575
0.0214003182661
-0.235196454271
-0.451037689293
0.76059493619
0.325765929292
-0.660856098538
-1.23000223778
0.452174458881
0.0150647030568
0.0121392320772
1.26930363001
-0.208420998838
0.945153381537
1.29365817902
-1.51180136814
0.391005306586
-0.442475743832
-2.0902257834
-1.00006488523
-0.574031642129
1.00497851223
-1.72482486382
0.0175280169183
0.600885601047
0.30551443204
-1.47386090711
0.589875721147
-0.871212917267
1.79184009789
-0.0747841304453
-1.26226563608
-0.81264957701
-1.83413235843
-1.24494882967
1.13703047307
-0.906691668573
-2.3008783814
1.07185522949
0.29404545282
-0.982359423184
0.375235660954
-0.0925388862772
1.58094693386
-0.386033341261
0.497576093337
-1.23905289965
-1.96581955823
2.24161096496
-0.191572220074
1.94109477851
0.623215632772
-1.70296391402
-0.125927795704
-0.0873301216933
1.40110495716
-0.447516663486
-1.6391248813
0.837490369292
-0.173634894882
-0.494092752276
0.126192383132
0.427569969446
-0.468457335281
-0.637333216589
0.566232824621
1.91413466365
0.840340193684
-0.688984810282
0.537881018223
0.304323776326
-1.07900197711
-1.0146568523
1.2181247307
-0.283183704366
0.146787218878
1.46577682376
-1.00691656768
0.998113542607
-1.71531318886
0.62236819107
0.00764711032528
1.8342950766
-0.349599309427
0.341451510466
-0.493620071214
-1.17615401207
-1.39359485461
-0.276426471117
1.4791308039
-1.00461558313
-0.4888412742
-0.160322899862
-0.357538626376
0.548884056471
-0.6502310182
0.0781378447649
-0.945047191426
1.56829592697
-0.726389071149
-0.580375181477
-0.607036067096
2.3483958892
1.0373189225
-1.03492585574
-0.235671237626
-0.688518467883
0.479991396055
-2.1076301045
-0.55223631803
0.12623694206
0.252444395546
-0.662506017227
-0.261352313772
0.715277197654
-2.35605058943
0.978914481545
-1.08224894355
-0.284422730187
0.497567788683
1.05224189009
-0.988742872293
-1.03111657483
0.178562412709
-0.299786472437
1.58205720434
0.323858940671
-0.448405310242
-0.857717801001
-2.12487190684
-0.350204884124
-0.409552818533
-1.30044318231
-0.691031993901
0.781368366846
0.708681231166
1.68693594598
-1.24846432244
1.65739985523
-0.428106513722
2.05492930569
1.05862354515
0.691133101342
Score: 10