3
44
10
3
0.464052117165
-0.804906570913
0.791086094179
-0.0296499792458
-1.47386026144
-0.656478837753
-1.99365707912
1.75847016977
-0.512343011793
-0.371161230715
0.776548095163
-0.198876847047
0.54745744896
-0.795040274735
-0.253357424024
-0.557621619985
-0.317831290266
0.385209590388
-1.77363761454
-1.09871659748
-1.63427324286
-0.380249056157
-0.18512410734
0.223430036423
0.19961217359
-0.222371445843
-1.6539820624
0.622230661381
0.139943866729
-0.381315826002
0.389899597472
-1.02026727436
0.804559761336
-0.623052183661
-0.263377277245
-0.013053664159
1.18530257753
-0.286899282294
-1.29570322439
0.212103961546
0.229198195474
0.262720726754
-0.0729185348578
0.091780507007
-0.495383240684
1.36492635796
0.741652373014
-0.530745269046
-2.1944137917
-0.653820514391
-0.161798367827
-0.489468486088
-0.122963732659
0.916582231629
-0.923498912999
-1.35102745335
0.345586015233
0.242936166748
-0.953982577985
0.848346679775
-0.754156009601
0.0499404055346
-0.128731473974
-1.23045585931
-0.661960662866
0.57037707666
-0.159508254049
0.818833561898
-1.5103826565
-1.56013715967
1.13639178349
-0.278492868366
0.799896021604
1.38202433844
-0.425981046449
-0.740018231755
1.16116930212
-0.816257488195
0.841522784358
-0.213288722055
-0.231190461323
0.259684951964
1.0501148239
0.708538088626
-0.896680715901
-0.183187492298
0.85903041543
0.853456449084
-0.454061749775
1.88909213959
0.71834907402
-0.954938130249
-1.39882575822
2.32568022088
-0.543199176144
-0.231716321337
0.415608680614
0.0826435471194
-0.719005055948
0.96231167758
0.992413904639
-0.149290036644
-0.192140925639
-1.44147750419
-0.129802100976
-0.463813670101
0.151923667821
1.09866021866
-0.977239211192
0.548952540606
0.583654522737
1.74587391871
0.941605777426
-0.867535384314
-0.157996051145
0.81743205828
-0.790013153536
-0.322293170054
-0.401747612542
-1.00557399796
-0.143793361949
-0.0229787819467
1.98212529025
-1.45956427372
-0.815255967252
-0.807655812191
-0.271125700998
1.39933566594
-1.13319074219
-0.0125169483655
-0.226438041004
0.0346855089502
0.793397341791
-0.0506959211683
1.21107644037
1.28466404528
1.40136478387
2.10250171988
1.16711103887
-0.38452639015
1.22752543873
-1.87995789806
-0.703285585888
0.735005357634
0.197703406182
1.39200787048
-0.427352662403
-0.523037915047
-0.861971741587
-0.212043035446
-0.426951853893
-1.41729125262
1.53362022799
0.937682951017
2.71912097393
-0.0609097870281
1.88078128783
-0.579999473792
-1.70848538031
-0.035272521322
0.433524736265
-1.06118912862
-1.46800773119
-0.810465220462
0.613286894584
-0.622846435109
0.639877600666
1.52412143386
1.46151393428
0.790826953739
-0.336776157839
0.097651002196
1.55630552296
0.130380655673
0.400714085543
-1.08891352359
-0.299169340847
-0.863884852742
-2.62545640739
-0.513457744351
-0.0617442616182
-1.35667566538
-0.820598917877
0.369182154168
-0.308003020104
-0.319831308596
-1.31977465244
-0.334602405402
1.76871703137
0.0680308368184
0.243110070934
-2.82904082158
-2.03261428888
-0.182105567019
0.842065512503
-0.330254391847
0.999976789739
-0.631720527325
1.05424977853
0.527442483062
-2.91049484614
-1.62372466764
0.504012928191
0.445933448522
-0.742247266186
-0.790360126606
-1.45438108891
0.800009881776
0.835456303538
-0.655639497217
-0.474539926906
-0.379019843148
1.53993207756
-1.48689636882
1.55322179911
-2.88767952087
0.882917157984
-0.413649904446
-0.344534951269
0.505708221481
0.463919864212
0.291389705042
0.348500698256
-0.340552568603
-1.32799543489
2.95871993948
-0.299881689639
0.905924548755
1.86000880898
-0.685925744301
0.548365899751
1.08650111369
-0.106978109353
-0.452373541021
0.877646995665
-1.3037170003
-1.54052385522
0.542734511286
0.220818814639
0.732466504406
0.930279413843
1.30349770641
1.82999550016
1.20119735496
0.631017962548
-0.376143968575
-0.435765885
0.833292106903
0.151147858249
-0.622139314916
1.4292754466
1.27564037306
-0.723147418095
0.0324429751199
-0.224350846236
-0.432057410121
-1.09699753733
1.16250982676
0.0771938229745
-0.107347904947
1.61486579785
-0.83378214368
0.307609440161
0.873372951813
-1.44871972435
1.07533630599
-0.935598769882
0.634389283903
-1.2747985694
2.49295620242
0.441369489625
2.53174867373
-0.889650472743
-0.30625216958
0.263851300053
0.526994278926
1.82938548328
-1.01314497796
-0.754894510772
1.24086834466
0.580207821037
-1.74702965616
-0.0813238175473
1.77967411793
-0.530672170368
-0.127161660709
0.697446423197
-0.852833841213
-1.32989611508
-0.544600896781
0.138264827847
1.45323447229
0.0162419626569
0.28429226469
-0.0259209960539
0.412481536862
-1.33596483
-1.1767597008
0.908467480365
-1.06407945441
-0.184229566484
-0.110629476201
0.228626295305
-1.11291534746
0.758074012161
-0.779857394874
2.26978143537
1.15883017643
0.228706777959
0.321292564378
0.8878265309
0.670302928574
0.00481336976368
-0.648744978844
-0.456230269607
0.170200062708
1.94222406269
0.668942562882
0.950385011164
-1.7173725459
-1.13818461503
0.0890067093541
1.18480872939
-0.239752642642
-0.0573845779586
-0.186948901171
-0.901864716412
-1.40461387429
3.08495542041
-1.30617089796
-0.316986391219
-0.711046750579
0.0970558668266
-1.65911628152
1.70231380527
-0.416418800982
-0.707771326486
-0.552178895953
-0.206424313059
-0.16122099248
1.16763026689
-1.0379748467
-1.48467800314
-0.0107961010674
0.965039843203
0.0251445456496
0.257720146593
-0.92711259499
0.378613819301
-0.87754655676
-0.422901941741
1.40963080845
-0.694762105775
-0.181627716433
0.115195890902
0.704589465697
2.0174475458
-0.368677363529
-0.248582591453
1.91385716436
0.478151443641
-0.069393952695
2.86423455617
-0.278038486115
0.352684219969
-0.786551982206
0.0922941218049
-0.266348682841
0.78714223142
0.0646094215119
-0.410820285553
1.54755429561
-1.59409946142
0.499108150483
0.0210852344668
-1.47096555043
-0.662223834436
1.15287112876
0.668478990895
0.943862431964
0.733015625625
-0.309039297769
-0.936777977133
-0.591948193652
-0.809677437981
1.30472535924
0.139496543777
1.09341520451
-1.07765142612
-0.00694628379273
-2.16595527577
2.04842494254
-0.474552401961
0.434178150884
-0.496107194033
0.984796069715
-0.339702398229
-0.355631393468
-0.550363663481
-0.196078006945
2.47836166053
0.851431774532
-1.38080246579
0.410076377428
0.408178473762
0.0388040990972
0.967613172957
0.436341307182
-1.18532555873
-0.679726313993
-0.266421904452
2.13626891818
1.42127284559
-1.05795692743
0.093658955607
-0.843552414517
0.732352399149
-0.336604010203
0.85137122238
-1.37006533714
-1.08763566241
0.9989377031
0.974225145114
0.400720133597
0.793162120735
0.0886966742045
-0.188450101053
0.00616248628962
-0.976695903654
1.24236931594
1.37771102067
0.674252885217
-0.584052868873
-1.18651012743
-0.280319579294
0.204100217166
0.807375619028
-1.00536868542
0.412466486803
-1.62519772649
0.672451994806
-2.59597558306
0.388186763434
0.0479301163391
0.864522502062
-0.245531232007
0.241099444406
-0.0556774455734
0.00840291622846
-0.725441858516
1.30121356662
0.500375344032
-1.98561767131
0.944185880233
0.816324143304
0.811113083223
0.587057677254
0.197358504206
-0.3657510696
-1.33325301946
-1.94994458876
0.89682386917
-0.602183400735
-0.611637290493
0.570382716925
0.831837699559
2.28722826297
-0.812153013113
-0.114343518675
0.12032523999
-1.13509098633
0.0888087194644
-0.76932915572
-0.0485077117065
-0.0609839556279
-0.659202287721
1.86288968112
-0.808958295869
2.17837716569
0.105702408581
-2.37163645382
-1.76441377554
-0.891409487053
Score: 10