3
44
10
3
-0.614534247614
-0.287568164278
-0.359594705874
-0.745264131978
0.523858468902
-0.129824517633
0.939185548097
0.218222946206
1.24384047004
0.0600892922796
-2.90663013452
-0.553038007119
-0.910287749844
-0.668554369608
-0.455601410883
-0.249039629335
-0.211932344299
1.24159099466
-0.343631151007
-1.26983428031
1.22035573874
1.48675570469
0.0530662498652
-0.475320147369
1.55580813029
-0.199819064899
0.178336773258
0.0323229143133
2.37236007311
0.596216809927
-0.942396804765
-0.0425328095625
-0.880179782716
-0.921256918056
-0.256246965001
-0.602292303467
-0.897066400502
0.379596815097
0.738310093563
-1.08212480238
1.80649198414
-1.04667150714
-0.580991764844
0.208515757797
-1.12310446514
0.0756708199663
1.21995757513
-1.26199170771
1.81172018581
0.524745900027
0.727333523175
1.68376767504
1.12893953555
-0.896571808885
-0.783555852747
1.04822983407
-0.239965840164
-0.315712133724
-0.964679383484
-0.314888069299
2.04769582756
0.784718813167
0.811137331623
0.857892419537
-1.75294285772
1.10534336117
-0.242976580732
0.750918948444
-0.728412194248
1.5060337062
-0.799529131709
0.0897460219736
0.780885643143
-0.106680045218
1.69635886793
0.275873788211
1.80748690325
0.545550405543
-0.405362087383
1.39672562892
2.0379593449
0.444103728601
2.46769072957
0.835919648165
0.320945709122
0.412292593476
-1.31893941854
-1.75872937318
0.836304637598
-0.0290352323431
-0.356807034843
-0.572292808943
-2.29918384287
1.8009092399
-0.566254500961
-0.522394372071
-0.600323252324
0.369988385712
0.214982798767
-1.14497789855
0.213951534051
-1.30839377764
0.401991808835
0.225891012193
1.13661410907
-0.321087958639
-0.326218817242
-0.384911435939
0.924251208024
-1.60679298172
1.0791801936
-1.22011930536
0.158873293908
0.648655563229
-0.0146627783284
-1.20778330815
-1.47638534841
0.107314796529
1.41594444447
-0.768489794212
1.42886624339
-0.247225720376
0.673608042965
-1.45055155675
-1.18281688256
-1.42645731907
-0.0363812780244
-0.20301145897
-0.159151805043
-1.77628859464
-0.152826048089
-1.72908534446
-0.42259772667
-1.3547084857
0.319593340935
-1.19987480859
0.664619755531
-0.102932613773
0.2250885037
-0.565041922682
-0.382204742896
-0.54013198357
0.311315067128
0.622046012532
1.28387829278
-0.780649357428
0.456222804561
-0.391801354064
-1.5211785812
0.325827424656
0.541884638741
-0.3651353162
0.39184352983
0.864916681371
-0.241724246905
0.112592351681
-0.358072963659
0.35854452434
0.765428013938
0.834213247463
-2.46491637855
1.774344502
0.327877668196
1.1819395966
-0.0443491870614
0.821375887502
0.272226296053
-0.753929564511
0.0578687623629
0.439267359554
0.815371581832
1.1333714625
-0.644158184677
1.61787572321
0.98614364128
-3.20402699841
-0.28607064283
-1.17692101761
0.649897063894
0.168843798575
-0.376088119924
-0.283491348237
0.125579212938
1.17975885759
-1.23060568271
-0.736768607797
0.865899819821
0.173856869357
1.56080468027
-0.0740673813912
-1.25634190529
0.729562009769
2.31334042004
0.423632843062
0.34515867966
0.272503553681
-0.810488158205
-0.0198090518391
0.238956139437
-0.613340532454
1.97750432394
-0.768720590002
0.413330356799
0.600510163753
-0.855072199284
0.131307123915
-0.856447859292
-0.84410565246
-1.36054328446
0.0923122245696
-0.864962314848
-1.05715766443
0.217876715006
-2.08364384882
0.234058704803
-0.553228047344
-0.351348342278
-1.39820144443
0.600455391478
0.343650546051
-0.0514414833255
-0.685536329909
-1.04211784959
-1.0658441087
1.02542476644
1.90464431471
-0.107139886334
-0.150108340488
0.407701260215
-1.37176177416
-0.530818488214
0.203007393932
1.16855335422
1.58148591934
0.0206543959743
0.339863008315
0.842972545445
-0.302518328537
1.24589365571
1.86238503699
-1.46975963231
-0.370471348286
1.06200374374
1.45376528839
-0.77570217134
-0.181716045205
-0.0475344922424
-0.791839186729
-1.05613582056
0.301305391891
0.650819181483
0.313949380949
-0.674330966276
1.88799553013
-0.0509079247104
0.527221101804
-0.0158539631471
-0.856418020874
-0.812225825736
-0.367179045905
-0.582896574345
-0.644032199563
-1.73058181062
0.281463348738
0.45555016039
-0.0201394859993
-0.134451314597
0.823706149259
1.08999143119
-0.424319295502
-0.616812611694
0.997269615044
0.82254349005
0.492217690009
3.73403460088
0.995261853927
0.668421199333
-2.03344779818
0.0784435524624
-0.0871147164733
-1.05763519885
0.400492050757
-0.154711246684
1.65721133111
-0.00628037724473
-1.00301059871
1.21606251437
-0.861956773546
-0.0691846173443
-0.150399719566
1.60404216646
0.946743085749
0.986728289074
-0.318198898517
0.066480894432
0.0746642205013
0.0589644759894
-0.644250728205
0.742991236884
1.00364869375
0.608052826551
-0.959086846334
0.667522076777
-0.726784471761
0.863261709624
-0.337078335904
-0.642001345196
-0.573536163097
-0.356420551826
-0.0957593797618
-0.644831310592
-1.28063358692
-2.38875206684
1.22347656574
1.03571639112
0.986613008262
0.27013118946
-0.783937677727
0.544234574687
-0.175427922379
0.628385305361
0.0338887675444
-1.40149895846
-0.395076490158
-0.797780676017
-0.619972736718
-0.21835651123
0.306151178001
-0.557995540041
-1.00218479715
-0.824429062827
-0.943584045586
-0.559836016079
0.269405510791
-1.98755618497
1.43351652133
-0.0198173282272
1.21018458639
-1.5047771253
0.0677987965062
-0.622113348394
-0.0823762934694
1.57151040119
-0.633610678531
0.194854365873
0.175054408572
0.0211946868748
2.21461754406
0.650736676137
0.641873902569
-0.323760928017
1.0286267087
-0.565423324099
0.693799807972
-0.534297706416
0.445994076043
-0.187807291967
-0.136681363736
-1.57371219783
-1.29664565401
-0.835880818705
0.0182812484731
1.60708467076
0.0463650692008
-0.629344522741
0.246574487541
1.67047831765
-0.879795591407
-0.239665289
0.885413838694
-1.24432582015
0.869030340884
-0.503032741268
-0.941574541876
0.929720370694
-0.134117616317
1.34017551279
-0.752254271019
-0.257561012467
-0.251498909923
1.50843393598
-0.645026062844
-0.414500938131
0.335933605744
0.544904027352
0.00620747551662
0.327338907984
0.335078260524
-0.875586672905
1.55251634645
-0.920771968627
-1.24374996143
-0.685698147439
1.37969401417
1.11705806351
-1.68127184371
1.09388003929
1.38879353134
1.66014874312
-0.348064549327
0.829443850763
-0.741136186182
0.1345287581
0.960251727977
2.01154780697
2.74168222068
1.24513613079
-0.286877893789
0.298559525123
1.06923018164
1.32851753737
-1.21569715761
0.160185746006
0.952306494102
0.11662120909
-0.570194775012
0.0579775822027
-0.553314421487
-1.83442700112
0.803889147856
2.10515459003
1.12247855574
0.470725285277
0.00289114138028
-0.0239546414371
-0.503054001254
-1.36837506104
-0.438423385763
-0.162894530255
0.171940506098
0.328292750744
0.483293560636
0.947525768078
1.04907739911
-0.740734357974
-0.457586596544
0.801637209095
-0.810854279968
-0.394346913188
-2.74266179823
1.10559174406
0.440383189862
1.20706479417
-0.223063259624
1.80238333463
0.60212617086
-0.571001168421
-0.955138381367
-0.716502898556
1.49651262856
-0.252126284086
0.126857680518
-0.742975187358
-0.0184740092547
0.348128125621
1.82058779532
2.09411862909
-1.2522857716
0.505666790183
3.07824170828
-0.148620014898
-1.75657838434
-2.77083446929
0.979257547995
1.20686775065
1.63892729924
-0.861052853543
-0.0229313106367
0.807704565053
0.120896298687
-1.30783705489
1.20804361049
0.425548433232
3.9134738079
1.47880647213
0.363769779084
-0.257875255988
1.1061305817
1.26558801367
0.368794277139
1.73077307498
-0.376670092338
0.442555574281
Score: 1