3
44
10
3
0.775073816528
-0.461118237557
-0.083240916935
0.192759864405
-1.36760751684
0.0193430505311
1.00504227855
-1.10133774625
-0.0460055124266
-0.0858983162408
-0.226888492097
-0.671247916185
0.171988455676
0.604477579372
2.11541267761
-0.990354160866
9.71052434789e-05
-1.78311767957
-1.73333047738
-0.838045832027
2.05568937495
1.05991687417
-0.374219273936
2.01510476231
1.18911861852
-1.01092574155
-1.0236767671
0.0967319651635
-1.90850012567
-0.340769626037
0.0293123752043
0.629286174686
1.26897049588
-0.816094685406
0.1084103001
-0.282459973675
0.119305143548
-1.14008597438
-2.03314468283
1.85997660033
1.24791344764
-1.94359569562
0.661734255201
0.625383537993
0.193828836585
0.0353861421545
-0.462492413868
0.119497118929
2.14392206974
0.296212487633
-0.176685769647
-0.873955045686
2.16617795764
-0.76672988307
-2.92673266574
-0.267593604667
-1.36947649787
-0.373965894347
0.103034793037
-1.71364171218
0.246914574346
-0.584590634216
1.17386901698
0.340728427869
0.479970318791
0.856020595509
-0.0248178433905
-0.00986707323237
-1.27208599023
-1.21839218469
1.15303297034
-0.665308980826
-0.842538685851
0.0942752594412
-0.535449231632
1.1957843876
-0.460861340968
0.271691769034
-1.02773884333
1.26372902366
-1.06351871955
0.763312605929
0.17524016864
0.0371278040117
-0.325188439906
-1.05365929272
0.00480466503413
-0.177511473349
-0.965706755201
0.355917096882
-0.0828511173213
-1.1602039475
-0.356233210637
-0.805686556546
2.61997294993
-0.359988601233
-0.520906581165
-0.702398268914
-1.13764137329
-0.0585842019963
1.46852205805
-1.69592443681
0.832972065356
-0.139555488933
-2.67720360567
0.569796812721
1.17019571621
-0.800632389553
-0.320224833311
-0.301647222412
0.342279367891
0.629217273713
-0.727720775957
-1.64145993487
0.0981799537572
0.556217772242
-0.310557108547
0.96883846838
-1.35830193917
0.531009508934
0.376244173878
-0.560707526182
0.375733739023
-2.29321381825
-0.0511454681516
1.41015495373
-1.48334894715
-1.24491487901
-0.687636839476
-1.19805095719
0.401544899258
-1.57614302941
-1.65508098632
0.816360680901
-0.163420105701
-0.475953506588
-0.125428563322
0.497914172358
0.137235452316
-0.611210100188
-0.870342314752
-1.2050791608
-1.786485139
3.12832253013
0.534661280939
0.871119701921
0.416591411885
-0.382671961693
-1.35375406169
-2.00167855075
0.387155954311
-0.287279554894
-0.0396944206118
-0.941856785057
0.404155346107
-0.354954293555
1.8583674328
0.696824723119
0.461544347892
-0.0644756976513
-0.93597031322
-0.509438062843
0.157017142249
0.77761931728
-0.418482276928
-1.31761745676
0.480503697231
-1.07425799961
0.278596537846
-0.696844089385
-1.09145218381
0.439235442815
-0.951949637756
0.201929725281
0.471459408039
-0.298156889489
-0.701058316178
0.182018570957
0.016867015044
1.42404857412
-0.787227855485
1.81139147662
0.468593125761
-0.0225885658449
2.6410177243
-0.292155500017
0.352013491404
-1.1015312688
-0.228165253223
1.52630470183
-0.0853777682314
-0.188382172565
-0.0177470559344
-0.19098978123
0.078185687455
0.0926023726062
0.88349812263
-0.555085318098
0.398556323272
0.823699758915
0.265257757619
-1.34865863428
0.338821272252
-0.344425483368
0.28030191962
0.185910491076
-0.17616714245
-0.299162205744
-1.57635883365
-0.148027050247
0.0215058308892
0.510396133568
-0.202088879547
0.0910671794711
-0.419403078837
-1.66607968642
-0.00963652467299
1.66553555729
0.415760846745
0.818780486781
-0.346465086365
-0.513042260173
0.392751789134
-0.676834332271
-0.500656660311
-0.567621258376
-1.78242117956
-1.78303621699
-0.814237978669
-0.417873711852
-1.26136204037
1.54032402643
0.0342631376334
0.738694442651
0.572325051155
-1.0614639832
0.348449591214
0.450370325423
-0.399298687883
-0.437223296644
-0.533509437632
-0.378811976757
1.30385474703
1.77966620215
-0.361382222081
-0.480770475775
-0.584532319992
0.0221099292258
-0.410859893005
0.282966459467
-0.985216723499
-1.61966499445
0.608835987664
-0.256565644738
0.980465341312
0.322641699329
0.884479211039
0.731163959908
-1.26487986371
0.456286765597
0.238651014689
1.61518913932
1.95771225353
-1.36981009823
-0.734555178514
0.45850792729
0.148537381551
-1.12590912665
0.926891819461
-1.34105325133
-2.52880828928
0.509088653912
-0.161966271163
-0.665047845064
0.659671259861
0.909876891221
-0.628882397296
-1.980724947
-0.951719250084
0.923969565181
-0.687419546026
-2.22765718027
-0.0496822007163
-0.0844224620628
0.0204692983567
-0.922563688108
0.424018786863
-1.76431734396
0.304570109621
-0.46884532477
0.830075627263
0.429721240121
0.869692960037
-0.98144602551
-0.377634045148
1.10603321989
-0.730412900224
1.14134050241
0.239529945624
0.422753725265
-0.381746147838
-0.228642045135
0.250594590323
-0.343206890613
-2.59270987159
-1.79329324194
0.260176732336
-1.86336132809
-0.573672479404
1.10347831498
0.540912657671
0.366679814017
2.02052396939
0.177189578831
1.00198921919
-1.27056540005
0.257201141093
2.77486336156
-1.09890621228
0.301289856037
0.041602947133
-0.598821462066
-0.692502890732
-1.30041956686
1.41713499087
0.818828063782
0.964748228502
0.478242673664
1.82913854287
-0.0903751778334
0.911951247531
0.244354918139
0.415597288475
1.50135403569
-0.37040994659
2.18995066112
-1.25344806806
-0.549599079167
-1.24978871303
-0.922599777612
0.71726267228
-0.627063840839
-1.2305450812
-0.151871965158
-0.189977508143
-1.28706778013
0.753360988366
0.383699356082
0.633943896832
-0.767595810776
0.485354762814
-2.0927582244
0.317056177164
0.21241810689
-1.30642551214
1.66613202961
-1.17965058958
1.74832192942
0.830765785591
0.160564936724
-1.9515606612
0.078624100821
-0.322848991194
2.69206738324
-1.5228295897
-0.474646315256
1.26672058179
-2.11978549679
-0.48387406214
-0.407805229241
-0.217487816823
-1.93321920534
0.0406556295165
-1.95442191374
-0.228821774689
0.270789896418
-1.20149752877
-0.165556971053
-2.49855967802
0.629226232678
-0.0233470433531
0.188498401712
1.25966502468
-0.505260334711
1.6409378832
0.00919278160326
0.0840062298093
0.262702523359
-1.32350946416
-1.8467537626
0.967776675307
-0.0312186384208
0.707495876168
1.22480712953
-1.01550723902
-0.269297720118
0.325640364647
-0.434581591793
2.09675504661
0.624977925506
-0.771733204344
1.16277874211
-0.318689297592
-0.692454693007
-0.731355156283
-0.725309207541
3.20606813678
-0.949970160124
-2.27002962881
0.490775054399
-1.12175664317
0.52170976032
-1.09216376641
-1.05723877419
-0.88265786761
-1.0768333891
0.868611495273
-0.304009496032
0.578939779847
2.14033858425
1.2916623792
0.295333437987
-2.24440610456
0.603407642453
-0.513921697997
0.464254931497
0.0551745317005
0.147883170138
0.153158790552
0.910375749342
-0.270598827615
0.653396630272
0.0198309309954
-0.586986786701
-1.99302311548
0.86249196104
-0.229724131644
1.0501928369
0.46699093237
0.750273499641
-1.12561790766
-1.40436050947
0.270324300577
-2.73952145729
0.951999945707
-1.83493018324
-0.234060049854
0.14460078273
-1.89261399119
-1.47210729869
-0.620019857073
-0.536767762576
1.16140084136
1.21775390626
0.325214496042
-0.707583776587
-0.275635590805
-0.235155342565
0.0478104870334
-0.951854790504
-0.588970500338
-0.686762898644
-0.0212925087172
0.968732854305
0.259638448449
0.221272426107
-0.869915545551
-0.453144008424
-0.53229105834
-1.57322260063
1.30808444288
-0.825021716366
0.344256511024
-0.188408384289
-0.265585493745
-0.0345284239969
-0.753556910239
1.17733385512
-0.238027487524
0.0358048631742
-0.538074989138
0.0583013835135
0.983115442431
Score: 10