3
44
10
3
-1.42067037089
-0.179269798821
-0.661838550341
-0.792055088357
-1.31724975721
1.81421235561
0.391835024923
0.647064443705
-0.373424177878
-0.915544950679
-1.10184248479
-1.92999559979
-1.05065441302
-0.7334795766
-0.0791794408801
-0.467271993896
0.973513775505
0.335730306977
-1.67487853182
0.0444386211095
0.184516879536
-0.30076881929
0.288266057856
0.0525692063054
-1.18559167715
-0.235379846794
0.064665101449
0.768643874568
-2.37619778527
-0.53340452542
0.829294633963
0.843325671595
-0.88165620031
-0.128030241535
0.974028092783
0.121459349725
-1.67908957113
-0.101545181912
1.01732557698
-0.337240454503
-0.84050383733
0.847414275026
-0.597894391556
0.398390651538
-0.452923060797
-0.732665163775
-0.912627838462
0.00423613421949
0.78683981875
0.340355715968
-0.577429086583
0.543673706363
0.210556223859
-0.0586192101095
-0.99121129068
1.99140491255
-0.926171392054
-0.615081387979
-0.488778056757
1.12104448022
-0.318871591304
-1.01086438628
-0.520642102918
0.935168386503
-0.908500129433
0.405730029253
0.396635872905
-0.720690219619
0.939792422666
-0.639778573925
0.252257631734
2.23421206449
-0.78066604137
0.405192825063
2.07224941106
0.295818676274
-0.95367685411
1.11875141116
0.25614025591
-0.97945329382
0.507754157913
-0.107522547427
-1.49010132246
0.49623471196
1.91337292602
-1.06635329338
1.08618712227
0.46256600645
0.340088406717
-1.65929878003
-0.65762162754
-0.137899714989
1.45215913846
-1.49789506257
-0.457251675433
0.285423898978
0.799333031956
-0.22578455378
0.374872868369
-0.842018287097
-0.432502944935
1.14280170245
1.11686379496
-0.476990139442
-1.53245603549
-0.575405511721
-0.351908513416
-0.45029142067
0.57998073181
-1.4742871493
0.862031501253
-0.469909157911
1.49018132036
-0.249661840304
-1.11089324006
-0.34347518328
0.92933858592
2.71642986089
0.834716895573
0.228355943781
1.54570414857
0.586694380397
1.7004335627
-1.71736771456
-2.17170012277
0.219680568161
-0.948586182681
-0.512101347192
0.354952808788
-0.426552007813
0.600810172421
0.169339770708
0.564091648015
1.08919618124
0.0559565990819
1.15100375643
-0.160785282238
0.51135738829
0.0394715568277
1.43468804051
1.92234831786
-1.68612545091
0.340214275724
-0.267369218288
-1.13198263465
0.296205936406
0.462337851032
0.076221777514
1.06200479343
-0.167322877688
0.301999611223
0.397562023383
-0.323923949191
-0.594391001006
-0.31898831971
0.0859348106258
2.09271739898
-0.0335864001435
2.40227578001
0.163907761214
-0.171324673174
1.12503596925
0.115963899432
1.06324607362
-0.769163050635
-0.677030048126
2.34773269672
1.05523043283
0.48206093466
-1.74403332935
0.438729556373
-0.627434019233
1.60274318701
-1.90953016232
2.61539657939
-0.93320843882
-0.369802829671
-2.40960734849
-0.218681667008
0.558000791662
-0.495770147205
0.176691440688
1.61109153344
1.23474815849
-1.00034060458
-2.42662478224
0.523343048392
-0.218455391457
0.342096240769
1.61095087821
-2.39323381621
0.756080785899
-0.522081092452
0.75133390403
-0.661416500736
0.953463101702
1.00079003836
-0.740527312487
-0.482826486378
0.430706946994
-1.05193461915
0.177501556966
-0.221130353583
-0.373908951483
-0.900655211722
-1.1490609465
-0.262420355279
-0.834671556181
-1.40315442486
-0.541851260927
0.693826070931
0.619896364647
0.364013600806
-0.29417936807
-0.0368009802433
-0.716240899097
-0.164584473293
-0.938162004844
0.240765438917
-0.212732546768
1.11292552711
-1.22454168866
1.86062950349
0.746176849525
-0.0137599897258
-1.02398750014
-0.208295752959
1.35735207723
-1.27519435615
0.203363824159
2.54147154792
-1.34378110112
2.35732017594
-1.54230762145
-0.722992483398
0.508715212655
-1.54237671449
-0.781610231315
0.301181562996
0.385417662529
1.34234390203
-0.147216902736
-0.334571852722
1.17007748447
0.15478961105
0.441604350946
0.643188729281
0.0246957891275
-0.656590839153
0.189049637525
-0.959827495412
0.568652742795
-2.50114686197
0.301866141245
1.06976944823
0.803322721707
0.397628551104
0.89274759821
0.659608485762
0.226254316996
0.975680955891
-1.33828185743
-0.064257413931
0.0515664749838
1.49633563979
-0.781590825398
1.31773185755
0.98391757607
1.00612578259
0.513534267455
-1.50257733674
0.515027044004
1.68307118025
0.295310233702
2.62322658929
0.93909089648
0.476099972109
0.644014100725
1.16457951307
0.811211324813
1.7505193576
-1.72032271255
1.30305945389
-0.376607662253
0.410360308433
0.62299181201
-0.246701571277
-0.587037341236
-0.415558742266
-1.53933811908
-1.62617068386
0.708908487219
-1.57551461751
-0.18251452883
-0.183812375796
1.61620724438
0.392227520986
0.951159272503
1.41131042682
-1.11274089105
-0.83201231951
-0.898148426947
1.25627118999
-1.05871168753
-0.159217290794
-2.65719838593
-0.378144071046
0.416230952845
0.0250813900481
-0.918530173815
0.505570463943
-0.563709167563
1.69153803494
2.74034747897
-2.23918826785
-0.443495810433
-0.942805210082
-0.458256671897
0.946203170863
0.0690771220364
-1.02009423123
1.38078724326
1.12034014962
0.631239786663
1.37212067575
0.557777580473
-0.509332427134
-0.971384428324
-0.0966862709181
0.843710126785
-0.240689829266
-0.622316455692
-0.905510559494
-0.469986785099
-0.899456850779
-0.655030258593
0.922005282791
0.852553572226
1.82719782211
-1.38114958491
0.642323673325
0.149793500299
0.702052721819
-1.06591988628
-1.77821994838
0.711014229255
-1.06389149062
0.296951163919
0.634242018795
-0.625389888982
0.0966575994077
0.119911962166
-0.744642231849
-0.151138195104
-0.923061631296
0.450004313987
-0.657062771517
-0.314811253162
1.05786599302
-0.652592562734
-2.34463564438
-0.15653541222
0.37821410692
-0.795151412588
-0.978484161398
1.86994114482
0.852806683399
-2.72090652533
-0.427149618264
-0.421916882199
1.61419515301
1.96865666721
0.750020246664
-1.24519088177
1.34966456077
-0.450188815259
-0.721581437291
-0.868416294777
0.318043278142
-0.628341441354
-0.0212475998754
-0.624630671726
0.504886317069
-1.482836369
1.49385034025
-0.0484101109145
1.63561352118
-0.564591454737
1.01836903933
1.49402788403
0.140119231734
-0.698851094408
0.176181710899
0.207587774139
-0.86498616567
-0.327297184071
0.444867676296
1.21127138451
-0.996031875139
-0.133652412368
0.108923969493
0.364363026113
-0.455884379254
-0.118471648943
0.991872780634
0.800558265366
-0.713716167447
-1.76039092134
0.160993849538
-1.13162060826
-1.09521758629
-1.70443424501
-0.129796759816
1.24655372844
-0.532010664048
0.409923309854
-0.525296681116
1.06581786837
1.32754658499
-0.368041564683
1.18859207211
0.248332278814
-0.419984492429
-0.106155507068
0.268687407294
1.11431030714
-1.31738096986
0.0965440535777
-0.725887413762
0.5475558495
-0.251829378177
-0.332526168037
-0.584029856671
0.123119400406
-0.0354938319526
-3.25418157618
-0.345186728818
-0.46740175965
-0.812298084214
-1.2673940271
-0.129889523042
0.534877549335
2.39959212209
-0.603596446124
-0.441648502122
0.31960746549
-0.490800861373
-0.705039992007
0.750793011184
1.35831718377
-0.948475544896
0.0197342776823
0.209882288527
-0.182675831892
-0.914118133006
-0.900598754918
-0.780960309902
-0.435912003056
1.18152351601
2.21287881892
0.906045694947
-0.286194273096
-0.672241711397
1.09223175509
-0.787002059854
-1.01552454771
-0.200649352277
-1.6960652961
-0.491639277141
1.38322098507
0.188328791442
-0.446430303598
-0.42428692695
0.219960384403
-2.34490660613
0.77571038897
0.581285029211
-1.4487100066
-0.933039373189
0.717200078197
1.12770094584
1.73539053462
0.935961512246
Score: 1