3
44
10
3
0.12565159968
1.12561554126
0.197187696445
-0.016520097202
-1.02334400619
-0.00850467840009
1.16043237044
-0.474679920798
-0.752897275751
-2.62310325623
1.44506123391
1.30694624051
-0.378013975036
-1.10150760834
-1.17306383735
0.962677359429
0.0698739465963
-1.6579129388
-0.113481611527
-1.16639115178
1.5558460433
-1.11882879523
1.11211371045
0.497136434889
-0.156706225784
0.0270120157125
-0.405118823079
-2.02338646853
-0.694798968969
0.673456140793
-0.799993324434
0.154174381664
1.12490484076
-0.902625206456
0.210971453378
0.92278669945
0.562053108836
0.691139346102
-0.529901933416
-0.935215852674
-2.4511316271
-0.588156215822
0.632390531547
0.459360881709
-0.391600547886
-0.185934035419
-1.18430472731
-0.820186546508
0.966592348696
0.0111887471121
0.279481150434
1.2316559387
2.55113518762
-0.661704976742
-0.924505034297
1.05561983166
0.205716302397
-2.16452994665
0.292034576626
-0.649587693361
0.156555346204
-0.549278307703
1.82460144305
0.655590795115
0.237920882
-1.05868622626
0.788531362136
0.466109525012
1.19804244087
0.0436872137105
2.04395716606
-0.128834282295
1.58385217268
1.5065591076
-0.954869516771
-0.326981593282
-1.79284736786
0.245839549235
0.794886223817
1.04368943363
-1.62905660608
0.509132122638
-0.127146383409
0.591192586439
-0.452526768216
0.999984904786
-1.03923047308
-0.483929811095
1.02691725919
0.977424313006
-0.230814686601
0.832520038646
0.09776166445
0.108763759841
-1.75908563072
-0.947570714979
0.903794700599
1.52107377314
0.0567831552957
-0.160709214976
-0.659634087285
-0.316650465457
1.77950369844
-0.501694755449
0.855046768512
-0.62336296544
0.170895449581
0.725266356054
-0.260875819254
-0.520754722421
0.505860174447
-0.0708378787664
0.907382448203
0.0958578549485
1.00832163091
1.37535390019
-0.355709463914
0.774117935622
-2.54033303233
0.867799173311
-0.874985821089
1.20261827517
2.6641314857
0.638533777218
1.05494311274
-1.02271161164
1.87967190594
-0.137958410869
-0.661407025209
0.15001425002
0.0507603638122
-1.58105664123
2.07795376191
-1.19671016906
1.45096583279
-0.409992862603
-0.651578255555
-0.906577000799
-1.79480148804
-1.3232952756
0.529345239864
-0.707551346553
-0.270533359409
0.172425604386
-0.193274146568
-0.624492227745
-0.0555017034953
-0.503352735507
1.01327297807
1.34400435577
0.599405125799
0.0326424260553
-1.07058967911
1.52500466416
-1.51084219222
-0.414862434921
-1.09573230003
-1.18037096462
1.25068872336
-1.08258263513
0.774494793768
0.127095676892
1.62807290461
-0.0691715127634
-1.01521121342
-1.19566379021
0.391083164209
-0.727688753851
0.993886751046
0.591912656177
0.0144515031485
-0.646849263547
-0.420529092327
-0.676851364614
-0.221274075577
0.981372127731
-1.5203348122
-0.393842303669
-0.287116347566
0.302361461794
-0.692781529483
0.416602788647
-0.588298700202
0.315339922594
-1.42844528099
1.84645646896
-1.48104717529
-0.560582476847
0.260772894824
0.803144760115
-0.424924697725
-0.354244588748
0.725847154301
2.57835326841
1.5900694764
-1.07300725732
-0.116723742697
-0.109646885875
-0.287969389375
0.465257341591
-0.624306556759
1.78072112654
0.104284756944
0.548097474745
-0.138481722783
0.214651439028
0.618747485776
1.35423731126
-0.280510094365
-1.13427576194
-0.811726243636
-0.714438597626
-1.04957162396
-0.336361913765
1.95342023768
0.335220117284
0.0322925896432
-0.0373910620484
-0.936654281293
1.31542697309
0.358357114013
0.512046991882
0.886291410071
0.464854133855
-1.17594049834
-0.18351695525
-0.53056900935
1.2758794478
-0.209283765341
-0.658044395275
-1.1668817299
-1.05889186136
1.80352124262
1.26808342826
1.75306420577
1.55735262297
-1.60040362575
2.28914272485
0.573911898364
-0.349295072944
-0.839867133331
-1.08961237226
-0.0627680055741
1.39837676494
-0.264638612638
-0.37306214611
-0.261545774743
-1.56730264913
-1.04864499002
1.52116142842
-0.667974645245
-1.17068181902
-0.48364949876
-0.421112581484
-0.94490491951
0.749465454962
0.618308660201
-1.70891055923
-1.21306986397
-1.31649101181
-0.598491994618
1.55142744844
-1.58471990323
0.726418205031
-1.30089618616
0.224684765267
-0.199642898969
0.99044475818
-0.767270925301
0.19672717022
-1.79076633278
1.10786419766
-0.348264352231
-1.08744494503
-1.54550907017
-0.257964305946
-0.545830410361
1.47693027945
0.537818254228
0.747332524123
0.789055856516
0.27658658067
0.968171990565
0.268243763173
0.153249873057
0.569347857076
-1.78845788394
-0.515418291333
0.345562716537
-0.0247144130516
0.0817631950353
-1.72445025358
0.0746830511388
-0.162497160956
0.204644885104
-1.47790670493
0.742750706681
0.494144674488
-0.797665476811
0.698454512895
0.324384724382
-0.253476953146
1.03429960211
-1.76188512861
1.02818497604
0.0668381512252
-3.39701118355
-2.61147712594
-1.14830959966
-0.711401547501
-0.624544394227
-0.343857678573
0.0457454029566
0.155661821971
1.46128775884
-0.132474295311
-0.342526872663
0.512814471619
-1.23608212002
2.13476047055
-0.125325200478
2.16732982799
-2.69587937723
-1.04011177126
1.14154650227
0.414898698486
-0.659710852253
-1.10759187657
1.02978126907
-0.520491063942
0.99775352651
-0.195621713455
0.413853030596
-0.231064896457
-1.38403727613
0.0558992515747
1.18158947351
-0.91557533036
3.09196216326
0.563263594903
-0.377705055098
-1.51834427082
-1.19035412486
-1.04967065494
0.164479060148
-0.363848893015
-0.337262020751
-0.975543530233
1.55056581159
-0.840355294774
-0.388331104736
0.414811208036
-0.432035284981
1.03954516039
-0.658814464344
0.710091883692
0.826828033634
-0.734289341994
-0.445949936979
-1.62426768171
0.345399867172
0.241713638453
-0.0499541976297
0.930669539291
0.304345429711
1.37457904474
0.873699149131
-1.65226642549
-1.2916742723
-0.598094387872
0.87212238705
-0.259054213212
-1.43048272295
-0.708720862774
-0.35057137698
0.360095738508
2.43667654086
-0.0095512085909
-0.0145868728866
0.105286415539
-0.378063111267
1.94962128408
-1.14260800079
1.34658096997
1.52236251288
-0.394520697045
0.39119020512
0.832467686394
0.492785407087
1.58366892245
-1.14661921642
-1.79043388345
-1.01642202201
-1.41282570297
0.0502905277481
-1.440257789
1.50826770926
-0.608743923176
-0.884726221972
0.278246553275
-0.357904788722
0.456987525222
-0.196368060942
-0.716047641488
-0.906667110041
2.13895385571
0.493217270237
0.617102546279
0.124685620553
-1.2484948985
0.407003665774
-0.627265859174
-0.409897451965
-0.503070592721
1.14207804365
1.73677614139
1.7651324735
-1.63424654306
1.28165650175
0.454497118643
-2.23871997827
-0.122597934209
0.175367345812
0.195104418879
-0.300634827313
-1.23857240411
2.51131016374
-2.6512477997
0.980702854678
0.22397128559
-1.11980906749
-1.00768964237
2.64231457266
0.906186920479
-1.40646874172
1.03651438272
0.524985544844
-0.407938709515
1.04053696828
-0.666297287984
0.380452338179
0.967791559652
-0.585814489175
0.811785011644
0.120243104186
-0.184079123341
1.01065208201
0.849847153846
0.371680668976
0.73314563659
-0.7647449876
1.39044209299
0.720216185716
-0.423842722748
-1.80130488956
0.250487494054
1.38733747462
-0.369366473749
-0.0669621139418
0.558276167034
-0.206311679298
0.898792428083
-1.97730205421
0.00420772892966
0.18659863478
-0.843459765934
1.0647023447
-0.229791151454
0.774692616774
-0.71164264522
0.476856143397
-0.686547595757
-0.904288474994
-0.614859119984
0.504596414549
1.32616963646
-0.721618530093
-0.652807418477
-0.562014613452
1.93409779819
0.0196885163224
-0.0863594987088
0.596502377391
Score: 1