3
44
10
3
0.750928607151
-0.009033376027
0.596491168045
-0.575700415821
0.89300200591
-0.18841313677
-0.673774441297
1.81754947493
-0.131081439497
-0.89010792448
-0.126188736468
-0.0651703606668
-0.460817831569
-0.673282018136
0.863022517813
-0.995662528512
0.238211390421
-0.646930572174
-0.0536690900138
-0.808899876925
0.731478813916
-0.0256197125999
-1.20755264723
-1.76117154716
-0.900785947848
-0.364292863128
-1.1959874816
1.28809660152
-0.0860009418396
0.0218116597798
0.704537971484
0.0895118487638
1.41906413665
0.736803158212
-1.81848603666
0.474064862158
-0.0492413005671
0.59285115553
-0.73054221643
-0.317509462552
-0.597831933757
0.0297943607728
-1.16136592532
0.703361841673
1.24428018518
-0.177687810773
-1.10673090524
0.226532517888
-0.728793960902
-1.67703219482
1.87759014259
-0.00785457720665
-0.725204847927
0.407724770651
-2.64094153475
1.82346450909
-0.349033303212
-1.5514933647
-1.25972709432
0.716053158336
0.831526081543
0.957043281375
-0.195947577838
-0.214643877974
-0.604180584139
-0.945079151067
0.174024205683
-0.444562758786
-0.505503900059
0.639994435802
1.08445925873
0.879348812579
0.577094147957
1.80755395766
0.778420524865
0.0936526997301
-0.404876930297
0.871395592973
0.119326943515
0.268001398928
-2.08580382636
-0.781937874128
0.496355946361
1.10838299253
-1.63405501622
-1.49759313898
-0.0073798713572
-1.74075400906
-0.0729881504168
-1.18997004075
1.17761690606
0.691897008567
-1.3289633812
-0.125271339612
1.68511913975
0.372482957329
-0.137835909726
0.102011869675
0.955968438972
-1.04030501146
-1.61952390887
0.454556628766
-0.775528135944
-0.309094460323
-0.740912443338
1.16985189564
0.719626059628
-0.581776304786
-1.08274607218
-0.921953757283
-1.52441941401
0.244796893856
0.000308634544017
0.476266519897
-0.592119925109
0.627715503674
1.45802981922
-0.0283184190172
1.00401405508
1.85572829202
0.712973911187
-1.11204199414
-0.52967429069
-0.0659180407033
0.126368670364
0.996931624493
-0.0357987458036
-1.91526768689
-0.246279907707
0.561367790845
-0.425721568619
-0.393106060829
-0.273026703923
-0.216680182629
0.286014497185
-1.7147840656
0.851357050795
1.38116228612
0.677077450252
1.87473539376
-0.815653564964
0.364307813103
-1.2934470822
2.42041369874
0.120885942817
-1.12088087108
2.8044010296
0.706529786074
0.55352315684
0.0688494392396
0.302178805599
0.383644585398
-1.80666106328
-0.795858074163
1.11108231688
-1.51398932526
1.20413544303
0.180721900966
0.781830769669
-0.563853293483
-2.7858447122
-0.0565443798323
0.0914138235602
-1.44362171028
-0.144859814729
0.438675576697
-1.2151309681
-0.435245743398
0.648795397911
0.907414502197
0.174718425598
0.863211113618
0.00892163336778
-0.770984571701
-0.458580424494
-1.0220394581
0.875157601961
-0.954423860969
1.49978258317
1.75646591915
-1.91073039006
-0.219933795296
-0.708974255501
0.0954971518534
0.0225546358368
2.60853650957
0.750297254038
0.810019413766
-0.0311524936396
-0.607176595472
1.05608130201
0.665268842134
0.51351859576
-0.346209536537
-0.551448986858
1.70634929584
0.216407905179
1.2474499113
0.597598009146
-0.134729386167
-0.837688439036
-0.267279553355
0.196503588123
-0.725698868789
-2.23300777573
-2.27598308708
-1.22099373615
-0.854332772521
0.455780573012
1.32749501866
0.712912524949
1.42632465123
-0.903596291894
-0.561460814802
0.686507646878
-1.7031191737
1.26880561915
-0.723781961807
1.5525818858
-0.312615100024
0.502253611791
-1.97446802306
-1.99752343558
-0.962569194857
-0.638305250512
-0.0653530233462
-0.8221579978
-1.29968048071
-1.3032576325
-1.1227531858
-2.98229090536
0.971631037116
1.47815256499
-0.467416373038
-1.75805723277
-0.967102332364
-1.29343661569
-0.732381645812
0.112521871421
-0.293697259932
1.33432065734
-0.881533426947
0.195334913859
0.514138403085
2.06343580972
-1.41671782177
0.156271897487
0.00729082427727
-0.573783160308
-1.24859525556
-0.409141889938
-0.816938905253
0.667923459749
-0.0388832816141
-0.38908181268
0.107722721842
0.130869834107
-1.48948330871
2.17077168818
-2.1744524184
-0.360841104242
0.196822619948
1.68303697944
0.202126182499
-0.937688610406
-0.640112699072
0.658926944171
1.11389266136
-1.5130210314
0.778997045083
0.576787052162
0.211180241267
-2.45247016245
0.877391795715
-0.599089127766
0.617338728358
-1.35764577154
-0.194106548711
1.70149759772
-0.140073961576
0.670129910037
-0.680444387226
-0.254302003672
1.18090394114
0.145752986767
0.079554019207
-1.9540001909
0.774449817792
0.837360447825
-1.70243500464
0.974079804953
-0.307070647975
1.60286391701
-1.77568921681
0.708674569807
1.18714595676
-0.778039161557
-0.102813992451
-1.52727900609
1.07865865116
0.666196971627
-0.70391880555
0.168892984663
-1.72283151598
0.435454094439
0.817444211517
-0.0866749090026
-0.0195857768862
0.568363520214
0.264001689966
0.629697940325
0.224904861404
0.996198996752
0.781463047276
0.608143082334
1.68794057971
-0.774632656554
1.51449738725
-1.53304661219
1.47071416856
0.419883022531
-0.867674821259
0.334430152892
0.823284348666
0.8768870816
-0.21862165368
0.633947774011
-1.37289388889
-1.83086966888
0.941255021701
1.40681610118
-0.469189743792
-0.26333839752
-1.95453135202
0.676788948337
1.87916752178
-1.14207172168
-0.02608640907
0.135375751028
0.89980392226
-0.725168756682
-0.956233776261
-0.700193456506
-1.03671924377
-1.16828844135
0.754791007604
-0.167163411418
0.961112055221
-0.143764701576
-0.451267282914
0.160251162741
1.26344045239
0.59383402137
-0.975352711653
2.23132094602
0.0625936465435
0.282313835742
0.724213847656
0.645557098762
-1.40089928881
-0.139215214839
0.438685968909
0.437134951414
0.164085360674
0.226461995271
0.190801922963
-0.146899925929
0.631241881722
0.264038501592
0.0151453999289
0.113101906035
-0.836085727894
0.230931161647
0.48360879966
-1.00336602516
-0.43833820239
0.404118275642
0.147722407213
-1.34113600239
0.569577840894
-0.928487054821
-2.12292420838
-1.89576631171
1.47968755313
0.770396491257
-1.47310841638
0.681568898299
0.454561147401
0.1320526424
-1.37429435756
-0.356776673328
0.920666103603
-1.46483587995
2.0470262568
0.186216014245
1.10495415166
-0.208277426942
-0.466458715269
0.830851787948
0.325124350652
0.109152758726
-0.594837880342
0.778525398182
0.717008766021
-0.0452475312832
-1.59278451742
-0.13545277299
-0.419069048789
1.97038655527
-0.306414203198
0.305394998617
0.276954498078
-0.769240533686
0.14700009027
1.7495276692
0.435671298511
0.132062354026
0.365357505001
0.379440571264
0.156636727614
-1.29764787307
-1.60202582501
0.261644337937
-0.360504245865
-0.643513453264
1.84670240451
-0.102437193774
1.19701317826
0.699537082932
1.17209177709
0.157137478466
0.166914893284
-3.09791553308
0.663004681457
-0.944778598878
0.666293663214
-1.11293547393
0.107311459606
0.336665989126
-0.179599112129
0.56779135713
-0.720410021775
-0.938679475982
0.0889960410553
0.312715533862
-0.846544977159
-0.968416678434
1.52767935272
0.0287656131964
0.229274510776
-1.41018682202
0.922441190159
1.43592700021
0.239457195762
0.83680326876
-0.968272484382
-0.769644247491
0.354788253182
1.77148527492
-0.266868799306
1.24639431186
-2.39545495292
0.954274158754
0.831704215045
-0.712458424336
0.217195693625
0.567643351599
0.846721184522
-1.80230955764
0.911514317273
0.272233302817
-0.00878976828673
0.146804264161
0.280840158162
0.99141995599
1.35318221031
0.153306585712
0.381935368221
-0.19110134063
0.0599495968116
0.65549501755
0.604020307392
-0.0699311082133
Score: 1