3
44
10
3
0.71572300493
-0.230300452429
0.178585830114
1.72181478649
-0.317929981021
-0.116414152084
1.68632312541
1.64434065594
0.942436636814
-0.717485615802
1.07188504789
-1.99422536073
0.34564726704
-1.78195729108
0.992674240951
-0.709658777866
-0.672023317251
-0.741966002337
0.138138710286
-1.01220493825
-0.246722659275
-1.43260014767
0.0899997730053
0.337430838855
-0.142935193429
-1.75394519524
-1.73493693907
-1.0919403259
-0.866895446537
-1.46689154211
-1.50823001877
0.592868341629
-1.09360181274
1.30112188275
-0.95720055121
0.924022624445
0.156139233803
0.848403617247
-1.08109533084
-0.977928488842
1.08775559018
1.47711779554
0.227620531851
0.41820476648
-0.198266827423
0.361945894597
-0.261422156837
0.235506002587
1.14393174821
1.71634853177
-1.24926955589
0.368363852993
-0.661283168294
0.650511162138
-0.421137620789
0.605622571754
-0.13498636555
2.60006395906
-1.23906475352
-1.05036302179
-0.356809037682
-0.739606104388
-0.929930808844
0.701858020228
1.71566783355
-1.40064069415
0.970691347863
1.0598144329
-0.430339912226
-1.09910309445
1.92908025558
0.168239494879
0.386049444624
-1.81705347636
2.15082411655
-0.220573420221
-0.803826633574
1.48099032477
-0.452381381136
0.294943048848
-0.503623665822
-0.0573115311105
2.21947984189
2.85002910203
-0.744792932159
-0.208681741969
-1.65490608915
1.31991823727
0.277454152439
0.247554006465
1.00290756793
1.21133251527
0.800089464142
1.5848399886
1.34036846504
0.276176504845
-1.7445475311
-1.03333420699
-0.0800315786248
0.988231475083
-0.971265773912
-0.425199343118
-1.31171784468
-0.273215204166
-1.39712378677
-0.636233653375
0.308440192528
-0.0394317188676
0.529384800477
-0.0277881667645
-0.292523639787
-0.258292613655
1.72788809171
-1.33419022631
0.162933052166
-1.55013933132
0.702057316132
-0.0368152816373
-0.0262797309531
0.471734444955
-0.122132438098
-1.67810898866
-1.29148410926
0.906882112571
0.109893083552
1.53160160933
0.18697159878
-1.24365649331
1.21727836248
2.79948397874
1.54094721874
0.997675903663
0.133919322464
-2.39231929387
-2.02223075639
-0.832247177222
0.0715557670227
0.539871705035
1.64968130996
-7.78345749061e-05
0.347799226493
-1.64730973963
-0.117468978552
-0.210174701248
1.03215483959
1.59570069517
0.415231976225
-0.419963831916
-1.0197874328
-0.875578076878
-1.06170737438
-0.132459726364
0.491313679757
-2.10120121658
-1.16072807221
1.83613312166
-1.31447030869
0.581462351614
-0.321997692939
0.122269531393
-0.191505997948
1.11217285211
0.840221753719
0.461030172838
1.0899041501
0.233983123625
-0.100040286332
-0.130902404364
1.27946907064
0.826364126937
-0.148596254473
-0.587801551239
1.12834759529
-0.17068623815
-0.145224747728
-0.22425508204
-0.107173960253
-0.860741441507
2.23709359177
1.18878885146
-0.861792539757
0.225842144189
0.107702806935
0.257947483551
0.377280468371
-1.47065380592
-0.153511901449
-0.196340806394
1.05770576687
0.0415519100531
0.137970476531
-0.306455275534
-1.11144706891
-0.349941464413
0.0451871461491
-0.61394664123
0.296739090502
0.0983161845615
-1.50381691885
0.892277646449
-1.49088648204
-0.57656981364
0.246816723862
0.101006769547
1.76499629529
-0.536845021667
0.0824636583896
-1.25745790867
0.68409857564
-0.345917232929
-1.44878291161
-1.63566937245
-0.988614199735
-1.46919791557
-0.394605507209
0.698897695481
-1.38575912566
-0.558733354621
-0.741864935703
1.43695725979
-0.717049574645
0.601284968151
0.374234758514
-2.49283996047
-1.00054243806
-0.543986590694
-0.456747274597
-1.11461704743
-0.19462854691
-0.573545418362
0.0754855983312
-0.210447925528
0.00203779460624
0.765971426914
1.33632715745
0.00268622741999
-0.484490628811
-0.00131643648817
-1.04808856756
0.730729342739
1.14051800009
-0.042897146728
0.926562275661
-2.08255159616
0.0795965901843
3.08271517435
-0.244565444387
-0.811951802109
-0.768434011919
-1.07590876215
-0.29572960455
0.156181051062
-0.407794612898
-1.16388330599
0.0946775601155
1.24290749728
-1.82923504405
-1.4417776869
1.68407753036
-0.857541921413
-0.787263537504
0.242377894674
-1.02049448566
0.87090940712
-0.942334446968
0.643875399297
0.959799709444
-0.496593253796
-0.730033273814
0.780151547995
-1.24848096344
1.65024195955
0.259293861807
0.624870109593
1.75463663115
-1.36440534424
0.343928031517
-1.07796997224
-0.425991031188
-1.20847112027
-0.371191737635
-1.03324174849
0.598509306369
-2.3305374499
-0.820642559735
-0.878017281875
-0.978283293051
-0.0606626905041
0.871850625955
1.17921016637
-0.921688454653
0.396597053746
-1.6579843632
0.347167881681
-1.24098215064
-0.746232094436
0.0941486264794
0.910194051077
0.741683618481
1.65817111939
0.402813495881
-0.379122653699
-0.452664379903
0.660822235672
0.081146612471
-0.193084326035
-1.06789643624
-1.44771179405
-0.405081559648
0.193421871723
-0.709717303241
0.405927916238
0.536602862914
-1.89111393177
-0.20028271542
0.77303251352
0.0482434361759
-0.416999983304
-0.470441330317
-0.250109426773
0.538174518134
-0.0327502485886
0.356572246041
-0.0851527344027
0.789201225286
0.389361681273
-1.21680751207
1.93581741569
1.26383492842
0.218083488042
0.626998465123
2.25653171205
0.93304578436
-0.108814958883
0.501067880466
0.0290615743415
-0.969210877503
-0.539966488684
1.39118750483
2.04877152071
0.00638567576766
-0.907429721471
0.743948219548
0.0341688357834
-0.718321920269
-1.43975619869
0.763968228473
1.20560842746
0.152464116517
0.438222547007
-2.46933259415
-0.364312366503
-1.3857579858
-1.96875329347
1.02951530032
-0.283491415706
-0.0969786575767
1.23068510297
0.617830937907
1.07059250735
-1.67312301317
0.289415193028
-0.0714369660322
-0.806370557819
0.034397447416
2.17616629709
-0.0599128027979
0.00905960791335
-0.548146880897
0.862939784367
0.59040984123
0.841636762755
-1.15943297929
-0.139597511915
2.09461902087
1.16786745964
0.667429048386
-0.871105669478
-1.59650927421
0.638572574115
-0.569354868169
0.198269250486
-0.351574684535
-0.411680183638
-0.346310071467
-1.75976638065
0.0593628234026
-0.708808354683
-0.203311699371
-0.0159555802651
0.42515116264
0.759277587919
-0.0390518607373
-0.341528797438
0.7836777261
-0.419832838792
-1.40513119486
0.0294514833989
-0.0068514754828
0.429448121592
0.682193834108
0.0341816944005
1.88152519954
-0.858694813835
0.987314147025
1.60208797037
0.0273469458125
-0.0290073212718
0.403916299939
-0.0947950844037
-0.936575347714
-0.983567558077
-0.688863469866
-0.539507717858
0.20474717017
0.183553530127
0.516692510832
-1.14617959976
-0.226858647737
0.29389884436
-0.69680174778
-1.1720226946
-1.81417135764
0.241293270415
0.0691659556801
1.38803930762
-0.590711481894
1.51750346928
1.36353731138
1.22341968977
-0.0121976158982
-1.14367869301
-0.764680353469
0.121322263181
-0.420026397215
0.177774607649
0.933439524824
-0.222511189599
-0.364847605895
-1.10454137582
0.637958840004
-0.684131330115
0.346825413887
1.15867087379
-1.97417529313
-0.269234481751
1.32734665974
0.503796969551
0.187770805934
1.79205176137
-0.357513265507
-1.11075199331
-0.667665285911
1.22296972296
-1.3051956821
-0.930443685985
0.958411555317
-0.79640276819
1.26746757421
-1.13619900732
0.0752243088357
0.0303946290545
-0.503644639593
0.423451893449
0.0685369313702
-0.601852641399
-0.857338880087
1.63865471092
-0.0971302154548
0.617744454136
1.27647149766
-0.149552184935
1.22910652695
-0.0705969229337
0.633080174679
-0.339894636654
-1.15144440034
-1.35571735152
1.94954180829
0.500821899046
0.807005122604
0.285831650078
0.0178152024273
Score: 10