3
44
10
3
0.815824483229
-0.331490607054
0.166356556084
1.66237021504
-0.281410414055
-0.109360476488
1.73934781677
1.77884165115
0.71460690642
-0.711370092589
1.01795133865
-2.02556746649
0.277546098147
-1.84018818836
0.908914115245
-0.846093437127
-0.606120731889
-0.791777449
0.148090560115
-1.03651129458
-0.247192049094
-1.35587040969
0.131483287172
0.261664418117
-0.142229390028
-1.73873870142
-1.80059322684
-1.13950514772
-0.812907563734
-1.46846435441
-1.64510884136
0.645222601247
-0.94349017089
1.32397007966
-0.866805921542
0.914401743094
0.0940758963526
0.856452743941
-1.03307950323
-1.05466556027
1.01466729731
1.43807323637
0.272319400116
0.392253073403
-0.164166803727
0.361530090324
-0.149062035526
0.197106699841
1.117029251
1.63690945061
-1.26133484193
0.441069425547
-0.555280253094
0.612976126618
-0.424682116845
0.443163813566
-0.208266030541
2.5861588349
-1.21319264096
-1.09503117675
-0.362826158591
-0.767976191378
-0.886820263719
0.666930311241
1.67169519021
-1.45651795385
1.04792734817
0.997616922681
-0.480137545901
-1.22683353293
1.96318382062
0.00446354823669
0.389184531427
-1.88356032053
2.03535115535
-0.200532702405
-0.81526763714
1.43076089168
-0.455958036012
0.301002727428
-0.680170108784
0.0093617648926
2.05388248346
2.89240342021
-0.713252543694
-0.135648784835
-1.72453777773
1.43993568786
0.225480718923
0.259382050472
0.972905368393
1.26423280109
0.781567723692
1.69217138202
1.47858527547
0.323309720435
-1.73340046144
-1.09104318825
-0.0328898212305
0.962884854197
-1.12563420699
-0.344826636905
-1.19712043403
-0.324307029421
-1.47629513982
-0.663665615655
0.347042154593
-0.128213644411
0.466320484577
0.0668860616781
-0.222151887277
-0.319757749951
1.81768199457
-1.43757343595
0.0572017652212
-1.604800288
0.579103237632
-0.0356126211221
0.105105040987
0.586399958776
0.0110112998883
-1.66945186175
-1.30718357573
0.942837916786
0.157380662591
1.66427015948
0.197300385213
-1.30993031829
1.24275778448
2.6800221853
1.58817731401
0.914219422988
0.140687535432
-2.35227791449
-2.04652731792
-0.842430099454
0.0806260943798
0.480019183966
1.68365093565
-0.0143918855598
0.382154215364
-1.65066159871
-0.00136832247389
-0.120913557926
1.05249228667
1.57050179376
0.347781464415
-0.425892650794
-0.96464454531
-0.968531117228
-1.13097315007
-0.103592055411
0.517066378858
-2.16568336917
-1.27899678992
1.86690292607
-1.38182150379
0.562633311992
-0.163762414908
0.180779836862
-0.21381989332
1.12058063218
0.813479062213
0.409618874474
1.07214594504
0.274873692777
-0.0772354640842
-0.0969501062031
1.29798667625
0.942580432127
-0.204549079116
-0.608414760045
1.09401125322
-0.105437953475
-0.214021162846
-0.232143087683
-0.101086048094
-0.932341887812
2.28534173505
1.26689303551
-0.841415740141
0.190568485127
0.173582309632
0.310188114476
0.348448523866
-1.54189549959
-0.209463051161
-0.118858390578
1.08664154158
0.20063234781
0.165111179281
-0.166608899266
-0.905468895571
-0.281286847356
-0.00333585184663
-0.644965876441
0.229219634048
0.0727237572649
-1.43691882657
0.931055926852
-1.53029964753
-0.512981942502
0.255606149879
0.0583406345845
1.69098599438
-0.621447872013
-0.0544113617658
-1.08449355066
0.777440523332
-0.270497175251
-1.51761611381
-1.5104610103
-1.0429070506
-1.48921365473
-0.438225462569
0.599191594362
-1.55922374515
-0.61903504442
-0.624804919584
1.49032315068
-0.779400223433
0.575343290981
0.262052789182
-2.64095126323
-1.02949594307
-0.454593280989
-0.377080218521
-1.10825590008
-0.224376474563
-0.700452447546
0.0720721911612
-0.295396118476
-0.0780260210904
0.759245057751
1.30148799698
0.0619901640175
-0.530442431057
-0.0515303966372
-1.09753070578
0.855627678806
1.2246017837
-0.0889336641813
0.766829962646
-2.06744510148
0.0476000039014
3.00448229656
-0.253538317077
-0.860382788422
-0.769302641779
-0.99052282273
-0.310081268954
0.149331548251
-0.39655565155
-1.14959670381
0.0278280792306
1.23774372923
-1.84130621304
-1.29459480248
1.68964521422
-0.896351311167
-0.736288117596
0.314326600897
-0.873441529933
0.862616912935
-0.901041403107
0.572700557272
0.924052742902
-0.483644415052
-0.698058100619
0.693481185217
-1.16908093463
1.58514248082
0.438447922146
0.605832214586
1.70138132729
-1.41562294964
0.350778245464
-1.00111611732
-0.371195407248
-1.17279391235
-0.310281710553
-0.88601153359
0.667210719492
-2.2980072245
-0.851544405638
-1.03338807661
-0.916912238165
0.0436356614739
0.804049405977
1.26788588009
-1.03962464572
0.39799862135
-1.54808706888
0.46720387725
-1.14694816145
-0.674031796887
0.0160236869084
0.775291810274
0.744990267423
1.65610040866
0.442460502119
-0.362076498656
-0.407342507414
0.493536887938
0.125541100961
-0.181848301757
-1.1839582486
-1.53752198267
-0.450655332817
0.163217972382
-0.662612904259
0.513818470241
0.440880233749
-1.94813903496
-0.0578623853974
0.849445973626
0.0846453467406
-0.410618194934
-0.484464169015
-0.148362406983
0.529746956211
-0.104906674748
0.417047606726
-0.0428578595937
0.873865214784
0.307762314098
-1.25656194408
2.01672320948
1.28793786901
0.159716403068
0.728192071733
2.29759410636
1.03417586065
-0.0854525533963
0.586192540504
0.0325352160561
-1.02768109694
-0.483106697747
1.25395281212
1.91217578582
-0.0791068361217
-0.933564497296
0.600151897261
0.119133806407
-0.736414494996
-1.47607108707
0.822818765775
1.17951790759
0.150958817195
0.28283776942
-2.42445845408
-0.387630802937
-1.4000250909
-1.90067053065
1.05165335938
-0.283748754535
-0.117156850655
1.29779520447
0.635126744715
0.988956977356
-1.67968891113
0.29557819823
-0.0540738979052
-0.804625645324
0.00547096035632
2.27991213453
-0.00264448240901
0.0156672657706
-0.453510455106
0.908350352243
0.543307436563
0.833131918007
-1.0708984421
-0.269175169787
1.96971048761
1.04854994296
0.601844665347
-0.716784287023
-1.5328012672
0.805758477585
-0.50044339319
0.203998806558
-0.352404241359
-0.417823107898
-0.473579350748
-1.87048602327
0.0149852936294
-0.710305021479
-0.232459598141
-0.0870966640331
0.375885916746
0.840248802338
-0.0169753985439
-0.430552761509
0.762910693013
-0.379400686593
-1.30116709886
0.0745937335414
-0.0809567100379
0.559391076226
0.710856113097
-0.0439405844976
1.844959476
-0.90244961186
0.952097656965
1.69672223282
0.0971713456164
-0.0455627955253
0.283871867822
-0.134849052139
-0.870460345975
-1.03277675826
-0.596650776942
-0.448544588206
0.217169315051
0.130193508299
0.494633104109
-1.14687333332
-0.126965288132
0.324596981504
-0.759279315985
-1.20476081626
-1.93794852625
0.28988115651
0.0422940079918
1.3033944668
-0.53325067149
1.50753167706
1.45848769958
1.38233033967
0.0511800976259
-1.08948746267
-0.822577335081
0.17441130161
-0.38102210789
0.202440662794
0.902108179549
-0.191526138927
-0.308225094739
-1.09127992216
0.722081288862
-0.79975501199
0.322346960845
1.05096659954
-1.95099840199
-0.261718228455
1.31139700532
0.454887606427
0.141441458783
1.76249658749
-0.4036811945
-1.10286633982
-0.710995371491
1.13737410914
-1.3564905368
-0.912463762864
0.994356463453
-0.843927513303
1.28781497177
-1.15969444716
-0.0487787009283
-0.0505416546351
-0.526381854522
0.446731261342
0.138918234331
-0.528185253601
-0.889076488643
1.65989635881
-0.148373391815
0.591639170778
1.31361956123
0.0119119278981
1.28771089922
0.0719338542851
0.61410836389
-0.384463942464
-1.09276748111
-1.43554651394
1.8677460221
0.497597624379
0.805898595383
0.232329147759
0.000975546303993
Score: 10