3
44
10
3
0.0763478007284
1.56897283857
-0.365020816154
-0.806278103236
-0.513435495332
-1.74528764652
-0.112221594767
0.749642305546
1.47148690985
1.46114191921
-0.888113883023
0.768349509563
-0.194466882134
-0.761541217719
-1.70293788485
0.0777573043888
-0.250654766722
-0.137286495003
-0.901395090634
0.871621473667
-0.213078408773
0.74478923373
0.425198536849
-1.12918976932
0.384047865229
-0.363608812647
0.375539972366
1.2533214233
0.974650438015
1.00891160492
-1.64177778151
0.485812508283
-0.36664496172
-2.0775049508
1.36440562372
-0.370063433576
-0.00953677884391
0.549986930095
-1.2953805624
-2.3749360361
-0.675104925123
-1.56827187714
0.000743164198269
0.123757230945
-1.34195724763
0.4705231786
-0.748504972491
-0.915791510178
2.45722547118
-0.847578190217
0.559836903385
0.289431032038
0.216785830501
0.787252718243
-0.869536256582
0.0266410958938
1.0007332006
0.0454237234597
1.40060906335
0.575333849411
0.799018406367
-0.797210611512
0.574669968957
-0.907431399478
1.2218671575
0.537963746935
0.0340834731048
-0.859216821439
0.344595604578
-0.432031886785
1.24145656415
-1.69924591461
-1.48777205992
-1.20068107328
-0.427314156988
1.99481506878
-0.545092946163
0.081100507649
0.406353028505
-0.354546403616
-0.51997271056
-0.467859787635
0.742040664387
-0.144140161172
0.0765267465298
0.120113448541
-1.03596933329
0.777507814849
-0.979521577623
-1.82092738233
-0.00703054575515
-0.727977726292
0.0615790912453
2.06779755779
0.225561796597
-0.73617615184
0.437291029771
1.66109374615
-0.225493031611
-0.127599347612
-0.263242488743
1.40146180867
-0.589732818578
-1.17384213944
-0.794541485885
0.0240231981084
-0.259489031683
-0.323158095613
1.13438609662
1.28056505283
-1.31739706293
-2.48899967462
0.465369590599
-1.03590915246
1.77169182655
0.682981095199
-1.62649368133
-0.822270114642
1.15013769203
-0.0023864644546
0.261253276502
-0.806401706787
-1.86284584648
1.3416258727
0.353255445151
-0.202834728586
0.529781566539
-0.686134160648
-1.06226429092
1.30751913643
1.48343716433
-1.24666612089
1.9603493139
-0.795769384832
-0.352613169735
1.28566043464
1.47955706405
-0.756384453833
-1.49900704393
0.99479900107
-0.896279021124
0.0118155391772
1.0166740238
-0.206924841086
-1.50368057134
-0.930514017389
0.873654538642
-1.80991174595
0.755007498921
1.40164534787
0.613539461404
-0.533551546704
-1.00978557809
2.81797083942
-0.168799300254
1.05611978774
-1.71037637201
-2.3488078671
-1.29425653261
0.167587642937
0.67328233024
0.669447620495
-1.14117335533
-0.274183117293
0.655512579813
0.00801719144848
0.739352458146
-1.1153157684
-0.261265296244
-2.10864769874
-2.02318571239
-0.922541061101
-0.571486036702
-0.23355044893
-1.14479364217
0.122037585569
-1.23228155691
-0.0180507856084
1.81467633729
-2.54777216893
-0.740574553389
-0.0805013944106
-0.330929586457
0.867837381488
-0.22216777608
1.30714289551
-0.190003765436
0.464088883956
1.40421050732
-0.779476404099
0.578746407903
0.168493727467
1.06505305663
-1.16212309431
-0.305754990887
1.50448322048
1.11085067352
-0.669871673057
-2.03075454097
1.08802425012
-0.939180745097
-0.166481662687
0.0606580464213
-0.8299499963
0.00360210188535
-0.546226930182
0.517215298831
1.40065423791
0.0473172226193
0.440102117132
0.631957175752
-0.635122481907
0.223494205704
-1.06355980742
-1.37130028618
1.34521011599
-0.639324533517
0.945374792141
0.172784347979
-1.01615652245
0.318769757097
0.711277943814
0.420939911048
0.64448558096
0.984082962062
0.337445825905
-0.204172779544
-0.987705298031
0.179372015266
0.49543209727
-0.858484210244
-0.287607086374
-0.474207048414
2.1776742663
1.37939856581
-1.11694392806
-0.9501602199
0.356998785456
0.247579120053
-0.441216937854
1.36392897079
-3.11853566587
0.631521831212
1.32005841873
-1.83806617337
0.506579949201
-1.14368980386
-0.130608872045
-1.61780043431
-1.1922805844
0.0850559038266
-0.269692623011
0.604794393723
0.170471205109
0.417170666618
1.13150747001
0.345327321602
-0.528191747032
-0.644250489183
-2.27598632332
1.26005559112
-0.432745219158
0.551740446111
2.45046883179
1.29112504024
0.189282051938
-0.646467707563
0.0740947620651
0.0833107236074
-1.46190031313
0.0156270773026
0.746760485816
-0.846708750791
0.0643516367373
-1.01728738926
0.85460910521
0.499467385812
-0.588133985769
0.864432003518
0.169437215261
1.27582281458
0.37204302196
0.293603774381
1.07412079293
0.945815270412
0.135624375997
0.173599237058
0.136953809787
-2.21283866472
0.394612333292
0.901804676634
2.25947840472
0.502202962683
-1.23996088348
-2.31076677345
-0.34589676073
-0.650897893246
-0.377241719773
-0.602975572567
1.10343025961
-2.27625631541
0.910462624469
0.474177482069
0.88198235367
0.181399690896
0.487138376533
-0.361817057208
-1.01358305959
0.274143811696
0.975312502711
1.63574724518
0.827878201313
1.20221039071
-0.354849456607
0.0871213454875
-0.8321791701
0.0522503669314
-0.44683685021
0.870451544497
1.35806203718
0.618108515222
-0.396284089154
-0.290906019425
-1.4287887762
0.954522043025
0.482286878349
0.355828328726
-0.25819678098
1.25332652386
0.801748727628
1.46925135221
0.269639361005
-1.42095772499
-1.40263460542
-1.2555805218
-0.0470419458862
-1.34386247802
-0.365278320698
0.804439716997
-0.826058697915
-0.15850385184
1.34624685948
-0.869185192488
-0.792575835068
-0.719968422338
0.406743884988
-0.682051448651
-0.0662189914718
-0.0909542067925
0.172253694236
0.593552338709
-0.62844036189
0.688026560517
-0.476312626507
0.0587625525769
-1.39595753904
-0.032676405059
0.724012780058
-0.270593615998
0.266515948683
0.941499139657
-0.252346376246
-1.47264162332
-1.50097457314
-0.490792055782
2.15553743147
0.24179394545
0.559104786537
-0.825318647606
-0.598303740555
0.854262093413
0.473288481093
0.136452633219
0.183207663782
2.35776408243
0.11364521852
0.0700916590533
1.9507231896
2.44426245883
2.91902298015
-1.30165716361
-0.12004655574
-1.71510665764
0.404262773802
0.213037905068
-0.484842822371
-0.330357794475
-1.07458090082
0.187863624055
0.00109420707648
-0.350711701931
-0.992359146902
-1.43641770568
1.92092912937
0.417696410191
0.401439074673
0.440556729439
1.28110222588
-0.0133016615798
0.39987994967
-0.337452723363
0.762605438754
0.449760509237
-0.11319423248
-0.370890436013
-0.951191904079
-0.279045313085
0.52824126598
-0.126814180535
1.29881811831
-1.35442309076
1.673675875
-0.928855229773
1.5167729203
0.422128228495
-0.773446562961
1.31146317497
0.727027944987
1.22076566015
-1.83733143632
0.560011809925
-0.856251821175
1.16911436595
-0.585329193158
0.00186943481488
-1.64314208464
-0.758320205421
0.736058645068
-0.0355534286246
-0.0857698462074
-1.32935731899
0.557534351983
-0.658768258323
-1.14034105126
-0.139238286362
-0.12876780194
-0.558286408122
0.151262579604
-0.598894786255
-0.0891945217451
0.164705421785
2.34071608905
-0.853801350854
0.221501822361
0.0201534065206
0.278404596676
0.0575168069676
-1.3351698397
-0.0932737408944
-1.69021908115
-1.13013599417
-2.73613843576
-0.606379358808
-0.692486763042
0.969691848054
0.120077695212
-0.177923384636
0.768834402322
0.318418632363
0.755969310936
1.40097924331
-0.187706569843
-1.20476396331
-0.331924612124
0.153237425731
0.0107630834944
0.0893511708792
0.560344257907
-0.410957463552
-0.846873650761
-0.250669960194
0.831069872047
-1.08702261992
1.30968648838
2.58406712888
1.97177939372
-0.0824947465459
-0.491056914929
-0.342075117151
-0.933741217626
0.408503015671
-0.261511519889
-1.29631566563
Score: 1