3
44
10
3
-0.966438659791
0.801057947285
0.919168796012
0.0804052723974
-0.850794688724
-0.149929090481
-0.336260228225
0.323523513145
0.382182461468
-1.41763972771
-1.76516142025
-0.9788407785
-0.702350497069
0.960254683336
-0.186947294245
1.1557550823
-0.168405714017
0.312630809075
1.08134279785
2.80319223936
-0.911262559151
-0.801690277928
0.447379165907
0.241781659441
-0.642432051237
-1.01829789446
0.347801903277
0.208679781349
-0.268189967235
-0.978791881141
1.17724860754
-2.10467306247
-0.684184359598
0.691006095883
2.17123547349
0.532815752772
1.10754025959
3.431321579
-1.74930126111
-1.47254159733
-1.73777000649
0.0757016842343
0.658769038238
-0.880374767076
1.0464049487
0.741359354874
0.0818662782347
0.0954279732418
-0.409440394905
-1.56623672109
1.22293613653
-1.03582532435
0.395043914578
-0.205206248903
-0.752295555927
-0.386576693203
-1.02345250308
-1.24287074538
0.970282003561
1.80868681381
0.466516627109
-0.0157270967321
-0.699817809596
0.258369344533
-0.886216084998
-1.27200490261
1.01430470412
0.293680988594
-0.762449996649
0.970534365022
0.0973661056898
-0.446535320481
-0.216058443618
-0.507395653669
2.08706241437
-1.13213871602
-0.529521178755
-0.7853238015
2.42866568937
-1.14070170224
0.582401393087
-1.57244869254
1.22831900594
-0.204353483415
-1.11561455194
0.371918540328
0.308176376863
-2.03516136479
0.0655966307635
-0.0367063618861
1.32019070074
-0.272372722736
0.841187295192
-1.03493271672
1.90900709782
-2.68910008937
-0.269677847306
-0.161010797785
0.0393349248263
-0.308863734706
0.798163675747
0.78601633526
-0.497435303756
-0.460904181897
1.89816904725
-0.0388097538526
-1.21902900816
-0.758909910603
0.908473889101
0.854078766413
-0.349938882194
-2.73416936975
-1.38937492639
-0.499312277715
0.611251182669
0.286677205537
0.219261799733
0.00238107954785
-0.236925895413
1.20220484072
0.335547044215
0.263622795426
-0.711189906269
-0.341872086821
0.321755223423
0.0504708447329
0.43385721413
1.23629193046
0.925185423981
-0.70473772768
-0.26467569037
0.423733684923
-0.670005198823
-0.937287409987
-0.565331415221
-0.123019498826
0.136149610721
-1.85951810077
-0.223225160606
-0.538411247411
-1.98011825956
-0.931736253578
-0.467411423939
-0.507087385604
1.93137031283
-1.5863241377
0.416552404302
-0.749188573331
1.07013898425
0.723738785577
0.786896170133
-0.767569303226
1.23678852422
1.83075084208
-1.59660328427
0.249063017381
-1.27159064199
1.34629813118
0.270258609422
0.129548049166
0.772966412147
-0.382789440539
-1.26562582163
-0.143831904095
-1.82830873864
0.863942220056
1.00126475616
-1.48139426858
-0.0818027003014
-0.264509996995
-0.673138669674
-0.66621099291
-1.96220136896
0.393842778965
1.62888499148
0.126933873148
0.159736261954
-0.945866268904
0.245967163829
-1.44031203988
-0.221649321943
-0.268657217857
1.91095429327
-1.37142301426
0.828528848174
-0.424006534943
0.958190209315
0.195880172355
-1.17805286934
0.812254862961
-1.57640271892
0.791785144177
-2.66890212515
-0.920212976826
1.28526685963
1.07575723165
0.140555992749
-1.38835091359
0.361093277135
0.0746798110234
-1.3130840027
0.733141876209
1.72909442988
0.471739948875
-0.853941574267
-0.278471257655
-0.899830470943
-0.347972545064
0.374007341531
0.440908286172
-0.949406479005
1.59898110567
0.914999094373
-0.755949799809
0.840999724915
-0.268025089897
1.77617789833
-0.0867047979104
0.000174750472244
-0.0129379877128
1.38049075859
1.3317384766
1.35369812397
-0.261196383991
1.53451659537
0.400689926063
0.638848644803
-0.634323124046
1.80404671946
-0.542791173787
-0.100634322658
0.453596026236
-0.33969590069
-0.485127235753
-0.0692739851624
-0.867084112385
-1.91640605425
-2.95771689134
0.478692835992
0.726231366658
-1.03892625542
1.6375503396
0.365158070894
0.00874455557627
-1.47878571639
-2.24124748333
-2.39194338909
1.0123039415
0.415620162584
-0.249503036091
1.31030397971
-1.58160773884
0.88691546705
-0.610497633529
0.719566981079
-0.394916066294
-0.314344988113
-0.706071704654
1.48720396747
1.14856515246
0.820693594547
0.626502626312
1.57926105633
0.0563794066787
-0.230591027377
1.41018669922
-0.909028965498
-0.00330558677707
-0.241989833728
0.35283334025
-1.82884552134
1.85506740397
-0.474357289078
-0.181939638799
-0.82028411782
-2.01209192898
0.981777525982
-1.05711812144
0.59872259766
-0.659369383698
-0.615226152754
0.725265179207
0.162045400292
-0.0861097187848
-0.220369372528
-1.11257624381
-0.209027461645
-0.620713903821
-0.384144746018
0.238623944893
-0.374575739737
-0.0491065465807
0.355968905165
-0.261156305279
0.0636589675813
0.614178560013
2.03865013745
-0.286537128465
0.442854808325
-0.516760889301
0.498662882342
-2.04744441347
0.664510114128
1.37746291341
-1.44644060354
1.63633423291
0.938142698745
-0.850349958978
-0.681473859843
-2.73646453719
0.385743362402
-1.53631209925
1.29866635166
-1.09362531612
-0.249758725606
0.0973769568718
1.27143621001
-1.36999314011
0.610493867713
0.292802012265
0.126149361925
-1.96792243108
0.946929404846
0.00286414583104
0.180912741615
-0.541187381851
0.695383655764
-0.104352409999
2.38775438815
0.81928741651
1.24439122296
1.18753423557
-1.34510903355
0.035610604148
1.52933311649
0.587500060877
-0.485382585526
-0.622040605731
0.248126627209
0.00387363121578
0.302318810184
0.755892379299
0.972213520188
-1.77146665813
0.943583079535
0.948090218841
2.28173437782
0.00552309811264
-0.570360746324
-0.406246591499
-0.44516261814
-0.0549102630475
0.301603907829
-0.600134801228
1.06179314974
0.499909407216
-0.651871405885
-0.525068915206
0.0538303532755
-0.675734717684
1.39455063375
0.84877977295
1.39580982047
-0.407823566317
-1.41495119115
-0.311232651244
1.64987969993
0.815259922493
0.351141692575
0.208901729484
1.06462487281
-0.453122371148
-0.120697615241
1.36199849101
-0.474298657072
0.654033606655
0.66240321963
0.559377223715
0.330870597969
-1.90327444553
0.069619614702
0.279307977813
-0.0157427504738
0.0132110313315
0.613027340753
0.476282404767
0.0965744218886
-0.202738635514
0.00429614825431
-0.717172636467
0.152458812381
0.0578370504092
-0.882947453073
-0.162541476402
-0.0855033991562
-1.37757233793
0.752154299255
-0.0408276278728
0.838216863657
-0.170074635991
1.28061112966
0.679007076927
0.568116121362
0.0773854842983
0.686479681843
-1.72120022024
1.8230183921
-0.184618923703
2.42637073353
1.26004360699
-0.631108237124
-0.0269652407202
-1.20225711049
1.47988583717
-0.483473569951
1.53353173767
1.83237953936
0.554566587237
-0.0645250167599
-1.35090981832
-0.0550941798411
0.779997321087
-0.569501338008
-2.6657940009
-0.329403813034
-0.334927138448
3.28208094564
-1.50222748751
-0.790419325279
-0.569573799509
0.445007157149
0.331495720814
-0.496857925648
2.6071136952
1.66319902467
0.101370769608
1.09434308679
0.462517849945
-1.40954692062
0.783140636226
2.04250621536
0.251265153138
0.0311511745903
0.806261020302
-0.309921503227
0.576974248885
0.724259410231
0.299983437058
1.32110635362
-1.04128146502
-1.74491992482
-0.687219606198
0.18333502315
-1.3010058995
1.38422728977
-0.167172633898
0.0148824172506
-0.708423516101
0.692885343879
1.09924238167
-0.432530830258
-1.82018991945
-1.60965701209
-0.198982304687
2.10216269255
-0.715572607951
0.527075794679
0.434332007303
-0.757913653911
0.11691195337
0.873600742827
-0.923434809589
-0.0978828003884
0.0417234499618
1.5386717487
-0.497531098229
-0.762385519644
1.03430116391
-0.118533367341
0.622655780749
1.67742542929
-1.0947853473
-1.81602509702
Score: 10