3
44
10
3
0.538208541165
-0.987365101512
0.835399115506
0.631415326094
1.98866816544
-0.491694446683
-1.14636022074
0.758499721527
-1.66324345633
-0.748647444238
0.422080383997
-0.269247086999
-0.676121404156
-0.944352995085
1.81629405707
-0.35629518642
0.76409170495
0.24296695233
-0.801380630123
-1.1689723021
0.492775670962
1.44131460525
-1.03576278596
-0.793247991176
-0.46286955724
0.989032738421
2.54716168971
-0.480450235369
-0.984717841369
0.0891572892461
-0.676607028005
-2.08550159356
1.04086586483
-1.10885599884
-1.04534719854
1.52265566486
-0.137246781743
0.686499448056
0.0527124641663
-1.1204824466
-0.164703659783
1.43623828628
-0.535393598654
0.499326526549
0.365067723545
0.774132859089
0.799659235064
-0.287597961324
-1.97164364993
-2.22951098231
0.0836887027786
-0.742291266999
0.0711737300963
0.325688392583
-1.23406931663
2.10726627302
-0.420193044497
-1.63404107296
0.738913033618
-1.05073950784
2.08447384262
-0.37936336262
0.404324702192
0.744113705496
-0.736838896807
-0.404582283538
0.286271606375
-0.863564988162
0.0573583553434
0.539009497479
-1.19045843704
-0.0166766717312
-0.349533069392
-1.41578619766
0.662364201502
-0.784142721638
-1.33018409917
-0.0264687973574
-1.01628843832
-0.592104575391
0.689020854265
-0.447606434449
0.407898386785
1.30792618714
-0.654060154968
0.382503045306
1.18773233083
0.258887579342
-1.72038030784
-0.208618130288
-0.0632752034175
0.791593678446
-1.08861203152
-0.105860979067
1.78371268472
-0.227006133842
-0.221979135324
0.312769666856
-0.97600880699
2.39452809908
-1.99912370005
0.230221321363
-0.815866383594
1.03287807757
-0.280094690071
-1.23687890094
0.902331304229
1.61673222855
1.44248845849
0.298887525305
-0.736098964019
0.459217206533
-0.0142852892693
-0.0875227941246
0.420517638002
0.0434541346651
-0.649334868582
0.193670184124
0.165932840762
-2.61061742229
-1.46498239548
1.43542083578
0.715580556638
0.0763681701769
0.918476097104
-0.395587672374
-0.0953364992049
0.245963318849
-0.921218314025
-0.539782224044
0.647351183651
0.20630337278
-0.850571242899
1.25860659212
0.769088131982
-0.8329604864
0.948849515135
-0.143651633443
0.868976183014
-0.900069367779
-0.702177786846
0.829300191792
-0.223645624666
-1.43101890317
-1.66311597019
-0.954343325266
-0.422984297572
0.889745269996
-0.0635339872178
1.93039390372
-1.1212216668
-0.200344311211
-0.199138207645
-1.31451987288
-0.48618561495
-1.25426849776
-1.98055996558
0.260464371862
0.530413108725
0.167882191776
-1.27874707603
0.65872864069
0.0130955043735
0.205627046614
0.12448376327
-0.730173334168
0.172591863284
-0.539506619668
-0.0815869487964
0.169552880153
0.355961757444
0.509410491316
-0.0390621307752
-1.17189809917
-0.452004528727
1.67379777446
-0.373067289502
-0.340397927097
0.185182901037
0.257099850427
-0.142919100101
-0.748623187394
0.519382946003
-1.16639163287
-0.861661259213
-0.332006800957
1.46871616019
-0.911929498533
0.307245392352
-1.04534477938
-2.04563038857
-1.04234731153
0.0571307187084
-1.19528053352
0.905798669111
-0.61553341295
-0.159335787278
-0.569184975268
0.908705468105
-0.73278110038
-1.27371240861
0.978694663249
-1.02527087698
1.55624586492
-1.21633900398
0.423170452708
-0.0960506681141
0.840995884159
0.87270605115
1.50217945882
-0.764824196933
-2.35519361901
-0.455148328777
0.939903969607
-0.605163017907
0.180642590671
2.36770224661
0.135791530162
-0.726022971974
0.538742663665
-0.8606956632
1.46038226106
0.928148186497
-0.893618245204
1.14684996372
0.646961232459
0.211337405391
-0.691214874515
0.135477244331
0.0407752606053
0.2877274592
-1.99295978403
0.867854234558
-0.0244252367003
-1.45929890865
-0.0210496087399
0.945120287697
1.28900851395
1.5277744792
-1.16100976006
0.990044800923
0.210039052711
-0.445797814607
-1.43181688688
-0.0251604327089
1.69321243264
0.442148969654
-0.243650854744
0.767371086015
0.366043981216
-1.8492430614
0.405095743914
1.00865504585
0.442449666915
0.0915660112828
1.24272063022
-0.9157209177
-1.29034817916
-1.1875694134
0.0735965483417
-0.981782230116
-2.00030234623
-0.98542309546
-0.68781449358
0.717615359257
-0.0850862374771
-1.70169557959
-2.30169461123
0.328036352646
-0.697912226409
2.14650053225
-0.277378083283
0.589640137825
-0.893794571616
-0.058189561927
0.735413082152
1.67773308383
0.0730084415807
-1.33620420527
0.233314234707
0.659802901097
-0.469990262844
-0.867441224979
-0.324547829318
0.750314411479
-0.461351945748
-2.3846726296
0.770858723663
-0.269182365343
-0.959366520072
0.209325933775
0.0537180604184
-0.988725248403
1.55644297326
-0.253147605537
0.490235145008
0.0844392083673
-1.88351904258
0.934124779997
0.215176338151
-2.06573068631
-1.6933973698
-0.203771159126
-0.877810352141
0.964250807909
-0.440764673984
-1.13779501344
-0.680051059253
0.224650656336
-1.08869871766
-0.0474999703158
-0.977810091302
-0.964676348521
0.629035016938
0.737520021111
0.236885148428
1.00361944057
-0.132976665491
-0.497316463777
-0.786931740929
-1.60535703678
-0.249222337101
-0.801070234522
0.0662489007133
0.257938331779
0.812441837016
0.265774922249
1.26610220386
0.222860936162
-0.451207354663
-1.15334453987
0.17532349132
-0.64344263431
-1.67858843034
0.457305617324
0.695137111646
-0.189700626858
0.0536896014079
-1.11933110388
0.0199543655522
-1.41717888064
1.06211430455
-0.55700071657
-0.446268557957
-0.206317986372
-1.14240528189
-0.625263780082
1.06583576487
-0.699994085587
0.346588906436
1.15498914757
-2.06143531426
-1.05253878725
0.740746210175
-1.86482959809
-0.498337882994
-1.24151679643
1.43941263983
1.27711597107
0.201321645547
-0.229003089978
-1.02602618123
0.295103089306
0.430125442822
-0.110614078671
0.347369992639
-1.71087915223
-0.303705331968
-1.41392204297
1.16116986747
1.36383922068
-0.916104302154
-0.564091742567
-0.171918024681
0.863132182428
0.366976547968
-0.872162752224
-1.84546592903
-0.912326007675
-0.97112580359
-2.04006496789
-1.89853204212
1.28657923977
1.24288168169
0.606804125913
-0.126669861387
1.66169114229
0.88991244157
-0.682980101088
-2.32217094887
-0.350570867304
-0.842323371138
0.267773216547
-0.597874506204
0.170993687827
-0.267838847337
-0.659797733569
0.0737997577245
-0.916809592846
-0.993819643984
-0.0765648810546
0.386300848659
0.37146110551
-1.5080870844
0.0315096228115
0.475799172872
-0.478455553443
-0.246677323916
0.832553190119
-1.93830019822
-0.418881672855
-1.67693038292
0.301945644369
1.64069194902
2.28155827078
1.61241451095
0.69483652566
0.716986043818
0.710012402788
1.27345294126
0.105478160584
0.349716908274
-0.488340690909
-0.319060627995
-0.0569170485377
-0.829577631156
1.39445468218
0.138615487871
-2.30067364265
-0.166958707955
-0.370329256842
0.0173433043299
1.12727728113
-1.19011828656
-0.11880497718
0.967157593776
0.351796597149
-0.449389946854
0.293625925703
1.00561046856
2.13205667093
1.16839444214
-1.13298960091
-1.37096980948
-0.616687080244
2.18363964066
0.878722752842
-1.57241387465
-0.100141841687
-1.87781965284
0.231273926863
-0.410810136862
-1.97465314527
1.70141900737
0.318726950604
0.774690787475
-0.435728463108
0.553311676612
-1.59499844733
-2.46122932007
1.69557990852
-0.411390119582
-1.43872936943
-1.33550011214
-0.706940488553
0.673851643035
-0.139761650732
0.268116410856
0.261080071432
0.225887103274
0.986531297702
-0.314188049565
0.107725260773
0.599563024569
0.0389808288543
1.54255307012
0.57595391159
-0.506203120674
-0.0721650824589
0.750882158439
-1.16031258756
-1.23372930429
-1.14033576057
Score: 1