3
44
10
3
-0.792473825748
-0.523641989597
-1.46516456665
-0.773997099187
-0.131811277574
-0.585255483217
0.861566678041
-0.298068933359
-0.965291665847
-0.0129599852333
1.01643096613
0.540040484616
0.523470363804
-0.276508783358
-0.135972416469
-1.15203262748
-0.522758263522
0.26211367738
-0.597628788509
-0.142525988582
-1.46629746457
0.0803496035675
-0.214675798623
0.528903945576
-0.197433133796
-1.87511197277
0.660610769154
-1.08831973085
1.39115600896
0.679371591062
1.28760586715
-2.65968286108
-0.624160404775
-0.658466625788
-0.245555181438
-1.3033646595
1.89824184057
-0.571667281211
0.024705613091
1.86358406394
1.28029591271
-1.26369211924
-0.870757605944
0.713717248473
0.157605315346
1.01566278159
-0.665393092986
-1.97381705121
0.201702380726
1.14580851671
1.33248198165
0.555512697777
-0.171242201899
1.33708206931
1.70186410791
-0.717137882425
-2.75938169018
-2.24775404828
-0.345418043333
-0.19661414865
-0.268435741858
-0.608541085911
-0.914497596664
-1.12561777304
-1.0332283611
-0.40392697985
-1.75955022741
-0.127550366454
0.360575549452
-0.300599155002
-1.48617026134
1.36668542692
1.42921679313
-0.675998133043
-0.34410084175
0.345977688592
-0.756967804167
-0.466795018823
0.000594831858518
-0.434127051377
1.92657187178
-0.21187799252
-0.518661873301
0.44557569794
-1.06815565347
-0.725034798008
-0.679974920703
0.116669852463
-0.027550406398
-0.977540750702
0.591755465289
-0.289580465356
1.20141520387
0.668444830505
0.659482364141
-0.606277598512
1.10873473548
0.203565031468
-2.25546156079
-1.162038391
0.808355712077
-0.445119074305
-1.72079813553
-1.39073457753
1.73581632896
-0.0196765440787
1.61122590441
0.460631315938
1.50411398022
-1.37500813711
0.218950867515
0.28484449099
1.30203842721
-0.252780104002
0.170426425325
-0.470602364933
1.17715045179
-0.668704392311
1.59282083677
-0.992819298733
-0.686056538138
-0.482984621908
-0.20519162825
0.581453006023
1.02325643177
-0.65125014023
1.97694318404
0.453444515794
-1.2657218292
0.639217868975
0.140535708273
-0.428846313279
0.461609501915
-0.571370407326
-0.243412721051
-0.74596341211
-1.14721620458
0.703193811131
0.795391337803
1.39398706196
-0.81675989796
0.759678001997
-1.5192567881
0.579242141934
-0.535936979135
-1.16416874428
0.351822584142
0.911564247894
-0.0435314983501
0.305933128295
-1.28834440495
0.697229163646
-1.87959998297
0.669042266461
-0.689696889973
1.49464733645
-1.26268346502
-0.0953937133197
0.228116537613
1.7787516222
1.24652708109
0.28577695529
0.22081669441
0.174331421745
-0.883121527471
-1.12995677907
-2.15422945276
0.24648897038
0.468658750814
1.17048070055
0.741200994637
0.889258369784
-0.0751422083304
-0.236985901602
2.56996024334
-0.503148645482
0.153964539209
0.867170770258
2.16748006435
1.43366940321
0.101246713377
2.05670576
-0.302414682871
-0.0218486461257
-2.072077545
1.40212194932
-0.433620977379
2.15380050325
-0.096320737217
0.491311634887
-1.49835294621
1.00499216286
-1.66058471631
-0.608753972226
1.55693744494
-0.0526299470054
0.203790220127
-0.0521094960541
-0.989017673933
-0.284307767649
-1.07981872879
-0.845614572593
0.979941463387
-1.66348599144
-0.851663790857
0.968000820423
0.661456854011
0.592845242231
-0.931161525593
0.29468544786
-0.969822538589
-2.38104371729
0.358766655257
0.561168440105
-0.413840512866
-0.394943572267
-1.14852020707
-2.49412444406
0.751526015678
0.649834939544
-1.16445829048
-2.5244872378
-0.0488900614288
1.36987004915
-0.209361343237
-1.4098277233
-0.409884016254
-0.777401309265
0.34188625373
-1.08501222176
-0.594146616138
-0.42562589291
-0.877927781372
0.554338854224
0.0141625709399
-1.66844737082
1.2807257426
0.316539986765
-0.780236086052
-0.182668124986
0.449937051954
-0.544227273197
-2.79780839331
0.868876144655
-0.207968826191
0.313680355659
0.522365075861
0.352828661216
0.949481748741
-0.18640198123
-1.66268138539
-0.68783451848
0.743072604892
-0.996540821326
-0.0148443479275
1.11317902684
0.934360070091
-0.27755175918
0.0123895225153
0.275510771329
-0.500168753377
-0.208456038842
1.25965032091
-0.135417369218
1.14262083311
-1.12762486329
-2.13520746022
-1.98975772825
-1.44222462741
-0.329473777167
-0.213733177853
-0.0732253716058
-0.164632653533
-0.527366846354
-0.134933966407
-0.354137666473
1.06836260965
0.162122022523
-1.31679127824
1.45817948163
0.0196168625678
-0.22973952897
-2.01664117295
-1.15494468515
0.545697644855
-0.385109423802
0.834619986866
-0.252736419089
0.308055875864
-0.692784154805
1.48215959179
0.866708216401
-1.37406881035
-0.74205978748
-1.02037352347
0.719467316039
-0.954047394248
-0.364090481814
0.457283358017
0.72688072241
-0.245240485568
-0.203837673367
-0.105521517298
-1.17472456505
0.247664038383
-0.366480002952
-0.217835337962
0.278255683789
-1.39365512669
1.64861752872
-0.738617425321
2.46557567033
-0.379185176669
-1.83749216733
0.468744381355
-0.250164173019
0.100153246724
0.620439040078
-0.181245831395
0.801359302905
-0.460868572954
0.382364663951
-0.209419218359
0.713299045446
-0.121917109303
-0.766889610043
0.63092712577
1.75416970277
2.11463893314
1.10225134005
-0.479780878578
0.133917201834
0.299233583249
0.0598964124666
-1.05395050236
-0.945575394139
0.413604354139
0.387858305269
0.967931948955
-0.347666520686
0.223022922644
-0.506898873168
-0.439326090639
1.89826719875
-1.02645220138
0.302996905528
-0.277065564814
1.17611037914
-1.06759125379
1.46877552565
0.238020279236
-0.976973125614
-1.35650718224
0.904093212059
-2.10609335041
0.192368958926
-0.566278291557
-0.11673368045
-0.488896925424
-1.57771725829
0.737440141669
-0.265771266568
-0.0783944269482
2.12395746114
-1.3930956623
-0.125299906531
-0.526966042384
0.901973114628
0.610689834396
-2.34884063261
1.0556192419
0.241686066126
-0.392240667233
-0.561199009739
0.501172960469
-1.53993118857
-0.497179631553
-0.916213969917
-0.377744538936
-0.114531909701
-0.385446419969
-1.79644604241
-0.405037033012
1.22437862162
0.373074432099
-0.286508878618
-1.08000912729
0.500796757094
-0.435774865749
0.2811039663
0.510890344548
-1.88402072333
-0.0395931081632
-0.252840462602
0.809882402919
1.20441125532
0.846133125361
1.84877996524
-0.614998328452
0.94958601192
0.308447653672
1.82543898073
1.21256130186
-0.764842421449
-0.863059298801
-0.369452115415
-1.32622449199
0.632598315895
-0.493934793977
-0.125046196151
-0.239462144258
0.458399312886
-1.72410066433
0.874078000057
0.281593384387
0.948426900599
0.00838076376113
0.889494532411
-0.792057975329
2.20257320221
-0.348325250329
-1.33042888042
1.37134852006
0.353909955632
-0.847644331774
1.19198433021
1.03934031279
0.232903617281
-0.809437333996
1.56637607608
-0.0555861843104
-1.7334729081
-0.256792553739
-0.199192155415
-1.01565418322
0.33418702481
-0.0173487809834
-0.0801104955572
-1.0488175527
-0.355670972054
1.19811618268
0.331783706589
-0.153278217447
0.0686198043922
-1.55967945444
0.350202481813
-0.581896094446
-0.483098602232
0.953206535659
-0.0622812832186
-2.18291858226
-1.30181232529
2.11172427519
-0.85293050066
1.27629795983
-2.54579232191
0.284122006191
-0.864846698497
0.116447281736
1.66934645995
0.0134579104524
0.298472983209
-0.833827352842
0.816190408254
1.77360581302
-1.66286243408
2.06539182289
-0.533706605754
0.530960475967
0.277934644436
-0.852128725739
0.828405206935
-1.16134726596
-1.17883725163
-0.0822320999115
-1.25791920009
-1.02660989163
0.952709364191
1.02237721116
-0.0931625384821
1.00553068754
-0.309504530559
-0.827189934345
Score: 13