3
44
10
3
1.75896361177
-0.273250587026
0.0535987895072
0.373904884979
0.501146590698
0.606255229966
-0.947514771533
0.316475469112
0.55253502297
0.462582249424
1.29359374632
1.10477181915
0.700008913396
-0.892813398552
2.00707132304
0.310337165058
-0.318204454026
0.12573088514
-0.475508938547
0.295739106362
-0.0713049063203
1.29369344225
-1.12466515391
0.854906658624
0.8814786422
-1.06086069415
-0.622924975301
1.70325509143
0.241559486217
-0.600635780348
0.232032088279
0.42887438629
-0.440456447839
0.561003740729
1.37405139779
0.181689447047
0.610349126238
-1.06842324002
0.000728732766308
-0.465539322859
-0.204698991585
-0.10598600425
-0.0541634949256
-1.78084600901
1.98423536831
0.270719260134
-0.380443490967
-0.877079170534
0.86953397101
1.59381411383
-0.542945270558
-0.736331857765
-0.593426034147
0.598381965287
0.719134708817
-0.507877887261
1.52523002136
-1.63560932824
0.296298333074
0.715682035951
1.91494911042
-1.10825913769
-0.943311713601
1.28958458487
0.531659207493
0.0262130424962
-0.336059647285
2.15439067667
3.03101201408
-0.852172979918
-0.248425724102
0.448091578167
-0.407023190827
-0.72804168569
1.30608114038
0.930824560078
-0.5640889195
-0.326498611494
-0.0765166155411
0.0366259349642
0.674858951565
0.329743764481
-0.502052812137
-0.553963318997
-0.179925065657
0.0424500681289
-1.17600347675
-0.230270515333
-1.26013424395
1.94759228533
-0.649502438815
0.202827503125
-0.757197568705
-0.138743083947
-0.666477590376
-0.059116853833
-0.975151186396
0.326929001427
-0.0701109670548
0.859605293048
1.77071797464
-0.0322903449967
0.961629400383
-1.52984649995
-1.05589865327
-0.397069478649
1.79362250296
-0.0253540107076
0.385068844042
-0.477045178586
0.155801838244
-0.0904326499275
0.323165447055
-0.214227885949
0.759963049991
-2.0865649813
1.54758044561
2.89889407383
-0.615148111399
-1.12808470716
0.59256736461
0.816728666266
0.115911989236
0.265928807461
-1.04115694272
-0.673331932654
-1.37926771018
-0.73490747744
-0.681722998293
-0.0160267025486
0.242436208042
-3.17693931222
0.670724009657
-0.638385873721
0.209315180253
1.11288314042
0.630594544323
-1.36028953746
-0.17633506281
-0.950578765201
-0.572432035362
-1.74191530569
1.66257653425
-0.911385408533
-0.708067472173
-0.670724955842
-0.223291469466
0.391499683288
-0.0256290072729
-1.19645595731
0.664193254223
-0.61025166401
0.0659283790671
1.10191672279
0.904516443392
-0.142383238115
-0.68374208671
-0.365603132708
0.516252759982
-0.849733839949
0.164333644874
-0.682927349229
0.88472507096
1.17255749173
0.462831004321
1.5864707573
0.0688516615749
0.101014756447
-0.808739569982
1.37857187751
-0.95230772628
-0.895220860726
0.574668432744
0.702148526422
0.358352011179
0.721555718934
1.75245444157
0.335987418337
-0.513906053424
-1.17949415795
0.0748589296111
-0.895592645439
-0.396090850581
0.913574752932
-1.95330544274
1.16463802886
0.643873374496
0.742572411453
-0.222389103364
-0.528517158177
0.331703336021
-0.676694069793
-1.25881249932
-0.142299278372
-0.0704441383219
-0.609975709593
0.208523525273
0.0948373033512
1.56956102817
2.22164803539
-0.897675757631
-1.18713755975
1.95174155274
1.07377938835
-0.43494351165
-0.32421104046
1.14972004278
-0.931613127536
-0.472040601286
1.1929903019
-1.0751606004
-0.706250891549
0.329819738037
-1.81909739767
0.381654895446
-0.0475230789161
0.0379701614304
1.45132663126
0.154937339105
-0.586653828187
1.19601432001
-0.168791651836
-0.482382221166
-0.699890085951
0.4113178877
-1.06231331708
-0.428203862131
0.182966326319
-0.0170508537058
-0.484565874392
0.595927217107
-1.04898128689
1.52321376605
-0.211879603967
1.30662091178
-1.20256118415
0.736810404121
-0.0763703341195
0.240117791595
-0.368823654139
-1.04046340519
0.805586724268
0.0189544675224
0.545181302624
-1.10718463924
0.715175684594
0.732823064549
-1.82021707408
0.360440229204
-1.33706738889
-0.991347063117
0.130414190473
1.4450095041
1.23148969285
0.265077829437
-0.970235141823
-0.953867944511
0.0408711421612
0.34267386005
0.856966435064
0.107047980279
-0.776752283731
0.359923660613
-0.395258433842
1.21686646379
-0.323453144433
0.588831247474
0.913748071345
0.732436867313
-0.516125135964
-0.554497999466
-1.11826920047
-0.30630550907
1.57322103228
-0.000295427149951
0.872547541009
0.501902135968
1.94339940232
-0.0527129672315
0.55660643128
0.0604852511998
0.417569658266
0.0175346238634
-1.20735317476
-0.0640064749488
-0.0292243191556
-0.421559297844
1.26418721253
0.683631726676
-0.312807832569
1.26233123908
1.72456438098
2.1016927869
-1.78825138411
-0.0571140640855
0.528445541868
-1.13735349473
-0.204499027553
-1.84501389677
2.40712534073
0.0820195376584
-0.571737280087
-1.52779754956
1.30854847292
2.59089926876
-0.452936548875
0.354183911651
0.238496268169
1.20130832169
0.446809718486
0.444756150461
-1.27242086137
0.468726375353
2.95716330543
-0.0327448945241
-2.11822239897
-0.498544114324
0.321554768569
-0.584254143627
-0.000157055995054
0.406292692373
-0.387557838472
-2.0635097911
1.04892453869
-0.177076449837
0.176217020622
0.865923107201
-0.172809184813
-0.615577229995
-0.0302037481459
0.98447479307
1.575910571
1.79301900458
0.115581860935
0.533068982413
-1.20718861954
0.912224391014
1.26690878526
-0.205496343077
-1.53971651142
-1.3553083874
-0.922094712914
-0.134876563434
0.205270090628
-0.0239492417301
0.387048759062
-1.74611985809
-0.542075658866
0.303929071159
0.630701550307
-0.605248386776
-1.06524680401
-0.412701305542
0.894545034324
-0.360482001843
0.652864214272
0.202682660404
-1.40301033353
0.294314608149
-1.59545038267
-0.698303847503
-0.219582970503
0.0659437754253
-1.00412771381
0.768572250561
2.16576451121
-0.366569377124
1.37704502655
0.311418801757
0.797791044188
-0.56720235615
0.271731158912
-2.08546818449
2.15838026624
0.154657377143
0.228658183469
-0.0276714211137
-1.14620901825
0.585349595296
-0.0631634032085
-0.675833040308
0.25851634966
1.89095562211
-0.776100129646
-0.993017325351
-0.823804682758
-1.38061377901
-0.241278584099
-0.193790950444
0.949436935027
0.568579997706
1.40649418991
0.61795089642
1.5832486837
0.0799450344514
-1.07921701293
-0.301948906112
0.303201069359
-1.86851553219
-1.16772310312
0.0200096420131
-1.26615976234
-1.87297137515
0.136682246357
0.818995503168
0.0622161153688
2.37419926309
0.0667463948391
0.516767184564
0.106096245823
-0.69301106227
-0.276732371194
-1.38946801824
-0.847749452739
0.580295976639
0.568867656755
-0.661355322553
0.722178942832
-0.713220115793
0.432724252859
-0.190641146272
0.22670612953
-2.39685622504
-0.383792098621
0.13181833582
0.343332400896
0.30223379569
-1.39968237221
0.287360857344
-0.769994159216
1.08672509373
-1.69034864714
-1.54750941411
1.16012705446
0.318952614575
-0.247028211192
1.96531626229
-0.340963032507
-1.00828807609
1.15329645688
-0.474641061309
-0.275639639942
0.292385568721
0.926522473299
0.232993519439
-0.542014061921
-1.43469336665
-0.116657471399
-2.73901900123
-0.0589422699292
-1.49154937411
1.28695627563
-0.0897625563122
1.47966961086
1.13429196286
-0.753814858649
-0.296938820286
0.71418851328
0.483002812984
-0.355275346528
0.381412563518
-0.634343458742
0.28439898814
-0.260058702061
-0.347732104936
0.211205550938
0.290099742224
0.545845241019
0.115194263726
0.685586814374
-0.219407470244
2.08870088141
-0.436700579562
0.365354899597
1.85229414228
0.650516527848
0.447748427634
-1.16339886272
2.59355321357
-0.505948210476
1.55035296584
-0.0417757078516
0.142620038104
Score: 1