3
44
10
3
-0.614534401606
-0.563320034727
-1.35620934184
-0.788851368874
-0.0807297896764
-0.480433836171
0.842466036201
-0.349899787324
-1.08299903707
-0.0525612565331
0.914354317917
0.455227314193
0.188004596471
-0.119637707602
0.161335032709
-1.07711156386
-0.373542039697
0.435429951809
-0.530644201048
0.0609424886757
-1.53292695138
0.0406477495243
0.0855553951704
0.542903154486
-0.22322504426
-1.95749954484
0.556394109738
-0.91656243737
1.2548259775
0.561176496357
1.32669056525
-2.65305150822
-0.527060429448
-0.754290993464
-0.0980533640713
-1.32020021667
2.03652058106
-0.484955605469
-0.0816523836517
1.46423079049
1.3052763571
-1.32407141479
-0.831491816346
0.670629558842
-0.0911992895099
1.09222112618
-0.963168561675
-1.77863707801
0.2927655607
0.856550212549
1.21431634845
0.495352480413
-0.323453119127
1.51538794488
1.50439754494
-0.87809407102
-2.84413673512
-2.26897106581
-0.316290368088
-0.104609642046
-0.135599547734
-0.459464178679
-0.747419188176
-1.19618262682
-1.20049252284
-0.320581758671
-1.7806246805
-0.161781616822
0.297108541879
-0.647575402243
-1.53820706396
1.26557126846
1.49654887533
-0.435495674348
-0.390948896075
0.280784796681
-0.722404656283
-0.530999044224
-0.0473449023982
-0.334325895568
1.81592551023
-0.280462478816
-0.452722967311
0.305997933011
-1.1201048021
-0.691224480799
-0.751718723021
0.0721548502959
-0.0943728921298
-0.743037518847
0.713221761014
-0.319925053205
0.802189514179
0.690762002436
0.721063422684
-0.508174974188
0.898736697202
0.231345848888
-2.28367314617
-1.05431689748
0.965955921831
-0.155449429479
-1.95146474407
-1.39158421433
1.39397065196
0.0348013561579
1.8200961801
0.357573815237
1.5165106637
-1.31142004804
0.0364149866488
0.352822165138
1.41903792065
-0.366833092122
0.23402048539
-0.548208134376
1.10686078399
-0.400309159044
1.70689876281
-0.781418362591
-0.742984226515
-0.329257754561
-0.405803648872
0.545998099115
1.23790454743
-0.700691104999
2.14356638291
0.346741555314
-1.34895508894
0.73305130466
-0.138540865793
-0.52160234934
0.423794571757
-0.232047990248
-0.252771774792
-0.560910842543
-1.03831596245
0.767236604307
0.824330815707
1.60646717913
-0.713589099678
0.776442599996
-1.58263722808
0.675882766991
-0.349251022948
-1.19403630489
0.452980937336
0.611778725546
-0.288890889071
0.125523330849
-1.40363270612
0.797556245414
-1.91739394266
0.825885895959
-0.524780478437
1.86640207072
-1.37026023392
-0.506711873395
0.381151084434
1.8333691601
1.20951843744
0.23826048562
0.0508532258578
0.331233186419
-0.603644292343
-1.2287053766
-2.43175272561
0.227914868212
0.744669635576
1.38325459075
0.798318969069
0.767064491817
-0.0108288704959
-0.124898980608
2.57876519638
-0.30522565107
0.0427159174418
0.85046504727
2.27401449846
1.29939973468
-0.00102999511612
1.98904575723
-0.132255589585
-0.0129923366492
-1.94156265407
1.35725963562
-0.4745072264
2.12092673864
-0.315468250316
0.384693463149
-1.35005603993
1.09202416202
-1.77203818233
-0.708669934293
1.55767442642
-0.103997793608
0.00298642182606
-0.217989954338
-1.05490248678
-0.230923324497
-1.09930141696
-0.998831395921
0.819137622009
-1.90800097425
-0.828210744702
0.926905398295
0.425011142624
0.649851324897
-1.02416568175
0.289677611967
-1.24603454342
-2.29501949437
0.418398309977
0.710716132305
-0.340816613098
-0.436767937589
-1.21700220741
-2.52539017391
0.72508342843
0.695280381091
-1.16682174616
-2.80022996443
-0.00645592225108
1.50973295149
-0.458645811661
-1.5317879647
-0.278193725599
-0.777705494475
0.310973171009
-0.92779464399
-0.617507601081
-0.25280695775
-0.833924474501
0.477242018755
0.0650506658936
-1.87175963576
1.11212304659
0.286617584472
-0.717090319464
-0.263185522298
0.59465623987
-0.520547819324
-2.86961927924
0.846363677983
-0.175986971249
0.158768796223
0.547743448785
0.193111055663
0.920806430604
-0.076555362293
-1.63278615245
-0.861410120203
0.851471506896
-0.865031304498
0.0113586175905
1.15954183558
0.889543213678
-0.185044853762
-0.0263834635414
0.278879648866
-0.615687144095
-0.094553377671
1.26008050493
-0.297304638905
1.26657532065
-0.890594125797
-2.14458917909
-1.89198566786
-1.29894307119
-0.343231986808
-0.438911764596
-0.0859164143898
-0.177622479066
-0.38494831009
0.227613114968
-0.334035300999
1.19315348416
0.0472648988865
-1.52231267899
1.53352485642
-0.251923207137
-0.403063664995
-2.05602592662
-1.05655382
0.4458232113
-0.374345159457
0.789130175958
-0.291252918992
0.435594728494
-0.844465351697
1.41251716497
0.803352237223
-1.40592269622
-0.64260660301
-0.915807045419
0.811081463071
-1.0290880496
-0.30262046301
0.399147558791
0.488807718911
-0.152869643566
-0.308601935522
0.194527404649
-1.4967686898
0.124303826433
-0.143451803273
0.100250364651
0.418837158215
-1.28219856214
1.46564128931
-1.04104575852
2.44041951124
-0.584927127469
-1.90398261911
0.287055316139
-0.464180468295
0.0433029492028
0.632943961047
-0.5171726421
0.739925043778
-0.562654942864
0.411821677264
-0.316263539699
0.575430405403
-0.00560521791717
-0.375626268433
0.543322147129
1.71606253694
2.5085595545
1.08219396112
-0.777643188732
0.219208451065
0.101192170325
0.0219754162185
-1.16234051628
-0.724862901796
0.142443636405
0.277463482103
0.849567387114
-0.324984692236
0.335157918209
-0.444640949172
-0.57748992457
1.82895112777
-1.15204289784
0.299262232004
-0.389409593281
0.899868224804
-1.14751284536
1.60170170555
0.16038918946
-1.09963360716
-1.32062547156
1.15731381496
-2.02438133159
0.180375616702
-0.840058649083
-0.380829080199
-0.712780950436
-1.47396367905
0.636759023351
-0.392219380298
-0.107576792596
2.09310491037
-1.49546539413
-0.262231552348
-0.605759300525
0.825943540967
0.69821238094
-2.22235681224
1.14122383796
0.272390906282
-0.168946286316
-0.505207046897
0.737767422576
-1.78302334897
-0.679905805216
-0.728550917319
-0.462067030378
-0.197990106608
-0.524603941785
-1.83385892155
-0.666893269369
1.10161737117
0.322244475694
-0.571224006664
-1.02208893255
0.397780157153
-0.331124377816
0.315264304235
0.609851508801
-1.77889986828
0.0835821885346
-0.331877082331
0.711774023806
1.19296284973
0.828784443091
1.81909328412
-0.713802898109
1.00024514818
0.394117849352
1.87751671162
1.22366162749
-0.661780948393
-0.879525588893
-0.211027047711
-1.45635537987
0.677626996154
-0.590931087133
-0.168483128566
-0.188183775247
0.513203370842
-1.83657895056
0.875693435135
0.195803392439
0.931067277605
0.114714915246
1.10947579314
-0.840276709829
2.32701990483
-0.368298540397
-1.02513397341
1.26030221697
0.353232593307
-1.01160128959
1.14466842275
1.00973845099
0.197527161467
-0.903337905791
1.44371628509
-0.2705699497
-1.53194631332
-0.295003653504
-0.222716601551
-0.850028485713
0.204427429947
0.132528774383
0.114657349014
-1.08008172496
-0.265699599883
1.11972527707
0.275367077881
-0.107535571694
0.00507385087191
-1.20142485216
0.260251383769
-0.506471720362
-0.616269473124
1.0690498679
-0.197290567807
-2.09329037424
-1.36297161693
2.09378542535
-0.710770104539
1.10873819426
-2.55432587754
0.00877691267398
-0.740618008
0.190649960869
1.42772585316
0.0148361181984
0.522837293746
-0.814465344881
0.996148487702
1.67988976323
-1.65646608018
2.25271007894
-0.607077272517
0.381282246947
0.546231659916
-0.787567808759
0.516487656763
-1.41620955078
-0.979744924369
-0.218839565591
-1.18112208045
-0.981229186001
0.995691372471
0.95094767138
-0.122078873405
1.00720349093
-0.121692854642
-0.816091363771
Score: 25