3
44
10
3
1.59170361569
1.59420499704
0.972226261051
-0.851642149916
-0.178373844156
-0.00490381575429
-0.347189489136
0.130407295352
-0.246885565473
0.904250476016
0.800169661453
-0.327969130147
1.73751625558
-0.137373479815
0.0385652606122
-0.117818564007
0.0247546260757
0.794721065181
-0.933391421517
1.44900893421
-1.56126643831
-0.0876681704551
-1.61144972162
0.328241787714
-2.49710024201
-0.204809247208
-0.729084863592
-1.15231087584
-0.674465422527
-1.35550514262
-0.682273495025
-0.0912077944578
0.41215362394
-2.12569963193
-1.01402775354
0.219609287087
-0.746299568488
0.0265527256809
0.620596414615
1.38319978751
-0.102277050081
-0.25860726588
-0.873476998929
0.590955700745
-0.848587618453
0.193488541912
0.208593124161
-1.67789344078
-0.917131480613
0.904186533146
1.2295597977
-0.106768612251
-2.31315072345
-2.21115748772
1.99676764573
0.731501186194
1.39779224465
2.15007358922
-0.207598139873
-0.668815523013
-0.57844411847
-0.0998580795666
-0.191734140901
-0.402650350457
1.43596744137
-0.62337170733
-0.14950240419
0.694289077114
3.04011003361
-0.16603668672
-1.82314164935
0.247251486415
-0.992587480269
-0.237087768735
-0.341673335917
0.385174630368
0.827664426395
-1.13734782283
1.37236057477
-0.67319517258
-0.998894257903
-0.292078549025
0.336655103772
-0.131500739307
-1.10864014508
1.22711693718
-0.0493599283533
-0.272413185908
-0.307285065693
-0.431207700914
1.77375124808
0.579248104902
0.0161574300653
-0.386140671227
0.566678397155
2.36423688228
-1.31967438197
0.439547818124
-0.207697572148
1.64338092507
1.4448089917
-0.00942437740264
0.868131837911
1.66498798085
0.913001390089
-0.347820565125
1.18351409067
-1.06091132311
-0.159145357085
-0.525549621844
1.48972479795
0.354003900141
0.5460838495
0.410465029477
-0.407854626551
-1.54754000115
-0.900020944016
-1.27146156382
0.285040686257
0.615220371965
0.396142866928
0.274781764335
-0.373385297187
-1.17803001236
0.784466612693
0.247284625363
0.576038215722
-0.981628261815
0.925297436303
-0.183145618311
-0.0502954950582
-0.0931766483595
-0.644088824092
0.414375433809
0.220879616454
-0.262804582406
-0.44006705624
0.585595480006
-0.664256757682
-2.04330296758
-0.204253640197
0.137107877956
0.249605445157
1.07974211544
0.200724665625
1.39173015897
-1.71060343369
-2.13053076331
0.814626460667
-0.00742534972633
0.486872351527
3.34182340013
0.354625587925
-0.97902629437
-2.33509481691
-0.776910088911
0.600730498548
-0.678051737516
0.279827118928
-0.692084793937
1.07310175533
-0.707352151438
-0.607253257111
1.12105845527
0.342469304416
0.504560061475
0.431905658561
-1.08284394376
0.786579187224
0.177580488491
2.46308976634
0.709373989742
-1.32771518888
1.46598706458
-1.27880518778
0.559329301974
0.0036456480992
0.170102359983
-0.785734583748
-0.719348920247
0.208898785804
1.44206546335
1.79781536619
0.0786000436001
0.676669344572
-1.8538630641
0.361571806811
-0.323992077964
-0.344366769453
0.0668325544915
-0.0469902978345
1.39143811265
1.74163897681
0.573582350811
0.242978789665
0.183171991356
0.918418897879
0.16648391979
0.517791637369
1.24742886604
0.457590834857
-0.0545289426738
1.28537781707
1.0692484914
0.378194842467
0.589706436373
1.69295026317
0.177257720964
0.771266219082
-1.8105569607
-0.416233118236
-0.0849236766715
-0.319998914906
0.222409791129
0.756135529537
-0.887990711388
0.294587242209
-0.51859465073
-0.2038137944
0.55486463117
0.741688029603
0.418284904363
-1.0300305343
-0.271187143764
-1.22747217841
-1.15985410708
-0.480682846286
-1.48495424591
-0.0867689031842
0.488375446946
0.421886689595
-0.151125842305
-0.408886723219
-2.33411941072
0.0548929539496
0.387780547046
-1.70985038643
0.751491358989
0.34786917855
-2.01253314826
-0.473646443489
1.08058946193
-2.17914394079
-0.718919003291
0.638250558306
-1.12886989458
-0.0259330671073
-1.16764379586
-2.46886830177
1.13137330159
0.698823572237
0.933600306653
1.27548201657
1.77580348645
-1.64556161845
0.0514195906196
-0.0494081687178
-0.180993339443
-0.39030219204
0.55718676983
-0.122262184699
-0.570472260753
1.83736477937
0.61716968244
-0.0315175958403
0.476902891177
-0.382008556132
1.35455876936
0.296188535287
-0.607666024489
0.149529629424
0.169298263402
1.09240799324
-0.58534372067
-1.31069808818
0.453691993891
0.449997066494
-0.773858244002
0.940943322671
0.546209937189
-0.814810398613
2.44732425779
0.546039272128
0.508875742987
1.82128776238
-0.468298631743
0.168367810506
1.92682289071
-0.326078336275
-1.43294229338
0.329107866447
-0.225789662342
-1.33231615092
-0.273537486285
-0.11531634863
-0.731148881347
2.29874028675
-0.855042273024
-0.874696609947
0.896951725392
-0.145867545738
0.0853551790228
-2.57256566464
-1.09759090928
-0.318627629898
0.588538508673
1.05032723641
-3.09467308523
-0.113494664913
-0.030511447065
1.05177211403
0.683278761309
0.652033622461
-0.102020899171
0.179988321913
-0.770106395231
-1.08388570043
0.509694757947
0.124088138585
-2.09280020556
1.13544687198
-0.908978926858
1.90268525895
-1.20488054098
0.337372301985
-0.641334779898
0.658665136198
-0.596317239502
0.693792611239
-0.255983543659
0.563079480198
0.00778287200258
-0.170387310427
-1.22450668124
1.82442332909
0.0330033511317
-0.892601482698
0.758446837255
-0.312677101484
0.294533674579
-0.0361264586912
0.125434355834
0.400938369868
-0.0437243833632
0.109298216373
-0.259211185165
0.585174787969
2.20045306104
0.0795179656445
-0.272425004219
-0.874858398124
0.555229851053
-1.85878935528
-0.960749150583
-0.533110126056
-1.08169294538
-1.29193422091
-0.477034388897
0.904377842435
-0.278407251751
0.255957565191
1.95813777558
-1.4044571895
0.724540240115
0.999982633247
0.448107576754
0.608282208034
0.00566727573178
0.018919000409
1.40393402922
0.396279554781
-0.0663021382451
-0.392782797824
-1.91211277594
2.35110899081
-0.667164457524
-0.205775728604
0.608820456085
-0.50207016306
-0.657513621755
0.0263699533637
0.714126870334
-0.145261825423
0.645434802783
0.549698284005
0.0475142042151
-0.591696031952
0.0183212010892
-0.105258756024
1.23141204483
0.56543676486
1.12901488262
1.34684201951
0.78287714646
3.15830662676
-1.10889979594
0.249605836914
-0.82129672694
1.10969646841
-0.658835289632
0.217241502323
-0.55896591805
0.637957941561
1.74362444084
-0.0286943167882
-0.918859105817
-0.209039224365
0.653229761393
1.07694458365
0.5906324077
-0.329902271756
-1.31637611955
1.78794192696
-0.104986817445
0.439967792557
0.303560342747
-0.417068807111
0.430933861406
0.456544007145
0.0906841621975
-0.137681557158
-0.626333911962
-0.325833243631
-1.42461250235
-0.346981633718
1.94468005818
-0.827801982161
0.48349416913
0.298800874512
-1.09829448883
-1.11742703603
-1.27874260648
-1.80301583954
0.0133094424252
0.712932995013
0.612003324767
-0.369127774857
-0.855891950843
0.408122160989
1.3000920903
3.45523726378
-0.406804731248
-1.10560207224
-1.31000522765
-1.32821280964
0.481696844268
2.38649519732
-0.0701721284422
-0.906098998179
-0.383011838663
-0.0948114782778
1.21227048475
-1.72265675829
-1.61724363248
-2.05222151785
-0.543738573166
-0.328737106087
0.510353260936
-0.181681990992
-0.00424924653258
-1.7839005339
0.21129868329
-0.161954704655
-0.405281359527
0.492838602297
1.26334070456
0.297627020969
-0.340975352086
0.299561780187
-1.62736520569
-0.643818395326
-0.929941291927
-1.28154436443
1.86436324461
2.59771420172
0.166150366819
-0.766534325607
0.14351598629
-0.905794416457
-0.673527426812
-0.16652050147
0.799366460975
-0.797383465442
Score: 1