3
44
10
3
-2.0914967018
0.536002334054
1.74596373569
-0.435714733372
1.20658918803
0.0980114286095
-1.03868493458
-0.993604848979
-0.504710210655
-0.142792601884
0.279486791682
1.73391343248
1.13660859165
0.407262772405
-0.117847962545
1.13147469786
-1.05128074389
0.713547089088
-0.0377627965146
-1.40732531587
-0.3390233244
0.04501486673
0.142089083937
-1.34272887254
-1.45863793545
1.58399276009
0.589051967421
-0.423844677508
-2.85981766316
-0.574212319282
0.0326700560342
-2.06944465364
-1.0811033345
-1.98528155168
0.303452533883
0.417405504702
3.0134312174
0.513227644845
-0.685822095303
0.0218923198019
0.185733497217
-0.219041018699
-0.523544622547
0.185468931041
-0.529946020173
1.1478879721
-0.375134712774
0.00427153805492
-0.435325486437
1.6078349454
0.315822704605
1.53548920756
0.255005292021
0.927277972653
-1.36303842519
0.120463038393
-0.256374508756
-1.044944392
-1.08104488646
-0.2187745056
-1.31221244638
-1.70622540456
0.531272358399
1.40040998759
0.808111554988
-0.428134173997
-0.543099296797
0.502269505402
1.00126843685
0.208110628183
0.238625525232
0.289402645064
1.89968111558
1.30442723574
-1.29715826283
-0.0184949458747
-0.256792045717
1.28142746088
0.491096049308
-1.73045919605
-1.04176584449
1.07682256974
-0.416216505265
0.910625411299
-1.88379198078
-0.507547489105
-0.250753410289
-0.105570299816
1.38975971685
1.1655155273
-0.0959597110289
0.228025344468
-0.949546697772
-0.305574896087
2.61918392352
0.696301864599
0.993392776364
-2.04865182845
1.56018604422
0.751731544475
0.900621991724
-0.284458933771
-0.00990760260078
0.279886966517
0.0478962660995
-0.274450647514
-0.431417208079
0.167328102081
-0.751577868432
-0.617686397502
-0.142982571063
0.781021448823
-0.0162944455203
-0.0197374967603
-0.530892487942
-0.744981264133
-0.163285062071
0.53969452847
1.68687981782
2.79467449984
0.620494047513
1.34202552036
0.68915834988
0.131012245124
-0.0945325705917
-0.804843136385
0.70819070583
0.602671148416
-1.78473750159
0.197958451946
-0.480936580329
2.05801742028
-0.463960290047
-0.592993428552
1.23215867315
1.02780780983
0.480734344769
-0.262306738439
-1.08379721801
-0.695578505111
0.255479711679
1.00307976321
1.08634329769
-0.749832346959
-1.31138371375
-1.11716168825
2.0969637684
0.420724554637
-0.244807464457
1.01360127906
0.33128820345
-0.453861860104
-0.24397849258
1.1046507368
0.122577839352
1.28060998599
-1.79121221411
-0.520814842362
0.0427814502755
0.587590399392
-2.08091585177
1.46245843849
-0.0631650216061
0.641134852065
0.603204243069
-1.98215698038
-0.00693563768915
0.945257701436
0.600058160714
0.0920492269268
1.18623596173
-0.735860861839
1.00985074913
-0.816459575553
2.44143459731
0.981849304285
-0.120044314015
1.53681419002
0.485487828233
-0.685944493112
0.305137959239
-0.432581476393
-1.33959461988
1.03788755099
0.85801713981
0.968436176852
-1.15187659741
0.170076075214
-0.0349340891173
0.706644464303
-1.73719561987
-0.828828952216
-0.236705814014
-0.0904158773661
-0.156426131611
1.75124157985
1.70574024154
-0.638930680622
-1.53484276734
0.19401886963
0.380070205563
0.611868008558
-0.280015666246
1.28288424201
0.319509743079
-0.0249700458558
-0.757638168221
-0.704854185402
0.408760492563
0.854231982421
-0.129283048974
-0.599046574032
0.538997236001
-1.34298774826
0.324621222688
0.241538399189
-1.15249015782
-1.32631989842
-0.957384924071
0.830265375872
0.540410730452
0.217657995236
-1.36462371088
-0.304149817012
0.594060938775
-0.497228690647
-0.302920589255
-1.06931753437
0.881732419024
-0.871533633263
0.280199549788
-0.363994183767
-0.135140746566
0.546253461625
-0.405211917133
-0.946447758994
-0.145393785692
0.824053545045
-1.29342547075
-1.48749234421
-0.845956652039
-0.979749643128
-1.23637327606
0.736499747347
-1.51876614967
-0.40533566311
-0.460045059584
1.21325569177
0.878559026707
1.01645421195
0.503169621133
0.906925495765
1.09939084233
-0.590793544495
0.042163196976
-0.597212594046
-0.242301202244
0.975311605384
1.23490411305
-1.14349247108
-1.72641451352
0.584369849264
-0.0950227038471
-0.372792546251
1.41155773217
-1.22880033452
1.78193863988
0.186927927589
-1.22385518096
1.40508968267
-1.028074106
-0.377487979184
0.260126032745
1.05347881755
2.47248204889
1.2987120732
1.81920721938
0.245694662801
-0.320525626021
0.430070788313
1.24145890514
0.262080875624
0.503386396381
0.191462633252
-0.465399793936
-1.02236809928
0.682810384322
0.898634249209
0.19819161061
0.635809322675
0.938145396964
-0.0237722379275
1.77586653393
2.25147236617
-2.24600875967
0.936924437658
0.214175633805
0.121980380431
-0.657074527633
-1.9144362734
0.166255066718
2.28475142908
0.960500318947
-0.313803360513
0.473284587351
-0.445984950223
1.50529898158
-0.506666980215
1.55715601084
-0.349790953805
-0.0637921600426
1.22744091416
-0.171843789861
0.751243380602
0.142224158295
-1.34213705366
-0.061863464584
-0.0291518180833
0.603916261468
-0.602728528764
0.678284688239
-0.483179079477
-1.81417510745
0.494430738404
0.56447637347
2.31362283269
0.03003093936
0.859495004617
-0.451803066854
-0.458212641771
0.316536237418
-0.539733245553
1.0066652029
-0.250151202042
-0.0453997526983
-0.890234247918
0.774986305457
0.590620820499
-0.48163582888
-1.43333496734
-0.208644558676
0.26028380131
-0.25467645917
0.996678992391
-0.772081001835
0.563563801655
-0.169901601408
-0.373050015533
1.29113417779
-0.137802525955
0.28795062816
-0.308584978683
0.569101997658
-1.14984300668
0.868332275541
0.190744636434
-0.23613952133
0.456363208914
0.307597792116
0.374539260752
-0.0994146140769
-0.0518635486193
2.48511762557
-0.414843020022
-1.4627528113
0.967964911253
0.564029874279
-0.583091045311
0.537861055525
0.317507666354
-0.249551044571
0.717899367621
-0.324070563712
-2.10824821934
-0.415612823537
-0.0422771355554
-0.815975778641
0.131670023298
0.0321705345005
-1.15397361319
0.378512422332
-0.73235588929
0.315564590921
-0.755974974954
0.406744642633
0.565660661822
-0.949147737199
-0.879063148209
0.5118153959
0.951884240132
-0.811975970474
-1.28223684792
-0.168310493283
-1.15298512152
-0.983706299286
2.19457847534
0.424302560659
-0.188189348285
-1.02274628424
-1.29096118096
-0.233672840846
-0.106393869361
-0.870318486816
-0.26777750555
0.583188330926
-0.0893291522658
0.814451487662
-1.70419874832
1.66857961251
0.135713099176
-1.39135251758
-0.283832124116
0.298156978494
0.347482413714
-0.218306607799
-1.92117564369
-0.409867539278
0.300966988681
-0.512210374731
1.2848084994
0.397116937654
-0.40376296635
0.307535047927
0.518590128422
-1.15120566121
1.34366093524
-0.0671359439261
-1.01459519793
0.801521427753
0.754825071925
0.864063384096
-0.428414363806
-2.39247290436
-0.735078635099
-1.01130400985
-1.30034181333
-1.71868486141
-0.94956191038
0.627411453263
-2.69241541097
0.294489051448
-0.682482335531
0.476476311402
1.41691314871
1.79863897225
-1.22670862542
0.19381976729
-0.271425141591
-0.486418294275
2.43583103569
1.72978334788
-0.0781107483478
-0.295939436351
0.88134667763
0.313673187321
3.05213557243
0.914078968632
-0.611211116739
-0.211875999964
0.70971796302
1.24858762837
1.13369967236
-1.54028560395
-0.932623701882
-1.74162046258
1.15906520181
-0.529622863836
1.86028704802
0.350760476857
-0.841030896542
-0.69810554326
-0.829112426717
0.819695063521
-0.947621457814
-0.395807474823
0.13465679727
1.18869437091
-0.124279714473
-0.20098767778
-0.391554207469
2.0054122007
2.0629112212
-0.0621253037676
Score: 10