3
44
10
3
-0.16406406062
-0.90645394378
0.168154512086
1.22755854346
-1.07757296798
1.73773100527
-0.229976982366
-0.243295377198
-0.905719008586
0.914837799744
0.0531393725276
0.428636997514
0.281830191889
0.677932444762
1.2811081416
-1.85102838183
-0.0450723917742
2.06427541404
-0.644540910592
-0.478308924254
-0.0289468863906
-0.787914445127
0.947242822322
1.21656619074
1.15652583416
1.0953749121
2.9186956224
-0.754714847323
-1.05853929677
-0.795729286748
-0.409013936302
-0.6113419713
-0.38053405915
-0.561167692057
-0.555051507147
-1.10513824625
0.600377960123
-1.51618630847
-0.156109550247
0.0798503224825
1.62051304871
-0.143941989992
-1.27704791822
-1.1040394506
-1.56780147342
-0.466674176522
2.42500774018
0.148319093731
-0.547504736771
0.389072109041
-1.73005550847
-1.04832767912
1.47009746224
0.0517161556348
-0.647057182769
0.783498870634
-0.0384035740348
0.416934365775
0.983245192074
1.13291660728
-0.14079440325
0.125791888803
-0.449191524908
0.648825480872
0.935747428865
3.01050479701
-0.643569934167
-0.672971252396
-0.0194417260152
1.15114229551
0.698177152112
1.39561209834
-1.20497819578
-1.41988660532
-0.491012476248
0.748730629479
0.244556637834
-0.837824227265
1.11526200933
2.06638708319
-0.466921835711
0.0792326853918
0.117372790331
0.629726093746
-0.850045157393
-1.71768344634
-0.764169565095
-2.19966000672
-0.894536836355
-0.331702173364
-1.27102283953
0.885442111299
1.72598189606
0.0764781589376
-0.999393993083
-0.770363965737
0.886782462027
-0.25935428938
1.63404097634
1.0570437354
-1.52677866827
-0.269321744776
0.843583963312
0.638836113452
-0.937321666729
-0.237867469364
-0.184298548284
-0.25911641397
-0.943307183394
0.96703328492
-0.0931313290294
1.3994803102
2.19324969652
-0.547198111912
-0.581138966689
0.4807812916
-2.00915486773
0.630655406649
-0.401547264886
-0.612751438508
-0.173302141384
-0.783100095621
-0.93535181456
0.238726270876
-1.04784452069
1.36155716273
-0.754703792712
0.812263800985
1.58847299736
-0.549167539614
2.18156708496
3.00835230346
1.39635733117
0.792725296379
1.73166081798
-1.1744578488
0.384857052548
0.661561542387
-0.527158914767
-0.451381987016
1.78589134118
-1.09142350113
0.969451955704
0.675431895906
0.441045820196
-0.995319113332
-0.826192824878
-2.1560212565
0.0684701989058
-0.521773624978
1.06804635655
0.164190351143
-0.550633285518
0.0399826049464
-1.35749503063
-0.816430562659
1.83296878754
-0.543070066922
1.6376612637
-0.0426946420743
-0.401656677833
-0.366745077728
0.470954502141
-0.135564612518
0.288867439601
0.410815185031
1.14278705746
-1.22566755996
-1.19658945115
-1.04155828661
2.4434087233
-1.56362765578
-0.90338740775
0.146124107774
1.24647490376
0.0376901033118
1.56783245129
0.878138788453
-0.152129783341
-0.992625754446
0.19389543071
-0.129462276939
-0.153079293888
1.306712188
1.30688428699
-0.767347973759
-0.0301551534121
-1.76201777537
1.74683051914
0.722376132681
-0.311782695708
0.403156296998
1.62490425791
-0.224764022159
0.121861142963
1.01425103856
0.811018790523
0.628896600542
1.49323316493
-0.326175248745
-0.275355540749
0.0458540167282
1.20854861017
0.551925163566
0.945135754891
0.791086652104
2.90901430924
-0.592079329736
-0.836651377342
0.125203958931
-1.26627581798
0.166274029393
0.910658127619
0.227673707593
-0.814773153903
-1.62453714313
-0.590405551895
-1.83098315201
2.70614096104
-1.63214294309
-0.677203649857
0.82450077993
-2.03501573409
-1.68575743123
0.244079701433
-1.17465058466
0.120877503301
-0.891295838446
-0.511490888277
-0.725973481454
-0.68459007602
-0.102701920313
-0.0684757691077
-0.977841515966
-0.11434739725
-1.37882715943
0.305390604558
-0.591313901139
1.02557109251
0.39545678091
0.308598113108
1.02478869511
0.0170224528272
0.0727025443115
-0.422596055404
0.371495767753
1.88577040175
-0.812266125835
0.908822554303
1.48646046134
0.873913021786
1.08972238596
0.84770349715
0.135052460281
0.552767375189
0.735095847337
-0.128157711433
-1.15849533033
1.03561848181
-0.806830872585
-0.571247985255
1.11292531296
1.14024279139
0.0673148319393
1.51633838513
0.772749487294
-0.572253322128
1.02308154714
1.31962877997
-0.706969423128
-1.56185267329
0.310137803696
-0.950613394346
-0.183250625614
1.13336831363
-1.21500033135
-0.0351813534992
-1.28315110862
-1.03197604253
0.920509595881
0.0261197945698
-1.01620126606
-0.883017512739
-0.404215133068
1.91356809239
0.743845343275
-0.155625667164
-0.236952458982
-0.0940412862314
-0.347722537773
0.827556286347
-0.156970112609
-0.67630700145
0.159009255235
0.374705989149
-0.220840181263
-0.148461856067
0.0347785079194
0.229520892238
1.081845319
-0.503944560654
-0.120662008592
1.92116017929
1.37203902357
-0.193166488233
0.924052482135
-0.29759766339
0.635691204352
0.415933575152
-1.73921794279
-0.339001593471
-0.658814768833
-0.789595347307
-0.027721969455
-1.35815456815
-0.0182569653237
-1.06735431694
-0.570335019653
1.28061075672
-0.757645883544
0.748347404809
-0.10129888822
-1.68989502837
1.14158541674
0.267710474248
0.54879853343
-0.148558295014
-0.301394979183
0.259741232564
-0.0494745538728
-1.64691568571
-1.43923901086
0.236227930209
0.322835327268
-0.468536568451
-1.53405894608
2.59592053694
0.0655031390012
-0.468351942672
1.01535144734
0.521922244436
2.90268021108
-0.788012072865
-0.520821861682
0.169512342731
2.69773410142
0.212039090223
1.50309557314
-0.348438418517
0.35661877209
-0.0149332124825
-0.0663660999067
1.49999854179
1.33832059091
-0.609616203008
0.336063856863
-0.0416195590767
-1.36277267267
0.407318265588
1.05122777177
-0.438748624121
1.04655682093
-0.505609480901
-0.641247537059
1.13694357258
0.325156504698
-0.0487501993875
-0.271829111533
-1.70213462117
-1.62122053811
0.364907310322
-0.594556732918
-0.894855283331
0.964448150859
0.125047585371
0.876807985696
0.284621478551
0.488836296559
-0.690212617268
-0.991588499638
-1.44820462343
-0.620377248385
0.382804454271
-2.49440756183
0.536148007023
-0.272452129135
0.416914749362
0.681948334645
1.76098219449
-0.574073550801
-0.917114710664
-1.58127952471
0.420567563466
0.546640831547
1.45123395804
-0.627925965926
-0.344355447198
0.111050762637
0.0470821722598
-1.57347147804
0.938043929047
-1.39345740248
1.15951389519
-1.60218064323
1.26456236437
1.15730201601
-0.737846070434
0.29141060661
-0.643530524606
-0.60218408928
0.783308351646
-2.07012294203
1.04930695173
-0.98958107411
1.0668307538
-1.18810243969
1.13519516462
-0.0309888086499
0.285953501802
-0.10796552558
0.182913552859
-0.874759502172
0.0275427307233
-0.983518237968
0.887690579869
2.22817774579
1.31259199742
-0.417562118762
-0.676514895451
1.41086288056
-0.720149705954
1.08645686823
-0.852254091078
-0.119729525823
-0.34309226924
0.0822771557379
-0.889382181965
-0.702255404697
-0.898285111352
-0.57267855524
-0.243333775582
1.08051884432
-0.592852370743
-1.67552456247
0.235174940387
0.644590773534
-0.320649077559
-0.270504582404
0.768397790943
0.350190915601
-2.24403623313
-0.166009175352
0.387332442887
-0.398204517285
-0.483014379242
-1.28371006801
-0.231204383741
0.467238910993
0.0132948006167
-0.342663320956
0.803643114304
-0.665440706343
0.836374798588
1.88212110629
-0.726695332713
-0.471653536659
2.26563343691
-1.71298943828
1.13987541402
0.908643872902
2.25085447756
0.748703477787
-2.32423178394
-2.02310389893
-0.228168945704
-0.806319017042
0.0190042292521
-0.931292167044
-0.112923763119
-1.28014838786
-1.01828805294
-0.124534221523
-0.569862077385
Score: 1